investor_id,transaction_date,amfi_code,transaction_type,amount_inr,state,city,city_tier,age_group,gender,annual_income_lakh,payment_mode,kyc_status
INV003054,2024-01-01,119092,sip,1834,Telangana,Hyderabad,T30,56+,Female,77.1,UPI,Verified
INV002952,2024-01-01,148567,redemption,392882,Punjab,Amritsar,B30,18-25,Male,7.1,Cheque,Verified
INV003420,2024-01-01,118636,sip,912,Haryana,Faridabad,B30,36-45,Male,47.2,Mandate,Verified
INV003436,2024-01-01,118634,sip,1102,Maharashtra,Mumbai,T30,36-45,Female,54.4,Cheque,Pending
INV004691,2024-01-01,119094,lumpsum,8682,Delhi,Noida,T30,26-35,Male,14.5,Net Banking,Pending
INV001497,2024-01-01,101208,sip,3295,Maharashtra,Mumbai,T30,36-45,Male,56.8,Mandate,Verified
INV000786,2024-01-01,101208,sip,15047,Madhya Pradesh,Bhopal,B30,26-35,Male,17.9,Mandate,Verified
INV000616,2024-01-01,100016,sip,933,Maharashtra,Nashik,B30,36-45,Male,50.4,Mandate,Verified
INV003670,2024-01-01,119120,sip,10672,Punjab,Chandigarh,T30,36-45,Male,38.4,Net Banking,Verified
INV002054,2024-01-01,148567,sip,1111,Telangana,Hyderabad,T30,26-35,Male,17.8,Net Banking,Verified
INV002592,2024-01-01,101208,lumpsum,411860,Madhya Pradesh,Bhopal,B30,26-35,Female,15.7,Mandate,Verified
INV001023,2024-01-01,118636,sip,4865,Gujarat,Ahmedabad,T30,36-45,Male,27.1,Net Banking,Verified
INV002893,2024-01-01,120843,sip,8472,Telangana,Hyderabad,T30,56+,Male,69.4,UPI,Pending
INV000797,2024-01-01,102885,sip,58257,Rajasthan,Jaipur,T30,36-45,Female,53.7,Net Banking,Verified
INV000368,2024-01-01,118636,redemption,339882,Uttar Pradesh,Agra,B30,26-35,Male,16.2,UPI,Verified
INV000548,2024-01-01,119095,sip,1607,Karnataka,Mysore,B30,36-45,Male,53.2,Cheque,Verified
INV000600,2024-01-01,149322,sip,20890,Maharashtra,Mumbai,T30,26-35,Male,17.3,Net Banking,Verified
INV004347,2024-01-01,119599,sip,1862,West Bengal,Kolkata,T30,36-45,Male,20.5,Net Banking,Verified
INV000437,2024-01-01,120504,sip,900,Telangana,Hyderabad,T30,26-35,Female,6.1,UPI,Verified
INV000609,2024-01-01,120842,sip,8493,Tamil Nadu,Coimbatore,B30,18-25,Male,3.9,Mandate,Verified
INV000428,2024-01-01,118636,sip,9146,Delhi,Gurugram,T30,36-45,Male,27.2,Mandate,Verified
INV003329,2024-01-01,101207,lumpsum,295055,Madhya Pradesh,Indore,T30,56+,Male,25.2,Mandate,Verified
INV000968,2024-01-01,100025,lumpsum,497564,Tamil Nadu,Chennai,T30,36-45,Female,37.1,UPI,Verified
INV004154,2024-01-01,102885,sip,1897,Karnataka,Mysore,B30,18-25,Male,4.7,Net Banking,Verified
INV000234,2024-01-01,148567,sip,28094,Tamil Nadu,Coimbatore,B30,26-35,Male,23.8,Mandate,Verified
INV002885,2024-01-01,148567,lumpsum,430566,Delhi,Gurugram,T30,26-35,Male,23.4,Cheque,Pending
INV002157,2024-01-01,102885,lumpsum,112928,Punjab,Chandigarh,T30,26-35,Male,16.9,Mandate,Verified
INV001665,2024-01-01,120505,sip,3322,Telangana,Hyderabad,T30,36-45,Male,35.1,Mandate,Verified
INV002328,2024-01-01,120841,sip,29901,Haryana,Gurugram,T30,26-35,Male,11.6,Cheque,Verified
INV004174,2024-01-01,119599,sip,57353,Rajasthan,Udaipur,B30,18-25,Male,4.7,Mandate,Verified
INV004918,2024-01-01,120503,redemption,153828,Punjab,Amritsar,B30,56+,Female,46.9,UPI,Verified
INV000478,2024-01-01,120506,sip,59382,Gujarat,Surat,T30,36-45,Female,16.5,UPI,Verified
INV000467,2024-01-01,119552,sip,2623,Karnataka,Bangalore,T30,18-25,Female,7.1,Cheque,Verified
INV000603,2024-01-01,118636,sip,2858,West Bengal,Kolkata,T30,26-35,Male,17.3,Mandate,Verified
INV004770,2024-01-01,102886,lumpsum,92031,Gujarat,Surat,T30,18-25,Female,5.2,Mandate,Verified
INV004648,2024-01-01,118634,sip,17860,Maharashtra,Pune,T30,36-45,Male,54.3,Mandate,Pending
INV002432,2024-01-01,101208,sip,3513,Haryana,Gurugram,T30,46-55,Female,48.1,Net Banking,Verified
INV002338,2024-01-01,120844,lumpsum,292991,Delhi,New Delhi,T30,26-35,Male,23.6,UPI,Verified
INV001041,2024-01-01,101208,sip,8547,Madhya Pradesh,Bhopal,B30,18-25,Male,5.1,Cheque,Verified
INV001400,2024-01-01,148567,sip,10696,Tamil Nadu,Coimbatore,B30,36-45,Male,36.5,Mandate,Verified
INV000852,2024-01-01,101208,sip,15916,Maharashtra,Nashik,B30,26-35,Female,18.1,UPI,Verified
INV004915,2024-01-01,120504,sip,14096,Uttar Pradesh,Kanpur,B30,26-35,Male,9.6,Cheque,Verified
INV002984,2024-01-01,120844,redemption,230179,Delhi,Gurugram,T30,26-35,Male,18.1,Mandate,Verified
INV002782,2024-01-01,102886,lumpsum,250209,Punjab,Chandigarh,T30,18-25,Male,3.7,UPI,Verified
INV002316,2024-01-01,118632,sip,4715,Punjab,Amritsar,B30,26-35,Male,16.7,Cheque,Verified
INV000097,2024-01-01,125498,redemption,527377,Karnataka,Mysore,B30,18-25,Male,6.0,Net Banking,Verified
INV002139,2024-01-01,125498,redemption,359482,Haryana,Gurugram,T30,36-45,Female,28.6,Mandate,Verified
INV002219,2024-01-01,101208,redemption,525983,Karnataka,Mysore,B30,26-35,Male,6.9,Mandate,Verified
INV000576,2024-01-01,120841,redemption,43157,Delhi,New Delhi,T30,46-55,Male,79.7,UPI,Verified
INV002166,2024-01-01,120844,sip,1139,Haryana,Gurugram,T30,36-45,Male,33.3,Net Banking,Verified
INV000836,2024-01-01,100016,sip,1139,Haryana,Gurugram,T30,26-35,Male,24.4,Mandate,Verified
INV001540,2024-01-01,101207,sip,16264,Maharashtra,Pune,T30,26-35,Female,17.3,UPI,Verified
INV003664,2024-01-01,125498,sip,15555,Rajasthan,Udaipur,B30,46-55,Male,29.4,UPI,Verified
INV002966,2024-01-01,149324,sip,15946,Gujarat,Ahmedabad,T30,26-35,Female,18.4,Mandate,Verified
INV002387,2024-01-01,118634,sip,2891,Telangana,Hyderabad,T30,26-35,Male,13.1,UPI,Verified
INV000983,2024-01-01,101206,sip,3538,Telangana,Hyderabad,T30,36-45,Male,33.5,UPI,Verified
INV004128,2024-01-01,119094,redemption,58934,Haryana,Faridabad,B30,18-25,Male,3.3,UPI,Verified
INV000081,2024-01-01,120844,sip,1842,Gujarat,Surat,T30,36-45,Male,31.0,Net Banking,Verified
INV004548,2024-01-01,119551,lumpsum,564276,Delhi,Noida,T30,36-45,Female,58.1,Cheque,Verified
INV002253,2024-01-01,120844,redemption,289915,West Bengal,Kolkata,T30,46-55,Male,28.6,Net Banking,Verified
INV002942,2024-01-01,148568,redemption,233200,Delhi,Noida,T30,36-45,Male,27.8,Cheque,Verified
INV004308,2024-01-01,119599,sip,25855,Gujarat,Surat,T30,26-35,Female,11.1,Mandate,Verified
INV000488,2024-01-01,148568,redemption,343317,Karnataka,Mysore,B30,56+,Male,31.4,Cheque,Verified
INV002560,2024-01-02,119120,sip,6321,Haryana,Faridabad,B30,26-35,Male,6.4,Net Banking,Verified
INV003028,2024-01-02,100033,sip,25360,Tamil Nadu,Chennai,T30,26-35,Female,12.8,Cheque,Verified
INV002868,2024-01-02,148569,sip,59797,Gujarat,Ahmedabad,T30,26-35,Female,24.7,Net Banking,Verified
INV001156,2024-01-02,120843,sip,28986,Madhya Pradesh,Indore,T30,56+,Female,58.8,Cheque,Pending
INV000313,2024-01-02,120843,lumpsum,497034,Tamil Nadu,Chennai,T30,18-25,Female,3.1,Net Banking,Verified
INV003926,2024-01-02,118632,sip,1891,West Bengal,Kolkata,T30,46-55,Male,92.8,UPI,Verified
INV003383,2024-01-02,125497,redemption,241316,Karnataka,Mysore,B30,18-25,Male,4.6,Net Banking,Verified
INV001017,2024-01-02,118632,redemption,16893,West Bengal,Kolkata,T30,26-35,Female,19.0,Cheque,Verified
INV003225,2024-01-02,120843,sip,3346,West Bengal,Kolkata,T30,26-35,Male,9.2,UPI,Verified
INV003892,2024-01-02,102887,sip,7250,Punjab,Amritsar,B30,46-55,Male,24.4,Mandate,Verified
INV002135,2024-01-02,100016,lumpsum,437305,Gujarat,Ahmedabad,T30,56+,Male,18.3,Net Banking,Verified
INV002961,2024-01-02,149322,sip,16811,Gujarat,Ahmedabad,T30,26-35,Male,13.0,Net Banking,Verified
INV000983,2024-01-02,101208,sip,10547,Telangana,Hyderabad,T30,36-45,Male,33.5,Net Banking,Verified
INV003821,2024-01-02,119092,sip,7584,Delhi,Noida,T30,18-25,Female,6.4,UPI,Pending
INV002940,2024-01-02,102886,sip,966,Haryana,Faridabad,B30,26-35,Male,18.3,Cheque,Verified
INV002817,2024-01-02,102886,lumpsum,26453,Gujarat,Ahmedabad,T30,26-35,Male,15.8,UPI,Verified
INV001890,2024-01-02,120504,sip,859,Madhya Pradesh,Bhopal,B30,26-35,Male,21.9,Mandate,Verified
INV001888,2024-01-02,120505,redemption,410786,Delhi,New Delhi,T30,18-25,Female,6.4,UPI,Verified
INV000370,2024-01-02,118634,sip,17394,Delhi,Noida,T30,26-35,Female,12.4,Mandate,Verified
INV002981,2024-01-02,102886,lumpsum,100110,Maharashtra,Mumbai,T30,18-25,Female,7.3,Mandate,Verified
INV003027,2024-01-02,148569,lumpsum,330642,Telangana,Hyderabad,T30,26-35,Male,20.8,Cheque,Verified
INV001106,2024-01-02,118636,lumpsum,50410,Tamil Nadu,Chennai,T30,26-35,Male,13.1,Net Banking,Verified
INV003942,2024-01-02,118632,sip,16594,Haryana,Faridabad,B30,26-35,Female,23.3,Cheque,Verified
INV000339,2024-01-02,101207,redemption,383487,Uttar Pradesh,Kanpur,B30,26-35,Male,22.3,Cheque,Verified
INV002811,2024-01-02,125497,sip,2631,Uttar Pradesh,Agra,B30,36-45,Male,43.7,Net Banking,Verified
INV004296,2024-01-02,100025,sip,879,Telangana,Hyderabad,T30,26-35,Male,18.2,UPI,Verified
INV002976,2024-01-02,119599,lumpsum,234926,Tamil Nadu,Coimbatore,B30,26-35,Male,23.7,Mandate,Verified
INV000349,2024-01-02,120505,redemption,335222,Maharashtra,Mumbai,T30,18-25,Female,3.8,Mandate,Verified
INV002546,2024-01-02,101208,redemption,22305,Gujarat,Surat,T30,26-35,Male,19.3,UPI,Verified
INV003505,2024-01-02,120843,lumpsum,362856,West Bengal,Kolkata,T30,56+,Female,53.5,Net Banking,Verified
INV000006,2024-01-02,118633,sip,8594,Madhya Pradesh,Bhopal,B30,46-55,Female,43.0,Cheque,Verified
INV000662,2024-01-02,120843,sip,427,Gujarat,Surat,T30,36-45,Female,20.1,Cheque,Verified
INV001284,2024-01-02,119092,lumpsum,6499,West Bengal,Kolkata,T30,36-45,Male,49.0,Cheque,Verified
INV004127,2024-01-02,148568,sip,4185,Madhya Pradesh,Indore,T30,36-45,Female,27.3,Mandate,Verified
INV003208,2024-01-02,120506,sip,2506,Madhya Pradesh,Bhopal,B30,46-55,Male,80.0,Mandate,Verified
INV002165,2024-01-02,118634,sip,2539,Telangana,Hyderabad,T30,46-55,Male,46.2,Net Banking,Verified
INV002621,2024-01-02,148567,sip,401,Uttar Pradesh,Agra,B30,26-35,Female,22.6,UPI,Pending
INV004502,2024-01-02,148567,sip,10492,Rajasthan,Udaipur,B30,36-45,Male,59.0,Net Banking,Verified
INV001174,2024-01-02,149323,sip,977,Maharashtra,Nashik,B30,36-45,Male,12.7,Cheque,Verified
INV004658,2024-01-02,120842,lumpsum,17258,Punjab,Chandigarh,T30,56+,Male,48.7,Cheque,Verified
INV004656,2024-01-02,120844,lumpsum,357937,Haryana,Gurugram,T30,18-25,Male,4.7,Mandate,Verified
INV003658,2024-01-02,125498,sip,12014,West Bengal,Kolkata,T30,26-35,Male,6.3,UPI,Verified
INV003649,2024-01-02,119598,redemption,483596,Haryana,Gurugram,T30,46-55,Female,79.9,Cheque,Verified
INV004582,2024-01-02,149323,lumpsum,249744,Tamil Nadu,Chennai,T30,56+,Male,67.1,Net Banking,Verified
INV003232,2024-01-02,120842,sip,9766,Maharashtra,Pune,T30,36-45,Female,30.9,Mandate,Verified
INV004414,2024-01-02,149324,sip,14409,Uttar Pradesh,Lucknow,T30,26-35,Male,6.6,Mandate,Verified
INV001799,2024-01-02,119120,lumpsum,116421,Rajasthan,Udaipur,B30,56+,Female,45.2,Cheque,Verified
INV001506,2024-01-02,119552,lumpsum,19502,Delhi,Noida,T30,26-35,Female,16.0,UPI,Verified
INV001699,2024-01-02,119095,sip,1108,Madhya Pradesh,Indore,T30,26-35,Male,24.6,Net Banking,Verified
INV002196,2024-01-02,148569,sip,1696,Delhi,Gurugram,T30,26-35,Female,23.6,UPI,Verified
INV001328,2024-01-02,120842,redemption,484947,Uttar Pradesh,Lucknow,T30,26-35,Male,7.4,Net Banking,Verified
INV004567,2024-01-02,120841,sip,14130,Telangana,Hyderabad,T30,56+,Male,75.0,Mandate,Verified
INV003865,2024-01-02,149322,sip,3482,Gujarat,Ahmedabad,T30,18-25,Female,3.3,Cheque,Verified
INV000105,2024-01-02,119093,sip,5253,Punjab,Chandigarh,T30,56+,Male,41.4,UPI,Verified
INV004514,2024-01-02,148568,sip,16661,Haryana,Faridabad,B30,46-55,Male,40.1,Mandate,Verified
INV004516,2024-01-02,102885,sip,1137,Haryana,Gurugram,T30,36-45,Male,14.4,Net Banking,Verified
INV002374,2024-01-02,118634,redemption,81173,Uttar Pradesh,Kanpur,B30,26-35,Female,8.6,Net Banking,Verified
INV001727,2024-01-02,119598,sip,16687,Gujarat,Surat,T30,46-55,Female,74.1,Net Banking,Verified
INV002888,2024-01-03,100025,redemption,259110,Rajasthan,Udaipur,B30,26-35,Male,9.2,Net Banking,Pending
INV001769,2024-01-03,120506,sip,889,Punjab,Chandigarh,T30,18-25,Male,7.4,Cheque,Pending
INV003609,2024-01-03,120843,sip,16476,Karnataka,Mysore,B30,26-35,Male,9.2,Net Banking,Verified
INV003571,2024-01-03,149323,sip,536,Haryana,Faridabad,B30,36-45,Male,53.1,UPI,Verified
INV001367,2024-01-03,118632,sip,10274,Maharashtra,Nashik,B30,36-45,Male,32.2,Net Banking,Verified
INV003178,2024-01-03,119094,lumpsum,118897,Telangana,Hyderabad,T30,46-55,Female,60.9,Cheque,Verified
INV002599,2024-01-03,100025,lumpsum,286111,Gujarat,Surat,T30,26-35,Male,11.4,Net Banking,Verified
INV003626,2024-01-03,125497,redemption,483044,Madhya Pradesh,Indore,T30,26-35,Male,23.5,Net Banking,Verified
INV000690,2024-01-03,148569,lumpsum,173646,Delhi,Gurugram,T30,46-55,Male,98.7,UPI,Verified
INV001860,2024-01-03,119092,sip,1978,Karnataka,Mysore,B30,26-35,Female,9.0,Cheque,Verified
INV002065,2024-01-03,100025,sip,47647,Rajasthan,Udaipur,B30,46-55,Male,78.6,UPI,Verified
INV002708,2024-01-03,120504,redemption,205486,Karnataka,Mysore,B30,26-35,Male,14.0,Mandate,Verified
INV004288,2024-01-03,119120,lumpsum,95676,Punjab,Amritsar,B30,18-25,Female,6.1,Mandate,Verified
INV004581,2024-01-03,120505,sip,2292,Gujarat,Surat,T30,26-35,Male,14.7,Cheque,Pending
INV002467,2024-01-03,125498,sip,50948,Punjab,Chandigarh,T30,36-45,Male,12.3,UPI,Verified
INV003670,2024-01-03,120505,sip,8793,Punjab,Chandigarh,T30,36-45,Male,38.4,Mandate,Verified
INV004024,2024-01-03,119552,sip,43121,Telangana,Hyderabad,T30,36-45,Male,23.1,UPI,Verified
INV000747,2024-01-03,120841,lumpsum,374549,West Bengal,Kolkata,T30,36-45,Female,40.3,Mandate,Verified
INV002847,2024-01-03,148567,sip,4736,Haryana,Faridabad,B30,26-35,Male,13.4,Mandate,Verified
INV001508,2024-01-03,120503,sip,7953,Tamil Nadu,Coimbatore,B30,46-55,Male,63.3,Cheque,Verified
INV004562,2024-01-03,149324,sip,963,Telangana,Hyderabad,T30,26-35,Female,19.0,Cheque,Pending
INV001350,2024-01-03,125498,lumpsum,83480,Madhya Pradesh,Bhopal,B30,46-55,Female,31.7,Net Banking,Verified
INV002357,2024-01-03,100016,sip,26713,Delhi,Gurugram,T30,26-35,Male,7.8,UPI,Verified
INV002059,2024-01-03,101208,lumpsum,268619,Haryana,Faridabad,B30,46-55,Male,95.1,Net Banking,Verified
INV000595,2024-01-03,102887,lumpsum,124825,Gujarat,Surat,T30,18-25,Male,7.6,Cheque,Verified
INV004391,2024-01-03,118636,sip,484,Maharashtra,Mumbai,T30,26-35,Female,23.3,UPI,Verified
INV004733,2024-01-03,102885,sip,7080,Telangana,Hyderabad,T30,18-25,Male,5.4,Net Banking,Pending
INV002865,2024-01-03,148569,redemption,449863,Maharashtra,Pune,T30,18-25,Male,3.3,UPI,Verified
INV000454,2024-01-03,119599,sip,15910,Uttar Pradesh,Lucknow,T30,18-25,Female,6.6,Net Banking,Verified
INV002414,2024-01-03,120507,lumpsum,396379,Gujarat,Surat,T30,26-35,Female,24.1,UPI,Verified
INV000321,2024-01-03,149323,sip,15782,Maharashtra,Mumbai,T30,26-35,Male,24.2,Cheque,Verified
INV003379,2024-01-03,120841,sip,1008,Uttar Pradesh,Lucknow,T30,36-45,Male,43.2,Cheque,Verified
INV004544,2024-01-03,148567,redemption,410715,Maharashtra,Mumbai,T30,36-45,Male,52.1,Cheque,Verified
INV000527,2024-01-03,119094,lumpsum,114021,Telangana,Hyderabad,T30,26-35,Male,12.1,Mandate,Verified
INV004633,2024-01-03,125498,lumpsum,296354,Telangana,Hyderabad,T30,18-25,Female,4.9,Net Banking,Verified
INV003737,2024-01-03,119093,lumpsum,126721,Punjab,Chandigarh,T30,18-25,Male,4.4,Net Banking,Verified
INV000679,2024-01-03,149323,redemption,141968,Haryana,Faridabad,B30,46-55,Female,79.1,UPI,Verified
INV004357,2024-01-03,125498,sip,2459,Delhi,Gurugram,T30,46-55,Female,55.6,Cheque,Verified
INV004941,2024-01-03,120505,lumpsum,310085,Maharashtra,Nashik,B30,26-35,Male,11.0,Net Banking,Verified
INV000632,2024-01-03,120844,lumpsum,246606,Delhi,Gurugram,T30,36-45,Male,49.1,UPI,Verified
INV000849,2024-01-03,148567,lumpsum,254442,Delhi,Gurugram,T30,56+,Female,32.5,Cheque,Verified
INV001167,2024-01-03,118636,sip,41124,Punjab,Amritsar,B30,36-45,Male,26.7,Net Banking,Verified
INV000007,2024-01-03,119094,sip,13603,Uttar Pradesh,Kanpur,B30,26-35,Male,21.9,Mandate,Verified
INV000431,2024-01-03,120504,sip,23759,Madhya Pradesh,Bhopal,B30,18-25,Female,4.6,Mandate,Verified
INV002417,2024-01-03,120842,sip,2719,Tamil Nadu,Coimbatore,B30,26-35,Male,16.8,Mandate,Verified
INV000011,2024-01-03,120507,sip,2230,West Bengal,Kolkata,T30,26-35,Male,9.6,Mandate,Verified
INV001167,2024-01-03,102886,sip,8419,Punjab,Amritsar,B30,36-45,Male,26.7,UPI,Verified
INV000954,2024-01-03,148568,sip,2224,Haryana,Faridabad,B30,26-35,Female,8.3,Cheque,Verified
INV002101,2024-01-03,102887,redemption,234810,Uttar Pradesh,Lucknow,T30,26-35,Male,14.7,Mandate,Verified
INV000947,2024-01-03,101208,redemption,281989,Delhi,Noida,T30,26-35,Male,11.0,UPI,Verified
INV004867,2024-01-03,100033,lumpsum,331777,Karnataka,Bangalore,T30,18-25,Male,7.3,Mandate,Verified
INV004125,2024-01-03,100016,sip,2999,Gujarat,Surat,T30,26-35,Male,9.4,Cheque,Verified
INV001910,2024-01-03,102886,redemption,502057,Karnataka,Mysore,B30,26-35,Female,15.2,Mandate,Verified
INV001411,2024-01-03,102886,sip,2998,Delhi,Gurugram,T30,26-35,Female,7.1,Cheque,Verified
INV003326,2024-01-03,125498,sip,2712,Karnataka,Bangalore,T30,36-45,Male,40.9,Mandate,Verified
INV004173,2024-01-03,120504,sip,479,West Bengal,Kolkata,T30,26-35,Male,16.9,Mandate,Verified
INV004867,2024-01-03,120506,sip,3082,Karnataka,Bangalore,T30,18-25,Male,7.3,UPI,Pending
INV001454,2024-01-03,120843,sip,554,Tamil Nadu,Chennai,T30,26-35,Male,9.3,Net Banking,Verified
INV003100,2024-01-04,149324,lumpsum,361700,Telangana,Hyderabad,T30,26-35,Male,16.5,Net Banking,Verified
INV000215,2024-01-04,120505,lumpsum,190843,Maharashtra,Nashik,B30,26-35,Female,18.3,Mandate,Verified
INV003191,2024-01-04,119092,lumpsum,94475,Madhya Pradesh,Bhopal,B30,18-25,Female,6.8,Mandate,Verified
INV003946,2024-01-04,120504,lumpsum,465127,Karnataka,Mysore,B30,26-35,Female,9.2,Net Banking,Verified
INV000330,2024-01-04,119552,sip,8747,Madhya Pradesh,Bhopal,B30,26-35,Female,11.9,Mandate,Verified
INV004797,2024-01-04,125497,lumpsum,178854,Gujarat,Ahmedabad,T30,56+,Male,18.9,Net Banking,Verified
INV000330,2024-01-04,120841,lumpsum,351770,Madhya Pradesh,Bhopal,B30,26-35,Female,11.9,Net Banking,Verified
INV001128,2024-01-04,120844,lumpsum,168521,West Bengal,Kolkata,T30,36-45,Female,43.2,Cheque,Verified
INV002302,2024-01-04,125498,lumpsum,153713,West Bengal,Kolkata,T30,26-35,Male,10.1,UPI,Verified
INV002495,2024-01-04,118636,sip,2727,Maharashtra,Nashik,B30,26-35,Male,6.6,Net Banking,Verified
INV002158,2024-01-04,120507,lumpsum,39096,Madhya Pradesh,Indore,T30,26-35,Male,14.5,Net Banking,Verified
INV000144,2024-01-04,120503,sip,499,Delhi,Noida,T30,26-35,Male,19.1,Net Banking,Verified
INV004563,2024-01-04,118634,lumpsum,38117,Gujarat,Surat,T30,46-55,Female,32.2,Cheque,Verified
INV002912,2024-01-04,149323,redemption,520148,Maharashtra,Mumbai,T30,26-35,Female,23.6,Net Banking,Verified
INV002343,2024-01-04,119093,sip,1182,Punjab,Amritsar,B30,26-35,Male,22.1,Net Banking,Verified
INV000091,2024-01-04,120504,sip,2368,Haryana,Gurugram,T30,26-35,Male,14.6,Mandate,Verified
INV004688,2024-01-04,120505,lumpsum,168104,West Bengal,Kolkata,T30,26-35,Male,20.7,UPI,Verified
INV004321,2024-01-04,120843,sip,1147,West Bengal,Kolkata,T30,26-35,Male,16.0,Mandate,Verified
INV001579,2024-01-04,125498,sip,40657,Karnataka,Bangalore,T30,46-55,Male,71.1,UPI,Verified
INV003705,2024-01-04,120506,sip,57004,Telangana,Hyderabad,T30,26-35,Male,8.0,UPI,Pending
INV000544,2024-01-04,120507,lumpsum,295246,Madhya Pradesh,Bhopal,B30,18-25,Male,3.6,Mandate,Verified
INV001997,2024-01-04,120505,sip,908,Delhi,New Delhi,T30,56+,Female,24.8,UPI,Verified
INV003707,2024-01-04,120506,sip,3527,Telangana,Hyderabad,T30,36-45,Female,55.5,Mandate,Verified
INV000372,2024-01-04,148569,lumpsum,209421,Gujarat,Surat,T30,36-45,Male,12.4,Cheque,Verified
INV001331,2024-01-04,120841,sip,568,Gujarat,Ahmedabad,T30,26-35,Male,17.5,Net Banking,Verified
INV002033,2024-01-04,102885,sip,8905,Gujarat,Ahmedabad,T30,46-55,Male,18.9,UPI,Verified
INV003953,2024-01-04,148569,sip,58436,Maharashtra,Pune,T30,36-45,Male,17.4,Mandate,Verified
INV003500,2024-01-04,120505,sip,2007,Maharashtra,Mumbai,T30,26-35,Male,15.5,Mandate,Pending
INV003240,2024-01-04,101206,sip,6686,Haryana,Gurugram,T30,26-35,Male,21.7,Net Banking,Pending
INV003040,2024-01-04,119598,lumpsum,468352,Karnataka,Bangalore,T30,26-35,Female,15.3,Cheque,Verified
INV000663,2024-01-04,148568,sip,558,Haryana,Gurugram,T30,26-35,Female,13.8,Mandate,Pending
INV003083,2024-01-04,125497,lumpsum,201815,Madhya Pradesh,Bhopal,B30,56+,Female,41.3,UPI,Verified
INV004131,2024-01-04,101208,sip,2343,Uttar Pradesh,Kanpur,B30,26-35,Male,10.3,UPI,Verified
INV001806,2024-01-04,102885,sip,20256,Telangana,Hyderabad,T30,36-45,Male,32.6,UPI,Verified
INV001190,2024-01-04,118636,sip,9909,Maharashtra,Mumbai,T30,26-35,Male,15.6,Mandate,Verified
INV004939,2024-01-04,118635,sip,25211,Punjab,Amritsar,B30,18-25,Male,4.7,Cheque,Verified
INV004896,2024-01-04,148567,lumpsum,22023,Uttar Pradesh,Agra,B30,18-25,Female,3.5,Mandate,Verified
INV004682,2024-01-04,120841,sip,571,Telangana,Hyderabad,T30,26-35,Female,8.7,Mandate,Verified
INV002891,2024-01-04,120842,sip,2202,Haryana,Faridabad,B30,36-45,Female,56.5,Cheque,Verified
INV002400,2024-01-04,120506,sip,11693,Punjab,Chandigarh,T30,36-45,Male,15.5,Cheque,Verified
INV004138,2024-01-04,119094,sip,827,Madhya Pradesh,Indore,T30,36-45,Male,18.2,Mandate,Verified
INV003489,2024-01-04,149323,sip,11426,Rajasthan,Udaipur,B30,26-35,Male,11.4,UPI,Verified
INV004602,2024-01-04,120504,sip,28337,Delhi,Noida,T30,26-35,Female,9.4,Cheque,Verified
INV004593,2024-01-04,120506,lumpsum,65501,Punjab,Amritsar,B30,26-35,Male,13.7,Net Banking,Verified
INV003394,2024-01-04,149322,sip,13339,West Bengal,Kolkata,T30,26-35,Male,14.6,Mandate,Verified
INV002056,2024-01-04,119551,sip,5980,Madhya Pradesh,Bhopal,B30,18-25,Female,3.4,Mandate,Verified
INV004770,2024-01-04,125497,sip,8263,Gujarat,Surat,T30,18-25,Female,5.2,Net Banking,Verified
INV002862,2024-01-04,119092,sip,1123,Telangana,Hyderabad,T30,56+,Male,72.7,Mandate,Verified
INV003414,2024-01-04,149322,sip,2730,Maharashtra,Pune,T30,36-45,Female,20.3,Cheque,Verified
INV000803,2024-01-04,120505,sip,4906,Karnataka,Mysore,B30,26-35,Female,20.6,Cheque,Verified
INV004353,2024-01-04,120844,lumpsum,20266,Uttar Pradesh,Agra,B30,56+,Male,31.2,UPI,Verified
INV001553,2024-01-04,120844,redemption,125745,Delhi,Noida,T30,26-35,Male,23.5,Cheque,Verified
INV003579,2024-01-04,119599,lumpsum,518933,West Bengal,Kolkata,T30,18-25,Male,4.6,Net Banking,Verified
INV003410,2024-01-04,149324,sip,1826,Madhya Pradesh,Indore,T30,26-35,Male,7.7,UPI,Verified
INV003409,2024-01-04,125497,redemption,255163,Karnataka,Mysore,B30,46-55,Male,44.2,Net Banking,Verified
INV002554,2024-01-04,102885,sip,8997,Madhya Pradesh,Bhopal,B30,18-25,Male,5.4,Net Banking,Verified
INV004059,2024-01-04,120843,sip,7638,Maharashtra,Pune,T30,26-35,Female,17.0,Net Banking,Verified
INV000639,2024-01-04,149322,lumpsum,286253,Tamil Nadu,Coimbatore,B30,18-25,Female,3.6,UPI,Verified
INV002219,2024-01-04,120504,sip,5981,Karnataka,Mysore,B30,26-35,Male,6.9,Mandate,Verified
INV002960,2024-01-04,119120,sip,15426,Madhya Pradesh,Indore,T30,36-45,Male,57.1,Cheque,Verified
INV003342,2024-01-04,100025,redemption,345140,Tamil Nadu,Chennai,T30,56+,Male,32.8,Cheque,Verified
INV002748,2024-01-04,119120,sip,533,Punjab,Amritsar,B30,26-35,Male,7.8,Net Banking,Verified
INV004880,2024-01-04,125497,sip,6167,Punjab,Chandigarh,T30,26-35,Male,6.3,UPI,Verified
INV002436,2024-01-04,149322,sip,5899,Gujarat,Surat,T30,46-55,Male,28.8,Net Banking,Verified
INV002659,2024-01-04,125497,redemption,218077,Madhya Pradesh,Bhopal,B30,36-45,Female,56.5,Mandate,Verified
INV003196,2024-01-04,101207,sip,2483,West Bengal,Kolkata,T30,26-35,Female,20.1,UPI,Verified
INV000874,2024-01-04,120844,sip,1162,Tamil Nadu,Chennai,T30,56+,Male,19.1,Net Banking,Verified
INV000386,2024-01-04,119093,sip,57205,Haryana,Faridabad,B30,36-45,Male,14.2,Net Banking,Verified
INV001536,2024-01-04,119598,sip,1762,Karnataka,Mysore,B30,26-35,Male,17.9,Cheque,Verified
INV002642,2024-01-04,148568,sip,911,Haryana,Gurugram,T30,46-55,Female,48.8,UPI,Verified
INV004452,2024-01-05,149324,sip,4901,Rajasthan,Udaipur,B30,26-35,Male,17.6,Net Banking,Verified
INV003171,2024-01-05,120505,sip,5100,Rajasthan,Jaipur,T30,36-45,Female,16.3,Cheque,Verified
INV000926,2024-01-05,120507,sip,7278,Delhi,New Delhi,T30,36-45,Male,46.1,Mandate,Verified
INV001070,2024-01-05,120843,sip,52410,Tamil Nadu,Coimbatore,B30,26-35,Male,11.9,Cheque,Verified
INV004919,2024-01-05,100033,lumpsum,243656,Telangana,Hyderabad,T30,26-35,Male,6.6,Cheque,Verified
INV002656,2024-01-05,118636,lumpsum,265566,Tamil Nadu,Coimbatore,B30,26-35,Male,9.6,Mandate,Verified
INV003072,2024-01-05,119094,sip,28652,Tamil Nadu,Coimbatore,B30,18-25,Male,3.8,UPI,Verified
INV003846,2024-01-05,102886,redemption,8986,Uttar Pradesh,Agra,B30,46-55,Female,44.2,Mandate,Verified
INV004400,2024-01-05,120841,lumpsum,522907,Uttar Pradesh,Agra,B30,26-35,Male,19.5,Cheque,Verified
INV003028,2024-01-05,100033,sip,7663,Tamil Nadu,Chennai,T30,26-35,Female,12.8,Cheque,Verified
INV004733,2024-01-05,149323,sip,822,Telangana,Hyderabad,T30,18-25,Male,5.4,Cheque,Verified
INV002610,2024-01-05,100016,sip,4252,Tamil Nadu,Coimbatore,B30,36-45,Female,31.7,Net Banking,Verified
INV000476,2024-01-05,100033,sip,47424,Gujarat,Surat,T30,46-55,Female,21.2,Net Banking,Verified
INV003516,2024-01-05,118635,lumpsum,363022,Delhi,Gurugram,T30,36-45,Female,14.0,Mandate,Verified
INV000181,2024-01-05,118633,sip,8019,Uttar Pradesh,Lucknow,T30,36-45,Male,36.2,Cheque,Verified
INV002225,2024-01-05,120844,sip,2284,Punjab,Amritsar,B30,46-55,Male,86.2,Mandate,Verified
INV003251,2024-01-05,149324,lumpsum,341468,Tamil Nadu,Coimbatore,B30,36-45,Female,52.4,Net Banking,Verified
INV003193,2024-01-05,119599,sip,4260,Rajasthan,Jaipur,T30,36-45,Male,40.4,Net Banking,Verified
INV004998,2024-01-05,120844,lumpsum,295114,Gujarat,Ahmedabad,T30,36-45,Male,24.2,Net Banking,Verified
INV004981,2024-01-05,149323,sip,7677,Haryana,Faridabad,B30,18-25,Male,3.5,Net Banking,Verified
INV003075,2024-01-05,100025,sip,8649,Delhi,Gurugram,T30,46-55,Male,83.5,Net Banking,Verified
INV001651,2024-01-05,149323,sip,6844,Gujarat,Ahmedabad,T30,18-25,Male,4.1,UPI,Verified
INV004478,2024-01-05,101206,redemption,308976,Delhi,New Delhi,T30,26-35,Male,13.8,Mandate,Verified
INV004743,2024-01-05,119092,sip,15224,Maharashtra,Nashik,B30,36-45,Male,18.7,Mandate,Verified
INV003198,2024-01-05,120843,sip,46712,Uttar Pradesh,Lucknow,T30,46-55,Female,37.0,Net Banking,Verified
INV003076,2024-01-05,120507,redemption,197940,Haryana,Gurugram,T30,26-35,Male,20.2,UPI,Verified
INV003427,2024-01-05,118633,redemption,193289,West Bengal,Kolkata,T30,18-25,Male,4.4,UPI,Verified
INV003505,2024-01-05,148568,redemption,13457,West Bengal,Kolkata,T30,56+,Female,53.5,UPI,Verified
INV001811,2024-01-05,119552,lumpsum,48636,Punjab,Amritsar,B30,18-25,Male,7.8,Net Banking,Verified
INV000762,2024-01-05,101208,lumpsum,141489,Delhi,Gurugram,T30,36-45,Female,29.8,Net Banking,Verified
INV001930,2024-01-05,125497,sip,1092,Tamil Nadu,Chennai,T30,26-35,Female,8.8,Mandate,Verified
INV000535,2024-01-05,118636,sip,26387,Tamil Nadu,Coimbatore,B30,36-45,Male,18.7,Cheque,Verified
INV000642,2024-01-05,119092,redemption,413094,Gujarat,Surat,T30,26-35,Male,15.6,Mandate,Verified
INV003641,2024-01-05,120505,sip,6819,Telangana,Hyderabad,T30,26-35,Female,13.1,Net Banking,Verified
INV001027,2024-01-05,119552,redemption,347503,West Bengal,Kolkata,T30,46-55,Female,62.7,Net Banking,Verified
INV000058,2024-01-05,120841,lumpsum,248336,Maharashtra,Mumbai,T30,26-35,Male,19.9,Net Banking,Verified
INV004257,2024-01-05,119094,redemption,301471,Telangana,Hyderabad,T30,36-45,Male,22.0,Mandate,Pending
INV004889,2024-01-05,149323,lumpsum,330076,Rajasthan,Jaipur,T30,46-55,Male,34.5,Mandate,Verified
INV003063,2024-01-05,148569,sip,869,Maharashtra,Mumbai,T30,36-45,Female,45.0,Net Banking,Verified
INV001269,2024-01-05,100033,lumpsum,432672,Maharashtra,Mumbai,T30,26-35,Male,14.4,UPI,Pending
INV003937,2024-01-05,102885,lumpsum,451983,Maharashtra,Nashik,B30,56+,Male,31.8,Net Banking,Verified
INV000786,2024-01-05,119095,sip,1199,Madhya Pradesh,Bhopal,B30,26-35,Male,17.9,UPI,Verified
INV002567,2024-01-05,120842,sip,9018,Madhya Pradesh,Indore,T30,36-45,Male,20.3,Cheque,Verified
INV004992,2024-01-05,101208,sip,434,Rajasthan,Udaipur,B30,26-35,Male,11.1,Cheque,Verified
INV001636,2024-01-05,119094,sip,8674,Rajasthan,Udaipur,B30,18-25,Male,6.0,Mandate,Verified
INV004902,2024-01-05,119552,lumpsum,25230,Rajasthan,Jaipur,T30,18-25,Female,6.1,Mandate,Verified
INV002947,2024-01-05,148569,sip,8881,Maharashtra,Nashik,B30,46-55,Male,73.3,UPI,Verified
INV003795,2024-01-05,101208,sip,4746,West Bengal,Kolkata,T30,18-25,Male,7.6,Mandate,Verified
INV003216,2024-01-05,119551,lumpsum,59528,Delhi,New Delhi,T30,36-45,Male,12.6,UPI,Verified
INV001629,2024-01-05,118634,lumpsum,26213,Madhya Pradesh,Indore,T30,26-35,Male,15.0,Cheque,Verified
INV002611,2024-01-05,120507,redemption,373343,West Bengal,Kolkata,T30,26-35,Male,21.5,Net Banking,Verified
INV004340,2024-01-05,102885,redemption,151645,Karnataka,Mysore,B30,26-35,Male,17.9,Cheque,Verified
INV004096,2024-01-05,101207,sip,44821,Tamil Nadu,Coimbatore,B30,36-45,Male,57.1,Net Banking,Verified
INV004291,2024-01-05,149323,redemption,402785,Telangana,Hyderabad,T30,56+,Female,30.4,Net Banking,Verified
INV002154,2024-01-05,149324,redemption,188124,Uttar Pradesh,Lucknow,T30,36-45,Male,40.5,Mandate,Verified
INV004414,2024-01-05,118635,redemption,294110,Uttar Pradesh,Lucknow,T30,26-35,Male,6.6,Mandate,Verified
INV000854,2024-01-05,119093,sip,2770,Karnataka,Bangalore,T30,46-55,Female,79.7,Mandate,Verified
INV001295,2024-01-05,119120,sip,6736,Madhya Pradesh,Indore,T30,36-45,Male,30.8,Cheque,Verified
INV000461,2024-01-05,125498,sip,10676,Punjab,Chandigarh,T30,36-45,Male,26.9,Net Banking,Pending
INV000065,2024-01-05,149322,redemption,89612,Maharashtra,Mumbai,T30,46-55,Female,43.2,UPI,Verified
INV003211,2024-01-05,101206,lumpsum,405816,Uttar Pradesh,Lucknow,T30,36-45,Male,55.1,Cheque,Verified
INV002530,2024-01-05,119093,sip,13177,Telangana,Hyderabad,T30,36-45,Male,53.9,Cheque,Pending
INV004472,2024-01-05,120843,lumpsum,331877,West Bengal,Kolkata,T30,26-35,Female,19.1,Net Banking,Verified
INV000791,2024-01-05,119598,sip,13272,Madhya Pradesh,Bhopal,B30,26-35,Male,18.4,Mandate,Verified
INV000797,2024-01-05,118636,redemption,372649,Rajasthan,Jaipur,T30,36-45,Female,53.7,Mandate,Verified
INV003744,2024-01-06,118632,lumpsum,123594,Karnataka,Mysore,B30,18-25,Female,4.1,Net Banking,Verified
INV001492,2024-01-06,119552,sip,2167,Tamil Nadu,Chennai,T30,26-35,Male,19.6,UPI,Verified
INV002796,2024-01-06,101207,lumpsum,115644,Telangana,Hyderabad,T30,36-45,Male,48.8,UPI,Pending
INV001304,2024-01-06,125497,sip,5514,Gujarat,Ahmedabad,T30,26-35,Male,21.8,Cheque,Pending
INV003998,2024-01-06,101208,sip,11973,Telangana,Hyderabad,T30,26-35,Male,12.5,UPI,Verified
INV001058,2024-01-06,119598,lumpsum,33691,Uttar Pradesh,Kanpur,B30,36-45,Male,28.2,Cheque,Verified
INV003636,2024-01-06,119552,sip,2299,West Bengal,Kolkata,T30,46-55,Female,94.0,Net Banking,Verified
INV001630,2024-01-06,119093,sip,27077,Telangana,Hyderabad,T30,36-45,Male,15.4,Net Banking,Verified
INV003991,2024-01-06,120504,sip,3089,Tamil Nadu,Chennai,T30,26-35,Female,20.9,Mandate,Verified
INV000668,2024-01-06,101207,sip,2570,Telangana,Hyderabad,T30,18-25,Male,4.8,Cheque,Verified
INV001848,2024-01-06,148569,sip,16080,Punjab,Chandigarh,T30,26-35,Male,10.9,Cheque,Verified
INV003876,2024-01-06,100033,redemption,237658,Rajasthan,Udaipur,B30,18-25,Male,5.6,Net Banking,Verified
INV003022,2024-01-06,101207,lumpsum,445481,Telangana,Hyderabad,T30,46-55,Male,60.2,Mandate,Verified
INV002250,2024-01-06,102887,lumpsum,554938,Telangana,Hyderabad,T30,36-45,Male,20.4,Mandate,Verified
INV004594,2024-01-06,149322,lumpsum,119338,Haryana,Gurugram,T30,26-35,Female,9.8,Cheque,Verified
INV001283,2024-01-06,119599,lumpsum,33527,Telangana,Hyderabad,T30,18-25,Male,4.6,Cheque,Pending
INV002835,2024-01-06,149322,sip,5894,Haryana,Faridabad,B30,26-35,Male,11.2,Cheque,Verified
INV002776,2024-01-06,101207,sip,989,Tamil Nadu,Coimbatore,B30,18-25,Male,5.8,Net Banking,Pending
INV003143,2024-01-06,120843,lumpsum,249341,Karnataka,Mysore,B30,18-25,Female,5.9,Cheque,Verified
INV003696,2024-01-06,120504,lumpsum,401559,Tamil Nadu,Coimbatore,B30,18-25,Female,4.0,Net Banking,Verified
INV000783,2024-01-06,148569,lumpsum,60606,Gujarat,Ahmedabad,T30,46-55,Male,92.0,Cheque,Pending
INV000783,2024-01-06,100033,lumpsum,330093,Gujarat,Ahmedabad,T30,46-55,Male,92.0,Cheque,Verified
INV003060,2024-01-06,120507,sip,10941,Rajasthan,Jaipur,T30,56+,Female,16.6,Cheque,Verified
INV000974,2024-01-06,120506,sip,6150,Maharashtra,Mumbai,T30,46-55,Male,88.6,UPI,Verified
INV000126,2024-01-06,101207,lumpsum,151709,Maharashtra,Mumbai,T30,26-35,Male,19.4,Mandate,Pending
INV004134,2024-01-06,148569,sip,3144,West Bengal,Kolkata,T30,36-45,Male,24.4,Mandate,Verified
INV001131,2024-01-06,120505,lumpsum,513257,Tamil Nadu,Coimbatore,B30,36-45,Female,32.0,Mandate,Verified
INV004811,2024-01-06,120841,redemption,39649,Punjab,Amritsar,B30,26-35,Female,9.4,UPI,Verified
INV003691,2024-01-06,118632,sip,1128,Haryana,Faridabad,B30,18-25,Male,3.1,Net Banking,Verified
INV001902,2024-01-06,120843,sip,2179,Punjab,Chandigarh,T30,46-55,Female,22.2,Net Banking,Verified
INV004230,2024-01-06,120841,lumpsum,31627,Karnataka,Bangalore,T30,18-25,Female,7.4,Cheque,Verified
INV001923,2024-01-06,102886,sip,1042,Gujarat,Surat,T30,18-25,Female,4.0,Mandate,Verified
INV002658,2024-01-06,120503,lumpsum,41413,Madhya Pradesh,Indore,T30,26-35,Female,16.8,Net Banking,Verified
INV001953,2024-01-06,101208,lumpsum,420171,Haryana,Faridabad,B30,46-55,Male,55.0,Net Banking,Verified
INV002565,2024-01-06,119599,lumpsum,63809,Rajasthan,Jaipur,T30,26-35,Male,10.0,Mandate,Verified
INV001770,2024-01-06,118636,lumpsum,138095,Telangana,Hyderabad,T30,18-25,Male,6.3,Cheque,Verified
INV000960,2024-01-06,120507,sip,12641,West Bengal,Kolkata,T30,46-55,Male,90.6,Cheque,Pending
INV001924,2024-01-06,125497,sip,2361,Karnataka,Bangalore,T30,18-25,Male,4.9,Net Banking,Verified
INV003097,2024-01-06,120842,sip,9469,Punjab,Chandigarh,T30,26-35,Male,21.5,Net Banking,Verified
INV000166,2024-01-06,149324,sip,2824,Telangana,Hyderabad,T30,26-35,Male,24.4,Mandate,Verified
INV001870,2024-01-06,118636,sip,57785,Madhya Pradesh,Indore,T30,26-35,Male,19.3,UPI,Verified
INV004329,2024-01-06,102886,sip,2439,Haryana,Gurugram,T30,18-25,Female,7.5,Net Banking,Verified
INV004832,2024-01-06,119551,redemption,359828,Uttar Pradesh,Kanpur,B30,18-25,Male,3.8,Net Banking,Verified
INV001043,2024-01-06,149324,sip,3166,Haryana,Gurugram,T30,18-25,Male,7.8,UPI,Verified
INV001656,2024-01-06,119120,redemption,357463,Madhya Pradesh,Bhopal,B30,26-35,Male,19.4,Mandate,Verified
INV004412,2024-01-06,148568,sip,2615,Punjab,Amritsar,B30,26-35,Female,21.6,UPI,Verified
INV003040,2024-01-06,148568,sip,1616,Karnataka,Bangalore,T30,26-35,Female,15.3,Mandate,Verified
INV002034,2024-01-06,120842,sip,28965,Uttar Pradesh,Lucknow,T30,26-35,Male,10.0,UPI,Verified
INV004185,2024-01-06,118633,sip,2625,Tamil Nadu,Coimbatore,B30,46-55,Male,38.5,Cheque,Verified
INV000182,2024-01-06,120842,redemption,309923,Tamil Nadu,Chennai,T30,36-45,Male,38.1,Net Banking,Verified
INV004497,2024-01-06,119120,sip,42251,Rajasthan,Jaipur,T30,26-35,Female,13.3,UPI,Verified
INV000163,2024-01-06,100033,sip,26952,Uttar Pradesh,Kanpur,B30,46-55,Male,70.4,Cheque,Verified
INV003894,2024-01-06,119552,lumpsum,404974,Tamil Nadu,Coimbatore,B30,26-35,Male,14.9,Mandate,Verified
INV001720,2024-01-06,119094,redemption,197973,Karnataka,Mysore,B30,36-45,Male,43.6,Mandate,Verified
INV000104,2024-01-06,149322,sip,29462,Madhya Pradesh,Indore,T30,26-35,Male,8.1,Cheque,Pending
INV002548,2024-01-06,118632,sip,59410,Haryana,Gurugram,T30,26-35,Male,21.3,UPI,Verified
INV002329,2024-01-06,120842,sip,8132,Madhya Pradesh,Indore,T30,56+,Male,51.2,Cheque,Verified
INV003070,2024-01-06,119092,sip,26490,West Bengal,Kolkata,T30,26-35,Male,23.7,Cheque,Verified
INV003564,2024-01-06,148569,sip,53136,Telangana,Hyderabad,T30,18-25,Male,6.8,Mandate,Verified
INV000408,2024-01-07,120843,redemption,118820,Punjab,Amritsar,B30,56+,Male,62.3,Net Banking,Verified
INV000231,2024-01-07,119095,redemption,221924,Rajasthan,Udaipur,B30,26-35,Female,22.9,Cheque,Verified
INV000091,2024-01-07,101208,sip,8317,Haryana,Gurugram,T30,26-35,Male,14.6,Net Banking,Verified
INV001735,2024-01-07,119552,sip,16939,Maharashtra,Pune,T30,56+,Male,41.9,Net Banking,Verified
INV000894,2024-01-07,100033,redemption,219820,Tamil Nadu,Coimbatore,B30,36-45,Female,32.0,Net Banking,Verified
INV000962,2024-01-07,120842,lumpsum,422124,Punjab,Chandigarh,T30,26-35,Male,24.5,Cheque,Verified
INV001723,2024-01-07,119094,sip,6112,Tamil Nadu,Chennai,T30,26-35,Male,14.2,Cheque,Verified
INV003085,2024-01-07,119092,redemption,181536,Delhi,Gurugram,T30,36-45,Female,29.2,UPI,Verified
INV003325,2024-01-07,101206,sip,2768,Haryana,Faridabad,B30,26-35,Male,17.3,Cheque,Verified
INV004132,2024-01-07,119094,lumpsum,263193,Rajasthan,Jaipur,T30,18-25,Male,6.3,Net Banking,Verified
INV003322,2024-01-07,120506,sip,4204,Rajasthan,Jaipur,T30,26-35,Male,22.7,Cheque,Verified
INV004841,2024-01-07,101207,sip,592,West Bengal,Kolkata,T30,26-35,Male,21.4,Cheque,Verified
INV004119,2024-01-07,119551,redemption,376569,Uttar Pradesh,Kanpur,B30,26-35,Female,13.0,UPI,Verified
INV001476,2024-01-07,119092,sip,10756,Rajasthan,Jaipur,T30,36-45,Male,38.1,Cheque,Pending
INV000667,2024-01-07,101208,lumpsum,390649,Telangana,Hyderabad,T30,26-35,Male,7.5,Mandate,Verified
INV001689,2024-01-07,120505,lumpsum,473543,Haryana,Faridabad,B30,36-45,Male,40.4,Cheque,Verified
INV003422,2024-01-07,119598,sip,17031,Uttar Pradesh,Lucknow,T30,26-35,Male,9.0,UPI,Verified
INV002471,2024-01-07,120844,sip,1126,Punjab,Chandigarh,T30,18-25,Male,3.1,Net Banking,Verified
INV001274,2024-01-07,119092,lumpsum,136990,Maharashtra,Mumbai,T30,36-45,Female,55.7,Mandate,Verified
INV004336,2024-01-07,120842,lumpsum,117691,West Bengal,Kolkata,T30,46-55,Female,35.0,Cheque,Verified
INV001036,2024-01-07,149323,sip,2621,Punjab,Chandigarh,T30,46-55,Female,40.5,Net Banking,Verified
INV001363,2024-01-07,118632,sip,58920,Karnataka,Mysore,B30,56+,Male,29.4,UPI,Verified
INV000339,2024-01-07,120843,lumpsum,133844,Uttar Pradesh,Kanpur,B30,26-35,Male,22.3,Net Banking,Verified
INV003377,2024-01-07,148567,lumpsum,275934,Uttar Pradesh,Agra,B30,36-45,Male,53.9,Net Banking,Verified
INV002732,2024-01-07,120843,sip,1047,Uttar Pradesh,Lucknow,T30,18-25,Male,4.5,UPI,Verified
INV000766,2024-01-07,148568,sip,7948,Uttar Pradesh,Agra,B30,46-55,Male,88.1,Net Banking,Verified
INV004894,2024-01-07,120506,sip,2960,Telangana,Hyderabad,T30,26-35,Female,21.0,UPI,Verified
INV000308,2024-01-07,119095,redemption,15648,West Bengal,Kolkata,T30,36-45,Male,52.4,UPI,Verified
INV000307,2024-01-07,149323,lumpsum,81645,Telangana,Hyderabad,T30,18-25,Male,7.8,Mandate,Verified
INV004258,2024-01-07,119552,redemption,57695,Gujarat,Ahmedabad,T30,36-45,Male,56.6,Cheque,Verified
INV003343,2024-01-07,119095,redemption,96619,Telangana,Hyderabad,T30,36-45,Male,26.0,Mandate,Verified
INV004639,2024-01-07,101208,redemption,396767,Rajasthan,Jaipur,T30,18-25,Female,6.0,Cheque,Verified
INV001491,2024-01-07,149322,sip,4575,Tamil Nadu,Chennai,T30,56+,Male,78.5,Mandate,Verified
INV001006,2024-01-07,101208,sip,2104,Tamil Nadu,Coimbatore,B30,56+,Female,75.6,Net Banking,Verified
INV000288,2024-01-07,118634,sip,55146,Telangana,Hyderabad,T30,26-35,Male,10.1,Cheque,Verified
INV003054,2024-01-07,120843,sip,6158,Telangana,Hyderabad,T30,56+,Female,77.1,Cheque,Verified
INV004349,2024-01-07,119092,lumpsum,416883,Haryana,Gurugram,T30,26-35,Female,9.3,UPI,Verified
INV003341,2024-01-07,149322,lumpsum,76277,Rajasthan,Jaipur,T30,26-35,Male,23.0,Cheque,Verified
INV004754,2024-01-07,119552,sip,4842,Telangana,Hyderabad,T30,36-45,Female,51.5,Net Banking,Verified
INV002870,2024-01-07,125498,lumpsum,423490,Karnataka,Mysore,B30,26-35,Female,23.7,Net Banking,Verified
INV003411,2024-01-07,149324,sip,2954,Tamil Nadu,Chennai,T30,26-35,Male,14.2,Net Banking,Verified
INV000155,2024-01-07,120506,redemption,230658,Madhya Pradesh,Bhopal,B30,26-35,Female,17.4,Net Banking,Verified
INV000855,2024-01-07,101206,sip,490,Maharashtra,Pune,T30,56+,Male,57.1,Cheque,Verified
INV004185,2024-01-07,101206,sip,2462,Tamil Nadu,Coimbatore,B30,46-55,Male,38.5,Cheque,Verified
INV002834,2024-01-07,120841,redemption,368938,West Bengal,Kolkata,T30,18-25,Male,6.9,Net Banking,Verified
INV004498,2024-01-07,119120,redemption,253111,Punjab,Chandigarh,T30,26-35,Male,6.7,UPI,Verified
INV004008,2024-01-07,101208,sip,471,Maharashtra,Nashik,B30,46-55,Male,17.2,UPI,Verified
INV001602,2024-01-07,100016,sip,17107,West Bengal,Kolkata,T30,36-45,Male,27.0,Mandate,Verified
INV003319,2024-01-07,102886,sip,4604,Punjab,Chandigarh,T30,26-35,Male,12.8,Mandate,Verified
INV001447,2024-01-07,120841,redemption,75406,Madhya Pradesh,Indore,T30,26-35,Female,14.6,Mandate,Verified
INV002599,2024-01-07,149322,sip,2827,Gujarat,Surat,T30,26-35,Male,11.4,Cheque,Verified
INV000032,2024-01-07,119120,redemption,291165,Delhi,Noida,T30,36-45,Male,21.8,Cheque,Verified
INV002505,2024-01-07,120841,sip,8163,Tamil Nadu,Coimbatore,B30,36-45,Female,21.1,UPI,Verified
INV000583,2024-01-07,119092,redemption,344315,Punjab,Amritsar,B30,26-35,Male,8.7,Cheque,Verified
INV000476,2024-01-07,120505,sip,9845,Gujarat,Surat,T30,46-55,Female,21.2,Mandate,Verified
INV004427,2024-01-07,100016,sip,12756,Punjab,Amritsar,B30,36-45,Female,54.2,UPI,Verified
INV000540,2024-01-07,120843,redemption,410824,Tamil Nadu,Coimbatore,B30,26-35,Female,10.4,Mandate,Verified
INV001961,2024-01-07,120503,sip,2278,Delhi,Gurugram,T30,26-35,Male,23.4,Cheque,Verified
INV003279,2024-01-07,119120,sip,14432,Rajasthan,Jaipur,T30,46-55,Female,19.4,Net Banking,Pending
INV002329,2024-01-07,120842,sip,26835,Madhya Pradesh,Indore,T30,56+,Male,51.2,UPI,Verified
INV000542,2024-01-07,118632,sip,2033,Haryana,Faridabad,B30,36-45,Male,20.3,Cheque,Verified
INV004576,2024-01-07,148569,redemption,200234,Rajasthan,Jaipur,T30,46-55,Male,54.5,Net Banking,Verified
INV001311,2024-01-07,102887,sip,553,Telangana,Hyderabad,T30,26-35,Male,20.9,Mandate,Verified
INV001327,2024-01-07,120842,sip,5741,Delhi,New Delhi,T30,36-45,Male,31.2,UPI,Verified
INV002361,2024-01-08,101207,sip,42978,Gujarat,Surat,T30,36-45,Male,59.3,Net Banking,Verified
INV004088,2024-01-08,118636,lumpsum,225281,Tamil Nadu,Chennai,T30,36-45,Male,26.8,UPI,Verified
INV001581,2024-01-08,100025,lumpsum,194939,Madhya Pradesh,Indore,T30,18-25,Female,5.7,Net Banking,Verified
INV004493,2024-01-08,119599,redemption,115716,Tamil Nadu,Chennai,T30,36-45,Male,19.3,UPI,Verified
INV000309,2024-01-08,125498,sip,2302,Delhi,Gurugram,T30,26-35,Male,18.1,Mandate,Verified
INV001696,2024-01-08,120507,sip,2285,West Bengal,Kolkata,T30,56+,Female,55.8,Net Banking,Pending
INV002847,2024-01-08,120841,redemption,255648,Haryana,Faridabad,B30,26-35,Male,13.4,Cheque,Verified
INV000074,2024-01-08,148567,sip,2005,Rajasthan,Jaipur,T30,26-35,Female,8.4,UPI,Verified
INV004714,2024-01-08,100033,lumpsum,337687,Madhya Pradesh,Bhopal,B30,36-45,Male,31.3,Cheque,Verified
INV003294,2024-01-08,118634,redemption,249450,Madhya Pradesh,Bhopal,B30,26-35,Female,11.1,Mandate,Verified
INV004450,2024-01-08,100016,sip,55566,Tamil Nadu,Coimbatore,B30,36-45,Male,16.7,Net Banking,Verified
INV003232,2024-01-08,120842,redemption,423309,Maharashtra,Pune,T30,36-45,Female,30.9,Net Banking,Verified
INV001122,2024-01-08,148568,sip,16130,Maharashtra,Mumbai,T30,46-55,Female,18.3,Cheque,Verified
INV004647,2024-01-08,100025,lumpsum,218815,Madhya Pradesh,Indore,T30,36-45,Female,25.3,Cheque,Verified
INV001333,2024-01-08,100016,sip,803,Haryana,Faridabad,B30,26-35,Female,19.0,Net Banking,Verified
INV001220,2024-01-08,119095,sip,570,Punjab,Chandigarh,T30,36-45,Male,48.3,Cheque,Verified
INV004226,2024-01-08,118633,redemption,88746,Punjab,Chandigarh,T30,18-25,Male,3.9,Net Banking,Verified
INV000081,2024-01-08,119095,lumpsum,283811,Gujarat,Surat,T30,36-45,Male,31.0,Mandate,Verified
INV001021,2024-01-08,119093,sip,20743,Maharashtra,Mumbai,T30,56+,Male,50.5,Mandate,Verified
INV000583,2024-01-08,120507,lumpsum,278514,Punjab,Amritsar,B30,26-35,Male,8.7,Cheque,Verified
INV002679,2024-01-08,118636,lumpsum,334718,Uttar Pradesh,Agra,B30,36-45,Male,33.8,Net Banking,Verified
INV003342,2024-01-08,119552,redemption,189489,Tamil Nadu,Chennai,T30,56+,Male,32.8,UPI,Pending
INV002361,2024-01-08,102885,sip,5081,Gujarat,Surat,T30,36-45,Male,59.3,Net Banking,Verified
INV001605,2024-01-08,120506,sip,55254,Uttar Pradesh,Kanpur,B30,26-35,Female,12.4,Mandate,Verified
INV002796,2024-01-08,101207,sip,917,Telangana,Hyderabad,T30,36-45,Male,48.8,Net Banking,Verified
INV000759,2024-01-08,148567,sip,438,Gujarat,Ahmedabad,T30,26-35,Male,7.6,UPI,Verified
INV002932,2024-01-08,118634,sip,2386,Haryana,Gurugram,T30,36-45,Female,28.4,Net Banking,Verified
INV000825,2024-01-08,125497,lumpsum,342462,Madhya Pradesh,Bhopal,B30,18-25,Female,5.5,Cheque,Verified
INV000684,2024-01-08,120842,redemption,117757,Rajasthan,Udaipur,B30,26-35,Male,10.4,UPI,Verified
INV001407,2024-01-08,149323,sip,17925,Rajasthan,Udaipur,B30,26-35,Female,22.2,Cheque,Verified
INV000683,2024-01-08,148567,sip,2362,Maharashtra,Mumbai,T30,26-35,Female,17.4,Net Banking,Verified
INV000399,2024-01-08,119094,sip,1159,Karnataka,Bangalore,T30,26-35,Male,14.3,Net Banking,Verified
INV002232,2024-01-08,119552,sip,17948,Karnataka,Bangalore,T30,26-35,Female,16.9,UPI,Verified
INV002549,2024-01-08,120506,sip,1195,Delhi,New Delhi,T30,26-35,Male,12.5,Net Banking,Verified
INV003536,2024-01-08,118632,sip,17568,Maharashtra,Nashik,B30,36-45,Male,36.9,UPI,Verified
INV001697,2024-01-08,120507,sip,48897,Haryana,Gurugram,T30,18-25,Male,5.4,Mandate,Verified
INV001011,2024-01-08,100033,sip,2227,Madhya Pradesh,Bhopal,B30,26-35,Male,14.4,Net Banking,Pending
INV001109,2024-01-08,102885,sip,1652,Delhi,Noida,T30,26-35,Male,18.4,Net Banking,Verified
INV003978,2024-01-08,101207,sip,25496,Telangana,Hyderabad,T30,26-35,Female,6.2,UPI,Verified
INV001747,2024-01-08,101207,lumpsum,394469,Madhya Pradesh,Indore,T30,18-25,Female,3.8,UPI,Verified
INV004285,2024-01-08,120843,lumpsum,154122,Punjab,Chandigarh,T30,26-35,Male,8.0,UPI,Verified
INV003161,2024-01-08,119599,lumpsum,341506,Uttar Pradesh,Kanpur,B30,36-45,Female,30.2,Net Banking,Verified
INV001111,2024-01-08,101206,redemption,150718,Delhi,Gurugram,T30,18-25,Male,7.8,Net Banking,Verified
INV000567,2024-01-08,120843,lumpsum,329312,Delhi,New Delhi,T30,26-35,Male,9.1,Cheque,Verified
INV003713,2024-01-08,119551,sip,2267,West Bengal,Kolkata,T30,36-45,Female,29.9,Net Banking,Verified
INV003902,2024-01-08,118636,redemption,357460,Karnataka,Mysore,B30,26-35,Male,23.1,Mandate,Verified
INV000156,2024-01-08,125497,sip,3302,Telangana,Hyderabad,T30,46-55,Male,29.1,UPI,Verified
INV000260,2024-01-08,149322,sip,2582,Delhi,Gurugram,T30,18-25,Male,4.1,Mandate,Verified
INV001916,2024-01-08,100033,sip,2612,Haryana,Gurugram,T30,26-35,Male,11.0,Cheque,Verified
INV003473,2024-01-08,120843,sip,1197,Telangana,Hyderabad,T30,26-35,Male,16.5,UPI,Verified
INV003136,2024-01-08,125497,lumpsum,21407,Haryana,Gurugram,T30,56+,Male,34.4,Cheque,Verified
INV001385,2024-01-08,119092,sip,2097,Tamil Nadu,Chennai,T30,26-35,Male,13.7,Mandate,Verified
INV004833,2024-01-08,118635,lumpsum,351348,Madhya Pradesh,Bhopal,B30,26-35,Female,16.5,Cheque,Verified
INV004983,2024-01-08,148569,redemption,170231,Madhya Pradesh,Bhopal,B30,26-35,Male,20.6,Mandate,Verified
INV004887,2024-01-08,120503,lumpsum,4541,Gujarat,Surat,T30,56+,Female,79.4,Mandate,Verified
INV004946,2024-01-08,120841,redemption,186769,Gujarat,Surat,T30,26-35,Female,19.5,Net Banking,Verified
INV004609,2024-01-08,149322,lumpsum,54390,Karnataka,Bangalore,T30,26-35,Female,10.3,UPI,Verified
INV004609,2024-01-08,120506,sip,3263,Karnataka,Bangalore,T30,26-35,Female,10.3,Net Banking,Verified
INV002754,2024-01-08,120504,sip,17836,Karnataka,Bangalore,T30,46-55,Male,82.6,Net Banking,Verified
INV003398,2024-01-08,149323,lumpsum,325398,Karnataka,Bangalore,T30,36-45,Male,42.0,Cheque,Verified
INV004774,2024-01-08,120843,lumpsum,357780,Tamil Nadu,Coimbatore,B30,36-45,Male,21.8,UPI,Verified
INV002951,2024-01-08,102886,lumpsum,28656,Karnataka,Bangalore,T30,36-45,Male,58.6,Cheque,Verified
INV002523,2024-01-08,118634,lumpsum,283929,Telangana,Hyderabad,T30,46-55,Female,57.2,Mandate,Verified
INV003957,2024-01-08,120841,sip,4104,Delhi,Noida,T30,36-45,Male,30.9,Mandate,Verified
INV000833,2024-01-08,100025,sip,2520,Maharashtra,Nashik,B30,18-25,Male,4.4,Mandate,Verified
INV004178,2024-01-08,120506,sip,1991,Rajasthan,Jaipur,T30,26-35,Male,24.4,Net Banking,Verified
INV003133,2024-01-08,102886,lumpsum,316291,West Bengal,Kolkata,T30,46-55,Male,72.8,Net Banking,Verified
INV000138,2024-01-09,119092,lumpsum,183948,Telangana,Hyderabad,T30,26-35,Male,24.7,UPI,Verified
INV001105,2024-01-09,101206,lumpsum,310210,West Bengal,Kolkata,T30,18-25,Female,3.4,UPI,Verified
INV000044,2024-01-09,125498,lumpsum,308582,Karnataka,Mysore,B30,36-45,Male,34.9,Net Banking,Verified
INV004672,2024-01-09,102886,lumpsum,443932,Rajasthan,Jaipur,T30,26-35,Male,23.9,Cheque,Pending
INV001287,2024-01-09,120506,sip,4216,Telangana,Hyderabad,T30,36-45,Female,19.1,UPI,Verified
INV004852,2024-01-09,119092,sip,498,Gujarat,Ahmedabad,T30,36-45,Male,35.1,Mandate,Verified
INV001881,2024-01-09,120505,sip,29130,Telangana,Hyderabad,T30,26-35,Male,11.2,Net Banking,Verified
INV000608,2024-01-09,119092,sip,14394,Haryana,Gurugram,T30,46-55,Male,83.5,Net Banking,Verified
INV002030,2024-01-09,119552,redemption,508939,Madhya Pradesh,Bhopal,B30,36-45,Male,31.7,Net Banking,Verified
INV003171,2024-01-09,102885,sip,8539,Rajasthan,Jaipur,T30,36-45,Female,16.3,Cheque,Verified
INV002101,2024-01-09,119599,sip,1651,Uttar Pradesh,Lucknow,T30,26-35,Male,14.7,Net Banking,Verified
INV000818,2024-01-09,101206,redemption,317854,Telangana,Hyderabad,T30,56+,Female,62.5,UPI,Verified
INV002951,2024-01-09,120503,lumpsum,243569,Karnataka,Bangalore,T30,36-45,Male,58.6,Cheque,Verified
INV002490,2024-01-09,100016,sip,6591,Gujarat,Surat,T30,36-45,Female,28.1,Cheque,Verified
INV002690,2024-01-09,100033,redemption,240839,Karnataka,Mysore,B30,36-45,Male,58.0,Cheque,Verified
INV002168,2024-01-09,118632,sip,9383,Rajasthan,Jaipur,T30,36-45,Male,34.9,Cheque,Verified
INV003544,2024-01-09,118635,sip,28671,Delhi,Gurugram,T30,26-35,Male,11.7,Mandate,Verified
INV000463,2024-01-09,120844,sip,451,Gujarat,Ahmedabad,T30,26-35,Male,8.9,Cheque,Verified
INV002958,2024-01-09,118636,lumpsum,81990,Punjab,Amritsar,B30,26-35,Male,10.3,Mandate,Verified
INV002069,2024-01-09,100025,sip,50812,West Bengal,Kolkata,T30,46-55,Male,59.0,Cheque,Verified
INV000167,2024-01-09,118632,sip,4859,Gujarat,Ahmedabad,T30,56+,Male,55.3,Cheque,Verified
INV001579,2024-01-09,120843,sip,2446,Karnataka,Bangalore,T30,46-55,Male,71.1,Net Banking,Verified
INV001692,2024-01-09,119599,sip,4921,Rajasthan,Jaipur,T30,26-35,Male,11.7,Mandate,Verified
INV004080,2024-01-09,119120,lumpsum,242739,Punjab,Amritsar,B30,26-35,Female,18.7,Mandate,Verified
INV004957,2024-01-09,102887,sip,2190,Delhi,New Delhi,T30,36-45,Male,51.2,Net Banking,Verified
INV000293,2024-01-09,125497,sip,17150,Karnataka,Mysore,B30,26-35,Female,19.3,UPI,Verified
INV000630,2024-01-09,118634,redemption,364446,Uttar Pradesh,Kanpur,B30,26-35,Male,18.9,Net Banking,Verified
INV001765,2024-01-09,120841,lumpsum,97105,Uttar Pradesh,Kanpur,B30,46-55,Male,95.2,Cheque,Verified
INV000578,2024-01-09,101207,lumpsum,115684,Maharashtra,Nashik,B30,26-35,Male,10.9,UPI,Verified
INV000367,2024-01-09,148567,sip,6893,Haryana,Gurugram,T30,36-45,Male,38.5,UPI,Verified
INV002223,2024-01-09,118632,sip,14814,Karnataka,Bangalore,T30,36-45,Female,40.7,UPI,Verified
INV002520,2024-01-09,120503,lumpsum,354499,Tamil Nadu,Chennai,T30,36-45,Male,48.9,Cheque,Verified
INV001410,2024-01-09,120507,lumpsum,204366,Maharashtra,Mumbai,T30,46-55,Male,26.5,Net Banking,Verified
INV003815,2024-01-09,119598,lumpsum,591598,Gujarat,Surat,T30,36-45,Male,38.7,UPI,Verified
INV001701,2024-01-09,102885,redemption,49289,Karnataka,Mysore,B30,26-35,Female,24.4,Mandate,Verified
INV002950,2024-01-09,101208,lumpsum,423091,Madhya Pradesh,Indore,T30,46-55,Female,37.4,UPI,Verified
INV004380,2024-01-09,120507,redemption,413580,Gujarat,Surat,T30,36-45,Male,16.6,Mandate,Verified
INV000960,2024-01-09,120506,sip,808,West Bengal,Kolkata,T30,46-55,Male,90.6,Net Banking,Verified
INV001259,2024-01-09,120506,lumpsum,290394,Telangana,Hyderabad,T30,26-35,Female,10.6,Mandate,Verified
INV000432,2024-01-09,100016,lumpsum,208366,Maharashtra,Pune,T30,18-25,Female,6.7,UPI,Verified
INV002107,2024-01-09,100033,sip,24487,Telangana,Hyderabad,T30,26-35,Male,18.2,Cheque,Verified
INV000313,2024-01-09,119093,lumpsum,92005,Tamil Nadu,Chennai,T30,18-25,Female,3.1,Mandate,Pending
INV002570,2024-01-09,149323,lumpsum,497379,Punjab,Chandigarh,T30,36-45,Male,55.3,Mandate,Verified
INV004253,2024-01-09,120503,lumpsum,307911,Rajasthan,Udaipur,B30,36-45,Male,42.3,UPI,Verified
INV003787,2024-01-09,118636,sip,7284,Karnataka,Mysore,B30,46-55,Male,29.3,Net Banking,Verified
INV001013,2024-01-09,100025,sip,10012,Telangana,Hyderabad,T30,36-45,Male,40.6,Cheque,Verified
INV001064,2024-01-09,102887,sip,29058,West Bengal,Kolkata,T30,46-55,Male,67.9,Net Banking,Verified
INV002584,2024-01-09,119552,sip,22012,Tamil Nadu,Chennai,T30,36-45,Female,40.0,Net Banking,Verified
INV004932,2024-01-09,120841,lumpsum,352318,Tamil Nadu,Chennai,T30,26-35,Female,21.1,UPI,Verified
INV004058,2024-01-09,118632,sip,2250,Tamil Nadu,Chennai,T30,26-35,Male,22.5,Mandate,Verified
INV001480,2024-01-09,148567,sip,12372,West Bengal,Kolkata,T30,18-25,Male,3.1,Net Banking,Pending
INV003973,2024-01-09,149322,redemption,180481,Rajasthan,Jaipur,T30,26-35,Male,11.4,Cheque,Verified
INV001228,2024-01-09,118632,redemption,199032,Karnataka,Bangalore,T30,36-45,Female,29.8,Mandate,Pending
INV000659,2024-01-09,118636,sip,409,Haryana,Faridabad,B30,26-35,Male,17.2,Cheque,Verified
INV001006,2024-01-09,120504,sip,41669,Tamil Nadu,Coimbatore,B30,56+,Female,75.6,UPI,Verified
INV002772,2024-01-09,101207,sip,4196,Haryana,Faridabad,B30,26-35,Male,14.7,Net Banking,Verified
INV004741,2024-01-09,120503,lumpsum,312903,Telangana,Hyderabad,T30,26-35,Female,24.9,Cheque,Verified
INV000129,2024-01-09,148569,lumpsum,172590,Punjab,Amritsar,B30,26-35,Female,21.4,UPI,Verified
INV004638,2024-01-09,118636,lumpsum,429333,Delhi,New Delhi,T30,26-35,Male,6.3,Mandate,Verified
INV004513,2024-01-09,102885,sip,2476,Karnataka,Mysore,B30,36-45,Female,16.9,Net Banking,Verified
INV002739,2024-01-09,125497,sip,40730,Tamil Nadu,Chennai,T30,36-45,Female,20.6,Cheque,Verified
INV000082,2024-01-09,125497,sip,2172,Rajasthan,Udaipur,B30,26-35,Female,19.6,Net Banking,Verified
INV000059,2024-01-10,148568,sip,1764,Maharashtra,Nashik,B30,18-25,Male,5.2,Mandate,Verified
INV003485,2024-01-10,148569,lumpsum,300613,Haryana,Gurugram,T30,36-45,Male,39.1,Net Banking,Verified
INV003974,2024-01-10,118636,sip,14754,Maharashtra,Nashik,B30,46-55,Male,73.6,UPI,Verified
INV004441,2024-01-10,125498,sip,2935,Uttar Pradesh,Lucknow,T30,26-35,Male,24.0,Cheque,Verified
INV001455,2024-01-10,100025,sip,7465,Madhya Pradesh,Indore,T30,36-45,Male,26.8,UPI,Verified
INV001680,2024-01-10,120841,sip,9658,Madhya Pradesh,Indore,T30,26-35,Male,22.8,Net Banking,Verified
INV003803,2024-01-10,101206,lumpsum,127751,Rajasthan,Jaipur,T30,26-35,Male,10.8,UPI,Verified
INV002379,2024-01-10,119092,sip,4723,Madhya Pradesh,Bhopal,B30,26-35,Male,15.6,Cheque,Verified
INV001680,2024-01-10,120503,lumpsum,449350,Madhya Pradesh,Indore,T30,26-35,Male,22.8,Mandate,Verified
INV004717,2024-01-10,120841,redemption,278427,Maharashtra,Nashik,B30,36-45,Female,12.6,Net Banking,Verified
INV004581,2024-01-10,101207,sip,4666,Gujarat,Surat,T30,26-35,Male,14.7,Cheque,Verified
INV001398,2024-01-10,100025,sip,982,Madhya Pradesh,Indore,T30,26-35,Female,18.4,Cheque,Verified
INV002335,2024-01-10,100033,sip,588,Punjab,Amritsar,B30,26-35,Male,19.3,Cheque,Verified
INV004817,2024-01-10,149322,sip,2330,Haryana,Faridabad,B30,26-35,Male,20.4,Cheque,Verified
INV004588,2024-01-10,118633,lumpsum,262725,West Bengal,Kolkata,T30,46-55,Female,16.2,UPI,Verified
INV002790,2024-01-10,102886,lumpsum,113021,Telangana,Hyderabad,T30,18-25,Male,4.8,Cheque,Verified
INV000009,2024-01-10,101207,lumpsum,221876,Haryana,Gurugram,T30,26-35,Male,17.1,Cheque,Verified
INV001472,2024-01-10,102886,sip,416,West Bengal,Kolkata,T30,18-25,Male,5.4,UPI,Verified
INV000047,2024-01-10,119094,sip,14078,Haryana,Faridabad,B30,36-45,Male,23.6,Mandate,Verified
INV004290,2024-01-10,120843,sip,2094,Gujarat,Ahmedabad,T30,46-55,Male,41.9,Net Banking,Verified
INV001778,2024-01-10,120843,sip,13966,Maharashtra,Mumbai,T30,26-35,Male,9.7,Mandate,Pending
INV003267,2024-01-10,100016,sip,8062,Rajasthan,Udaipur,B30,36-45,Male,29.9,Net Banking,Verified
INV001679,2024-01-10,118632,sip,2146,Haryana,Faridabad,B30,36-45,Female,46.7,Mandate,Verified
INV003581,2024-01-10,102887,lumpsum,25869,Tamil Nadu,Coimbatore,B30,56+,Male,15.3,Mandate,Verified
INV003801,2024-01-10,125497,sip,8589,Punjab,Chandigarh,T30,26-35,Male,17.8,UPI,Pending
INV000360,2024-01-10,102887,redemption,370882,Maharashtra,Mumbai,T30,36-45,Female,55.3,Net Banking,Verified
INV002935,2024-01-10,101208,lumpsum,177507,Madhya Pradesh,Indore,T30,18-25,Male,5.6,Cheque,Verified
INV002416,2024-01-10,148569,redemption,238540,Telangana,Hyderabad,T30,26-35,Female,15.2,Mandate,Pending
INV003321,2024-01-10,119551,sip,4896,Karnataka,Bangalore,T30,46-55,Male,22.5,Net Banking,Verified
INV004914,2024-01-10,119598,sip,9755,Karnataka,Mysore,B30,26-35,Female,13.4,UPI,Verified
INV004384,2024-01-10,119092,sip,26601,Delhi,Noida,T30,26-35,Male,12.1,Mandate,Verified
INV004763,2024-01-10,102886,sip,11399,Karnataka,Bangalore,T30,46-55,Female,19.6,UPI,Verified
INV003263,2024-01-10,119094,sip,51128,Tamil Nadu,Chennai,T30,26-35,Female,12.5,Cheque,Verified
INV004253,2024-01-10,102885,sip,5617,Rajasthan,Udaipur,B30,36-45,Male,42.3,Mandate,Verified
INV004958,2024-01-10,118634,sip,13889,Maharashtra,Mumbai,T30,36-45,Male,20.9,Mandate,Verified
INV001709,2024-01-10,101206,sip,2520,Delhi,New Delhi,T30,36-45,Male,55.9,Net Banking,Verified
INV001745,2024-01-10,101206,lumpsum,313454,Madhya Pradesh,Indore,T30,18-25,Male,7.3,Mandate,Verified
INV004775,2024-01-10,125497,sip,9483,Maharashtra,Mumbai,T30,18-25,Male,4.3,Net Banking,Verified
INV003328,2024-01-10,118632,sip,14899,Karnataka,Mysore,B30,26-35,Female,14.2,Mandate,Verified
INV001981,2024-01-10,100033,lumpsum,41523,Gujarat,Ahmedabad,T30,26-35,Male,19.4,UPI,Verified
INV000752,2024-01-10,100033,redemption,181748,Punjab,Chandigarh,T30,46-55,Male,32.7,Mandate,Verified
INV004514,2024-01-10,102885,sip,1657,Haryana,Faridabad,B30,46-55,Male,40.1,Cheque,Pending
INV002628,2024-01-10,148568,lumpsum,348334,Uttar Pradesh,Agra,B30,26-35,Male,16.4,Mandate,Verified
INV004871,2024-01-10,118635,sip,58929,Punjab,Chandigarh,T30,26-35,Male,9.2,Mandate,Verified
INV002070,2024-01-10,100025,sip,7341,Telangana,Hyderabad,T30,36-45,Male,40.3,Net Banking,Verified
INV002099,2024-01-10,102885,lumpsum,197684,Tamil Nadu,Chennai,T30,36-45,Female,34.9,Mandate,Verified
INV002510,2024-01-10,119598,sip,12400,Karnataka,Mysore,B30,36-45,Male,32.6,Cheque,Verified
INV002679,2024-01-10,101208,sip,9173,Uttar Pradesh,Agra,B30,36-45,Male,33.8,Net Banking,Verified
INV002403,2024-01-10,125497,sip,1018,Maharashtra,Nashik,B30,18-25,Male,3.3,Mandate,Verified
INV003863,2024-01-10,149322,sip,5867,Gujarat,Surat,T30,36-45,Male,13.9,Cheque,Verified
INV000056,2024-01-10,120506,sip,7539,Haryana,Faridabad,B30,26-35,Female,22.5,Cheque,Verified
INV001873,2024-01-10,149323,sip,1144,Telangana,Hyderabad,T30,36-45,Female,38.9,Cheque,Verified
INV001648,2024-01-10,119094,redemption,364017,Telangana,Hyderabad,T30,46-55,Female,96.8,Mandate,Verified
INV004339,2024-01-10,101208,sip,3544,Uttar Pradesh,Lucknow,T30,26-35,Female,7.3,Net Banking,Pending
INV001547,2024-01-10,120506,redemption,332505,Tamil Nadu,Coimbatore,B30,36-45,Male,55.7,Cheque,Verified
INV003312,2024-01-10,118635,sip,11376,Maharashtra,Mumbai,T30,26-35,Male,7.9,Mandate,Verified
INV002854,2024-01-10,102886,sip,1616,Rajasthan,Jaipur,T30,26-35,Female,8.9,Net Banking,Verified
INV004434,2024-01-10,149323,lumpsum,366713,Gujarat,Surat,T30,46-55,Male,17.7,Net Banking,Verified
INV000881,2024-01-10,120506,sip,4740,Uttar Pradesh,Agra,B30,26-35,Male,17.1,Net Banking,Verified
INV000228,2024-01-10,149322,sip,9199,Karnataka,Bangalore,T30,26-35,Male,7.2,Cheque,Verified
INV004924,2024-01-10,119598,sip,881,Telangana,Hyderabad,T30,36-45,Male,16.1,UPI,Verified
INV001769,2024-01-10,119095,lumpsum,422150,Punjab,Chandigarh,T30,18-25,Male,7.4,Cheque,Verified
INV003198,2024-01-10,149324,lumpsum,191311,Uttar Pradesh,Lucknow,T30,46-55,Female,37.0,UPI,Verified
INV001765,2024-01-10,125498,lumpsum,489627,Uttar Pradesh,Kanpur,B30,46-55,Male,95.2,UPI,Verified
INV004600,2024-01-10,119095,redemption,272996,West Bengal,Kolkata,T30,46-55,Female,35.5,Cheque,Verified
INV001499,2024-01-10,119120,sip,5264,Karnataka,Mysore,B30,26-35,Male,12.9,Cheque,Verified
INV004814,2024-01-10,101207,sip,2133,Karnataka,Bangalore,T30,18-25,Female,7.8,Mandate,Verified
INV001885,2024-01-10,101206,lumpsum,231186,Karnataka,Bangalore,T30,26-35,Male,18.8,Cheque,Verified
INV002700,2024-01-10,118632,sip,1724,Tamil Nadu,Coimbatore,B30,26-35,Male,8.1,Cheque,Verified
INV000711,2024-01-10,119094,lumpsum,536709,Karnataka,Bangalore,T30,56+,Male,28.3,Net Banking,Verified
INV002552,2024-01-10,119092,sip,7826,Delhi,Gurugram,T30,36-45,Male,24.4,Mandate,Verified
INV002782,2024-01-10,100016,lumpsum,346937,Punjab,Chandigarh,T30,18-25,Male,3.7,Cheque,Verified
INV001333,2024-01-10,148569,lumpsum,78411,Haryana,Faridabad,B30,26-35,Female,19.0,Cheque,Pending
INV004431,2024-01-10,119599,redemption,35842,Tamil Nadu,Coimbatore,B30,26-35,Male,19.8,UPI,Verified
INV002471,2024-01-10,119120,lumpsum,80721,Punjab,Chandigarh,T30,18-25,Male,3.1,Mandate,Verified
INV000233,2024-01-10,120841,sip,2177,Madhya Pradesh,Indore,T30,46-55,Male,16.3,Net Banking,Verified
INV004266,2024-01-10,120842,sip,6545,Delhi,New Delhi,T30,36-45,Male,35.9,Net Banking,Verified
INV003385,2024-01-10,118635,sip,550,Punjab,Amritsar,B30,56+,Female,65.9,Cheque,Verified
INV002635,2024-01-10,119093,lumpsum,25827,Telangana,Hyderabad,T30,18-25,Male,3.8,Mandate,Verified
INV004038,2024-01-10,118636,redemption,122534,Gujarat,Surat,T30,26-35,Female,24.6,UPI,Verified
INV000682,2024-01-10,118632,lumpsum,423276,Delhi,New Delhi,T30,56+,Female,69.2,Net Banking,Verified
INV003964,2024-01-10,148567,sip,43989,Punjab,Chandigarh,T30,26-35,Male,16.7,Cheque,Pending
INV004172,2024-01-10,148569,sip,42093,Madhya Pradesh,Indore,T30,26-35,Male,18.5,Net Banking,Verified
INV002831,2024-01-10,100016,lumpsum,344971,Telangana,Hyderabad,T30,56+,Female,78.0,Net Banking,Verified
INV003403,2024-01-11,120841,redemption,344953,Madhya Pradesh,Bhopal,B30,18-25,Male,6.3,Cheque,Verified
INV003218,2024-01-11,120504,sip,45656,Tamil Nadu,Chennai,T30,18-25,Male,6.0,UPI,Verified
INV001467,2024-01-11,120504,sip,459,Punjab,Chandigarh,T30,36-45,Male,32.5,Net Banking,Verified
INV004018,2024-01-11,101208,redemption,478549,Punjab,Chandigarh,T30,56+,Male,47.9,Mandate,Verified
INV000813,2024-01-11,120844,sip,20378,Telangana,Hyderabad,T30,46-55,Male,38.7,Net Banking,Verified
INV002281,2024-01-11,118636,sip,17267,Uttar Pradesh,Lucknow,T30,18-25,Female,3.1,Net Banking,Verified
INV004749,2024-01-11,119093,sip,506,Karnataka,Bangalore,T30,56+,Male,45.5,Mandate,Verified
INV003539,2024-01-11,118633,lumpsum,489498,Rajasthan,Udaipur,B30,56+,Female,54.9,Net Banking,Verified
INV002495,2024-01-11,118632,sip,8365,Maharashtra,Nashik,B30,26-35,Male,6.6,UPI,Verified
INV001419,2024-01-11,120506,sip,1165,Delhi,New Delhi,T30,26-35,Male,7.1,Cheque,Verified
INV001673,2024-01-11,149323,sip,8715,West Bengal,Kolkata,T30,26-35,Male,23.0,UPI,Verified
INV000263,2024-01-11,100033,sip,5323,Madhya Pradesh,Bhopal,B30,56+,Male,21.8,Mandate,Verified
INV004270,2024-01-11,101206,lumpsum,52867,Rajasthan,Udaipur,B30,18-25,Male,5.7,Mandate,Verified
INV003492,2024-01-11,148569,redemption,350981,Gujarat,Ahmedabad,T30,36-45,Male,35.2,Mandate,Verified
INV000989,2024-01-11,120843,sip,14264,Gujarat,Surat,T30,36-45,Male,16.1,UPI,Pending
INV000755,2024-01-11,118634,lumpsum,248873,Uttar Pradesh,Agra,B30,26-35,Female,13.1,Net Banking,Verified
INV003144,2024-01-11,120844,sip,7683,Haryana,Gurugram,T30,36-45,Female,38.0,UPI,Verified
INV004961,2024-01-11,148569,redemption,366253,West Bengal,Kolkata,T30,36-45,Male,15.0,UPI,Verified
INV004719,2024-01-11,119599,sip,6744,Haryana,Gurugram,T30,46-55,Male,86.8,Net Banking,Verified
INV000142,2024-01-11,149324,lumpsum,145769,Uttar Pradesh,Lucknow,T30,26-35,Male,13.2,Cheque,Verified
INV004223,2024-01-11,148569,sip,412,Uttar Pradesh,Agra,B30,36-45,Female,49.3,Net Banking,Pending
INV002140,2024-01-11,118632,sip,4177,Tamil Nadu,Chennai,T30,26-35,Male,15.4,Cheque,Verified
INV003537,2024-01-11,100033,lumpsum,131820,Punjab,Amritsar,B30,18-25,Male,3.7,Net Banking,Verified
INV001854,2024-01-11,149322,lumpsum,490229,Uttar Pradesh,Kanpur,B30,46-55,Male,67.3,Net Banking,Verified
INV004135,2024-01-11,149323,sip,2477,Tamil Nadu,Coimbatore,B30,26-35,Female,18.7,UPI,Verified
INV003423,2024-01-11,149324,sip,6139,Delhi,Noida,T30,18-25,Female,3.2,Net Banking,Pending
INV004510,2024-01-11,120504,sip,9343,Haryana,Gurugram,T30,56+,Male,71.8,Net Banking,Verified
INV004344,2024-01-11,148569,redemption,360347,Haryana,Faridabad,B30,26-35,Male,13.5,Net Banking,Verified
INV000532,2024-01-11,101207,redemption,31942,Madhya Pradesh,Bhopal,B30,26-35,Male,9.0,Cheque,Verified
INV000214,2024-01-11,120505,sip,2346,Madhya Pradesh,Indore,T30,26-35,Female,20.7,Net Banking,Verified
INV003181,2024-01-11,149324,sip,5882,Karnataka,Bangalore,T30,18-25,Female,3.9,Cheque,Verified
INV003736,2024-01-11,148568,sip,25566,Karnataka,Mysore,B30,18-25,Male,4.9,UPI,Verified
INV003742,2024-01-11,119120,sip,17737,Tamil Nadu,Chennai,T30,56+,Female,53.9,UPI,Verified
INV000703,2024-01-11,125498,sip,7759,Delhi,New Delhi,T30,26-35,Male,15.4,UPI,Verified
INV004353,2024-01-11,118635,lumpsum,222986,Uttar Pradesh,Agra,B30,56+,Male,31.2,Cheque,Verified
INV001106,2024-01-11,125497,sip,9669,Tamil Nadu,Chennai,T30,26-35,Male,13.1,Mandate,Verified
INV002176,2024-01-11,119092,lumpsum,400583,Haryana,Faridabad,B30,56+,Male,32.0,Mandate,Verified
INV001047,2024-01-11,149322,lumpsum,475917,Tamil Nadu,Chennai,T30,56+,Female,78.8,Cheque,Verified
INV004388,2024-01-11,102885,lumpsum,116845,Gujarat,Surat,T30,26-35,Female,10.3,Net Banking,Verified
INV002885,2024-01-11,125497,lumpsum,45105,Delhi,Gurugram,T30,26-35,Male,23.4,Mandate,Verified
INV000566,2024-01-11,120506,lumpsum,10380,Uttar Pradesh,Agra,B30,36-45,Male,18.2,Cheque,Verified
INV002131,2024-01-11,120843,sip,539,Madhya Pradesh,Bhopal,B30,46-55,Male,75.1,Mandate,Verified
INV002344,2024-01-11,119095,lumpsum,28178,Punjab,Chandigarh,T30,46-55,Female,92.9,Mandate,Verified
INV001863,2024-01-11,120503,lumpsum,385999,Rajasthan,Jaipur,T30,36-45,Male,24.2,UPI,Verified
INV003797,2024-01-11,119552,lumpsum,208518,Madhya Pradesh,Indore,T30,26-35,Male,6.6,Net Banking,Verified
INV003352,2024-01-11,102885,sip,8444,Maharashtra,Mumbai,T30,36-45,Male,59.3,UPI,Verified
INV003229,2024-01-11,119551,redemption,44755,Maharashtra,Mumbai,T30,46-55,Female,64.4,Net Banking,Verified
INV001744,2024-01-11,119552,sip,3510,Karnataka,Mysore,B30,26-35,Male,15.9,Cheque,Verified
INV001066,2024-01-11,100033,lumpsum,205518,Haryana,Gurugram,T30,26-35,Male,23.2,Cheque,Verified
INV000171,2024-01-11,149324,sip,525,Delhi,Noida,T30,18-25,Female,6.2,Mandate,Verified
INV003602,2024-01-11,149322,sip,501,Maharashtra,Nashik,B30,46-55,Male,75.4,Mandate,Verified
INV002545,2024-01-11,120504,redemption,386932,Haryana,Faridabad,B30,36-45,Male,31.5,Net Banking,Verified
INV001865,2024-01-11,149323,sip,3474,Telangana,Hyderabad,T30,18-25,Female,4.3,Mandate,Verified
INV000543,2024-01-11,148568,sip,16243,Haryana,Gurugram,T30,36-45,Male,45.4,Cheque,Verified
INV000649,2024-01-11,119095,sip,5468,Tamil Nadu,Chennai,T30,36-45,Male,27.3,Mandate,Verified
INV003683,2024-01-11,119094,sip,46894,Telangana,Hyderabad,T30,26-35,Female,21.0,Cheque,Verified
INV003167,2024-01-11,148568,sip,7559,Telangana,Hyderabad,T30,26-35,Male,19.8,UPI,Verified
INV003961,2024-01-11,120506,sip,2361,Rajasthan,Udaipur,B30,46-55,Male,39.6,Net Banking,Verified
INV000360,2024-01-11,120842,sip,886,Maharashtra,Mumbai,T30,36-45,Female,55.3,Net Banking,Verified
INV002594,2024-01-11,102887,redemption,346681,Haryana,Gurugram,T30,26-35,Male,23.7,Net Banking,Pending
INV002010,2024-01-11,100025,sip,17634,Uttar Pradesh,Agra,B30,56+,Male,11.6,UPI,Verified
INV003168,2024-01-11,149323,sip,2306,Uttar Pradesh,Lucknow,T30,18-25,Male,5.1,Cheque,Verified
INV001170,2024-01-11,149323,redemption,376526,Karnataka,Mysore,B30,36-45,Male,34.6,Mandate,Verified
INV004939,2024-01-11,120504,lumpsum,567295,Punjab,Amritsar,B30,18-25,Male,4.7,Mandate,Verified
INV000540,2024-01-11,100033,redemption,370304,Tamil Nadu,Coimbatore,B30,26-35,Female,10.4,Mandate,Verified
INV002090,2024-01-11,120505,lumpsum,97909,Maharashtra,Mumbai,T30,26-35,Male,23.7,Cheque,Verified
INV001205,2024-01-11,119092,lumpsum,271412,Madhya Pradesh,Bhopal,B30,26-35,Male,24.1,Cheque,Verified
INV004308,2024-01-11,120505,sip,2508,Gujarat,Surat,T30,26-35,Female,11.1,Mandate,Verified
INV002621,2024-01-11,120507,redemption,65881,Uttar Pradesh,Agra,B30,26-35,Female,22.6,Cheque,Verified
INV000413,2024-01-11,120506,lumpsum,445536,Haryana,Gurugram,T30,36-45,Female,49.8,UPI,Verified
INV004363,2024-01-11,149323,lumpsum,445758,Delhi,Noida,T30,26-35,Male,20.5,Mandate,Verified
INV001539,2024-01-12,149323,sip,4714,Madhya Pradesh,Indore,T30,36-45,Male,32.1,Mandate,Verified
INV000414,2024-01-12,119092,sip,10281,Tamil Nadu,Chennai,T30,36-45,Male,21.9,Net Banking,Verified
INV002716,2024-01-12,119092,sip,2347,Tamil Nadu,Chennai,T30,56+,Female,47.4,Mandate,Pending
INV003865,2024-01-12,100025,sip,463,Gujarat,Ahmedabad,T30,18-25,Female,3.3,Mandate,Verified
INV000813,2024-01-12,120843,sip,3598,Telangana,Hyderabad,T30,46-55,Male,38.7,Mandate,Verified
INV002613,2024-01-12,125497,lumpsum,53948,Karnataka,Bangalore,T30,46-55,Female,44.3,Mandate,Verified
INV002045,2024-01-12,118632,redemption,118396,Rajasthan,Jaipur,T30,18-25,Female,3.8,Net Banking,Pending
INV003454,2024-01-12,120843,sip,7944,Telangana,Hyderabad,T30,26-35,Male,18.3,Cheque,Verified
INV004850,2024-01-12,119092,sip,48595,Madhya Pradesh,Bhopal,B30,56+,Male,34.8,Cheque,Verified
INV004342,2024-01-12,118635,sip,2186,Tamil Nadu,Coimbatore,B30,46-55,Female,22.1,Net Banking,Verified
INV001538,2024-01-12,118636,sip,2181,Madhya Pradesh,Bhopal,B30,18-25,Female,3.1,Mandate,Verified
INV002401,2024-01-12,125498,sip,3471,West Bengal,Kolkata,T30,26-35,Male,20.9,UPI,Verified
INV002243,2024-01-12,101207,sip,599,Tamil Nadu,Coimbatore,B30,26-35,Male,7.8,Mandate,Verified
INV004544,2024-01-12,101206,lumpsum,311066,Maharashtra,Mumbai,T30,36-45,Male,52.1,Mandate,Verified
INV000895,2024-01-12,149324,lumpsum,441094,Rajasthan,Udaipur,B30,26-35,Male,19.5,UPI,Pending
INV004704,2024-01-12,120842,lumpsum,392506,Delhi,New Delhi,T30,26-35,Male,23.1,Net Banking,Verified
INV000220,2024-01-12,125498,sip,8058,Uttar Pradesh,Lucknow,T30,36-45,Male,48.1,Cheque,Verified
INV002759,2024-01-12,125498,lumpsum,394961,Delhi,Noida,T30,36-45,Male,44.6,Net Banking,Verified
INV003542,2024-01-12,120505,redemption,360525,Telangana,Hyderabad,T30,26-35,Male,10.0,UPI,Verified
INV001375,2024-01-12,100033,lumpsum,186485,Haryana,Gurugram,T30,18-25,Male,6.3,Mandate,Verified
INV001983,2024-01-12,119093,sip,1638,West Bengal,Kolkata,T30,36-45,Male,30.6,UPI,Verified
INV003386,2024-01-12,102885,lumpsum,289354,Haryana,Faridabad,B30,26-35,Male,16.8,UPI,Verified
INV003210,2024-01-12,102886,sip,456,Haryana,Faridabad,B30,36-45,Female,23.1,Mandate,Verified
INV000150,2024-01-12,148567,lumpsum,77550,Karnataka,Mysore,B30,18-25,Male,3.5,Mandate,Verified
INV000487,2024-01-12,120503,sip,7304,Telangana,Hyderabad,T30,36-45,Male,41.7,Net Banking,Verified
INV003160,2024-01-12,119120,lumpsum,286436,Delhi,Gurugram,T30,26-35,Male,24.9,Mandate,Verified
INV003222,2024-01-12,120842,sip,3343,Punjab,Amritsar,B30,56+,Female,11.7,Cheque,Pending
INV000988,2024-01-12,119093,lumpsum,259605,Rajasthan,Jaipur,T30,36-45,Male,28.7,Cheque,Verified
INV003860,2024-01-12,119599,lumpsum,138013,Punjab,Chandigarh,T30,26-35,Male,20.4,Net Banking,Verified
INV003057,2024-01-12,100016,redemption,280673,Punjab,Chandigarh,T30,18-25,Male,6.4,Cheque,Verified
INV000534,2024-01-12,148567,sip,7393,Punjab,Amritsar,B30,36-45,Male,16.8,Cheque,Verified
INV004069,2024-01-12,118636,lumpsum,391259,Delhi,Noida,T30,26-35,Male,21.8,Net Banking,Verified
INV003733,2024-01-12,119552,sip,2731,Telangana,Hyderabad,T30,26-35,Male,12.6,Mandate,Verified
INV004831,2024-01-12,120504,sip,13581,Maharashtra,Mumbai,T30,18-25,Female,5.9,Net Banking,Verified
INV000682,2024-01-12,119599,redemption,374425,Delhi,New Delhi,T30,56+,Female,69.2,Net Banking,Verified
INV001822,2024-01-12,148567,lumpsum,200359,Gujarat,Ahmedabad,T30,36-45,Male,59.6,Mandate,Verified
INV000840,2024-01-12,120506,lumpsum,245323,Punjab,Chandigarh,T30,26-35,Male,15.3,Cheque,Verified
INV002798,2024-01-12,120503,sip,41288,Tamil Nadu,Coimbatore,B30,26-35,Female,24.5,Mandate,Verified
INV004401,2024-01-12,148569,sip,1676,Rajasthan,Udaipur,B30,26-35,Male,22.6,Cheque,Verified
INV000631,2024-01-12,119551,redemption,317359,Delhi,Noida,T30,36-45,Female,48.6,Cheque,Verified
INV002786,2024-01-12,118635,sip,1976,Tamil Nadu,Coimbatore,B30,26-35,Female,13.3,UPI,Verified
INV000290,2024-01-12,118634,redemption,147815,Punjab,Chandigarh,T30,26-35,Male,17.9,UPI,Verified
INV003103,2024-01-12,118633,sip,2069,Tamil Nadu,Coimbatore,B30,36-45,Female,55.8,Mandate,Verified
INV000175,2024-01-12,119598,lumpsum,96132,Karnataka,Bangalore,T30,26-35,Male,17.3,Cheque,Verified
INV000522,2024-01-12,118634,sip,1098,Punjab,Chandigarh,T30,26-35,Female,10.8,Mandate,Verified
INV004005,2024-01-12,149324,redemption,166360,West Bengal,Kolkata,T30,26-35,Male,11.0,UPI,Verified
INV001466,2024-01-12,102887,lumpsum,309222,Delhi,Noida,T30,46-55,Female,20.3,UPI,Verified
INV003771,2024-01-12,119094,sip,1816,Telangana,Hyderabad,T30,46-55,Male,47.6,Net Banking,Verified
INV000175,2024-01-12,120503,sip,884,Karnataka,Bangalore,T30,26-35,Male,17.3,Mandate,Verified
INV003702,2024-01-13,119120,sip,12766,Madhya Pradesh,Bhopal,B30,36-45,Male,53.2,UPI,Verified
INV001418,2024-01-13,119095,lumpsum,288021,Delhi,Noida,T30,36-45,Male,39.2,Cheque,Verified
INV004632,2024-01-13,148569,sip,537,Punjab,Chandigarh,T30,26-35,Male,18.0,Cheque,Verified
INV002681,2024-01-13,119095,sip,848,Maharashtra,Nashik,B30,18-25,Female,7.2,Net Banking,Verified
INV001404,2024-01-13,125497,lumpsum,284280,West Bengal,Kolkata,T30,46-55,Male,56.2,UPI,Verified
INV000808,2024-01-13,120842,sip,8878,Punjab,Chandigarh,T30,36-45,Male,34.9,Mandate,Verified
INV001433,2024-01-13,149324,lumpsum,308296,West Bengal,Kolkata,T30,26-35,Male,10.9,UPI,Verified
INV000673,2024-01-13,118634,sip,2086,Maharashtra,Nashik,B30,36-45,Male,47.4,Cheque,Verified
INV004739,2024-01-13,102886,lumpsum,413324,Delhi,Gurugram,T30,18-25,Male,3.2,Mandate,Verified
INV001232,2024-01-13,125498,sip,2795,Uttar Pradesh,Agra,B30,46-55,Female,29.8,UPI,Verified
INV004621,2024-01-13,125497,sip,2699,Punjab,Amritsar,B30,36-45,Female,16.9,Mandate,Verified
INV002986,2024-01-13,120844,sip,946,Punjab,Amritsar,B30,26-35,Male,11.9,Mandate,Verified
INV003670,2024-01-13,119551,sip,47799,Punjab,Chandigarh,T30,36-45,Male,38.4,Mandate,Pending
INV001717,2024-01-13,102886,redemption,353014,Karnataka,Mysore,B30,26-35,Male,23.2,Mandate,Verified
INV000683,2024-01-13,120842,sip,456,Maharashtra,Mumbai,T30,26-35,Female,17.4,Mandate,Verified
INV002497,2024-01-13,120841,sip,13159,Telangana,Hyderabad,T30,26-35,Female,13.0,Cheque,Verified
INV000701,2024-01-13,125497,sip,2663,West Bengal,Kolkata,T30,36-45,Female,55.6,Cheque,Verified
INV001020,2024-01-13,101206,lumpsum,223108,Maharashtra,Mumbai,T30,26-35,Female,13.5,Mandate,Verified
INV004856,2024-01-13,120507,lumpsum,318735,Maharashtra,Mumbai,T30,36-45,Male,54.3,UPI,Verified
INV004328,2024-01-13,100033,sip,7396,Telangana,Hyderabad,T30,26-35,Female,12.8,Cheque,Verified
INV004653,2024-01-13,119093,redemption,308702,Rajasthan,Jaipur,T30,46-55,Female,32.2,Net Banking,Verified
INV003158,2024-01-13,118633,redemption,487726,Karnataka,Mysore,B30,26-35,Male,21.1,Net Banking,Verified
INV003652,2024-01-13,118634,sip,545,Punjab,Chandigarh,T30,26-35,Female,16.9,Net Banking,Verified
INV000977,2024-01-13,120842,sip,2283,Karnataka,Mysore,B30,56+,Male,22.5,Cheque,Verified
INV004761,2024-01-13,120507,sip,2604,Madhya Pradesh,Indore,T30,26-35,Male,21.4,Cheque,Verified
INV002217,2024-01-13,120507,sip,2031,Tamil Nadu,Coimbatore,B30,18-25,Male,7.0,Cheque,Verified
INV000415,2024-01-13,119095,lumpsum,119316,Maharashtra,Pune,T30,36-45,Female,20.3,UPI,Verified
INV002909,2024-01-13,119552,sip,2388,Rajasthan,Udaipur,B30,36-45,Male,44.1,Cheque,Verified
INV002080,2024-01-13,148569,sip,55735,Tamil Nadu,Coimbatore,B30,26-35,Male,21.3,Cheque,Pending
INV004292,2024-01-13,120504,redemption,152985,Uttar Pradesh,Kanpur,B30,26-35,Male,13.0,UPI,Verified
INV004534,2024-01-13,120843,sip,11918,Maharashtra,Nashik,B30,26-35,Male,8.8,UPI,Verified
INV003262,2024-01-13,125497,sip,5578,Telangana,Hyderabad,T30,46-55,Male,80.2,Mandate,Verified
INV002202,2024-01-13,101207,sip,1991,Madhya Pradesh,Indore,T30,18-25,Female,7.1,UPI,Verified
INV003146,2024-01-13,100025,lumpsum,399994,Rajasthan,Udaipur,B30,26-35,Male,20.2,Net Banking,Verified
INV000638,2024-01-13,119551,sip,6539,Rajasthan,Udaipur,B30,26-35,Male,12.7,Cheque,Verified
INV003373,2024-01-13,125498,redemption,443338,Gujarat,Surat,T30,56+,Male,62.9,UPI,Verified
INV002434,2024-01-13,119120,sip,13191,Uttar Pradesh,Agra,B30,26-35,Male,13.8,Mandate,Verified
INV000552,2024-01-13,102887,redemption,102052,Uttar Pradesh,Lucknow,T30,36-45,Female,35.8,Mandate,Verified
INV004230,2024-01-13,102885,redemption,125315,Karnataka,Bangalore,T30,18-25,Female,7.4,Mandate,Verified
INV000223,2024-01-13,120842,sip,11719,West Bengal,Kolkata,T30,26-35,Male,6.3,Mandate,Verified
INV000082,2024-01-13,120504,sip,3380,Rajasthan,Udaipur,B30,26-35,Female,19.6,UPI,Pending
INV000820,2024-01-13,119599,sip,43813,Telangana,Hyderabad,T30,36-45,Male,50.2,Mandate,Verified
INV004959,2024-01-13,118636,lumpsum,432325,Delhi,New Delhi,T30,18-25,Female,5.8,Net Banking,Verified
INV002262,2024-01-13,119598,sip,3375,Rajasthan,Udaipur,B30,26-35,Male,8.2,Net Banking,Verified
INV002554,2024-01-13,101206,sip,1047,Madhya Pradesh,Bhopal,B30,18-25,Male,5.4,Cheque,Verified
INV000599,2024-01-13,100016,sip,49737,Gujarat,Ahmedabad,T30,36-45,Male,24.0,Mandate,Verified
INV003065,2024-01-13,119093,lumpsum,425066,Uttar Pradesh,Kanpur,B30,46-55,Male,27.9,Cheque,Verified
INV003698,2024-01-13,125498,sip,5091,Madhya Pradesh,Bhopal,B30,36-45,Female,41.5,Net Banking,Verified
INV000327,2024-01-13,120507,sip,2881,Uttar Pradesh,Kanpur,B30,26-35,Male,9.2,UPI,Verified
INV001528,2024-01-13,119599,sip,40754,Telangana,Hyderabad,T30,26-35,Female,20.7,UPI,Verified
INV004790,2024-01-13,120841,sip,545,Tamil Nadu,Coimbatore,B30,18-25,Male,3.4,Mandate,Verified
INV004169,2024-01-13,102885,sip,48618,Rajasthan,Udaipur,B30,26-35,Female,20.4,Cheque,Verified
INV003312,2024-01-13,100016,lumpsum,247986,Maharashtra,Mumbai,T30,26-35,Male,7.9,UPI,Verified
INV004223,2024-01-13,120844,lumpsum,190795,Uttar Pradesh,Agra,B30,36-45,Female,49.3,UPI,Verified
INV003906,2024-01-13,148568,sip,1087,Haryana,Faridabad,B30,36-45,Male,39.7,UPI,Verified
INV003573,2024-01-14,119551,redemption,280396,Gujarat,Surat,T30,36-45,Male,51.8,Cheque,Verified
INV000490,2024-01-14,148568,sip,2309,Delhi,New Delhi,T30,26-35,Male,10.0,Cheque,Verified
INV002746,2024-01-14,118632,sip,435,Delhi,Noida,T30,26-35,Male,23.2,Mandate,Verified
INV000546,2024-01-14,119120,sip,4842,Karnataka,Mysore,B30,26-35,Male,9.5,UPI,Verified
INV002942,2024-01-14,120842,sip,2920,Delhi,Noida,T30,36-45,Male,27.8,Cheque,Verified
INV000253,2024-01-14,118632,lumpsum,380067,Delhi,New Delhi,T30,26-35,Female,7.2,Mandate,Verified
INV002942,2024-01-14,119095,lumpsum,43056,Delhi,Noida,T30,36-45,Male,27.8,UPI,Verified
INV000854,2024-01-14,118633,sip,59780,Karnataka,Bangalore,T30,46-55,Female,79.7,Cheque,Verified
INV003475,2024-01-14,118633,sip,401,Telangana,Hyderabad,T30,26-35,Male,20.7,Net Banking,Verified
INV001246,2024-01-14,119598,sip,8465,Rajasthan,Jaipur,T30,46-55,Male,51.2,Cheque,Verified
INV000261,2024-01-14,102885,sip,9649,Gujarat,Ahmedabad,T30,18-25,Male,3.5,UPI,Verified
INV004539,2024-01-14,125498,lumpsum,172640,Haryana,Faridabad,B30,26-35,Male,18.0,Cheque,Verified
INV003620,2024-01-14,125497,sip,2718,Uttar Pradesh,Kanpur,B30,36-45,Female,15.7,Net Banking,Pending
INV001690,2024-01-14,119093,sip,20315,Rajasthan,Jaipur,T30,36-45,Male,27.6,Cheque,Verified
INV002256,2024-01-14,101206,sip,44525,Rajasthan,Jaipur,T30,46-55,Male,49.6,UPI,Verified
INV002142,2024-01-14,120503,lumpsum,377263,Tamil Nadu,Chennai,T30,18-25,Male,3.6,Net Banking,Verified
INV001252,2024-01-14,148569,redemption,53866,Rajasthan,Jaipur,T30,26-35,Male,16.0,Mandate,Verified
INV004548,2024-01-14,148568,sip,55894,Delhi,Noida,T30,36-45,Female,58.1,Cheque,Verified
INV002843,2024-01-14,120844,redemption,130159,Haryana,Faridabad,B30,26-35,Male,11.8,Cheque,Verified
INV001397,2024-01-14,125497,lumpsum,416815,Delhi,New Delhi,T30,26-35,Male,20.8,Cheque,Verified
INV001926,2024-01-14,102885,sip,3256,Uttar Pradesh,Agra,B30,46-55,Female,26.9,Mandate,Verified
INV002500,2024-01-14,102885,lumpsum,276324,Delhi,New Delhi,T30,26-35,Male,14.7,Net Banking,Verified
INV004877,2024-01-14,125497,sip,4003,Karnataka,Mysore,B30,26-35,Male,18.0,UPI,Verified
INV003399,2024-01-14,101208,redemption,479186,Telangana,Hyderabad,T30,26-35,Female,16.0,UPI,Verified
INV000908,2024-01-14,120505,sip,27787,Karnataka,Mysore,B30,26-35,Male,11.3,Mandate,Verified
INV000211,2024-01-14,119095,lumpsum,171856,Punjab,Chandigarh,T30,26-35,Male,17.0,Net Banking,Verified
INV000210,2024-01-14,120842,sip,16400,Rajasthan,Jaipur,T30,26-35,Male,9.1,UPI,Verified
INV004495,2024-01-14,118635,redemption,115605,Punjab,Amritsar,B30,36-45,Female,24.4,Mandate,Verified
INV002911,2024-01-14,120506,lumpsum,315721,Gujarat,Surat,T30,26-35,Male,24.1,Mandate,Verified
INV004482,2024-01-14,119120,lumpsum,261875,Uttar Pradesh,Kanpur,B30,18-25,Female,6.8,Net Banking,Verified
INV003766,2024-01-14,119552,lumpsum,225256,West Bengal,Kolkata,T30,36-45,Male,52.3,Cheque,Verified
INV000189,2024-01-14,119120,sip,8241,Uttar Pradesh,Lucknow,T30,36-45,Male,47.3,Net Banking,Verified
INV000293,2024-01-14,100033,sip,25238,Karnataka,Mysore,B30,26-35,Female,19.3,Net Banking,Verified
INV001977,2024-01-14,101207,redemption,340055,Punjab,Amritsar,B30,18-25,Female,3.3,Mandate,Verified
INV003304,2024-01-14,120841,sip,3545,Telangana,Hyderabad,T30,18-25,Female,4.8,Net Banking,Verified
INV003951,2024-01-14,125497,sip,3100,Uttar Pradesh,Lucknow,T30,18-25,Male,7.8,Cheque,Verified
INV004961,2024-01-14,119092,sip,5075,West Bengal,Kolkata,T30,36-45,Male,15.0,Mandate,Pending
INV003366,2024-01-14,148568,lumpsum,485715,Madhya Pradesh,Bhopal,B30,18-25,Male,3.3,Mandate,Verified
INV001806,2024-01-14,149324,sip,29074,Telangana,Hyderabad,T30,36-45,Male,32.6,Cheque,Verified
INV001530,2024-01-14,149324,sip,4062,Telangana,Hyderabad,T30,26-35,Male,21.0,Mandate,Verified
INV003946,2024-01-14,120504,sip,10932,Karnataka,Mysore,B30,26-35,Female,9.2,UPI,Pending
INV003810,2024-01-14,102885,redemption,441808,Maharashtra,Nashik,B30,26-35,Male,24.7,Net Banking,Verified
INV004030,2024-01-14,120842,lumpsum,54035,Uttar Pradesh,Lucknow,T30,18-25,Female,4.4,Net Banking,Verified
INV000757,2024-01-14,148567,sip,9443,Madhya Pradesh,Indore,T30,36-45,Male,25.4,Cheque,Verified
INV000471,2024-01-14,101206,lumpsum,398977,West Bengal,Kolkata,T30,18-25,Male,4.2,UPI,Verified
INV002714,2024-01-14,120503,lumpsum,237833,West Bengal,Kolkata,T30,46-55,Male,65.7,Mandate,Pending
INV003865,2024-01-14,102887,sip,3448,Gujarat,Ahmedabad,T30,18-25,Female,3.3,Mandate,Verified
INV001972,2024-01-14,100025,sip,1125,Uttar Pradesh,Kanpur,B30,18-25,Male,4.6,Mandate,Verified
INV003208,2024-01-14,119120,sip,470,Madhya Pradesh,Bhopal,B30,46-55,Male,80.0,Net Banking,Verified
INV002868,2024-01-14,148568,redemption,257574,Gujarat,Ahmedabad,T30,26-35,Female,24.7,UPI,Verified
INV004014,2024-01-14,119599,sip,8772,Telangana,Hyderabad,T30,56+,Female,27.2,Mandate,Verified
INV001852,2024-01-14,120505,sip,2315,Telangana,Hyderabad,T30,26-35,Male,21.7,Net Banking,Verified
INV002003,2024-01-14,125498,redemption,157057,Delhi,New Delhi,T30,26-35,Female,20.1,Net Banking,Verified
INV002003,2024-01-14,120503,redemption,271129,Delhi,New Delhi,T30,26-35,Female,20.1,Net Banking,Verified
INV003189,2024-01-14,120503,lumpsum,82411,Tamil Nadu,Chennai,T30,36-45,Female,44.6,Net Banking,Verified
INV001536,2024-01-14,100033,sip,24928,Karnataka,Mysore,B30,26-35,Male,17.9,UPI,Verified
INV002187,2024-01-14,102885,lumpsum,400717,Tamil Nadu,Chennai,T30,36-45,Male,15.0,Net Banking,Verified
INV001300,2024-01-14,100016,lumpsum,453082,Uttar Pradesh,Agra,B30,36-45,Female,53.8,Cheque,Verified
INV003797,2024-01-14,119598,lumpsum,379407,Madhya Pradesh,Indore,T30,26-35,Male,6.6,Mandate,Verified
INV004924,2024-01-14,100016,sip,5272,Telangana,Hyderabad,T30,36-45,Male,16.1,UPI,Verified
INV001055,2024-01-14,119092,sip,1834,Haryana,Gurugram,T30,26-35,Female,17.6,Mandate,Verified
INV001985,2024-01-14,120506,redemption,25673,Gujarat,Surat,T30,36-45,Male,46.6,Cheque,Verified
INV001365,2024-01-14,101208,redemption,392668,Tamil Nadu,Coimbatore,B30,36-45,Male,25.3,Net Banking,Verified
INV000443,2024-01-14,100033,sip,7828,Punjab,Chandigarh,T30,26-35,Male,18.7,Mandate,Verified
INV004593,2024-01-14,125497,lumpsum,343193,Punjab,Amritsar,B30,26-35,Male,13.7,Cheque,Verified
INV001651,2024-01-14,119551,redemption,6684,Gujarat,Ahmedabad,T30,18-25,Male,4.1,Net Banking,Verified
INV003811,2024-01-14,120843,sip,54067,Gujarat,Surat,T30,46-55,Female,83.6,Net Banking,Verified
INV000607,2024-01-14,100033,sip,3331,Rajasthan,Jaipur,T30,56+,Male,33.9,Mandate,Verified
INV003354,2024-01-14,120504,sip,54121,Punjab,Chandigarh,T30,46-55,Male,48.5,Net Banking,Verified
INV000793,2024-01-14,101206,sip,6759,West Bengal,Kolkata,T30,26-35,Female,8.4,UPI,Verified
INV004254,2024-01-14,119093,lumpsum,336976,Madhya Pradesh,Bhopal,B30,36-45,Male,58.3,UPI,Verified
INV000786,2024-01-14,101206,sip,4447,Madhya Pradesh,Bhopal,B30,26-35,Male,17.9,Mandate,Verified
INV001631,2024-01-15,120844,lumpsum,138775,Haryana,Faridabad,B30,36-45,Male,55.9,Cheque,Verified
INV004318,2024-01-15,120504,sip,9085,Tamil Nadu,Coimbatore,B30,56+,Female,54.7,Mandate,Verified
INV004378,2024-01-15,118632,sip,7498,Tamil Nadu,Chennai,T30,26-35,Female,23.2,Net Banking,Verified
INV002348,2024-01-15,120842,redemption,271794,Uttar Pradesh,Agra,B30,26-35,Male,13.4,Net Banking,Verified
INV001557,2024-01-15,119120,lumpsum,11887,Haryana,Gurugram,T30,26-35,Female,10.5,UPI,Pending
INV002911,2024-01-15,149322,sip,1736,Gujarat,Surat,T30,26-35,Male,24.1,Cheque,Verified
INV004319,2024-01-15,102887,sip,2853,Gujarat,Surat,T30,18-25,Male,3.9,Cheque,Verified
INV004549,2024-01-15,149323,sip,2373,Tamil Nadu,Chennai,T30,36-45,Male,40.7,Mandate,Verified
INV001846,2024-01-15,102886,lumpsum,329051,Uttar Pradesh,Kanpur,B30,56+,Male,72.3,Mandate,Verified
INV003604,2024-01-15,120841,sip,2242,Punjab,Chandigarh,T30,18-25,Female,7.4,UPI,Verified
INV000261,2024-01-15,119552,redemption,489019,Gujarat,Ahmedabad,T30,18-25,Male,3.5,UPI,Verified
INV002143,2024-01-15,120844,sip,2685,Uttar Pradesh,Lucknow,T30,26-35,Male,11.8,Cheque,Verified
INV002232,2024-01-15,120844,redemption,261477,Karnataka,Bangalore,T30,26-35,Female,16.9,Cheque,Verified
INV002412,2024-01-15,118633,sip,8181,Karnataka,Bangalore,T30,26-35,Male,11.4,Cheque,Verified
INV003420,2024-01-15,118634,sip,22016,Haryana,Faridabad,B30,36-45,Male,47.2,Mandate,Verified
INV001322,2024-01-15,125497,sip,1994,Uttar Pradesh,Lucknow,T30,26-35,Female,10.5,Cheque,Verified
INV002863,2024-01-15,120507,sip,2630,Rajasthan,Udaipur,B30,36-45,Female,49.8,Cheque,Verified
INV003732,2024-01-15,120841,sip,11385,West Bengal,Kolkata,T30,36-45,Male,56.1,Cheque,Verified
INV001036,2024-01-15,120506,lumpsum,344823,Punjab,Chandigarh,T30,46-55,Female,40.5,Net Banking,Verified
INV002034,2024-01-15,148569,sip,29964,Uttar Pradesh,Lucknow,T30,26-35,Male,10.0,Mandate,Verified
INV003739,2024-01-15,118633,lumpsum,190275,Gujarat,Surat,T30,46-55,Female,81.0,Cheque,Verified
INV002420,2024-01-15,149324,sip,2750,Karnataka,Mysore,B30,26-35,Female,6.4,Mandate,Verified
INV003598,2024-01-15,148567,sip,1892,Delhi,Gurugram,T30,26-35,Female,12.7,UPI,Verified
INV002718,2024-01-15,119095,sip,1626,Telangana,Hyderabad,T30,36-45,Male,15.6,Mandate,Verified
INV000322,2024-01-15,119599,sip,6786,Rajasthan,Jaipur,T30,18-25,Male,5.9,Mandate,Verified
INV004467,2024-01-15,120505,sip,9943,Tamil Nadu,Chennai,T30,46-55,Male,52.4,Cheque,Pending
INV004496,2024-01-15,119598,sip,2220,Madhya Pradesh,Indore,T30,18-25,Female,6.3,UPI,Verified
INV004912,2024-01-15,100016,redemption,227454,West Bengal,Kolkata,T30,18-25,Male,6.4,Mandate,Verified
INV000006,2024-01-15,149323,lumpsum,325595,Madhya Pradesh,Bhopal,B30,46-55,Female,43.0,Cheque,Verified
INV001969,2024-01-15,102887,sip,408,Uttar Pradesh,Kanpur,B30,26-35,Male,9.7,Cheque,Verified
INV000729,2024-01-15,102886,sip,22497,Telangana,Hyderabad,T30,36-45,Male,36.5,UPI,Verified
INV003166,2024-01-15,102885,sip,14626,Karnataka,Bangalore,T30,26-35,Female,7.1,UPI,Verified
INV002851,2024-01-15,120506,sip,2709,Tamil Nadu,Coimbatore,B30,26-35,Male,16.0,Cheque,Verified
INV004616,2024-01-15,100025,lumpsum,147660,West Bengal,Kolkata,T30,26-35,Female,18.1,Net Banking,Verified
INV001800,2024-01-15,100033,sip,2331,Tamil Nadu,Chennai,T30,26-35,Female,12.8,Net Banking,Verified
INV001599,2024-01-15,100033,sip,1945,Haryana,Faridabad,B30,36-45,Female,31.0,Mandate,Verified
INV002773,2024-01-15,101206,sip,43036,Karnataka,Mysore,B30,36-45,Female,28.0,UPI,Verified
INV004151,2024-01-15,120506,lumpsum,417730,Karnataka,Mysore,B30,26-35,Male,21.6,Mandate,Pending
INV000286,2024-01-15,100025,sip,1940,Madhya Pradesh,Indore,T30,26-35,Female,9.8,Cheque,Verified
INV003688,2024-01-15,118633,lumpsum,18336,Telangana,Hyderabad,T30,56+,Male,12.1,Cheque,Pending
INV004095,2024-01-15,118635,sip,2697,Karnataka,Mysore,B30,26-35,Female,14.6,Cheque,Verified
INV001728,2024-01-15,119094,sip,5645,Karnataka,Bangalore,T30,26-35,Male,17.0,Mandate,Verified
INV000961,2024-01-15,120506,sip,5061,Rajasthan,Udaipur,B30,36-45,Male,17.2,Cheque,Verified
INV003219,2024-01-15,119120,redemption,389517,Maharashtra,Pune,T30,46-55,Male,57.8,UPI,Verified
INV002805,2024-01-15,120504,redemption,63924,Maharashtra,Mumbai,T30,26-35,Female,14.5,UPI,Verified
INV002174,2024-01-15,118635,sip,11878,Gujarat,Ahmedabad,T30,36-45,Male,25.1,UPI,Verified
INV002932,2024-01-15,118634,redemption,380616,Haryana,Gurugram,T30,36-45,Female,28.4,Cheque,Verified
INV004064,2024-01-15,119551,sip,823,Uttar Pradesh,Lucknow,T30,26-35,Male,16.1,Mandate,Verified
INV003771,2024-01-15,149324,sip,45650,Telangana,Hyderabad,T30,46-55,Male,47.6,Cheque,Verified
INV004066,2024-01-15,148567,sip,6184,Gujarat,Surat,T30,46-55,Male,30.8,UPI,Verified
INV001376,2024-01-15,120844,sip,25358,Gujarat,Surat,T30,26-35,Male,15.8,Net Banking,Verified
INV004971,2024-01-15,119551,sip,5682,Telangana,Hyderabad,T30,26-35,Male,21.3,Cheque,Verified
INV004887,2024-01-15,148568,lumpsum,471491,Gujarat,Surat,T30,56+,Female,79.4,Cheque,Verified
INV000405,2024-01-15,120504,sip,2197,Karnataka,Mysore,B30,56+,Female,8.6,UPI,Pending
INV002510,2024-01-15,119552,sip,59928,Karnataka,Mysore,B30,36-45,Male,32.6,UPI,Verified
INV004854,2024-01-15,119095,sip,1633,Rajasthan,Udaipur,B30,18-25,Female,3.5,Cheque,Verified
INV000761,2024-01-15,148568,lumpsum,250576,Rajasthan,Udaipur,B30,18-25,Female,7.5,Mandate,Verified
INV001023,2024-01-15,148567,sip,2009,Gujarat,Ahmedabad,T30,36-45,Male,27.1,Mandate,Verified
INV003912,2024-01-15,148568,sip,5222,West Bengal,Kolkata,T30,26-35,Male,8.5,Mandate,Pending
INV000814,2024-01-15,118632,sip,2470,Delhi,New Delhi,T30,26-35,Male,17.8,Net Banking,Verified
INV001534,2024-01-16,148567,redemption,519314,Tamil Nadu,Coimbatore,B30,36-45,Male,26.5,Cheque,Verified
INV004997,2024-01-16,101207,redemption,312957,Tamil Nadu,Coimbatore,B30,36-45,Female,54.3,UPI,Verified
INV004605,2024-01-16,120507,lumpsum,436022,Maharashtra,Nashik,B30,36-45,Male,17.8,Net Banking,Verified
INV002441,2024-01-16,149323,sip,2580,Punjab,Chandigarh,T30,26-35,Male,19.6,Mandate,Verified
INV002151,2024-01-16,119551,sip,12463,Rajasthan,Jaipur,T30,26-35,Female,18.1,Net Banking,Verified
INV004490,2024-01-16,120505,sip,8074,Madhya Pradesh,Indore,T30,18-25,Female,3.9,UPI,Pending
INV001912,2024-01-16,101208,sip,2105,Haryana,Gurugram,T30,26-35,Male,10.4,UPI,Verified
INV003475,2024-01-16,120506,sip,1638,Telangana,Hyderabad,T30,26-35,Male,20.7,Cheque,Verified
INV004467,2024-01-16,119095,redemption,353750,Tamil Nadu,Chennai,T30,46-55,Male,52.4,UPI,Pending
INV001433,2024-01-16,148569,lumpsum,139261,West Bengal,Kolkata,T30,26-35,Male,10.9,Mandate,Verified
INV004983,2024-01-16,100016,sip,25883,Madhya Pradesh,Bhopal,B30,26-35,Male,20.6,UPI,Verified
INV000177,2024-01-16,100025,sip,8389,Rajasthan,Jaipur,T30,26-35,Male,17.6,Net Banking,Verified
INV001721,2024-01-16,120841,redemption,468986,Punjab,Amritsar,B30,26-35,Male,10.8,UPI,Verified
INV000523,2024-01-16,101206,redemption,51499,West Bengal,Kolkata,T30,36-45,Male,13.1,Net Banking,Verified
INV001867,2024-01-16,120841,sip,3231,Rajasthan,Jaipur,T30,26-35,Male,22.1,Mandate,Verified
INV003105,2024-01-16,125498,redemption,70650,Rajasthan,Jaipur,T30,18-25,Female,6.0,UPI,Verified
INV000718,2024-01-16,101207,sip,1056,Delhi,Gurugram,T30,26-35,Male,10.8,Cheque,Verified
INV000864,2024-01-16,125498,sip,1725,Tamil Nadu,Chennai,T30,26-35,Female,24.9,Mandate,Verified
INV001783,2024-01-16,119599,sip,44734,Madhya Pradesh,Bhopal,B30,36-45,Female,52.6,Mandate,Verified
INV004052,2024-01-16,118636,sip,12607,Uttar Pradesh,Agra,B30,26-35,Female,15.5,UPI,Verified
INV002236,2024-01-16,148568,sip,2336,Delhi,New Delhi,T30,26-35,Male,21.6,UPI,Verified
INV004916,2024-01-16,120843,sip,11029,Haryana,Faridabad,B30,26-35,Male,12.5,Net Banking,Verified
INV003673,2024-01-16,101207,sip,1072,Maharashtra,Mumbai,T30,26-35,Male,23.5,Mandate,Verified
INV002206,2024-01-16,125497,lumpsum,324696,Tamil Nadu,Chennai,T30,18-25,Male,7.7,UPI,Verified
INV002420,2024-01-16,119095,lumpsum,232210,Karnataka,Mysore,B30,26-35,Female,6.4,Mandate,Pending
INV002752,2024-01-16,120843,lumpsum,32885,Rajasthan,Udaipur,B30,26-35,Male,20.1,Net Banking,Verified
INV001859,2024-01-16,118633,sip,26735,Maharashtra,Nashik,B30,36-45,Male,32.2,Mandate,Verified
INV000200,2024-01-16,119092,sip,2131,Rajasthan,Udaipur,B30,18-25,Male,4.0,Mandate,Verified
INV002596,2024-01-16,119551,lumpsum,264928,Maharashtra,Pune,T30,26-35,Male,16.2,UPI,Verified
INV003066,2024-01-16,102887,sip,1174,Madhya Pradesh,Indore,T30,26-35,Male,20.4,UPI,Verified
INV002633,2024-01-16,100025,lumpsum,421984,Karnataka,Bangalore,T30,26-35,Female,8.1,Net Banking,Verified
INV000421,2024-01-16,120503,lumpsum,208513,Tamil Nadu,Chennai,T30,36-45,Male,31.9,UPI,Verified
INV004972,2024-01-16,101208,lumpsum,400361,Uttar Pradesh,Lucknow,T30,18-25,Male,4.0,Cheque,Verified
INV000612,2024-01-16,118633,sip,56380,Punjab,Amritsar,B30,18-25,Male,6.3,Cheque,Verified
INV004695,2024-01-16,120506,redemption,137179,Gujarat,Ahmedabad,T30,26-35,Female,14.3,Net Banking,Verified
INV000829,2024-01-16,148569,sip,1884,West Bengal,Kolkata,T30,26-35,Female,23.1,Net Banking,Verified
INV002143,2024-01-16,119120,lumpsum,97403,Uttar Pradesh,Lucknow,T30,26-35,Male,11.8,UPI,Pending
INV004446,2024-01-16,118636,lumpsum,75970,West Bengal,Kolkata,T30,26-35,Male,14.8,UPI,Verified
INV000324,2024-01-16,102887,lumpsum,29241,West Bengal,Kolkata,T30,26-35,Male,8.0,UPI,Verified
INV002038,2024-01-16,148569,sip,2602,Madhya Pradesh,Bhopal,B30,26-35,Male,20.6,Cheque,Verified
INV003325,2024-01-16,119599,lumpsum,28481,Haryana,Faridabad,B30,26-35,Male,17.3,Cheque,Verified
INV003675,2024-01-16,102885,lumpsum,154530,West Bengal,Kolkata,T30,56+,Male,63.9,Cheque,Verified
INV001198,2024-01-16,120844,redemption,481961,Maharashtra,Mumbai,T30,26-35,Female,20.4,Mandate,Pending
INV004426,2024-01-16,118633,sip,430,Rajasthan,Jaipur,T30,26-35,Male,10.4,Mandate,Verified
INV000418,2024-01-16,120503,sip,57926,Rajasthan,Jaipur,T30,26-35,Female,13.6,Cheque,Verified
INV004701,2024-01-16,119551,redemption,53070,Haryana,Gurugram,T30,26-35,Male,7.3,Mandate,Verified
INV004069,2024-01-16,120504,sip,426,Delhi,Noida,T30,26-35,Male,21.8,Mandate,Verified
INV000992,2024-01-16,148568,sip,2726,Tamil Nadu,Coimbatore,B30,46-55,Female,83.5,Net Banking,Verified
INV001883,2024-01-16,119092,sip,1754,Maharashtra,Pune,T30,46-55,Male,69.3,Mandate,Verified
INV002551,2024-01-16,118636,sip,8963,West Bengal,Kolkata,T30,18-25,Female,5.9,Net Banking,Verified
INV003888,2024-01-16,149323,lumpsum,269108,Telangana,Hyderabad,T30,56+,Female,8.6,UPI,Verified
INV003978,2024-01-16,119092,sip,891,Telangana,Hyderabad,T30,26-35,Female,6.2,UPI,Verified
INV003077,2024-01-16,119120,redemption,158057,Tamil Nadu,Coimbatore,B30,18-25,Female,4.6,Net Banking,Pending
INV003193,2024-01-17,100033,sip,8630,Rajasthan,Jaipur,T30,36-45,Male,40.4,Net Banking,Verified
INV002735,2024-01-17,119093,lumpsum,413752,Tamil Nadu,Coimbatore,B30,18-25,Female,7.6,Mandate,Verified
INV003652,2024-01-17,100033,sip,2070,Punjab,Chandigarh,T30,26-35,Female,16.9,UPI,Verified
INV004231,2024-01-17,119092,redemption,402802,West Bengal,Kolkata,T30,56+,Male,17.5,UPI,Pending
INV001494,2024-01-17,100016,sip,2714,Madhya Pradesh,Indore,T30,18-25,Male,5.7,Cheque,Verified
INV001045,2024-01-17,120506,lumpsum,471797,Punjab,Chandigarh,T30,36-45,Female,45.5,UPI,Verified
INV003531,2024-01-17,101207,sip,17302,Delhi,Gurugram,T30,36-45,Male,41.9,Net Banking,Verified
INV004281,2024-01-17,120843,sip,3335,Rajasthan,Jaipur,T30,26-35,Female,15.9,Cheque,Verified
INV003231,2024-01-17,118634,sip,1106,Haryana,Gurugram,T30,26-35,Male,9.1,Cheque,Verified
INV004630,2024-01-17,120504,sip,26756,Madhya Pradesh,Bhopal,B30,26-35,Female,6.3,Mandate,Verified
INV004704,2024-01-17,149323,sip,589,Delhi,New Delhi,T30,26-35,Male,23.1,UPI,Verified
INV001612,2024-01-17,118636,lumpsum,177998,Haryana,Gurugram,T30,26-35,Female,12.0,Cheque,Verified
INV004848,2024-01-17,119552,sip,596,Haryana,Gurugram,T30,26-35,Male,15.6,UPI,Verified
INV002400,2024-01-17,100025,lumpsum,360777,Punjab,Chandigarh,T30,36-45,Male,15.5,Net Banking,Verified
INV001385,2024-01-17,119598,lumpsum,180728,Tamil Nadu,Chennai,T30,26-35,Male,13.7,Mandate,Verified
INV003221,2024-01-17,101207,sip,17257,Karnataka,Mysore,B30,26-35,Male,15.8,Net Banking,Verified
INV003574,2024-01-17,120506,redemption,462002,Haryana,Faridabad,B30,46-55,Male,48.4,Cheque,Verified
INV000891,2024-01-17,120506,lumpsum,107578,Gujarat,Surat,T30,26-35,Male,20.9,UPI,Verified
INV001463,2024-01-17,101206,sip,5632,Maharashtra,Nashik,B30,36-45,Male,54.5,UPI,Verified
INV003552,2024-01-17,120503,lumpsum,270675,Gujarat,Surat,T30,26-35,Male,17.0,Net Banking,Verified
INV001156,2024-01-17,120844,lumpsum,42654,Madhya Pradesh,Indore,T30,56+,Female,58.8,Mandate,Verified
INV003757,2024-01-17,100025,sip,23229,Uttar Pradesh,Agra,B30,18-25,Male,3.7,UPI,Verified
INV004791,2024-01-17,102886,lumpsum,11792,Telangana,Hyderabad,T30,18-25,Female,4.6,UPI,Verified
INV000706,2024-01-17,148567,lumpsum,194240,Telangana,Hyderabad,T30,26-35,Female,7.3,UPI,Verified
INV002472,2024-01-17,102885,sip,2055,Maharashtra,Mumbai,T30,26-35,Female,19.1,Net Banking,Verified
INV000440,2024-01-17,118635,sip,4455,Uttar Pradesh,Agra,B30,18-25,Male,6.7,UPI,Verified
INV002395,2024-01-17,118636,sip,12212,West Bengal,Kolkata,T30,26-35,Male,13.0,Mandate,Verified
INV003691,2024-01-17,120842,redemption,274289,Haryana,Faridabad,B30,18-25,Male,3.1,Mandate,Verified
INV000768,2024-01-17,118632,sip,489,Delhi,Noida,T30,56+,Male,12.2,Cheque,Verified
INV003227,2024-01-17,120507,sip,986,Maharashtra,Mumbai,T30,36-45,Male,41.8,Net Banking,Verified
INV001300,2024-01-17,119094,sip,550,Uttar Pradesh,Agra,B30,36-45,Female,53.8,Cheque,Verified
INV002736,2024-01-17,100025,sip,12423,Karnataka,Mysore,B30,18-25,Female,6.2,Cheque,Verified
INV000287,2024-01-17,118632,sip,8910,Uttar Pradesh,Kanpur,B30,56+,Female,15.9,UPI,Verified
INV000201,2024-01-17,120507,sip,3570,Madhya Pradesh,Indore,T30,46-55,Male,87.0,Mandate,Verified
INV002238,2024-01-17,102886,sip,6843,Gujarat,Surat,T30,36-45,Male,58.3,UPI,Verified
INV003329,2024-01-17,102886,sip,1021,Madhya Pradesh,Indore,T30,56+,Male,25.2,UPI,Verified
INV003410,2024-01-17,100033,sip,2017,Madhya Pradesh,Indore,T30,26-35,Male,7.7,Cheque,Verified
INV004633,2024-01-17,101207,redemption,48527,Telangana,Hyderabad,T30,18-25,Female,4.9,Net Banking,Verified
INV000303,2024-01-17,149324,lumpsum,174144,West Bengal,Kolkata,T30,18-25,Female,5.0,Net Banking,Verified
INV003920,2024-01-17,119552,sip,29333,Punjab,Chandigarh,T30,26-35,Male,20.3,Net Banking,Verified
INV001411,2024-01-17,120843,lumpsum,260319,Delhi,Gurugram,T30,26-35,Female,7.1,UPI,Verified
INV003693,2024-01-17,101206,sip,10863,Madhya Pradesh,Bhopal,B30,36-45,Male,25.2,Cheque,Verified
INV000510,2024-01-17,149322,sip,22582,West Bengal,Kolkata,T30,46-55,Male,55.0,Cheque,Verified
INV000019,2024-01-17,101207,sip,10386,Gujarat,Ahmedabad,T30,18-25,Female,5.1,Net Banking,Verified
INV003058,2024-01-17,120503,sip,21710,Karnataka,Mysore,B30,36-45,Male,46.2,Mandate,Verified
INV004421,2024-01-17,118632,sip,3198,Punjab,Amritsar,B30,26-35,Male,20.5,Cheque,Verified
INV000988,2024-01-17,118634,lumpsum,555388,Rajasthan,Jaipur,T30,36-45,Male,28.7,Mandate,Verified
INV000517,2024-01-17,119092,sip,2166,Punjab,Amritsar,B30,36-45,Female,31.8,Mandate,Verified
INV000019,2024-01-17,119598,lumpsum,180938,Gujarat,Ahmedabad,T30,18-25,Female,5.1,Mandate,Verified
INV001415,2024-01-17,119598,sip,13730,Haryana,Gurugram,T30,56+,Male,33.1,Net Banking,Verified
INV003579,2024-01-17,120507,redemption,295544,West Bengal,Kolkata,T30,18-25,Male,4.6,Cheque,Verified
INV000030,2024-01-17,119094,lumpsum,571973,Delhi,Noida,T30,18-25,Female,5.1,Net Banking,Verified
INV004285,2024-01-17,101207,sip,4983,Punjab,Chandigarh,T30,26-35,Male,8.0,Mandate,Verified
INV004677,2024-01-18,118634,sip,44380,Punjab,Amritsar,B30,26-35,Male,6.2,Net Banking,Pending
INV000585,2024-01-18,148568,lumpsum,36431,Telangana,Hyderabad,T30,46-55,Female,47.0,UPI,Verified
INV004116,2024-01-18,148567,sip,2385,Gujarat,Ahmedabad,T30,36-45,Male,59.4,Net Banking,Verified
INV002493,2024-01-18,148569,sip,925,Maharashtra,Mumbai,T30,56+,Female,27.1,Cheque,Verified
INV003480,2024-01-18,148569,sip,3382,Madhya Pradesh,Bhopal,B30,26-35,Male,24.4,Cheque,Verified
INV000483,2024-01-18,119599,sip,54925,Haryana,Gurugram,T30,18-25,Male,7.7,Mandate,Verified
INV002883,2024-01-18,119551,sip,59410,West Bengal,Kolkata,T30,26-35,Female,12.5,Cheque,Verified
INV002306,2024-01-18,149324,sip,404,Tamil Nadu,Chennai,T30,18-25,Male,3.4,Cheque,Verified
INV000215,2024-01-18,148567,sip,2655,Maharashtra,Nashik,B30,26-35,Female,18.3,Mandate,Verified
INV003798,2024-01-18,119092,sip,5461,Karnataka,Bangalore,T30,36-45,Male,53.9,UPI,Verified
INV000380,2024-01-18,148567,sip,4959,Haryana,Gurugram,T30,56+,Male,24.2,Net Banking,Verified
INV003869,2024-01-18,100025,sip,1793,Maharashtra,Mumbai,T30,18-25,Male,5.0,UPI,Verified
INV001098,2024-01-18,120506,redemption,230310,Tamil Nadu,Coimbatore,B30,36-45,Male,57.1,UPI,Verified
INV002527,2024-01-18,125497,sip,486,Telangana,Hyderabad,T30,18-25,Male,6.8,Net Banking,Verified
INV003033,2024-01-18,101206,lumpsum,198398,Gujarat,Ahmedabad,T30,36-45,Male,17.3,Mandate,Verified
INV004397,2024-01-18,101206,lumpsum,210482,Maharashtra,Nashik,B30,18-25,Male,7.5,UPI,Verified
INV004110,2024-01-18,100016,lumpsum,127792,West Bengal,Kolkata,T30,18-25,Male,5.5,Mandate,Verified
INV004539,2024-01-18,125497,lumpsum,295583,Haryana,Faridabad,B30,26-35,Male,18.0,Net Banking,Verified
INV004601,2024-01-18,148567,redemption,340135,Tamil Nadu,Chennai,T30,46-55,Male,54.6,UPI,Verified
INV002772,2024-01-18,120506,sip,9856,Haryana,Faridabad,B30,26-35,Male,14.7,Mandate,Verified
INV001237,2024-01-18,100016,sip,2463,West Bengal,Kolkata,T30,26-35,Male,19.1,UPI,Verified
INV001581,2024-01-18,119120,lumpsum,297847,Madhya Pradesh,Indore,T30,18-25,Female,5.7,UPI,Verified
INV004140,2024-01-18,149322,sip,425,Punjab,Amritsar,B30,46-55,Female,41.6,Cheque,Verified
INV002965,2024-01-18,120506,lumpsum,275352,Delhi,Gurugram,T30,46-55,Male,58.5,Mandate,Verified
INV002727,2024-01-18,125497,redemption,299947,Madhya Pradesh,Bhopal,B30,26-35,Female,6.3,Net Banking,Verified
INV000694,2024-01-18,118636,lumpsum,560851,Rajasthan,Jaipur,T30,46-55,Male,50.6,Cheque,Verified
INV004602,2024-01-18,119094,sip,21809,Delhi,Noida,T30,26-35,Female,9.4,UPI,Verified
INV004391,2024-01-18,118636,sip,13159,Maharashtra,Mumbai,T30,26-35,Female,23.3,Net Banking,Pending
INV000026,2024-01-18,102886,sip,22997,West Bengal,Kolkata,T30,36-45,Male,29.5,Mandate,Verified
INV001251,2024-01-18,119120,redemption,117286,Punjab,Chandigarh,T30,26-35,Female,11.7,Cheque,Pending
INV000390,2024-01-18,118634,lumpsum,93834,Karnataka,Bangalore,T30,26-35,Male,24.9,Mandate,Verified
INV001570,2024-01-18,101208,lumpsum,328011,Maharashtra,Pune,T30,26-35,Male,16.0,Net Banking,Verified
INV003200,2024-01-18,148569,redemption,282034,Punjab,Chandigarh,T30,46-55,Male,61.2,UPI,Verified
INV002873,2024-01-18,119551,sip,2185,Haryana,Gurugram,T30,18-25,Male,5.9,Mandate,Verified
INV003016,2024-01-18,148567,sip,2174,Madhya Pradesh,Bhopal,B30,26-35,Male,12.7,Net Banking,Verified
INV000246,2024-01-18,120841,sip,41302,Tamil Nadu,Chennai,T30,26-35,Male,19.7,Net Banking,Verified
INV004744,2024-01-18,119120,lumpsum,69463,Telangana,Hyderabad,T30,26-35,Female,16.0,Net Banking,Verified
INV004750,2024-01-18,125497,sip,5108,Madhya Pradesh,Bhopal,B30,26-35,Female,13.9,Cheque,Verified
INV004718,2024-01-18,120841,sip,25148,Delhi,New Delhi,T30,56+,Male,52.4,Mandate,Verified
INV000371,2024-01-18,118636,sip,8712,Uttar Pradesh,Agra,B30,26-35,Male,14.6,Net Banking,Verified
INV001868,2024-01-18,119093,sip,2001,Tamil Nadu,Coimbatore,B30,26-35,Male,17.3,Cheque,Verified
INV004132,2024-01-18,120504,sip,1992,Rajasthan,Jaipur,T30,18-25,Male,6.3,Net Banking,Verified
INV002763,2024-01-18,102886,sip,6188,Gujarat,Ahmedabad,T30,18-25,Female,3.5,Net Banking,Verified
INV003781,2024-01-18,102886,lumpsum,386823,Tamil Nadu,Coimbatore,B30,26-35,Male,15.8,UPI,Verified
INV000841,2024-01-18,120842,lumpsum,176285,Maharashtra,Mumbai,T30,36-45,Male,56.5,Cheque,Verified
INV004524,2024-01-18,149323,lumpsum,453038,Gujarat,Surat,T30,18-25,Male,4.3,UPI,Verified
INV000517,2024-01-18,120844,sip,25861,Punjab,Amritsar,B30,36-45,Female,31.8,UPI,Verified
INV000270,2024-01-18,101208,redemption,411208,Maharashtra,Mumbai,T30,18-25,Male,7.6,Net Banking,Verified
INV004916,2024-01-18,125498,sip,27811,Haryana,Faridabad,B30,26-35,Male,12.5,Cheque,Pending
INV002870,2024-01-18,148568,sip,16953,Karnataka,Mysore,B30,26-35,Female,23.7,UPI,Pending
INV004656,2024-01-18,149324,sip,8136,Haryana,Gurugram,T30,18-25,Male,4.7,UPI,Verified
INV004463,2024-01-18,102886,sip,488,Karnataka,Bangalore,T30,26-35,Female,16.1,Net Banking,Verified
INV002750,2024-01-18,120507,lumpsum,61079,Madhya Pradesh,Bhopal,B30,36-45,Male,41.8,Net Banking,Verified
INV003421,2024-01-18,100025,lumpsum,284946,Telangana,Hyderabad,T30,26-35,Male,12.4,Net Banking,Pending
INV002668,2024-01-18,118632,sip,49709,Delhi,Gurugram,T30,26-35,Male,9.8,Mandate,Verified
INV003398,2024-01-18,102887,redemption,340063,Karnataka,Bangalore,T30,36-45,Male,42.0,Mandate,Pending
INV002883,2024-01-18,120505,redemption,181729,West Bengal,Kolkata,T30,26-35,Female,12.5,Mandate,Verified
INV003236,2024-01-18,101207,sip,3422,Madhya Pradesh,Bhopal,B30,18-25,Male,3.4,UPI,Verified
INV000857,2024-01-18,149322,lumpsum,558718,Gujarat,Ahmedabad,T30,26-35,Female,23.6,Cheque,Verified
INV004090,2024-01-18,118632,redemption,227578,Tamil Nadu,Coimbatore,B30,36-45,Female,28.6,Cheque,Verified
INV004299,2024-01-18,101206,redemption,344565,Telangana,Hyderabad,T30,26-35,Female,23.1,Net Banking,Verified
INV004274,2024-01-18,101206,redemption,241195,Rajasthan,Udaipur,B30,26-35,Male,20.4,Net Banking,Verified
INV003741,2024-01-18,119092,sip,1911,Madhya Pradesh,Bhopal,B30,36-45,Male,30.3,Mandate,Verified
INV001424,2024-01-18,118634,sip,15478,Haryana,Gurugram,T30,26-35,Male,18.9,Mandate,Verified
INV002882,2024-01-18,120841,lumpsum,342269,Gujarat,Ahmedabad,T30,36-45,Male,52.7,Cheque,Verified
INV001155,2024-01-18,102887,lumpsum,302636,Telangana,Hyderabad,T30,26-35,Female,16.7,Mandate,Verified
INV003673,2024-01-18,119120,lumpsum,133704,Maharashtra,Mumbai,T30,26-35,Male,23.5,UPI,Verified
INV001555,2024-01-18,100025,lumpsum,447644,Punjab,Amritsar,B30,26-35,Male,14.2,UPI,Verified
INV002585,2024-01-18,120503,redemption,356888,Uttar Pradesh,Lucknow,T30,18-25,Male,3.2,Mandate,Verified
INV001325,2024-01-18,118636,sip,42258,Rajasthan,Udaipur,B30,18-25,Male,4.4,Cheque,Verified
INV004220,2024-01-18,125498,sip,8064,Uttar Pradesh,Agra,B30,26-35,Female,15.1,Cheque,Verified
INV000236,2024-01-18,102886,sip,44437,Karnataka,Bangalore,T30,36-45,Male,26.2,Net Banking,Verified
INV000191,2024-01-18,102885,redemption,213268,Karnataka,Bangalore,T30,26-35,Male,23.1,Mandate,Verified
INV004999,2024-01-19,100016,lumpsum,190109,Telangana,Hyderabad,T30,26-35,Male,24.8,Mandate,Verified
INV001534,2024-01-19,125497,sip,507,Tamil Nadu,Coimbatore,B30,36-45,Male,26.5,Cheque,Verified
INV000063,2024-01-19,102885,sip,1192,Uttar Pradesh,Agra,B30,46-55,Male,88.9,UPI,Verified
INV001402,2024-01-19,120504,lumpsum,122648,Tamil Nadu,Chennai,T30,26-35,Male,15.2,UPI,Verified
INV001070,2024-01-19,125497,sip,2652,Tamil Nadu,Coimbatore,B30,26-35,Male,11.9,Cheque,Verified
INV004629,2024-01-19,149324,sip,10331,Karnataka,Bangalore,T30,18-25,Female,4.9,Mandate,Verified
INV001068,2024-01-19,119092,lumpsum,219861,West Bengal,Kolkata,T30,26-35,Male,6.1,UPI,Verified
INV004127,2024-01-19,120843,redemption,170513,Madhya Pradesh,Indore,T30,36-45,Female,27.3,UPI,Verified
INV001169,2024-01-19,102887,sip,41236,Haryana,Gurugram,T30,36-45,Female,12.5,Mandate,Verified
INV000429,2024-01-19,120841,redemption,67514,Gujarat,Surat,T30,36-45,Female,41.7,Net Banking,Verified
INV004051,2024-01-19,119551,sip,25725,Rajasthan,Udaipur,B30,36-45,Female,28.8,Net Banking,Verified
INV002850,2024-01-19,101207,lumpsum,345921,Uttar Pradesh,Lucknow,T30,46-55,Male,76.5,UPI,Verified
INV003838,2024-01-19,119092,redemption,432267,Gujarat,Surat,T30,18-25,Female,5.1,Mandate,Pending
INV000549,2024-01-19,120505,sip,4839,Tamil Nadu,Coimbatore,B30,46-55,Female,59.6,Cheque,Verified
INV004845,2024-01-19,149324,lumpsum,217541,West Bengal,Kolkata,T30,18-25,Male,7.5,Mandate,Verified
INV004497,2024-01-19,120503,lumpsum,267823,Rajasthan,Jaipur,T30,26-35,Female,13.3,Cheque,Verified
INV003985,2024-01-19,120503,sip,3246,Tamil Nadu,Coimbatore,B30,18-25,Male,4.3,Mandate,Verified
INV003234,2024-01-19,125498,sip,21791,Telangana,Hyderabad,T30,26-35,Male,13.5,UPI,Verified
INV003021,2024-01-19,125497,sip,1972,Telangana,Hyderabad,T30,56+,Female,65.0,Net Banking,Pending
INV001641,2024-01-19,125498,sip,44624,Haryana,Faridabad,B30,26-35,Male,15.4,Net Banking,Verified
INV003974,2024-01-19,120506,sip,2472,Maharashtra,Nashik,B30,46-55,Male,73.6,UPI,Verified
INV000197,2024-01-19,148567,lumpsum,218747,Maharashtra,Mumbai,T30,18-25,Male,6.9,Cheque,Verified
INV003632,2024-01-19,119120,redemption,384611,Punjab,Chandigarh,T30,36-45,Female,43.2,Net Banking,Verified
INV003909,2024-01-19,119551,sip,6574,Haryana,Gurugram,T30,46-55,Male,29.1,Net Banking,Verified
INV000720,2024-01-19,149322,sip,4233,Gujarat,Ahmedabad,T30,18-25,Female,5.8,Net Banking,Verified
INV004081,2024-01-19,118635,sip,919,Karnataka,Bangalore,T30,46-55,Female,43.8,UPI,Verified
INV003258,2024-01-19,118635,lumpsum,382685,Rajasthan,Udaipur,B30,26-35,Male,14.7,Net Banking,Verified
INV001043,2024-01-19,120503,lumpsum,169307,Haryana,Gurugram,T30,18-25,Male,7.8,Mandate,Verified
INV002657,2024-01-19,125497,sip,5392,Punjab,Amritsar,B30,36-45,Male,50.0,Net Banking,Verified
INV001748,2024-01-19,119598,sip,2187,Gujarat,Ahmedabad,T30,36-45,Female,16.2,Mandate,Verified
INV000824,2024-01-19,118634,sip,593,Haryana,Gurugram,T30,36-45,Male,53.9,Net Banking,Verified
INV000994,2024-01-19,148569,lumpsum,471278,Maharashtra,Pune,T30,26-35,Female,6.1,UPI,Verified
INV004308,2024-01-19,119551,sip,4720,Gujarat,Surat,T30,26-35,Female,11.1,Mandate,Verified
INV000733,2024-01-19,119552,sip,22962,Uttar Pradesh,Lucknow,T30,18-25,Male,3.9,Net Banking,Verified
INV001189,2024-01-19,120844,sip,24132,Maharashtra,Nashik,B30,56+,Male,70.1,UPI,Verified
INV003662,2024-01-19,118635,sip,4303,Rajasthan,Jaipur,T30,18-25,Male,5.7,Cheque,Verified
INV003767,2024-01-19,120506,sip,953,Madhya Pradesh,Bhopal,B30,36-45,Female,13.6,Cheque,Verified
INV000346,2024-01-19,120507,lumpsum,218210,Haryana,Faridabad,B30,26-35,Male,22.0,UPI,Verified
INV004678,2024-01-19,119599,redemption,145348,West Bengal,Kolkata,T30,36-45,Female,15.3,Net Banking,Verified
INV003717,2024-01-19,102886,lumpsum,104110,Tamil Nadu,Coimbatore,B30,26-35,Female,20.8,Cheque,Verified
INV002139,2024-01-19,119598,sip,2190,Haryana,Gurugram,T30,36-45,Female,28.6,Mandate,Verified
INV003291,2024-01-19,120503,sip,3531,Gujarat,Surat,T30,36-45,Male,47.1,UPI,Verified
INV001313,2024-01-19,149324,sip,7398,Gujarat,Surat,T30,36-45,Male,20.3,Cheque,Verified
INV002373,2024-01-19,118636,sip,28042,Maharashtra,Pune,T30,36-45,Male,56.3,Net Banking,Verified
INV003673,2024-01-19,118636,redemption,15062,Maharashtra,Mumbai,T30,26-35,Male,23.5,Cheque,Verified
INV001680,2024-01-19,102885,sip,9776,Madhya Pradesh,Indore,T30,26-35,Male,22.8,Cheque,Verified
INV001154,2024-01-19,119599,sip,42655,Delhi,Noida,T30,36-45,Female,34.8,Net Banking,Verified
INV003215,2024-01-19,120505,sip,8910,Gujarat,Surat,T30,26-35,Female,20.9,Mandate,Verified
INV001060,2024-01-19,120843,sip,6191,Telangana,Hyderabad,T30,36-45,Male,29.0,UPI,Pending
INV004408,2024-01-19,101208,sip,420,Punjab,Amritsar,B30,26-35,Male,23.5,Cheque,Pending
INV000704,2024-01-19,119598,sip,1975,Gujarat,Ahmedabad,T30,18-25,Male,4.5,Net Banking,Verified
INV004725,2024-01-19,148568,sip,6650,Gujarat,Ahmedabad,T30,18-25,Male,4.7,UPI,Verified
INV001242,2024-01-19,148567,sip,1049,Tamil Nadu,Chennai,T30,36-45,Male,57.8,Cheque,Verified
INV002783,2024-01-19,120507,redemption,282913,West Bengal,Kolkata,T30,26-35,Male,7.0,Mandate,Verified
INV003511,2024-01-19,119551,sip,14753,Haryana,Gurugram,T30,46-55,Male,36.8,Net Banking,Verified
INV001428,2024-01-19,119552,lumpsum,311248,Delhi,New Delhi,T30,26-35,Male,17.8,Cheque,Pending
INV002476,2024-01-19,149322,sip,2470,Telangana,Hyderabad,T30,36-45,Female,58.6,Cheque,Verified
INV002319,2024-01-19,118633,sip,13221,Karnataka,Mysore,B30,26-35,Male,8.7,UPI,Verified
INV004875,2024-01-19,120507,redemption,276200,West Bengal,Kolkata,T30,26-35,Male,25.0,Net Banking,Verified
INV001023,2024-01-19,125498,sip,8071,Gujarat,Ahmedabad,T30,36-45,Male,27.1,Mandate,Verified
INV000778,2024-01-19,119092,redemption,40021,Haryana,Faridabad,B30,26-35,Male,16.9,Cheque,Verified
INV003383,2024-01-19,119094,sip,11765,Karnataka,Mysore,B30,18-25,Male,4.6,Mandate,Pending
INV004089,2024-01-19,101207,lumpsum,114831,Haryana,Gurugram,T30,36-45,Female,15.2,Mandate,Verified
INV000393,2024-01-19,100025,lumpsum,394362,Maharashtra,Mumbai,T30,36-45,Male,53.1,Net Banking,Verified
INV002706,2024-01-20,119092,lumpsum,337669,Haryana,Faridabad,B30,46-55,Female,22.8,Net Banking,Pending
INV004737,2024-01-20,118634,sip,5179,Madhya Pradesh,Indore,T30,46-55,Male,98.4,Cheque,Pending
INV003776,2024-01-20,120507,sip,17316,Punjab,Amritsar,B30,26-35,Male,22.7,Mandate,Verified
INV000544,2024-01-20,101206,sip,21648,Madhya Pradesh,Bhopal,B30,18-25,Male,3.6,Cheque,Verified
INV004561,2024-01-20,101208,sip,6341,Haryana,Faridabad,B30,26-35,Male,18.8,Mandate,Verified
INV002500,2024-01-20,149324,sip,25042,Delhi,New Delhi,T30,26-35,Male,14.7,Net Banking,Verified
INV001882,2024-01-20,119598,lumpsum,470885,Rajasthan,Udaipur,B30,26-35,Male,22.9,Cheque,Verified
INV000422,2024-01-20,118636,sip,4429,Punjab,Amritsar,B30,46-55,Male,94.1,UPI,Pending
INV001903,2024-01-20,119093,sip,15127,Delhi,New Delhi,T30,26-35,Female,8.8,Mandate,Verified
INV003123,2024-01-20,119551,sip,4518,Haryana,Faridabad,B30,36-45,Male,36.2,UPI,Verified
INV000413,2024-01-20,119120,sip,3176,Haryana,Gurugram,T30,36-45,Female,49.8,Net Banking,Verified
INV002940,2024-01-20,118636,redemption,347064,Haryana,Faridabad,B30,26-35,Male,18.3,Cheque,Verified
INV004414,2024-01-20,149324,sip,10650,Uttar Pradesh,Lucknow,T30,26-35,Male,6.6,Net Banking,Verified
INV004142,2024-01-20,119551,redemption,127871,West Bengal,Kolkata,T30,26-35,Male,12.0,UPI,Verified
INV002733,2024-01-20,101207,lumpsum,505706,Punjab,Chandigarh,T30,26-35,Male,19.0,Cheque,Verified
INV000374,2024-01-20,119599,sip,11655,West Bengal,Kolkata,T30,18-25,Female,4.1,UPI,Verified
INV000299,2024-01-20,119094,lumpsum,271542,Delhi,Noida,T30,26-35,Male,24.4,UPI,Verified
INV004787,2024-01-20,148568,redemption,259691,Haryana,Faridabad,B30,26-35,Male,8.2,UPI,Verified
INV002362,2024-01-20,120504,lumpsum,391995,Delhi,New Delhi,T30,26-35,Male,22.3,Cheque,Verified
INV000405,2024-01-20,119552,redemption,237811,Karnataka,Mysore,B30,56+,Female,8.6,Net Banking,Verified
INV003439,2024-01-20,149324,sip,8648,West Bengal,Kolkata,T30,18-25,Female,3.9,Cheque,Verified
INV002941,2024-01-20,118636,sip,29077,Rajasthan,Udaipur,B30,36-45,Female,59.2,Mandate,Verified
INV000567,2024-01-20,100016,redemption,151782,Delhi,New Delhi,T30,26-35,Male,9.1,Net Banking,Verified
INV001819,2024-01-20,119552,sip,6343,West Bengal,Kolkata,T30,26-35,Male,11.9,Mandate,Verified
INV003113,2024-01-20,119093,sip,6483,Rajasthan,Jaipur,T30,26-35,Male,22.0,Net Banking,Verified
INV000252,2024-01-20,125498,redemption,515151,Gujarat,Surat,T30,46-55,Female,24.4,Mandate,Verified
INV003415,2024-01-20,148568,sip,8206,Gujarat,Surat,T30,46-55,Male,96.6,Mandate,Verified
INV003328,2024-01-20,119120,lumpsum,303017,Karnataka,Mysore,B30,26-35,Female,14.2,Cheque,Pending
INV000651,2024-01-20,119552,sip,12573,Delhi,New Delhi,T30,18-25,Male,6.0,Net Banking,Verified
INV003411,2024-01-20,119095,lumpsum,52372,Tamil Nadu,Chennai,T30,26-35,Male,14.2,Mandate,Verified
INV002697,2024-01-20,149323,sip,511,West Bengal,Kolkata,T30,26-35,Male,14.1,Cheque,Pending
INV002685,2024-01-20,119093,sip,51489,Madhya Pradesh,Bhopal,B30,18-25,Male,3.7,Net Banking,Verified
INV000458,2024-01-20,119095,lumpsum,343114,Rajasthan,Udaipur,B30,56+,Male,18.9,Net Banking,Verified
INV002366,2024-01-20,119092,redemption,165229,Telangana,Hyderabad,T30,26-35,Female,20.4,Net Banking,Verified
INV004684,2024-01-20,118635,sip,12906,Tamil Nadu,Chennai,T30,26-35,Male,22.0,Mandate,Verified
INV001899,2024-01-20,120506,sip,578,Gujarat,Ahmedabad,T30,26-35,Male,7.6,Mandate,Pending
INV000832,2024-01-20,149322,sip,6694,Karnataka,Bangalore,T30,36-45,Male,36.6,UPI,Verified
INV002195,2024-01-20,118636,redemption,16534,Telangana,Hyderabad,T30,26-35,Male,24.5,Net Banking,Verified
INV003061,2024-01-20,102885,lumpsum,317573,Uttar Pradesh,Lucknow,T30,26-35,Female,11.9,Mandate,Verified
INV001048,2024-01-20,119094,lumpsum,260931,Delhi,New Delhi,T30,46-55,Male,46.6,UPI,Verified
INV002585,2024-01-20,120505,lumpsum,265554,Uttar Pradesh,Lucknow,T30,18-25,Male,3.2,Mandate,Verified
INV003674,2024-01-20,102886,redemption,279015,Uttar Pradesh,Kanpur,B30,36-45,Male,32.8,UPI,Verified
INV002996,2024-01-20,120507,lumpsum,427873,Madhya Pradesh,Bhopal,B30,26-35,Male,20.7,Net Banking,Pending
INV000049,2024-01-20,119094,sip,13494,Maharashtra,Nashik,B30,36-45,Male,23.8,Cheque,Verified
INV004030,2024-01-20,120504,sip,2252,Uttar Pradesh,Lucknow,T30,18-25,Female,4.4,Mandate,Verified
INV003847,2024-01-20,125497,redemption,66045,Telangana,Hyderabad,T30,26-35,Male,19.7,Mandate,Verified
INV004970,2024-01-20,102886,lumpsum,41075,Maharashtra,Nashik,B30,36-45,Female,27.6,Net Banking,Verified
INV002134,2024-01-20,119552,sip,5099,Rajasthan,Udaipur,B30,26-35,Male,24.8,Mandate,Verified
INV003047,2024-01-20,118636,lumpsum,317302,Maharashtra,Mumbai,T30,46-55,Male,40.0,Cheque,Verified
INV004899,2024-01-20,120842,sip,1081,Delhi,New Delhi,T30,36-45,Male,39.4,Net Banking,Verified
INV004896,2024-01-20,149324,lumpsum,251783,Uttar Pradesh,Agra,B30,18-25,Female,3.5,Mandate,Verified
INV003023,2024-01-20,118633,sip,872,Gujarat,Ahmedabad,T30,26-35,Female,13.6,Cheque,Verified
INV002823,2024-01-20,118633,sip,53710,Telangana,Hyderabad,T30,26-35,Male,21.5,Net Banking,Verified
INV003509,2024-01-20,149323,sip,6149,Haryana,Gurugram,T30,36-45,Male,14.5,Mandate,Verified
INV003047,2024-01-20,148568,sip,4437,Maharashtra,Mumbai,T30,46-55,Male,40.0,Mandate,Verified
INV001175,2024-01-20,119120,sip,21148,Punjab,Chandigarh,T30,36-45,Male,33.5,Cheque,Verified
INV000134,2024-01-20,119552,sip,13078,Punjab,Chandigarh,T30,36-45,Female,50.2,Mandate,Verified
INV003565,2024-01-20,119095,sip,2454,Gujarat,Surat,T30,26-35,Male,12.0,Net Banking,Verified
INV002826,2024-01-20,119095,sip,543,Haryana,Gurugram,T30,26-35,Male,20.5,Mandate,Pending
INV004096,2024-01-20,149323,sip,25101,Tamil Nadu,Coimbatore,B30,36-45,Male,57.1,Cheque,Pending
INV000074,2024-01-20,120504,sip,7798,Rajasthan,Jaipur,T30,26-35,Female,8.4,Mandate,Pending
INV004911,2024-01-20,149324,sip,47812,West Bengal,Kolkata,T30,26-35,Female,9.4,UPI,Verified
INV001594,2024-01-20,119095,sip,3533,Madhya Pradesh,Bhopal,B30,26-35,Male,13.9,Cheque,Verified
INV004079,2024-01-21,120843,sip,432,Karnataka,Bangalore,T30,36-45,Female,57.2,Net Banking,Verified
INV003396,2024-01-21,119599,sip,2810,Karnataka,Mysore,B30,26-35,Male,23.4,Net Banking,Verified
INV004066,2024-01-21,120841,sip,15405,Gujarat,Surat,T30,46-55,Male,30.8,Net Banking,Verified
INV001131,2024-01-21,119551,sip,445,Tamil Nadu,Coimbatore,B30,36-45,Female,32.0,UPI,Verified
INV002681,2024-01-21,100025,sip,8884,Maharashtra,Nashik,B30,18-25,Female,7.2,UPI,Verified
INV000371,2024-01-21,119120,sip,5416,Uttar Pradesh,Agra,B30,26-35,Male,14.6,Cheque,Pending
INV001717,2024-01-21,120505,lumpsum,351527,Karnataka,Mysore,B30,26-35,Male,23.2,UPI,Verified
INV000799,2024-01-21,125497,sip,3274,Madhya Pradesh,Indore,T30,18-25,Male,4.6,Net Banking,Verified
INV004497,2024-01-21,118635,redemption,453909,Rajasthan,Jaipur,T30,26-35,Female,13.3,Mandate,Verified
INV000369,2024-01-21,102886,lumpsum,69084,Delhi,Gurugram,T30,26-35,Male,20.7,UPI,Verified
INV003675,2024-01-21,119598,sip,5637,West Bengal,Kolkata,T30,56+,Male,63.9,Net Banking,Verified
INV004109,2024-01-21,120503,lumpsum,160487,Uttar Pradesh,Lucknow,T30,56+,Female,59.8,UPI,Verified
INV004281,2024-01-21,120507,lumpsum,78516,Rajasthan,Jaipur,T30,26-35,Female,15.9,Net Banking,Verified
INV000269,2024-01-21,119552,sip,4719,Punjab,Amritsar,B30,46-55,Male,47.3,Cheque,Verified
INV003288,2024-01-21,102886,sip,45897,Punjab,Chandigarh,T30,56+,Male,57.9,Cheque,Pending
INV000289,2024-01-21,101206,sip,3127,Delhi,Gurugram,T30,36-45,Male,54.2,Net Banking,Verified
INV003820,2024-01-21,100033,sip,894,Tamil Nadu,Chennai,T30,56+,Male,61.2,Mandate,Verified
INV003962,2024-01-21,118635,sip,26088,Haryana,Gurugram,T30,26-35,Male,20.4,Cheque,Pending
INV004450,2024-01-21,119551,sip,8560,Tamil Nadu,Coimbatore,B30,36-45,Male,16.7,UPI,Verified
INV004216,2024-01-21,119598,sip,7627,Karnataka,Bangalore,T30,26-35,Male,8.3,Net Banking,Verified
INV003042,2024-01-21,119599,redemption,478639,Tamil Nadu,Coimbatore,B30,46-55,Male,23.5,Net Banking,Pending
INV004784,2024-01-21,120507,redemption,233850,Uttar Pradesh,Lucknow,T30,26-35,Female,15.8,Cheque,Verified
INV001354,2024-01-21,118632,lumpsum,139599,Tamil Nadu,Coimbatore,B30,18-25,Male,7.0,Mandate,Verified
INV003169,2024-01-21,119092,lumpsum,310274,Telangana,Hyderabad,T30,26-35,Female,11.2,Mandate,Verified
INV004688,2024-01-21,118632,sip,1191,West Bengal,Kolkata,T30,26-35,Male,20.7,Net Banking,Verified
INV003614,2024-01-21,100016,lumpsum,415889,Maharashtra,Mumbai,T30,26-35,Male,13.3,Cheque,Verified
INV002031,2024-01-21,102887,sip,9353,Madhya Pradesh,Indore,T30,46-55,Male,24.3,UPI,Verified
INV003940,2024-01-21,120506,sip,8683,West Bengal,Kolkata,T30,36-45,Male,21.6,Cheque,Verified
INV001809,2024-01-21,148568,sip,5393,Telangana,Hyderabad,T30,46-55,Male,80.5,UPI,Verified
INV004672,2024-01-21,120507,sip,55878,Rajasthan,Jaipur,T30,26-35,Male,23.9,Mandate,Verified
INV004041,2024-01-21,119551,redemption,117403,Telangana,Hyderabad,T30,36-45,Male,51.1,UPI,Verified
INV001631,2024-01-21,125498,lumpsum,78235,Haryana,Faridabad,B30,36-45,Male,55.9,Cheque,Verified
INV002729,2024-01-21,101207,sip,14776,Uttar Pradesh,Kanpur,B30,26-35,Female,15.4,UPI,Verified
INV000019,2024-01-21,100016,sip,4135,Gujarat,Ahmedabad,T30,18-25,Female,5.1,Cheque,Verified
INV002827,2024-01-21,119551,redemption,241812,Karnataka,Mysore,B30,36-45,Female,58.1,Net Banking,Verified
INV004565,2024-01-21,120505,sip,8085,Gujarat,Surat,T30,26-35,Male,9.2,UPI,Verified
INV004473,2024-01-21,119120,sip,29361,Karnataka,Mysore,B30,18-25,Male,5.6,Net Banking,Verified
INV003539,2024-01-21,102887,sip,2552,Rajasthan,Udaipur,B30,56+,Female,54.9,Cheque,Verified
INV001457,2024-01-21,119093,sip,1011,Gujarat,Ahmedabad,T30,26-35,Male,17.7,Cheque,Verified
INV002055,2024-01-21,125498,sip,877,Punjab,Amritsar,B30,26-35,Male,18.7,UPI,Verified
INV004661,2024-01-21,100033,sip,2120,Maharashtra,Nashik,B30,26-35,Male,9.8,Cheque,Verified
INV001772,2024-01-21,102887,sip,17912,Telangana,Hyderabad,T30,36-45,Male,31.2,UPI,Verified
INV003749,2024-01-21,101208,lumpsum,256164,Delhi,New Delhi,T30,36-45,Female,25.6,Mandate,Verified
INV001468,2024-01-21,120505,sip,1982,Tamil Nadu,Chennai,T30,26-35,Female,19.4,Net Banking,Verified
INV003936,2024-01-21,101208,sip,46005,Punjab,Chandigarh,T30,36-45,Male,19.8,Cheque,Verified
INV000606,2024-01-21,102886,lumpsum,505322,Karnataka,Mysore,B30,18-25,Male,7.8,Cheque,Verified
INV003604,2024-01-21,148567,sip,2760,Punjab,Chandigarh,T30,18-25,Female,7.4,Mandate,Verified
INV002257,2024-01-21,125498,redemption,199340,West Bengal,Kolkata,T30,26-35,Male,9.8,Net Banking,Pending
INV001515,2024-01-21,118635,sip,402,Tamil Nadu,Coimbatore,B30,18-25,Male,7.4,Cheque,Verified
INV001950,2024-01-21,148567,lumpsum,87114,Maharashtra,Pune,T30,26-35,Female,6.0,UPI,Verified
INV000511,2024-01-21,119120,sip,14534,Punjab,Chandigarh,T30,46-55,Male,88.7,UPI,Verified
INV004065,2024-01-21,149324,sip,45064,Tamil Nadu,Chennai,T30,26-35,Male,6.1,UPI,Pending
INV004175,2024-01-22,101206,sip,1095,Tamil Nadu,Coimbatore,B30,36-45,Female,51.8,Mandate,Verified
INV000853,2024-01-22,120844,sip,4899,Punjab,Chandigarh,T30,26-35,Female,8.0,Net Banking,Verified
INV002107,2024-01-22,102886,sip,2314,Telangana,Hyderabad,T30,26-35,Male,18.2,Cheque,Verified
INV003212,2024-01-22,120842,sip,6289,West Bengal,Kolkata,T30,26-35,Male,17.2,Net Banking,Verified
INV004017,2024-01-22,118632,lumpsum,350234,West Bengal,Kolkata,T30,36-45,Male,36.7,Cheque,Verified
INV003153,2024-01-22,119598,lumpsum,274956,Madhya Pradesh,Indore,T30,36-45,Female,20.5,Cheque,Verified
INV001999,2024-01-22,119120,lumpsum,483516,Rajasthan,Udaipur,B30,18-25,Male,5.8,Net Banking,Verified
INV000627,2024-01-22,120503,lumpsum,226010,Delhi,Noida,T30,36-45,Female,49.8,Cheque,Verified
INV000482,2024-01-22,118632,redemption,301021,Maharashtra,Mumbai,T30,26-35,Male,7.6,Mandate,Verified
INV002967,2024-01-22,118635,sip,8047,Karnataka,Mysore,B30,18-25,Female,4.7,Net Banking,Verified
INV002912,2024-01-22,149323,sip,7839,Maharashtra,Mumbai,T30,26-35,Female,23.6,Mandate,Verified
INV001118,2024-01-22,148568,sip,17281,Haryana,Gurugram,T30,18-25,Male,6.7,Cheque,Verified
INV003480,2024-01-22,118632,sip,17157,Madhya Pradesh,Bhopal,B30,26-35,Male,24.4,UPI,Verified
INV001457,2024-01-22,118633,redemption,38841,Gujarat,Ahmedabad,T30,26-35,Male,17.7,UPI,Verified
INV002509,2024-01-22,100033,redemption,229514,Maharashtra,Mumbai,T30,36-45,Female,19.9,Net Banking,Pending
INV000811,2024-01-22,120503,sip,15579,Haryana,Faridabad,B30,36-45,Female,34.5,Cheque,Pending
INV001013,2024-01-22,119551,sip,2141,Telangana,Hyderabad,T30,36-45,Male,40.6,Net Banking,Verified
INV004143,2024-01-22,120505,sip,7378,Gujarat,Ahmedabad,T30,18-25,Male,7.4,UPI,Verified
INV002399,2024-01-22,102885,redemption,157245,Gujarat,Ahmedabad,T30,46-55,Female,34.7,Net Banking,Pending
INV000011,2024-01-22,101207,sip,2641,West Bengal,Kolkata,T30,26-35,Male,9.6,UPI,Verified
INV000280,2024-01-22,100016,sip,2946,Punjab,Amritsar,B30,26-35,Female,22.9,UPI,Verified
INV001560,2024-01-22,100016,sip,4414,Punjab,Amritsar,B30,26-35,Male,22.5,Mandate,Verified
INV002278,2024-01-22,101207,sip,3325,Uttar Pradesh,Agra,B30,46-55,Female,88.6,Cheque,Verified
INV002138,2024-01-22,101208,sip,439,Karnataka,Bangalore,T30,46-55,Female,78.2,Mandate,Pending
INV001662,2024-01-22,149322,sip,3576,Delhi,Gurugram,T30,36-45,Male,45.6,Net Banking,Verified
INV004467,2024-01-22,148569,sip,21886,Tamil Nadu,Chennai,T30,46-55,Male,52.4,Net Banking,Verified
INV004297,2024-01-22,118632,redemption,485090,Karnataka,Bangalore,T30,36-45,Female,19.5,Net Banking,Verified
INV003102,2024-01-22,100033,redemption,144648,Maharashtra,Pune,T30,18-25,Male,4.3,Cheque,Verified
INV003912,2024-01-22,148567,sip,2803,West Bengal,Kolkata,T30,26-35,Male,8.5,Mandate,Verified
INV000387,2024-01-22,102885,sip,3465,Gujarat,Surat,T30,36-45,Male,53.8,Cheque,Verified
INV003026,2024-01-22,149324,lumpsum,311050,Madhya Pradesh,Bhopal,B30,36-45,Female,25.7,UPI,Pending
INV004759,2024-01-22,101208,sip,1847,Gujarat,Ahmedabad,T30,36-45,Female,13.8,UPI,Verified
INV003791,2024-01-22,125498,redemption,160410,Tamil Nadu,Coimbatore,B30,46-55,Male,77.4,Mandate,Verified
INV004971,2024-01-22,125497,lumpsum,399810,Telangana,Hyderabad,T30,26-35,Male,21.3,UPI,Verified
INV001972,2024-01-22,100016,sip,4566,Uttar Pradesh,Kanpur,B30,18-25,Male,4.6,Cheque,Verified
INV000881,2024-01-22,120507,sip,932,Uttar Pradesh,Agra,B30,26-35,Male,17.1,Mandate,Verified
INV003997,2024-01-22,101208,lumpsum,168365,Telangana,Hyderabad,T30,36-45,Male,48.3,Cheque,Verified
INV001538,2024-01-22,118634,lumpsum,131112,Madhya Pradesh,Bhopal,B30,18-25,Female,3.1,Mandate,Verified
INV004692,2024-01-22,119093,sip,1646,Madhya Pradesh,Bhopal,B30,26-35,Male,11.6,Cheque,Verified
INV004203,2024-01-22,101206,sip,8689,Madhya Pradesh,Indore,T30,18-25,Male,7.9,UPI,Verified
INV004497,2024-01-22,118634,redemption,157191,Rajasthan,Jaipur,T30,26-35,Female,13.3,Mandate,Verified
INV000634,2024-01-22,118635,sip,7085,Karnataka,Bangalore,T30,26-35,Female,22.7,Mandate,Verified
INV003755,2024-01-22,119093,sip,45395,Punjab,Chandigarh,T30,46-55,Male,42.7,Cheque,Verified
INV004790,2024-01-22,119094,sip,2075,Tamil Nadu,Coimbatore,B30,18-25,Male,3.4,Cheque,Verified
INV002931,2024-01-22,119092,redemption,433606,Tamil Nadu,Coimbatore,B30,56+,Female,32.4,Mandate,Verified
INV001422,2024-01-22,119095,sip,1862,Punjab,Amritsar,B30,36-45,Male,38.6,Mandate,Verified
INV004835,2024-01-22,119551,redemption,340023,Maharashtra,Nashik,B30,56+,Male,12.9,UPI,Verified
INV000268,2024-01-22,102885,sip,14053,Haryana,Gurugram,T30,18-25,Female,4.7,Cheque,Verified
INV002867,2024-01-22,119092,lumpsum,17958,West Bengal,Kolkata,T30,18-25,Male,5.0,Mandate,Verified
INV003649,2024-01-22,120842,sip,56228,Haryana,Gurugram,T30,46-55,Female,79.9,Net Banking,Verified
INV001379,2024-01-22,120841,lumpsum,418303,Punjab,Amritsar,B30,56+,Female,74.3,Net Banking,Verified
INV003112,2024-01-22,119093,sip,2632,Maharashtra,Pune,T30,26-35,Female,8.5,Cheque,Verified
INV002191,2024-01-22,149324,lumpsum,25647,West Bengal,Kolkata,T30,26-35,Male,9.0,Mandate,Verified
INV000429,2024-01-22,148567,sip,58970,Gujarat,Surat,T30,36-45,Female,41.7,Cheque,Verified
INV003224,2024-01-22,101206,sip,2394,Punjab,Amritsar,B30,26-35,Male,16.0,Net Banking,Verified
INV001375,2024-01-22,120843,lumpsum,45742,Haryana,Gurugram,T30,18-25,Male,6.3,Cheque,Verified
INV002039,2024-01-22,100025,sip,17406,Madhya Pradesh,Bhopal,B30,46-55,Male,17.3,Net Banking,Verified
INV004636,2024-01-22,102885,redemption,115286,Uttar Pradesh,Kanpur,B30,18-25,Female,5.0,Cheque,Verified
INV000430,2024-01-22,149323,redemption,146934,Punjab,Amritsar,B30,18-25,Male,3.3,UPI,Verified
INV002824,2024-01-22,119094,lumpsum,74855,Rajasthan,Jaipur,T30,56+,Male,42.5,Cheque,Verified
INV004811,2024-01-23,102887,lumpsum,91483,Punjab,Amritsar,B30,26-35,Female,9.4,Cheque,Verified
INV004102,2024-01-23,119095,redemption,128707,Tamil Nadu,Coimbatore,B30,26-35,Female,6.6,Mandate,Verified
INV002927,2024-01-23,102886,lumpsum,22511,Punjab,Amritsar,B30,56+,Male,29.1,Net Banking,Verified
INV002622,2024-01-23,120506,redemption,476484,Karnataka,Mysore,B30,18-25,Female,4.0,Net Banking,Pending
INV004140,2024-01-23,118636,sip,563,Punjab,Amritsar,B30,46-55,Female,41.6,Cheque,Pending
INV001594,2024-01-23,125498,lumpsum,219039,Madhya Pradesh,Bhopal,B30,26-35,Male,13.9,Mandate,Verified
INV003408,2024-01-23,119598,lumpsum,206566,West Bengal,Kolkata,T30,18-25,Male,6.1,Mandate,Verified
INV004401,2024-01-23,148567,sip,23254,Rajasthan,Udaipur,B30,26-35,Male,22.6,Net Banking,Pending
INV001364,2024-01-23,148568,lumpsum,85818,Delhi,Gurugram,T30,26-35,Male,11.6,Mandate,Verified
INV002558,2024-01-23,101206,sip,6571,Haryana,Faridabad,B30,26-35,Female,9.1,Net Banking,Verified
INV000089,2024-01-23,102886,redemption,349945,Maharashtra,Mumbai,T30,26-35,Female,11.2,UPI,Verified
INV002047,2024-01-23,120843,sip,4200,Tamil Nadu,Coimbatore,B30,26-35,Female,19.5,Cheque,Verified
INV001161,2024-01-23,119598,sip,5577,Uttar Pradesh,Kanpur,B30,26-35,Male,13.4,Cheque,Verified
INV001828,2024-01-23,119120,sip,8923,Gujarat,Surat,T30,36-45,Male,27.7,Mandate,Verified
INV000622,2024-01-23,102887,sip,2863,Haryana,Faridabad,B30,26-35,Male,18.0,Cheque,Verified
INV001064,2024-01-23,120506,sip,3034,West Bengal,Kolkata,T30,46-55,Male,67.9,Cheque,Verified
INV000474,2024-01-23,148569,sip,5660,Madhya Pradesh,Bhopal,B30,46-55,Male,83.3,Mandate,Verified
INV002399,2024-01-23,119551,lumpsum,135401,Gujarat,Ahmedabad,T30,46-55,Female,34.7,Net Banking,Verified
INV004647,2024-01-23,101208,sip,9207,Madhya Pradesh,Indore,T30,36-45,Female,25.3,UPI,Verified
INV004932,2024-01-23,101206,sip,846,Tamil Nadu,Chennai,T30,26-35,Female,21.1,UPI,Verified
INV003653,2024-01-23,101208,redemption,329938,Punjab,Amritsar,B30,18-25,Female,3.8,Mandate,Verified
INV000758,2024-01-23,119599,sip,5484,Delhi,New Delhi,T30,56+,Male,61.5,Net Banking,Verified
INV000449,2024-01-23,119095,lumpsum,270582,Haryana,Faridabad,B30,18-25,Male,6.8,UPI,Verified
INV003435,2024-01-23,102885,lumpsum,199871,Maharashtra,Nashik,B30,26-35,Female,17.8,Net Banking,Verified
INV003428,2024-01-23,149324,redemption,83564,Tamil Nadu,Coimbatore,B30,26-35,Female,22.8,UPI,Verified
INV004988,2024-01-23,120506,sip,5536,Delhi,Noida,T30,56+,Male,69.6,Net Banking,Verified
INV001473,2024-01-23,120844,sip,41716,Delhi,Gurugram,T30,36-45,Male,29.1,UPI,Pending
INV000475,2024-01-23,120504,sip,2739,West Bengal,Kolkata,T30,56+,Female,49.7,Cheque,Verified
INV003279,2024-01-23,118633,sip,42431,Rajasthan,Jaipur,T30,46-55,Female,19.4,UPI,Verified
INV001370,2024-01-23,118634,sip,28826,Tamil Nadu,Coimbatore,B30,26-35,Male,7.5,Cheque,Verified
INV002170,2024-01-23,118635,sip,429,Delhi,New Delhi,T30,26-35,Female,14.7,Mandate,Pending
INV000633,2024-01-23,100016,sip,14085,Karnataka,Bangalore,T30,46-55,Male,69.2,Mandate,Verified
INV001315,2024-01-23,119120,lumpsum,529130,Telangana,Hyderabad,T30,46-55,Female,32.9,Mandate,Verified
INV004014,2024-01-23,148569,sip,460,Telangana,Hyderabad,T30,56+,Female,27.2,Mandate,Verified
INV000723,2024-01-23,120841,sip,8912,Madhya Pradesh,Indore,T30,46-55,Female,31.4,Cheque,Verified
INV001676,2024-01-23,120503,redemption,111609,Haryana,Faridabad,B30,56+,Female,30.9,Net Banking,Verified
INV004544,2024-01-23,120507,sip,5622,Maharashtra,Mumbai,T30,36-45,Male,52.1,UPI,Verified
INV001425,2024-01-23,101207,sip,1194,Uttar Pradesh,Agra,B30,26-35,Male,16.8,Net Banking,Verified
INV000862,2024-01-23,102887,redemption,204267,Uttar Pradesh,Agra,B30,26-35,Female,24.4,Cheque,Verified
INV001691,2024-01-23,125498,redemption,224953,Maharashtra,Mumbai,T30,26-35,Male,10.3,Net Banking,Verified
INV004460,2024-01-23,120504,sip,3003,Haryana,Gurugram,T30,26-35,Male,24.7,Mandate,Verified
INV000654,2024-01-23,125498,lumpsum,11463,Rajasthan,Udaipur,B30,18-25,Female,7.9,Mandate,Verified
INV000331,2024-01-23,119092,sip,22367,Madhya Pradesh,Indore,T30,36-45,Male,15.5,UPI,Verified
INV004007,2024-01-23,119095,sip,13110,Delhi,New Delhi,T30,18-25,Female,4.5,UPI,Verified
INV002166,2024-01-23,118636,sip,7276,Haryana,Gurugram,T30,36-45,Male,33.3,Mandate,Verified
INV001048,2024-01-23,100016,redemption,479131,Delhi,New Delhi,T30,46-55,Male,46.6,Net Banking,Verified
INV001496,2024-01-23,148569,redemption,515736,West Bengal,Kolkata,T30,18-25,Male,4.5,Net Banking,Verified
INV003528,2024-01-23,120842,sip,496,Madhya Pradesh,Bhopal,B30,18-25,Female,3.6,UPI,Verified
INV004634,2024-01-23,125498,sip,839,Tamil Nadu,Chennai,T30,26-35,Male,15.1,Mandate,Verified
INV003078,2024-01-23,120503,redemption,422119,Haryana,Gurugram,T30,36-45,Male,57.5,Cheque,Verified
INV004232,2024-01-23,119095,sip,15237,Tamil Nadu,Chennai,T30,26-35,Male,19.0,UPI,Verified
INV003454,2024-01-23,149322,lumpsum,157601,Telangana,Hyderabad,T30,26-35,Male,18.3,Cheque,Verified
INV001883,2024-01-23,101207,lumpsum,97346,Maharashtra,Pune,T30,46-55,Male,69.3,Cheque,Verified
INV003089,2024-01-23,125497,sip,42807,Uttar Pradesh,Agra,B30,26-35,Male,14.1,UPI,Verified
INV002038,2024-01-23,148568,sip,16776,Madhya Pradesh,Bhopal,B30,26-35,Male,20.6,Net Banking,Verified
INV002396,2024-01-23,148567,lumpsum,351689,Rajasthan,Udaipur,B30,18-25,Female,3.6,Cheque,Verified
INV000586,2024-01-23,119095,sip,56709,West Bengal,Kolkata,T30,36-45,Male,43.8,Mandate,Verified
INV004509,2024-01-23,148567,sip,959,Uttar Pradesh,Lucknow,T30,26-35,Female,20.3,Mandate,Verified
INV002769,2024-01-23,102887,sip,8846,Maharashtra,Pune,T30,18-25,Female,4.5,UPI,Verified
INV002355,2024-01-23,120841,lumpsum,404849,Rajasthan,Jaipur,T30,26-35,Female,23.7,Mandate,Verified
INV003250,2024-01-24,148568,lumpsum,464852,Gujarat,Ahmedabad,T30,26-35,Male,11.3,Net Banking,Verified
INV004498,2024-01-24,119599,redemption,112908,Punjab,Chandigarh,T30,26-35,Male,6.7,UPI,Verified
INV002869,2024-01-24,119093,lumpsum,136551,Haryana,Faridabad,B30,26-35,Male,19.9,Net Banking,Verified
INV002984,2024-01-24,102886,sip,17603,Delhi,Gurugram,T30,26-35,Male,18.1,Mandate,Verified
INV004744,2024-01-24,119095,lumpsum,422507,Telangana,Hyderabad,T30,26-35,Female,16.0,UPI,Verified
INV003830,2024-01-24,148568,sip,1749,Punjab,Amritsar,B30,26-35,Male,17.6,Mandate,Verified
INV002350,2024-01-24,101208,sip,1058,Tamil Nadu,Chennai,T30,26-35,Male,23.0,Net Banking,Verified
INV001254,2024-01-24,148567,redemption,517595,Punjab,Chandigarh,T30,26-35,Male,20.5,Mandate,Verified
INV004174,2024-01-24,125498,sip,2683,Rajasthan,Udaipur,B30,18-25,Male,4.7,Cheque,Pending
INV000892,2024-01-24,102887,lumpsum,267443,Gujarat,Ahmedabad,T30,36-45,Male,26.4,UPI,Verified
INV003782,2024-01-24,119551,redemption,153765,Tamil Nadu,Chennai,T30,36-45,Male,44.5,Net Banking,Verified
INV003646,2024-01-24,120506,lumpsum,470605,Telangana,Hyderabad,T30,36-45,Male,55.2,Net Banking,Verified
INV003642,2024-01-24,118636,sip,16431,Haryana,Faridabad,B30,18-25,Male,3.1,Net Banking,Verified
INV002671,2024-01-24,100025,lumpsum,132637,Madhya Pradesh,Indore,T30,18-25,Male,6.3,Mandate,Pending
INV002656,2024-01-24,118632,lumpsum,492516,Tamil Nadu,Coimbatore,B30,26-35,Male,9.6,Net Banking,Verified
INV004079,2024-01-24,118632,sip,1191,Karnataka,Bangalore,T30,36-45,Female,57.2,Cheque,Verified
INV002152,2024-01-24,149322,lumpsum,482035,Tamil Nadu,Coimbatore,B30,46-55,Male,69.8,UPI,Verified
INV000432,2024-01-24,118632,lumpsum,75729,Maharashtra,Pune,T30,18-25,Female,6.7,Mandate,Verified
INV000523,2024-01-24,125498,redemption,88006,West Bengal,Kolkata,T30,36-45,Male,13.1,UPI,Pending
INV000230,2024-01-24,120842,sip,2706,Haryana,Faridabad,B30,18-25,Male,3.3,Net Banking,Verified
INV004454,2024-01-24,120506,sip,16483,West Bengal,Kolkata,T30,36-45,Male,37.4,Cheque,Verified
INV002886,2024-01-24,118632,sip,6246,Tamil Nadu,Chennai,T30,18-25,Female,7.1,Cheque,Pending
INV004095,2024-01-24,119094,lumpsum,141877,Karnataka,Mysore,B30,26-35,Female,14.6,Net Banking,Verified
INV003546,2024-01-24,148567,lumpsum,303277,West Bengal,Kolkata,T30,36-45,Male,16.2,Net Banking,Verified
INV003599,2024-01-24,148569,sip,2771,Madhya Pradesh,Indore,T30,46-55,Male,43.2,Cheque,Verified
INV000182,2024-01-24,118633,redemption,110609,Tamil Nadu,Chennai,T30,36-45,Male,38.1,Net Banking,Verified
INV004959,2024-01-24,101206,sip,423,Delhi,New Delhi,T30,18-25,Female,5.8,Mandate,Verified
INV002396,2024-01-24,100016,lumpsum,334855,Rajasthan,Udaipur,B30,18-25,Female,3.6,UPI,Verified
INV002731,2024-01-24,148567,redemption,277784,Rajasthan,Udaipur,B30,26-35,Male,6.9,Net Banking,Verified
INV001093,2024-01-24,118635,redemption,524834,West Bengal,Kolkata,T30,46-55,Female,65.2,Cheque,Verified
INV001385,2024-01-24,119552,lumpsum,151188,Tamil Nadu,Chennai,T30,26-35,Male,13.7,UPI,Verified
INV003936,2024-01-24,100033,sip,2642,Punjab,Chandigarh,T30,36-45,Male,19.8,Mandate,Verified
INV002133,2024-01-24,102886,lumpsum,259738,Rajasthan,Udaipur,B30,26-35,Male,23.0,Net Banking,Verified
INV001274,2024-01-24,148569,lumpsum,308652,Maharashtra,Mumbai,T30,36-45,Female,55.7,Mandate,Verified
INV004985,2024-01-24,119599,sip,48967,Madhya Pradesh,Indore,T30,56+,Female,79.4,Net Banking,Verified
INV001753,2024-01-24,100025,lumpsum,479438,Rajasthan,Jaipur,T30,26-35,Male,10.0,Mandate,Verified
INV003125,2024-01-24,125498,lumpsum,406866,Punjab,Chandigarh,T30,36-45,Female,30.8,Mandate,Pending
INV004278,2024-01-24,119551,sip,418,Punjab,Chandigarh,T30,26-35,Male,21.8,Net Banking,Verified
INV002789,2024-01-24,120505,redemption,35333,Madhya Pradesh,Bhopal,B30,26-35,Female,7.8,Cheque,Verified
INV001143,2024-01-24,119093,sip,42172,Delhi,Noida,T30,26-35,Male,10.7,Net Banking,Verified
INV000372,2024-01-24,118636,redemption,353398,Gujarat,Surat,T30,36-45,Male,12.4,Cheque,Verified
INV002111,2024-01-24,119093,sip,2934,Telangana,Hyderabad,T30,36-45,Female,29.2,Net Banking,Pending
INV003458,2024-01-24,120843,redemption,211296,Gujarat,Surat,T30,36-45,Male,21.3,Cheque,Verified
INV004132,2024-01-24,118636,sip,23099,Rajasthan,Jaipur,T30,18-25,Male,6.3,UPI,Verified
INV002953,2024-01-24,102887,sip,59709,Tamil Nadu,Coimbatore,B30,46-55,Male,62.4,UPI,Verified
INV004019,2024-01-24,119094,lumpsum,500387,Tamil Nadu,Chennai,T30,26-35,Male,20.9,Cheque,Verified
INV000135,2024-01-24,119093,sip,11447,Punjab,Amritsar,B30,18-25,Male,5.7,Mandate,Verified
INV004631,2024-01-24,119092,redemption,189601,Tamil Nadu,Chennai,T30,36-45,Female,20.2,Cheque,Verified
INV000811,2024-01-24,119120,lumpsum,230031,Haryana,Faridabad,B30,36-45,Female,34.5,UPI,Verified
INV000445,2024-01-24,120842,sip,7868,Madhya Pradesh,Bhopal,B30,26-35,Female,24.7,Cheque,Pending
INV000396,2024-01-24,102887,sip,28013,Rajasthan,Jaipur,T30,46-55,Male,38.5,Cheque,Verified
INV002736,2024-01-24,119552,sip,471,Karnataka,Mysore,B30,18-25,Female,6.2,Mandate,Verified
INV000622,2024-01-24,101208,sip,2855,Haryana,Faridabad,B30,26-35,Male,18.0,Mandate,Verified
INV004866,2024-01-24,125498,sip,850,Madhya Pradesh,Bhopal,B30,36-45,Male,14.6,Net Banking,Verified
INV004785,2024-01-24,101207,lumpsum,506870,Punjab,Amritsar,B30,26-35,Female,14.5,Net Banking,Verified
INV001060,2024-01-24,149323,sip,56309,Telangana,Hyderabad,T30,36-45,Male,29.0,Cheque,Verified
INV002449,2024-01-24,120505,sip,3307,Punjab,Amritsar,B30,46-55,Male,78.3,Net Banking,Verified
INV003340,2024-01-24,119093,lumpsum,217063,Madhya Pradesh,Indore,T30,26-35,Male,22.5,Mandate,Verified
INV001317,2024-01-24,119095,sip,4466,Punjab,Chandigarh,T30,26-35,Female,8.9,UPI,Verified
INV000243,2024-01-25,119095,sip,6247,Punjab,Chandigarh,T30,26-35,Male,21.5,Cheque,Verified
INV003179,2024-01-25,119093,sip,490,Rajasthan,Jaipur,T30,36-45,Male,53.3,Mandate,Verified
INV003996,2024-01-25,119094,sip,12204,Karnataka,Bangalore,T30,36-45,Female,39.8,UPI,Verified
INV004493,2024-01-25,118635,sip,983,Tamil Nadu,Chennai,T30,36-45,Male,19.3,Mandate,Verified
INV000309,2024-01-25,120503,sip,14779,Delhi,Gurugram,T30,26-35,Male,18.1,Net Banking,Verified
INV004288,2024-01-25,120503,sip,8266,Punjab,Amritsar,B30,18-25,Female,6.1,Mandate,Pending
INV003604,2024-01-25,100016,redemption,182854,Punjab,Chandigarh,T30,18-25,Female,7.4,Cheque,Verified
INV004173,2024-01-25,119552,redemption,389767,West Bengal,Kolkata,T30,26-35,Male,16.9,Cheque,Verified
INV002422,2024-01-25,101206,sip,1797,Tamil Nadu,Chennai,T30,36-45,Male,20.5,Net Banking,Verified
INV003301,2024-01-25,120503,sip,12668,Rajasthan,Udaipur,B30,26-35,Male,14.2,Net Banking,Verified
INV000259,2024-01-25,118633,sip,528,Tamil Nadu,Coimbatore,B30,36-45,Male,17.2,UPI,Verified
INV003409,2024-01-25,148568,redemption,145696,Karnataka,Mysore,B30,46-55,Male,44.2,UPI,Verified
INV004721,2024-01-25,120503,redemption,78719,Delhi,New Delhi,T30,26-35,Female,18.9,Net Banking,Verified
INV003684,2024-01-25,149324,sip,3465,Karnataka,Bangalore,T30,36-45,Male,42.9,Mandate,Verified
INV000786,2024-01-25,101208,sip,10619,Madhya Pradesh,Bhopal,B30,26-35,Male,17.9,Net Banking,Verified
INV004066,2024-01-25,100025,sip,1074,Gujarat,Surat,T30,46-55,Male,30.8,Cheque,Verified
INV003386,2024-01-25,148569,sip,2698,Haryana,Faridabad,B30,26-35,Male,16.8,Cheque,Verified
INV002040,2024-01-25,118635,redemption,109784,Karnataka,Mysore,B30,36-45,Female,49.1,Net Banking,Verified
INV004962,2024-01-25,125498,lumpsum,398497,Uttar Pradesh,Agra,B30,18-25,Male,6.7,UPI,Verified
INV003815,2024-01-25,100033,lumpsum,38967,Gujarat,Surat,T30,36-45,Male,38.7,Mandate,Verified
INV002828,2024-01-25,148567,redemption,21180,West Bengal,Kolkata,T30,26-35,Male,21.8,Mandate,Verified
INV000311,2024-01-25,148569,sip,27492,Punjab,Amritsar,B30,36-45,Male,29.2,UPI,Verified
INV000706,2024-01-25,120841,lumpsum,441011,Telangana,Hyderabad,T30,26-35,Female,7.3,Net Banking,Verified
INV001823,2024-01-25,120841,sip,2360,Tamil Nadu,Coimbatore,B30,26-35,Male,17.1,Cheque,Verified
INV000747,2024-01-25,120844,sip,10963,West Bengal,Kolkata,T30,36-45,Female,40.3,Mandate,Verified
INV002260,2024-01-25,119552,sip,5492,Telangana,Hyderabad,T30,26-35,Female,10.1,UPI,Verified
INV000429,2024-01-25,148567,sip,1121,Gujarat,Surat,T30,36-45,Female,41.7,Net Banking,Verified
INV004798,2024-01-25,101207,sip,5963,Madhya Pradesh,Bhopal,B30,26-35,Male,8.4,Cheque,Verified
INV004754,2024-01-25,120844,sip,503,Telangana,Hyderabad,T30,36-45,Female,51.5,Net Banking,Verified
INV002483,2024-01-25,125497,sip,2696,Delhi,New Delhi,T30,46-55,Female,60.8,Cheque,Verified
INV003242,2024-01-25,149322,lumpsum,470915,Punjab,Chandigarh,T30,26-35,Female,18.1,Cheque,Verified
INV004738,2024-01-25,120506,sip,475,Uttar Pradesh,Kanpur,B30,56+,Female,52.6,Net Banking,Verified
INV002239,2024-01-25,118633,sip,7055,Gujarat,Surat,T30,26-35,Male,8.9,Cheque,Verified
INV003223,2024-01-25,101207,sip,2294,Tamil Nadu,Coimbatore,B30,26-35,Male,15.4,Cheque,Verified
INV003559,2024-01-25,148569,sip,43917,Uttar Pradesh,Kanpur,B30,26-35,Female,9.4,Net Banking,Verified
INV000476,2024-01-25,102887,sip,41038,Gujarat,Surat,T30,46-55,Female,21.2,Net Banking,Verified
INV000252,2024-01-25,120505,sip,17425,Gujarat,Surat,T30,46-55,Female,24.4,Cheque,Verified
INV003083,2024-01-25,119095,sip,7405,Madhya Pradesh,Bhopal,B30,56+,Female,41.3,UPI,Pending
INV000915,2024-01-25,118636,sip,2225,West Bengal,Kolkata,T30,36-45,Male,55.9,Net Banking,Verified
INV002806,2024-01-25,120843,sip,3046,Rajasthan,Jaipur,T30,46-55,Male,24.2,Mandate,Verified
INV001723,2024-01-25,119093,sip,17184,Tamil Nadu,Chennai,T30,26-35,Male,14.2,UPI,Verified
INV000394,2024-01-25,120504,sip,2911,Maharashtra,Mumbai,T30,26-35,Male,12.2,UPI,Verified
INV000651,2024-01-25,102886,sip,1082,Delhi,New Delhi,T30,18-25,Male,6.0,UPI,Verified
INV000770,2024-01-25,149323,lumpsum,324102,Maharashtra,Mumbai,T30,36-45,Male,43.0,UPI,Verified
INV004845,2024-01-25,101208,sip,53628,West Bengal,Kolkata,T30,18-25,Male,7.5,Net Banking,Verified
INV000335,2024-01-25,119092,sip,1734,Maharashtra,Mumbai,T30,26-35,Male,11.6,Cheque,Verified
INV000265,2024-01-25,100033,sip,1705,Madhya Pradesh,Bhopal,B30,36-45,Male,14.1,Cheque,Verified
INV004174,2024-01-25,149322,lumpsum,132383,Rajasthan,Udaipur,B30,18-25,Male,4.7,Net Banking,Verified
INV002711,2024-01-26,120507,sip,3069,Haryana,Gurugram,T30,26-35,Male,12.4,Net Banking,Verified
INV001555,2024-01-26,148569,sip,13965,Punjab,Amritsar,B30,26-35,Male,14.2,Mandate,Verified
INV000395,2024-01-26,120507,redemption,154602,Delhi,Noida,T30,18-25,Male,3.4,UPI,Verified
INV001744,2024-01-26,120505,lumpsum,156561,Karnataka,Mysore,B30,26-35,Male,15.9,Cheque,Verified
INV000487,2024-01-26,119095,sip,53335,Telangana,Hyderabad,T30,36-45,Male,41.7,UPI,Verified
INV002372,2024-01-26,118635,sip,8529,Maharashtra,Pune,T30,36-45,Female,28.6,Net Banking,Verified
INV003686,2024-01-26,101208,sip,2321,Gujarat,Surat,T30,18-25,Male,3.8,Cheque,Verified
INV004197,2024-01-26,148567,lumpsum,374235,Maharashtra,Pune,T30,46-55,Male,62.9,Mandate,Verified
INV001871,2024-01-26,120842,sip,4432,Delhi,Gurugram,T30,56+,Male,13.9,Net Banking,Verified
INV002154,2024-01-26,120841,sip,2365,Uttar Pradesh,Lucknow,T30,36-45,Male,40.5,Cheque,Verified
INV004786,2024-01-26,101208,sip,12066,Rajasthan,Udaipur,B30,26-35,Male,10.3,UPI,Verified
INV000485,2024-01-26,118632,lumpsum,183633,Rajasthan,Jaipur,T30,26-35,Male,19.5,UPI,Verified
INV004661,2024-01-26,101207,lumpsum,331169,Maharashtra,Nashik,B30,26-35,Male,9.8,Net Banking,Verified
INV004372,2024-01-26,149323,redemption,114582,Haryana,Faridabad,B30,26-35,Female,22.9,Cheque,Verified
INV002762,2024-01-26,120505,sip,3247,Rajasthan,Udaipur,B30,26-35,Female,21.9,Net Banking,Verified
INV002334,2024-01-26,118633,sip,5428,Gujarat,Surat,T30,56+,Male,40.4,Cheque,Verified
INV001049,2024-01-26,119120,lumpsum,151452,Madhya Pradesh,Indore,T30,36-45,Female,52.5,UPI,Verified
INV001400,2024-01-26,120844,sip,8971,Tamil Nadu,Coimbatore,B30,36-45,Male,36.5,Net Banking,Verified
INV001489,2024-01-26,101207,sip,52816,Delhi,Gurugram,T30,36-45,Female,16.5,Mandate,Verified
INV001351,2024-01-26,120841,sip,13117,Uttar Pradesh,Kanpur,B30,26-35,Male,8.5,Mandate,Verified
INV001478,2024-01-26,101208,sip,10509,Maharashtra,Mumbai,T30,36-45,Male,24.2,Net Banking,Verified
INV003835,2024-01-26,119092,sip,40135,Delhi,Noida,T30,36-45,Female,58.3,Net Banking,Verified
INV000539,2024-01-26,120506,sip,4536,Haryana,Faridabad,B30,26-35,Female,13.4,Net Banking,Verified
INV004066,2024-01-26,119092,sip,1083,Gujarat,Surat,T30,46-55,Male,30.8,UPI,Verified
INV000950,2024-01-26,119552,redemption,289825,Punjab,Amritsar,B30,36-45,Male,33.1,Mandate,Verified
INV001578,2024-01-26,120841,lumpsum,138366,Punjab,Amritsar,B30,26-35,Female,19.6,Mandate,Verified
INV002452,2024-01-26,119092,lumpsum,248376,Uttar Pradesh,Kanpur,B30,18-25,Male,5.1,Mandate,Verified
INV002734,2024-01-26,120841,sip,6614,Haryana,Faridabad,B30,26-35,Female,15.8,Net Banking,Verified
INV003045,2024-01-26,119120,redemption,305711,Telangana,Hyderabad,T30,26-35,Male,12.2,UPI,Verified
INV002648,2024-01-26,120843,lumpsum,280561,Punjab,Chandigarh,T30,36-45,Male,57.1,Net Banking,Pending
INV003836,2024-01-26,120843,sip,9750,Karnataka,Bangalore,T30,36-45,Male,12.4,UPI,Verified
INV004546,2024-01-26,119093,sip,4878,Karnataka,Mysore,B30,36-45,Male,28.4,Net Banking,Verified
INV000497,2024-01-26,119092,redemption,240155,Madhya Pradesh,Bhopal,B30,36-45,Male,45.7,Mandate,Verified
INV003173,2024-01-26,100016,sip,2205,Gujarat,Surat,T30,18-25,Male,7.1,Mandate,Verified
INV001096,2024-01-26,125498,lumpsum,365619,Punjab,Chandigarh,T30,26-35,Male,24.5,UPI,Verified
INV004807,2024-01-26,119120,redemption,136162,Maharashtra,Mumbai,T30,36-45,Male,31.4,Mandate,Pending
INV000274,2024-01-26,100025,lumpsum,271839,Uttar Pradesh,Kanpur,B30,26-35,Male,23.7,Net Banking,Verified
INV000466,2024-01-26,120843,sip,15854,Haryana,Faridabad,B30,18-25,Male,4.4,Net Banking,Verified
INV001609,2024-01-26,100033,redemption,393380,Punjab,Chandigarh,T30,26-35,Female,14.0,Cheque,Verified
INV001317,2024-01-26,148569,sip,2051,Punjab,Chandigarh,T30,26-35,Female,8.9,Mandate,Verified
INV001496,2024-01-26,149324,sip,2330,West Bengal,Kolkata,T30,18-25,Male,4.5,Mandate,Verified
INV002751,2024-01-26,102887,redemption,67591,Delhi,New Delhi,T30,36-45,Male,45.4,Cheque,Verified
INV004117,2024-01-26,149323,redemption,350927,Uttar Pradesh,Kanpur,B30,18-25,Male,6.2,UPI,Verified
INV001070,2024-01-26,102886,sip,1175,Tamil Nadu,Coimbatore,B30,26-35,Male,11.9,Mandate,Verified
INV004756,2024-01-26,119092,sip,2836,Gujarat,Surat,T30,46-55,Male,41.1,UPI,Verified
INV001397,2024-01-26,101206,sip,9190,Delhi,New Delhi,T30,26-35,Male,20.8,Cheque,Verified
INV002972,2024-01-26,149323,sip,3104,Delhi,New Delhi,T30,26-35,Male,17.4,Cheque,Verified
INV004722,2024-01-26,118632,lumpsum,217764,Haryana,Faridabad,B30,36-45,Female,29.7,Cheque,Verified
INV003123,2024-01-26,100016,sip,1826,Haryana,Faridabad,B30,36-45,Male,36.2,UPI,Verified
INV001191,2024-01-26,148567,sip,1047,Telangana,Hyderabad,T30,56+,Male,37.5,UPI,Pending
INV003235,2024-01-26,100025,sip,2777,Haryana,Faridabad,B30,56+,Male,19.0,Cheque,Verified
INV002855,2024-01-26,118632,sip,2356,Uttar Pradesh,Kanpur,B30,26-35,Female,9.9,UPI,Verified
INV002241,2024-01-26,118632,lumpsum,76912,Punjab,Amritsar,B30,36-45,Female,41.4,Net Banking,Verified
INV002632,2024-01-26,125498,sip,944,Tamil Nadu,Chennai,T30,26-35,Female,14.1,Mandate,Verified
INV004108,2024-01-26,101207,sip,24654,Madhya Pradesh,Indore,T30,36-45,Female,22.5,Mandate,Verified
INV003454,2024-01-26,149322,sip,2240,Telangana,Hyderabad,T30,26-35,Male,18.3,Cheque,Verified
INV003754,2024-01-27,118634,lumpsum,549608,Delhi,New Delhi,T30,36-45,Female,23.2,Mandate,Verified
INV004887,2024-01-27,119120,lumpsum,103332,Gujarat,Surat,T30,56+,Female,79.4,Net Banking,Verified
INV000718,2024-01-27,149324,sip,433,Delhi,Gurugram,T30,26-35,Male,10.8,Mandate,Verified
INV002945,2024-01-27,120843,sip,1154,Maharashtra,Nashik,B30,26-35,Male,15.6,UPI,Verified
INV000588,2024-01-27,119092,lumpsum,97039,Gujarat,Surat,T30,36-45,Female,28.6,Net Banking,Verified
INV004191,2024-01-27,100016,sip,5101,Maharashtra,Nashik,B30,26-35,Female,19.5,Mandate,Verified
INV000081,2024-01-27,125497,sip,10193,Gujarat,Surat,T30,36-45,Male,31.0,Cheque,Verified
INV001141,2024-01-27,120503,sip,426,West Bengal,Kolkata,T30,18-25,Female,3.0,Net Banking,Verified
INV002600,2024-01-27,148569,sip,27088,Madhya Pradesh,Bhopal,B30,36-45,Female,54.1,Mandate,Verified
INV002662,2024-01-27,120843,sip,4636,Tamil Nadu,Coimbatore,B30,26-35,Male,20.5,UPI,Verified
INV001777,2024-01-27,119599,sip,8032,West Bengal,Kolkata,T30,18-25,Female,7.6,Cheque,Verified
INV000984,2024-01-27,148568,redemption,216213,Telangana,Hyderabad,T30,26-35,Male,20.9,Net Banking,Verified
INV002440,2024-01-27,118634,sip,11908,Karnataka,Bangalore,T30,18-25,Female,3.0,Mandate,Verified
INV002011,2024-01-27,149324,redemption,402086,Tamil Nadu,Chennai,T30,36-45,Male,41.1,Mandate,Verified
INV001623,2024-01-27,120506,sip,8288,Gujarat,Surat,T30,26-35,Female,17.3,Mandate,Verified
INV001530,2024-01-27,119120,sip,520,Telangana,Hyderabad,T30,26-35,Male,21.0,Cheque,Verified
INV000458,2024-01-27,102886,lumpsum,143213,Rajasthan,Udaipur,B30,56+,Male,18.9,Cheque,Verified
INV003509,2024-01-27,119552,sip,4346,Haryana,Gurugram,T30,36-45,Male,14.5,Mandate,Verified
INV003478,2024-01-27,119093,sip,10340,Punjab,Chandigarh,T30,26-35,Male,21.2,Cheque,Verified
INV002327,2024-01-27,118633,lumpsum,213645,Punjab,Amritsar,B30,26-35,Male,7.0,Net Banking,Verified
INV002327,2024-01-27,101207,sip,8203,Punjab,Amritsar,B30,26-35,Male,7.0,UPI,Pending
INV002143,2024-01-27,102885,lumpsum,345959,Uttar Pradesh,Lucknow,T30,26-35,Male,11.8,Net Banking,Verified
INV000022,2024-01-27,120841,lumpsum,160895,Telangana,Hyderabad,T30,36-45,Male,37.4,Net Banking,Verified
INV003767,2024-01-27,119120,sip,8329,Madhya Pradesh,Bhopal,B30,36-45,Female,13.6,UPI,Verified
INV000573,2024-01-27,100025,sip,50371,Madhya Pradesh,Bhopal,B30,56+,Female,38.5,UPI,Pending
INV004750,2024-01-27,119095,lumpsum,94510,Madhya Pradesh,Bhopal,B30,26-35,Female,13.9,Mandate,Verified
INV001468,2024-01-27,125498,sip,2769,Tamil Nadu,Chennai,T30,26-35,Female,19.4,Net Banking,Verified
INV000305,2024-01-27,102886,sip,7107,Rajasthan,Udaipur,B30,36-45,Male,21.4,Cheque,Verified
INV001318,2024-01-27,100016,sip,2882,Telangana,Hyderabad,T30,36-45,Male,59.3,Cheque,Verified
INV003666,2024-01-27,148569,sip,1102,Gujarat,Surat,T30,18-25,Male,4.3,Cheque,Verified
INV003545,2024-01-27,118632,sip,1976,Gujarat,Ahmedabad,T30,26-35,Female,15.7,UPI,Verified
INV001540,2024-01-27,119094,sip,2762,Maharashtra,Pune,T30,26-35,Female,17.3,Mandate,Verified
INV004434,2024-01-27,100033,lumpsum,155505,Gujarat,Surat,T30,46-55,Male,17.7,Net Banking,Verified
INV004638,2024-01-27,120841,lumpsum,124823,Delhi,New Delhi,T30,26-35,Male,6.3,UPI,Verified
INV001124,2024-01-27,120841,redemption,528420,Madhya Pradesh,Indore,T30,36-45,Male,39.0,UPI,Verified
INV004232,2024-01-27,149323,sip,7676,Tamil Nadu,Chennai,T30,26-35,Male,19.0,Net Banking,Verified
INV001774,2024-01-27,119094,sip,4085,Maharashtra,Nashik,B30,56+,Male,32.0,UPI,Verified
INV003004,2024-01-27,149324,sip,2330,Tamil Nadu,Chennai,T30,46-55,Female,34.6,Mandate,Verified
INV000691,2024-01-27,120503,sip,2997,Tamil Nadu,Chennai,T30,18-25,Female,7.8,UPI,Verified
INV002346,2024-01-27,119092,lumpsum,197892,Maharashtra,Mumbai,T30,36-45,Male,54.5,Cheque,Verified
INV002440,2024-01-27,120843,lumpsum,295290,Karnataka,Bangalore,T30,18-25,Female,3.0,Mandate,Verified
INV001002,2024-01-27,119599,lumpsum,360422,Telangana,Hyderabad,T30,36-45,Male,52.5,Cheque,Verified
INV000853,2024-01-27,119598,sip,2245,Punjab,Chandigarh,T30,26-35,Female,8.0,Mandate,Verified
INV002201,2024-01-27,119598,sip,1821,Haryana,Gurugram,T30,36-45,Male,34.5,Net Banking,Verified
INV001059,2024-01-27,120844,sip,5210,Karnataka,Mysore,B30,26-35,Male,24.2,Cheque,Verified
INV004847,2024-01-27,101207,sip,2132,Maharashtra,Pune,T30,26-35,Female,7.0,Net Banking,Verified
INV000205,2024-01-27,148567,sip,2006,Haryana,Faridabad,B30,18-25,Male,4.4,Mandate,Verified
INV003108,2024-01-27,120841,sip,2066,Gujarat,Ahmedabad,T30,26-35,Female,15.5,UPI,Verified
INV000451,2024-01-27,120506,lumpsum,421478,Madhya Pradesh,Indore,T30,46-55,Male,23.4,Net Banking,Verified
INV000174,2024-01-27,125498,sip,1901,Karnataka,Bangalore,T30,36-45,Male,58.1,Cheque,Verified
INV001188,2024-01-27,119598,sip,9885,Delhi,New Delhi,T30,18-25,Male,7.9,UPI,Pending
INV000898,2024-01-27,120841,redemption,318693,West Bengal,Kolkata,T30,26-35,Male,19.1,Net Banking,Verified
INV003564,2024-01-27,148567,sip,27921,Telangana,Hyderabad,T30,18-25,Male,6.8,Cheque,Verified
INV003737,2024-01-27,148567,sip,55110,Punjab,Chandigarh,T30,18-25,Male,4.4,Net Banking,Verified
INV004899,2024-01-27,101206,sip,2494,Delhi,New Delhi,T30,36-45,Male,39.4,Cheque,Verified
INV002799,2024-01-27,119092,sip,7469,Uttar Pradesh,Lucknow,T30,36-45,Male,50.5,Net Banking,Verified
INV000894,2024-01-27,118633,lumpsum,301697,Tamil Nadu,Coimbatore,B30,36-45,Female,32.0,UPI,Verified
INV004590,2024-01-27,100025,sip,3251,Rajasthan,Jaipur,T30,36-45,Male,22.7,UPI,Verified
INV000888,2024-01-27,120503,sip,12268,Gujarat,Ahmedabad,T30,26-35,Male,21.9,Net Banking,Verified
INV000226,2024-01-27,119598,lumpsum,83326,West Bengal,Kolkata,T30,36-45,Female,39.3,Net Banking,Verified
INV002861,2024-01-27,148567,sip,899,Punjab,Amritsar,B30,56+,Female,79.7,Cheque,Verified
INV000320,2024-01-27,118632,lumpsum,517660,Uttar Pradesh,Kanpur,B30,26-35,Male,19.7,Mandate,Verified
INV003361,2024-01-27,100033,redemption,161575,Madhya Pradesh,Indore,T30,36-45,Male,19.9,Net Banking,Verified
INV000677,2024-01-27,118636,sip,2045,Telangana,Hyderabad,T30,26-35,Male,16.6,Cheque,Verified
INV002504,2024-01-27,101208,lumpsum,255998,Madhya Pradesh,Bhopal,B30,26-35,Male,22.4,Net Banking,Verified
INV002563,2024-01-27,101208,sip,1067,Madhya Pradesh,Indore,T30,18-25,Female,6.8,UPI,Verified
INV000860,2024-01-27,119551,sip,5159,Madhya Pradesh,Bhopal,B30,36-45,Female,51.8,UPI,Verified
INV001234,2024-01-27,120505,sip,56380,Uttar Pradesh,Agra,B30,26-35,Male,24.4,Cheque,Verified
INV001707,2024-01-27,118636,sip,7872,Punjab,Chandigarh,T30,26-35,Male,9.5,Mandate,Verified
INV003970,2024-01-27,120507,redemption,524733,Telangana,Hyderabad,T30,18-25,Male,4.1,UPI,Verified
INV001223,2024-01-27,119093,sip,55142,Punjab,Amritsar,B30,56+,Male,46.0,Mandate,Verified
INV001862,2024-01-27,149323,lumpsum,460874,Delhi,Gurugram,T30,26-35,Male,17.5,Cheque,Verified
INV002243,2024-01-27,119095,lumpsum,264080,Tamil Nadu,Coimbatore,B30,26-35,Male,7.8,Cheque,Verified
INV003840,2024-01-27,119095,sip,44949,Rajasthan,Jaipur,T30,36-45,Male,54.6,UPI,Verified
INV003158,2024-01-27,102886,sip,27483,Karnataka,Mysore,B30,26-35,Male,21.1,Cheque,Verified
INV004986,2024-01-27,118633,sip,10865,Madhya Pradesh,Bhopal,B30,26-35,Male,12.3,Cheque,Verified
INV001992,2024-01-27,118633,sip,2237,Telangana,Hyderabad,T30,18-25,Male,3.3,Cheque,Verified
INV004502,2024-01-27,148569,sip,14220,Rajasthan,Udaipur,B30,36-45,Male,59.0,Mandate,Verified
INV000181,2024-01-27,120503,redemption,93635,Uttar Pradesh,Lucknow,T30,36-45,Male,36.2,Cheque,Verified
INV002487,2024-01-27,118634,redemption,286949,Punjab,Chandigarh,T30,26-35,Male,19.5,Net Banking,Verified
INV000887,2024-01-28,119552,sip,534,Tamil Nadu,Coimbatore,B30,36-45,Male,53.9,Net Banking,Verified
INV004110,2024-01-28,149322,lumpsum,149777,West Bengal,Kolkata,T30,18-25,Male,5.5,Mandate,Verified
INV004359,2024-01-28,118635,lumpsum,275749,Delhi,New Delhi,T30,26-35,Male,9.4,UPI,Pending
INV004112,2024-01-28,118635,sip,1898,Madhya Pradesh,Bhopal,B30,46-55,Male,30.0,Cheque,Verified
INV000507,2024-01-28,119120,lumpsum,484663,Gujarat,Ahmedabad,T30,36-45,Male,44.1,Net Banking,Verified
INV003716,2024-01-28,149323,sip,8786,Uttar Pradesh,Kanpur,B30,36-45,Male,37.7,Net Banking,Verified
INV000044,2024-01-28,149323,lumpsum,171606,Karnataka,Mysore,B30,36-45,Male,34.9,Mandate,Verified
INV002758,2024-01-28,120506,redemption,158275,Delhi,Gurugram,T30,26-35,Male,7.3,Net Banking,Verified
INV004589,2024-01-28,119551,sip,55251,Gujarat,Ahmedabad,T30,36-45,Male,14.4,Cheque,Verified
INV002880,2024-01-28,120505,lumpsum,105098,Madhya Pradesh,Indore,T30,26-35,Male,19.8,UPI,Verified
INV000555,2024-01-28,118634,lumpsum,265528,Tamil Nadu,Coimbatore,B30,26-35,Female,24.6,Net Banking,Verified
INV000557,2024-01-28,120507,sip,992,West Bengal,Kolkata,T30,26-35,Male,10.3,Net Banking,Verified
INV000193,2024-01-28,101207,sip,7383,Delhi,Gurugram,T30,26-35,Female,11.6,Cheque,Verified
INV000409,2024-01-28,149322,sip,562,Delhi,New Delhi,T30,26-35,Male,10.7,Mandate,Verified
INV003354,2024-01-28,149322,lumpsum,406738,Punjab,Chandigarh,T30,46-55,Male,48.5,Mandate,Verified
INV000026,2024-01-28,100033,redemption,287100,West Bengal,Kolkata,T30,36-45,Male,29.5,Cheque,Verified
INV003635,2024-01-28,119552,sip,21091,West Bengal,Kolkata,T30,56+,Female,55.1,Cheque,Verified
INV004939,2024-01-28,101207,lumpsum,153916,Punjab,Amritsar,B30,18-25,Male,4.7,Net Banking,Verified
INV003081,2024-01-28,120503,redemption,223265,Delhi,Gurugram,T30,56+,Female,73.4,Cheque,Verified
INV003375,2024-01-28,119093,lumpsum,309250,Telangana,Hyderabad,T30,56+,Female,62.2,Cheque,Verified
INV003493,2024-01-28,118632,redemption,415072,Gujarat,Surat,T30,18-25,Male,4.2,Net Banking,Verified
INV003528,2024-01-28,120844,lumpsum,380479,Madhya Pradesh,Bhopal,B30,18-25,Female,3.6,Net Banking,Verified
INV000657,2024-01-28,120842,sip,41329,Tamil Nadu,Coimbatore,B30,26-35,Female,11.4,Net Banking,Verified
INV000499,2024-01-28,119094,sip,6785,Delhi,New Delhi,T30,36-45,Female,59.5,Mandate,Verified
INV000746,2024-01-28,125498,lumpsum,102908,Madhya Pradesh,Bhopal,B30,36-45,Male,49.8,UPI,Verified
INV004889,2024-01-28,119598,sip,828,Rajasthan,Jaipur,T30,46-55,Male,34.5,Mandate,Verified
INV004259,2024-01-28,148569,sip,4170,Tamil Nadu,Chennai,T30,26-35,Female,24.3,Net Banking,Verified
INV002801,2024-01-28,148569,redemption,459989,Madhya Pradesh,Indore,T30,18-25,Male,6.4,UPI,Verified
INV003769,2024-01-28,119599,redemption,401222,Gujarat,Ahmedabad,T30,46-55,Female,74.8,Cheque,Verified
INV002684,2024-01-28,102887,sip,567,Delhi,New Delhi,T30,36-45,Female,56.2,Cheque,Verified
INV003644,2024-01-28,149323,redemption,459081,Gujarat,Ahmedabad,T30,26-35,Female,8.2,Net Banking,Verified
INV004740,2024-01-28,149324,sip,5425,Tamil Nadu,Chennai,T30,56+,Male,43.4,Net Banking,Verified
INV004540,2024-01-28,118632,redemption,49766,Punjab,Chandigarh,T30,36-45,Male,48.9,Net Banking,Verified
INV004652,2024-01-28,118633,sip,8992,Gujarat,Surat,T30,56+,Male,42.9,Cheque,Verified
INV003711,2024-01-28,102886,sip,2257,Telangana,Hyderabad,T30,36-45,Female,13.1,UPI,Verified
INV001651,2024-01-28,100016,sip,43304,Gujarat,Ahmedabad,T30,18-25,Male,4.1,UPI,Verified
INV002590,2024-01-28,120844,sip,49252,West Bengal,Kolkata,T30,36-45,Male,45.1,UPI,Pending
INV003397,2024-01-28,119094,lumpsum,204205,Haryana,Faridabad,B30,26-35,Male,11.7,UPI,Verified
INV000906,2024-01-28,119093,lumpsum,214706,Maharashtra,Mumbai,T30,26-35,Male,20.7,Mandate,Verified
INV003142,2024-01-28,119120,sip,8191,West Bengal,Kolkata,T30,26-35,Male,12.5,Net Banking,Verified
INV004223,2024-01-28,149322,sip,29362,Uttar Pradesh,Agra,B30,36-45,Female,49.3,Net Banking,Verified
INV003567,2024-01-28,101207,sip,42618,Tamil Nadu,Chennai,T30,46-55,Male,76.1,UPI,Pending
INV004683,2024-01-28,119599,sip,22009,Madhya Pradesh,Indore,T30,26-35,Male,14.4,Mandate,Verified
INV003604,2024-01-28,102887,sip,565,Punjab,Chandigarh,T30,18-25,Female,7.4,UPI,Verified
INV004583,2024-01-28,125498,redemption,77768,Maharashtra,Nashik,B30,26-35,Male,13.9,UPI,Pending
INV001512,2024-01-28,118633,sip,5229,Haryana,Gurugram,T30,46-55,Male,49.4,UPI,Verified
INV000349,2024-01-28,102887,lumpsum,113097,Maharashtra,Mumbai,T30,18-25,Female,3.8,Net Banking,Verified
INV001361,2024-01-28,120843,sip,2589,West Bengal,Kolkata,T30,26-35,Female,21.1,Cheque,Pending
INV001921,2024-01-28,101208,sip,15154,Gujarat,Surat,T30,26-35,Female,13.5,UPI,Verified
INV003990,2024-01-28,149322,redemption,51636,Gujarat,Ahmedabad,T30,18-25,Male,5.3,Mandate,Verified
INV003958,2024-01-28,120841,redemption,291190,Haryana,Faridabad,B30,18-25,Male,6.6,Cheque,Verified
INV004766,2024-01-28,120504,sip,801,Haryana,Gurugram,T30,56+,Male,29.3,Cheque,Verified
INV000683,2024-01-28,120506,sip,7482,Maharashtra,Mumbai,T30,26-35,Female,17.4,UPI,Verified
INV003613,2024-01-28,118634,sip,5589,Punjab,Amritsar,B30,26-35,Male,13.5,UPI,Verified
INV000691,2024-01-28,119551,sip,23892,Tamil Nadu,Chennai,T30,18-25,Female,7.8,Cheque,Verified
INV002640,2024-01-29,119551,sip,8411,Haryana,Faridabad,B30,56+,Female,50.5,Net Banking,Pending
INV001180,2024-01-29,120504,redemption,253213,Telangana,Hyderabad,T30,26-35,Male,10.5,Mandate,Verified
INV001326,2024-01-29,101208,sip,3026,Rajasthan,Udaipur,B30,46-55,Male,54.9,Mandate,Verified
INV001878,2024-01-29,100033,lumpsum,322624,West Bengal,Kolkata,T30,26-35,Male,7.8,Mandate,Pending
INV003249,2024-01-29,149323,sip,2656,Punjab,Chandigarh,T30,36-45,Male,41.3,Net Banking,Verified
INV002461,2024-01-29,149324,sip,10648,West Bengal,Kolkata,T30,26-35,Male,19.5,Net Banking,Verified
INV004294,2024-01-29,120841,lumpsum,340995,Punjab,Chandigarh,T30,56+,Female,76.0,Mandate,Verified
INV004051,2024-01-29,119552,lumpsum,283812,Rajasthan,Udaipur,B30,36-45,Female,28.8,Mandate,Pending
INV003220,2024-01-29,125498,sip,7541,Madhya Pradesh,Bhopal,B30,26-35,Male,7.6,Mandate,Verified
INV004745,2024-01-29,148569,lumpsum,14394,West Bengal,Kolkata,T30,18-25,Male,5.2,Net Banking,Verified
INV002504,2024-01-29,119120,redemption,242201,Madhya Pradesh,Bhopal,B30,26-35,Male,22.4,Cheque,Verified
INV001810,2024-01-29,125498,lumpsum,365282,Uttar Pradesh,Kanpur,B30,26-35,Female,10.1,Net Banking,Verified
INV000076,2024-01-29,101207,lumpsum,491534,Gujarat,Ahmedabad,T30,56+,Female,67.1,Cheque,Verified
INV004466,2024-01-29,119093,sip,5009,Gujarat,Surat,T30,18-25,Female,3.7,Mandate,Verified
INV001545,2024-01-29,120505,sip,1771,Madhya Pradesh,Bhopal,B30,26-35,Male,11.5,UPI,Verified
INV000779,2024-01-29,100016,redemption,227885,Gujarat,Ahmedabad,T30,36-45,Male,35.3,Cheque,Pending
INV004019,2024-01-29,102885,lumpsum,16034,Tamil Nadu,Chennai,T30,26-35,Male,20.9,Mandate,Verified
INV003165,2024-01-29,119598,sip,17187,Punjab,Amritsar,B30,26-35,Male,19.4,Cheque,Verified
INV004075,2024-01-29,125498,lumpsum,82716,Rajasthan,Jaipur,T30,36-45,Male,56.5,UPI,Verified
INV004278,2024-01-29,119120,lumpsum,68875,Punjab,Chandigarh,T30,26-35,Male,21.8,Net Banking,Verified
INV004196,2024-01-29,118636,sip,21246,West Bengal,Kolkata,T30,46-55,Male,44.4,Mandate,Verified
INV004748,2024-01-29,101207,lumpsum,63246,Delhi,Noida,T30,26-35,Male,12.6,Mandate,Verified
INV002267,2024-01-29,101206,redemption,132402,Haryana,Faridabad,B30,18-25,Male,4.7,UPI,Verified
INV000354,2024-01-29,125498,sip,8024,Telangana,Hyderabad,T30,26-35,Male,21.2,Cheque,Pending
INV003823,2024-01-29,118633,sip,3042,Madhya Pradesh,Indore,T30,26-35,Male,10.5,Net Banking,Verified
INV001420,2024-01-29,120842,lumpsum,422630,Rajasthan,Jaipur,T30,36-45,Male,32.2,UPI,Pending
INV002979,2024-01-29,148567,sip,871,Punjab,Chandigarh,T30,36-45,Female,56.2,Mandate,Verified
INV004421,2024-01-29,100016,sip,25091,Punjab,Amritsar,B30,26-35,Male,20.5,Net Banking,Pending
INV002745,2024-01-29,102886,lumpsum,323327,Uttar Pradesh,Agra,B30,18-25,Male,7.6,UPI,Verified
INV003074,2024-01-29,100033,lumpsum,358016,Haryana,Faridabad,B30,26-35,Male,8.3,Net Banking,Verified
INV003248,2024-01-29,118634,sip,14060,Karnataka,Mysore,B30,26-35,Male,6.5,Mandate,Verified
INV003937,2024-01-29,120506,lumpsum,414169,Maharashtra,Nashik,B30,56+,Male,31.8,UPI,Verified
INV003689,2024-01-29,120507,redemption,40117,Haryana,Gurugram,T30,46-55,Male,79.9,Cheque,Verified
INV004011,2024-01-29,148568,redemption,417356,Punjab,Amritsar,B30,18-25,Female,5.0,Mandate,Verified
INV002708,2024-01-29,118634,lumpsum,182365,Karnataka,Mysore,B30,26-35,Male,14.0,UPI,Verified
INV002870,2024-01-29,119552,sip,552,Karnataka,Mysore,B30,26-35,Female,23.7,Mandate,Verified
INV000263,2024-01-29,119094,sip,42567,Madhya Pradesh,Bhopal,B30,56+,Male,21.8,Cheque,Verified
INV000616,2024-01-29,102885,lumpsum,61713,Maharashtra,Nashik,B30,36-45,Male,50.4,UPI,Verified
INV004457,2024-01-29,148569,sip,2440,Telangana,Hyderabad,T30,18-25,Male,6.7,Mandate,Verified
INV000154,2024-01-29,119598,redemption,204672,Haryana,Faridabad,B30,36-45,Male,51.3,Net Banking,Verified
INV001866,2024-01-29,120506,redemption,72074,Telangana,Hyderabad,T30,36-45,Female,33.9,Cheque,Verified
INV003859,2024-01-29,119599,redemption,228465,Karnataka,Bangalore,T30,36-45,Male,28.5,Net Banking,Pending
INV004741,2024-01-29,119120,sip,1064,Telangana,Hyderabad,T30,26-35,Female,24.9,Net Banking,Verified
INV000205,2024-01-29,120506,sip,16529,Haryana,Faridabad,B30,18-25,Male,4.4,UPI,Pending
INV003235,2024-01-29,120841,redemption,72257,Haryana,Faridabad,B30,56+,Male,19.0,Cheque,Verified
INV004637,2024-01-29,148567,sip,56834,Gujarat,Surat,T30,18-25,Male,6.8,UPI,Verified
INV000344,2024-01-29,120844,lumpsum,282293,Madhya Pradesh,Bhopal,B30,36-45,Male,56.7,Mandate,Pending
INV004018,2024-01-29,119599,redemption,531967,Punjab,Chandigarh,T30,56+,Male,47.9,UPI,Verified
INV000318,2024-01-29,119094,sip,2128,Madhya Pradesh,Bhopal,B30,46-55,Female,47.5,Mandate,Verified
INV001308,2024-01-29,102885,sip,2606,Rajasthan,Jaipur,T30,36-45,Male,19.3,Mandate,Verified
INV001346,2024-01-29,120843,sip,4056,Gujarat,Surat,T30,18-25,Male,5.7,Net Banking,Verified
INV000241,2024-01-29,119120,redemption,153928,Telangana,Hyderabad,T30,26-35,Female,16.5,Cheque,Verified
INV000540,2024-01-29,119552,lumpsum,467981,Tamil Nadu,Coimbatore,B30,26-35,Female,10.4,Cheque,Verified
INV000480,2024-01-29,101208,redemption,354793,Maharashtra,Mumbai,T30,18-25,Male,6.2,Mandate,Pending
INV001743,2024-01-29,149323,redemption,429711,Telangana,Hyderabad,T30,26-35,Male,23.5,Cheque,Verified
INV004310,2024-01-29,119598,sip,2849,Telangana,Hyderabad,T30,36-45,Male,18.3,Cheque,Pending
INV003645,2024-01-29,120504,sip,536,Punjab,Amritsar,B30,26-35,Male,13.4,Net Banking,Verified
INV003150,2024-01-29,101208,sip,5237,Gujarat,Ahmedabad,T30,26-35,Female,13.6,UPI,Pending
INV000767,2024-01-29,148568,lumpsum,301458,Karnataka,Bangalore,T30,18-25,Female,5.2,Net Banking,Verified
INV004594,2024-01-29,119095,lumpsum,357028,Haryana,Gurugram,T30,26-35,Female,9.8,Cheque,Verified
INV004413,2024-01-29,118636,sip,2606,Maharashtra,Mumbai,T30,26-35,Male,14.7,Net Banking,Verified
INV001879,2024-01-29,120505,sip,3190,Uttar Pradesh,Lucknow,T30,18-25,Female,6.3,Mandate,Verified
INV004439,2024-01-29,120503,lumpsum,237499,Haryana,Faridabad,B30,26-35,Male,8.6,UPI,Verified
INV001858,2024-01-29,118636,redemption,537314,Punjab,Amritsar,B30,36-45,Male,16.6,Net Banking,Verified
INV003925,2024-01-29,148569,sip,444,Punjab,Amritsar,B30,26-35,Female,14.2,Cheque,Pending
INV003735,2024-01-29,120505,redemption,66273,Gujarat,Ahmedabad,T30,36-45,Female,13.9,Mandate,Verified
INV002622,2024-01-29,119120,sip,2836,Karnataka,Mysore,B30,18-25,Female,4.0,UPI,Verified
INV000403,2024-01-29,119095,redemption,338162,Rajasthan,Jaipur,T30,18-25,Female,7.7,Net Banking,Verified
INV001616,2024-01-29,120843,sip,51853,Tamil Nadu,Chennai,T30,26-35,Male,23.2,Cheque,Verified
INV002761,2024-01-30,101206,redemption,300948,Rajasthan,Jaipur,T30,26-35,Male,14.9,Cheque,Verified
INV003176,2024-01-30,118636,redemption,197595,Haryana,Gurugram,T30,46-55,Male,51.6,Mandate,Verified
INV000062,2024-01-30,101206,sip,8337,Haryana,Faridabad,B30,46-55,Male,22.9,Net Banking,Verified
INV003528,2024-01-30,100016,sip,858,Madhya Pradesh,Bhopal,B30,18-25,Female,3.6,Net Banking,Verified
INV000093,2024-01-30,120842,sip,26159,Maharashtra,Mumbai,T30,36-45,Female,59.0,Net Banking,Verified
INV001600,2024-01-30,119552,sip,2895,Rajasthan,Jaipur,T30,26-35,Female,22.9,Mandate,Verified
INV004633,2024-01-30,102887,sip,1136,Telangana,Hyderabad,T30,18-25,Female,4.9,UPI,Verified
INV004465,2024-01-30,149322,sip,474,Gujarat,Surat,T30,26-35,Male,14.2,UPI,Verified
INV000904,2024-01-30,120844,sip,2804,West Bengal,Kolkata,T30,36-45,Male,55.0,Mandate,Verified
INV004231,2024-01-30,149322,redemption,41255,West Bengal,Kolkata,T30,56+,Male,17.5,Cheque,Verified
INV000547,2024-01-30,118632,lumpsum,147764,West Bengal,Kolkata,T30,26-35,Male,16.6,Cheque,Verified
INV003043,2024-01-30,119552,sip,1016,Karnataka,Bangalore,T30,26-35,Male,21.2,Net Banking,Verified
INV001199,2024-01-30,120506,sip,25230,Telangana,Hyderabad,T30,46-55,Male,94.6,UPI,Verified
INV000854,2024-01-30,120504,redemption,132141,Karnataka,Bangalore,T30,46-55,Female,79.7,UPI,Verified
INV001887,2024-01-30,120844,sip,1927,Karnataka,Mysore,B30,26-35,Female,8.1,Cheque,Verified
INV003671,2024-01-30,119552,sip,8998,Haryana,Gurugram,T30,36-45,Female,22.9,Mandate,Verified
INV001014,2024-01-30,149322,redemption,315919,Punjab,Chandigarh,T30,18-25,Female,6.9,Cheque,Verified
INV003532,2024-01-30,119120,sip,3559,Punjab,Amritsar,B30,36-45,Female,18.8,Net Banking,Verified
INV001856,2024-01-30,118635,sip,1740,Delhi,New Delhi,T30,36-45,Female,43.5,Net Banking,Verified
INV004815,2024-01-30,119598,sip,1693,Tamil Nadu,Coimbatore,B30,36-45,Male,44.4,Cheque,Pending
INV001441,2024-01-30,101208,sip,439,Karnataka,Mysore,B30,36-45,Male,56.6,Cheque,Verified
INV001081,2024-01-30,120507,sip,23691,Gujarat,Ahmedabad,T30,18-25,Male,7.6,Mandate,Verified
INV004392,2024-01-30,125498,sip,52388,West Bengal,Kolkata,T30,18-25,Male,6.7,Cheque,Verified
INV000581,2024-01-30,120843,sip,2495,Tamil Nadu,Coimbatore,B30,36-45,Male,26.4,Net Banking,Verified
INV001163,2024-01-30,101208,sip,9169,Karnataka,Mysore,B30,26-35,Male,10.2,Net Banking,Verified
INV000758,2024-01-30,100033,lumpsum,348736,Delhi,New Delhi,T30,56+,Male,61.5,UPI,Verified
INV000380,2024-01-30,120842,sip,25751,Haryana,Gurugram,T30,56+,Male,24.2,UPI,Verified
INV003734,2024-01-30,119092,redemption,222534,Tamil Nadu,Coimbatore,B30,56+,Male,70.3,Cheque,Verified
INV002061,2024-01-30,118635,sip,24751,West Bengal,Kolkata,T30,26-35,Male,14.2,Cheque,Verified
INV002306,2024-01-30,149324,redemption,438616,Tamil Nadu,Chennai,T30,18-25,Male,3.4,Net Banking,Verified
INV002926,2024-01-30,119093,sip,5714,Telangana,Hyderabad,T30,26-35,Male,16.6,UPI,Pending
INV002215,2024-01-30,119598,redemption,385125,Madhya Pradesh,Bhopal,B30,18-25,Male,3.4,UPI,Verified
INV003724,2024-01-30,100025,sip,3081,Punjab,Amritsar,B30,56+,Male,52.5,Cheque,Verified
INV001070,2024-01-30,102885,redemption,320773,Tamil Nadu,Coimbatore,B30,26-35,Male,11.9,UPI,Verified
INV003962,2024-01-30,119092,sip,42786,Haryana,Gurugram,T30,26-35,Male,20.4,Mandate,Verified
INV000584,2024-01-30,119599,sip,2575,Uttar Pradesh,Kanpur,B30,46-55,Female,20.9,UPI,Verified
INV001747,2024-01-30,119120,sip,23346,Madhya Pradesh,Indore,T30,18-25,Female,3.8,Mandate,Verified
INV004361,2024-01-30,118635,sip,3115,Haryana,Faridabad,B30,26-35,Female,18.4,Cheque,Verified
INV001318,2024-01-30,102885,sip,27985,Telangana,Hyderabad,T30,36-45,Male,59.3,Cheque,Pending
INV002418,2024-01-30,125497,sip,885,Haryana,Faridabad,B30,36-45,Male,34.0,Net Banking,Verified
INV004925,2024-01-30,119092,sip,2703,Maharashtra,Pune,T30,18-25,Female,5.4,Mandate,Verified
INV001407,2024-01-30,120503,lumpsum,161563,Rajasthan,Udaipur,B30,26-35,Female,22.2,Net Banking,Verified
INV002599,2024-01-30,119095,sip,515,Gujarat,Surat,T30,26-35,Male,11.4,Cheque,Verified
INV001213,2024-01-30,120503,redemption,70171,Punjab,Amritsar,B30,36-45,Male,57.7,Mandate,Verified
INV004763,2024-01-30,125498,lumpsum,48709,Karnataka,Bangalore,T30,46-55,Female,19.6,Net Banking,Verified
INV001434,2024-01-30,118636,redemption,222155,Maharashtra,Mumbai,T30,46-55,Male,92.6,Cheque,Verified
INV001215,2024-01-30,120844,lumpsum,326488,Haryana,Gurugram,T30,36-45,Female,39.3,Cheque,Verified
INV003526,2024-01-30,125498,sip,2007,Maharashtra,Nashik,B30,36-45,Male,24.2,Mandate,Verified
INV003813,2024-01-30,149322,sip,2211,Rajasthan,Udaipur,B30,36-45,Male,23.6,UPI,Pending
INV000055,2024-01-30,120503,sip,14420,Karnataka,Bangalore,T30,26-35,Male,13.5,Net Banking,Verified
INV000260,2024-01-30,118633,sip,45707,Delhi,Gurugram,T30,18-25,Male,4.1,Cheque,Verified
INV004288,2024-01-30,120844,sip,986,Punjab,Amritsar,B30,18-25,Female,6.1,Cheque,Verified
INV002348,2024-01-30,120506,sip,7315,Uttar Pradesh,Agra,B30,26-35,Male,13.4,UPI,Verified
INV001937,2024-01-30,125497,redemption,308991,Haryana,Gurugram,T30,18-25,Male,7.8,Cheque,Verified
INV000492,2024-01-30,120843,lumpsum,292269,Telangana,Hyderabad,T30,36-45,Male,12.4,UPI,Verified
INV001333,2024-01-30,119551,sip,1040,Haryana,Faridabad,B30,26-35,Female,19.0,Mandate,Verified
INV001259,2024-01-30,100033,sip,8467,Telangana,Hyderabad,T30,26-35,Female,10.6,Cheque,Verified
INV000622,2024-01-30,120504,sip,2208,Haryana,Faridabad,B30,26-35,Male,18.0,Cheque,Verified
INV003546,2024-01-30,100033,sip,3309,West Bengal,Kolkata,T30,36-45,Male,16.2,Net Banking,Verified
INV001946,2024-01-30,119093,lumpsum,35806,Delhi,Noida,T30,26-35,Male,13.2,UPI,Verified
INV004277,2024-01-30,120504,sip,54783,Telangana,Hyderabad,T30,26-35,Male,19.6,UPI,Verified
INV002555,2024-01-30,149324,sip,22192,Gujarat,Ahmedabad,T30,36-45,Male,24.5,Net Banking,Pending
INV000515,2024-01-30,119551,redemption,21972,Delhi,Noida,T30,18-25,Male,5.1,UPI,Verified
INV002874,2024-01-30,120504,sip,17860,Punjab,Chandigarh,T30,56+,Female,15.0,Net Banking,Verified
INV003324,2024-01-30,148568,sip,12618,Karnataka,Mysore,B30,26-35,Male,20.7,Net Banking,Verified
INV001031,2024-01-30,119093,lumpsum,255314,Delhi,New Delhi,T30,36-45,Female,23.0,UPI,Verified
INV000466,2024-01-30,119598,sip,10096,Haryana,Faridabad,B30,18-25,Male,4.4,Net Banking,Pending
INV002656,2024-01-30,119094,sip,27204,Tamil Nadu,Coimbatore,B30,26-35,Male,9.6,Net Banking,Verified
INV002466,2024-01-30,118633,sip,5781,Madhya Pradesh,Indore,T30,36-45,Male,36.9,Net Banking,Verified
INV003817,2024-01-31,119095,redemption,446821,Gujarat,Surat,T30,26-35,Male,9.0,Mandate,Verified
INV004241,2024-01-31,125497,sip,26781,Maharashtra,Mumbai,T30,36-45,Male,18.9,Mandate,Verified
INV001459,2024-01-31,102885,redemption,330857,Gujarat,Surat,T30,26-35,Male,24.9,UPI,Verified
INV001502,2024-01-31,118633,lumpsum,471731,Rajasthan,Jaipur,T30,26-35,Male,19.8,UPI,Verified
INV004526,2024-01-31,101208,lumpsum,465204,West Bengal,Kolkata,T30,36-45,Male,19.9,UPI,Verified
INV003794,2024-01-31,119094,redemption,346995,Gujarat,Ahmedabad,T30,26-35,Male,22.1,UPI,Verified
INV003171,2024-01-31,125497,sip,7075,Rajasthan,Jaipur,T30,36-45,Female,16.3,Cheque,Verified
INV003399,2024-01-31,119552,sip,7799,Telangana,Hyderabad,T30,26-35,Female,16.0,Cheque,Verified
INV004570,2024-01-31,125497,redemption,26906,Uttar Pradesh,Kanpur,B30,56+,Male,20.7,UPI,Verified
INV002464,2024-01-31,149324,redemption,122249,Karnataka,Bangalore,T30,26-35,Female,22.9,Mandate,Verified
INV003195,2024-01-31,148569,sip,2839,Uttar Pradesh,Lucknow,T30,36-45,Female,54.3,Cheque,Verified
INV001096,2024-01-31,119092,sip,9146,Punjab,Chandigarh,T30,26-35,Male,24.5,Net Banking,Verified
INV003671,2024-01-31,119094,sip,813,Haryana,Gurugram,T30,36-45,Female,22.9,Cheque,Verified
INV000914,2024-01-31,120843,sip,10388,Karnataka,Mysore,B30,18-25,Male,3.8,Cheque,Verified
INV000156,2024-01-31,100016,sip,2477,Telangana,Hyderabad,T30,46-55,Male,29.1,Net Banking,Verified
INV004526,2024-01-31,125498,sip,5826,West Bengal,Kolkata,T30,36-45,Male,19.9,UPI,Verified
INV003799,2024-01-31,100016,redemption,30704,Punjab,Amritsar,B30,18-25,Male,5.6,Cheque,Verified
INV001575,2024-01-31,100033,lumpsum,226842,Karnataka,Bangalore,T30,26-35,Male,12.0,UPI,Verified
INV004388,2024-01-31,118634,lumpsum,257946,Gujarat,Surat,T30,26-35,Female,10.3,UPI,Verified
INV001715,2024-01-31,118634,sip,3007,Gujarat,Surat,T30,18-25,Male,7.7,Cheque,Verified
INV001418,2024-01-31,119095,sip,519,Delhi,Noida,T30,36-45,Male,39.2,Mandate,Verified
INV003513,2024-01-31,149323,sip,56193,West Bengal,Kolkata,T30,36-45,Male,57.3,UPI,Verified
INV001950,2024-01-31,149322,lumpsum,249888,Maharashtra,Pune,T30,26-35,Female,6.0,Cheque,Verified
INV004015,2024-01-31,119092,sip,2608,Maharashtra,Mumbai,T30,18-25,Female,7.6,Mandate,Verified
INV001178,2024-01-31,102886,sip,22322,West Bengal,Kolkata,T30,26-35,Female,10.3,UPI,Verified
INV000466,2024-01-31,125497,lumpsum,445427,Haryana,Faridabad,B30,18-25,Male,4.4,Mandate,Verified
INV002571,2024-01-31,148568,sip,8673,Delhi,New Delhi,T30,36-45,Female,32.1,Cheque,Verified
INV000329,2024-01-31,101207,sip,818,Tamil Nadu,Chennai,T30,18-25,Male,6.5,Cheque,Verified
INV003163,2024-01-31,125497,sip,45555,Punjab,Amritsar,B30,36-45,Female,47.5,UPI,Verified
INV003562,2024-01-31,148569,sip,2976,West Bengal,Kolkata,T30,26-35,Female,11.8,Net Banking,Verified
INV001903,2024-01-31,102885,sip,4887,Delhi,New Delhi,T30,26-35,Female,8.8,UPI,Verified
INV003550,2024-01-31,101206,lumpsum,113607,Madhya Pradesh,Bhopal,B30,26-35,Male,22.6,UPI,Verified
INV001532,2024-01-31,120843,redemption,200219,Madhya Pradesh,Bhopal,B30,36-45,Female,39.5,Net Banking,Verified
INV003968,2024-01-31,149322,sip,992,Maharashtra,Mumbai,T30,46-55,Female,58.7,UPI,Verified
INV000920,2024-01-31,101207,sip,453,Delhi,Gurugram,T30,56+,Male,19.8,Cheque,Verified
INV001386,2024-01-31,120844,sip,1114,Tamil Nadu,Coimbatore,B30,18-25,Male,7.5,Net Banking,Verified
INV002744,2024-01-31,120504,sip,961,Karnataka,Bangalore,T30,36-45,Male,25.9,Mandate,Verified
INV003662,2024-01-31,118635,lumpsum,277282,Rajasthan,Jaipur,T30,18-25,Male,5.7,Mandate,Verified
INV004774,2024-01-31,102886,redemption,343233,Tamil Nadu,Coimbatore,B30,36-45,Male,21.8,Cheque,Verified
INV000704,2024-01-31,120503,sip,986,Gujarat,Ahmedabad,T30,18-25,Male,4.5,Net Banking,Verified
INV002966,2024-01-31,120506,redemption,285065,Gujarat,Ahmedabad,T30,26-35,Female,18.4,Net Banking,Verified
INV003982,2024-01-31,118633,lumpsum,231064,Tamil Nadu,Coimbatore,B30,36-45,Female,34.4,Mandate,Verified
INV003520,2024-01-31,148569,sip,1646,Uttar Pradesh,Lucknow,T30,18-25,Male,4.5,Cheque,Pending
INV000765,2024-01-31,119120,sip,2050,Telangana,Hyderabad,T30,18-25,Male,4.6,Cheque,Verified
INV002369,2024-01-31,149323,lumpsum,80267,Madhya Pradesh,Bhopal,B30,36-45,Male,33.6,Cheque,Pending
INV004465,2024-01-31,119093,lumpsum,45373,Gujarat,Surat,T30,26-35,Male,14.2,Cheque,Verified
INV001060,2024-01-31,101207,sip,5702,Telangana,Hyderabad,T30,36-45,Male,29.0,Cheque,Pending
INV000089,2024-01-31,118633,redemption,566183,Maharashtra,Mumbai,T30,26-35,Female,11.2,Mandate,Verified
INV004407,2024-01-31,102886,sip,2978,Punjab,Chandigarh,T30,18-25,Male,7.7,UPI,Verified
INV004304,2024-01-31,100025,sip,2410,Haryana,Gurugram,T30,18-25,Male,5.5,Cheque,Verified
INV003718,2024-01-31,120507,redemption,285620,Telangana,Hyderabad,T30,46-55,Male,65.3,UPI,Verified
INV001576,2024-01-31,120844,sip,4914,Delhi,Noida,T30,46-55,Female,46.5,Mandate,Verified
INV003710,2024-01-31,119552,sip,17929,Rajasthan,Udaipur,B30,26-35,Male,19.6,Mandate,Verified
INV003267,2024-01-31,148567,sip,2768,Rajasthan,Udaipur,B30,36-45,Male,29.9,Cheque,Pending
INV002197,2024-01-31,102885,sip,2133,Delhi,Noida,T30,18-25,Male,6.3,Mandate,Verified
INV002072,2024-01-31,125498,sip,26034,Punjab,Chandigarh,T30,26-35,Female,15.2,Cheque,Verified
INV002921,2024-01-31,149323,lumpsum,212759,Punjab,Amritsar,B30,18-25,Female,5.4,Mandate,Verified
INV000737,2024-01-31,101208,sip,52555,Madhya Pradesh,Indore,T30,26-35,Female,10.0,Cheque,Verified
INV003911,2024-01-31,101206,sip,2070,Telangana,Hyderabad,T30,36-45,Male,21.5,UPI,Verified
INV000813,2024-01-31,119094,redemption,205654,Telangana,Hyderabad,T30,46-55,Male,38.7,Mandate,Verified
INV000624,2024-01-31,119093,sip,595,West Bengal,Kolkata,T30,56+,Male,79.6,Cheque,Verified
INV002574,2024-01-31,119598,sip,4100,Maharashtra,Nashik,B30,26-35,Male,11.1,Mandate,Pending
INV000880,2024-01-31,102886,sip,2037,Madhya Pradesh,Indore,T30,26-35,Male,18.4,Cheque,Verified
INV004924,2024-01-31,119093,sip,4588,Telangana,Hyderabad,T30,36-45,Male,16.1,Cheque,Verified
INV000630,2024-01-31,118634,sip,6920,Uttar Pradesh,Kanpur,B30,26-35,Male,18.9,Mandate,Verified
INV003697,2024-01-31,149322,redemption,163855,Maharashtra,Mumbai,T30,18-25,Male,6.3,Cheque,Verified
INV001101,2024-01-31,119094,sip,9453,Madhya Pradesh,Bhopal,B30,18-25,Male,5.3,Net Banking,Verified
INV004984,2024-01-31,120843,sip,2266,Uttar Pradesh,Agra,B30,46-55,Female,78.8,Cheque,Verified
INV000234,2024-01-31,120504,sip,1114,Tamil Nadu,Coimbatore,B30,26-35,Male,23.8,Cheque,Verified
INV003619,2024-01-31,120507,lumpsum,341208,West Bengal,Kolkata,T30,18-25,Female,3.3,UPI,Verified
INV004767,2024-01-31,120843,sip,2398,Uttar Pradesh,Kanpur,B30,26-35,Female,12.7,Mandate,Verified
INV000421,2024-01-31,118635,lumpsum,451433,Tamil Nadu,Chennai,T30,36-45,Male,31.9,UPI,Verified
INV001391,2024-01-31,120506,lumpsum,495807,Madhya Pradesh,Bhopal,B30,36-45,Male,18.5,UPI,Verified
INV000966,2024-01-31,118634,lumpsum,120484,Telangana,Hyderabad,T30,26-35,Male,22.8,UPI,Verified
INV004813,2024-01-31,120842,sip,4494,West Bengal,Kolkata,T30,26-35,Male,13.9,Cheque,Verified
INV004066,2024-01-31,125498,sip,2905,Gujarat,Surat,T30,46-55,Male,30.8,Mandate,Verified
INV004701,2024-01-31,148568,sip,3581,Haryana,Gurugram,T30,26-35,Male,7.3,Mandate,Verified
INV002208,2024-01-31,120843,sip,3484,Punjab,Chandigarh,T30,56+,Male,61.1,Cheque,Verified
INV000589,2024-02-01,119599,sip,11906,Uttar Pradesh,Kanpur,B30,18-25,Female,6.3,Net Banking,Verified
INV001507,2024-02-01,125498,sip,1822,Uttar Pradesh,Lucknow,T30,26-35,Male,20.4,Cheque,Pending
INV002138,2024-02-01,119599,sip,6730,Karnataka,Bangalore,T30,46-55,Female,78.2,UPI,Verified
INV000389,2024-02-01,119120,sip,2409,Delhi,Gurugram,T30,46-55,Male,50.2,UPI,Verified
INV003236,2024-02-01,118632,redemption,296013,Madhya Pradesh,Bhopal,B30,18-25,Male,3.4,UPI,Verified
INV004459,2024-02-01,125498,lumpsum,420407,Maharashtra,Pune,T30,26-35,Female,9.2,Mandate,Verified
INV002072,2024-02-01,120841,sip,21222,Punjab,Chandigarh,T30,26-35,Female,15.2,Cheque,Verified
INV001036,2024-02-01,101206,lumpsum,561967,Punjab,Chandigarh,T30,46-55,Female,40.5,Cheque,Verified
INV001535,2024-02-01,118634,sip,5331,Rajasthan,Udaipur,B30,56+,Male,74.1,UPI,Verified
INV000266,2024-02-01,118635,sip,973,Madhya Pradesh,Indore,T30,56+,Male,67.6,Cheque,Verified
INV002628,2024-02-01,120507,sip,1172,Uttar Pradesh,Agra,B30,26-35,Male,16.4,UPI,Verified
INV001550,2024-02-01,148569,sip,42078,Punjab,Chandigarh,T30,18-25,Male,4.1,UPI,Verified
INV002582,2024-02-01,118634,sip,7073,Telangana,Hyderabad,T30,26-35,Female,11.1,Net Banking,Verified
INV002490,2024-02-01,148568,redemption,427823,Gujarat,Surat,T30,36-45,Female,28.1,UPI,Verified
INV004092,2024-02-01,120504,lumpsum,270219,Maharashtra,Nashik,B30,18-25,Female,4.4,UPI,Verified
INV003794,2024-02-01,120507,lumpsum,451815,Gujarat,Ahmedabad,T30,26-35,Male,22.1,Cheque,Pending
INV003496,2024-02-01,119599,lumpsum,452792,Telangana,Hyderabad,T30,26-35,Male,14.9,Mandate,Verified
INV002400,2024-02-01,120841,sip,594,Punjab,Chandigarh,T30,36-45,Male,15.5,Net Banking,Verified
INV001458,2024-02-01,118633,sip,21961,Tamil Nadu,Coimbatore,B30,46-55,Male,34.9,UPI,Verified
INV000596,2024-02-01,125497,sip,54541,Madhya Pradesh,Indore,T30,56+,Male,21.3,Net Banking,Verified
INV001580,2024-02-01,102886,lumpsum,154762,Punjab,Chandigarh,T30,26-35,Male,18.7,Mandate,Pending
INV003711,2024-02-01,120844,sip,44854,Telangana,Hyderabad,T30,36-45,Female,13.1,Cheque,Verified
INV001833,2024-02-01,101208,sip,2589,Karnataka,Bangalore,T30,36-45,Female,28.4,Net Banking,Verified
INV003158,2024-02-01,119092,sip,5733,Karnataka,Mysore,B30,26-35,Male,21.1,Mandate,Verified
INV002386,2024-02-01,120504,sip,3282,Rajasthan,Jaipur,T30,26-35,Female,19.8,UPI,Verified
INV000297,2024-02-01,100033,sip,8917,Gujarat,Ahmedabad,T30,26-35,Male,13.0,Cheque,Verified
INV001387,2024-02-01,119598,sip,2220,Tamil Nadu,Chennai,T30,36-45,Male,37.4,Mandate,Verified
INV002894,2024-02-01,119095,lumpsum,540393,Delhi,Noida,T30,26-35,Male,10.4,Cheque,Verified
INV000378,2024-02-01,149323,sip,4462,Madhya Pradesh,Bhopal,B30,26-35,Male,8.7,Net Banking,Verified
INV003212,2024-02-01,125498,lumpsum,305019,West Bengal,Kolkata,T30,26-35,Male,17.2,Cheque,Verified
INV000685,2024-02-01,119095,redemption,429533,Karnataka,Bangalore,T30,18-25,Male,4.0,UPI,Verified
INV002940,2024-02-01,119094,sip,3156,Haryana,Faridabad,B30,26-35,Male,18.3,UPI,Verified
INV004735,2024-02-01,118633,sip,16264,Uttar Pradesh,Kanpur,B30,36-45,Male,19.2,Net Banking,Verified
INV002158,2024-02-01,119092,redemption,333857,Madhya Pradesh,Indore,T30,26-35,Male,14.5,Mandate,Verified
INV001320,2024-02-01,119095,redemption,481700,Punjab,Amritsar,B30,36-45,Male,31.8,Net Banking,Verified
INV000304,2024-02-01,149324,sip,10276,West Bengal,Kolkata,T30,36-45,Male,25.6,UPI,Verified
INV000781,2024-02-01,101208,sip,16267,Delhi,Gurugram,T30,26-35,Male,6.8,UPI,Pending
INV000653,2024-02-01,101206,sip,23162,Uttar Pradesh,Kanpur,B30,26-35,Female,18.6,Cheque,Verified
INV003403,2024-02-01,100016,sip,4799,Madhya Pradesh,Bhopal,B30,18-25,Male,6.3,Mandate,Verified
INV003376,2024-02-01,120506,lumpsum,449615,Delhi,New Delhi,T30,36-45,Male,44.4,Net Banking,Verified
INV003063,2024-02-01,120505,sip,5953,Maharashtra,Mumbai,T30,36-45,Female,45.0,Cheque,Verified
INV001635,2024-02-01,101208,lumpsum,449591,Tamil Nadu,Chennai,T30,26-35,Male,18.6,Net Banking,Verified
INV001721,2024-02-01,120506,redemption,318799,Punjab,Amritsar,B30,26-35,Male,10.8,Mandate,Verified
INV004813,2024-02-01,102886,lumpsum,247678,West Bengal,Kolkata,T30,26-35,Male,13.9,Mandate,Verified
INV000925,2024-02-01,119094,redemption,353709,Karnataka,Mysore,B30,18-25,Male,3.6,UPI,Verified
INV000374,2024-02-01,120503,sip,56072,West Bengal,Kolkata,T30,18-25,Female,4.1,UPI,Verified
INV000652,2024-02-01,101207,lumpsum,111379,Delhi,Gurugram,T30,26-35,Male,8.0,Cheque,Pending
INV002197,2024-02-01,148568,sip,2486,Delhi,Noida,T30,18-25,Male,6.3,Cheque,Verified
INV003187,2024-02-01,102887,sip,3573,Haryana,Faridabad,B30,26-35,Female,21.5,Cheque,Verified
INV001367,2024-02-01,120843,sip,13374,Maharashtra,Nashik,B30,36-45,Male,32.2,Cheque,Verified
INV004135,2024-02-01,125498,sip,2356,Tamil Nadu,Coimbatore,B30,26-35,Female,18.7,Net Banking,Verified
INV002207,2024-02-01,118636,sip,503,Madhya Pradesh,Indore,T30,26-35,Female,6.6,Net Banking,Verified
INV003146,2024-02-01,118632,sip,2243,Rajasthan,Udaipur,B30,26-35,Male,20.2,Net Banking,Verified
INV001773,2024-02-01,101207,sip,421,Punjab,Chandigarh,T30,26-35,Male,21.4,Cheque,Verified
INV004367,2024-02-01,100033,lumpsum,75474,Karnataka,Mysore,B30,26-35,Female,8.3,Cheque,Verified
INV002909,2024-02-01,148567,sip,26597,Rajasthan,Udaipur,B30,36-45,Male,44.1,Net Banking,Verified
INV002531,2024-02-01,102885,sip,11601,Rajasthan,Udaipur,B30,36-45,Female,50.4,Cheque,Verified
INV003780,2024-02-01,120507,sip,4775,Haryana,Faridabad,B30,26-35,Male,10.1,UPI,Verified
INV003945,2024-02-01,118635,sip,51122,Gujarat,Ahmedabad,T30,46-55,Female,48.3,Cheque,Verified
INV001021,2024-02-01,148567,lumpsum,85032,Maharashtra,Mumbai,T30,56+,Male,50.5,Cheque,Verified
INV001701,2024-02-01,119094,lumpsum,364218,Karnataka,Mysore,B30,26-35,Female,24.4,Net Banking,Verified
INV000604,2024-02-01,101208,sip,12069,Karnataka,Bangalore,T30,26-35,Male,9.5,UPI,Verified
INV002889,2024-02-01,120505,redemption,219826,West Bengal,Kolkata,T30,26-35,Male,12.6,Mandate,Verified
INV001827,2024-02-01,119552,sip,58642,Haryana,Faridabad,B30,36-45,Female,54.3,Mandate,Verified
INV004994,2024-02-01,119598,lumpsum,356045,Delhi,New Delhi,T30,36-45,Male,31.9,Net Banking,Verified
INV000312,2024-02-02,119093,sip,1633,Gujarat,Ahmedabad,T30,18-25,Male,7.1,Cheque,Verified
INV004032,2024-02-02,100016,redemption,161670,West Bengal,Kolkata,T30,46-55,Male,55.5,UPI,Verified
INV002042,2024-02-02,148568,lumpsum,19162,Tamil Nadu,Chennai,T30,26-35,Female,10.0,Mandate,Verified
INV004045,2024-02-02,125498,sip,6379,Madhya Pradesh,Indore,T30,18-25,Male,4.2,Mandate,Verified
INV000115,2024-02-02,118633,sip,15279,Tamil Nadu,Coimbatore,B30,36-45,Male,16.6,Cheque,Verified
INV002039,2024-02-02,100016,sip,28049,Madhya Pradesh,Bhopal,B30,46-55,Male,17.3,Mandate,Verified
INV001670,2024-02-02,120504,lumpsum,265943,West Bengal,Kolkata,T30,26-35,Male,16.5,UPI,Verified
INV001965,2024-02-02,148568,lumpsum,369985,Telangana,Hyderabad,T30,56+,Male,24.6,UPI,Verified
INV000335,2024-02-02,149322,sip,2817,Maharashtra,Mumbai,T30,26-35,Male,11.6,Net Banking,Verified
INV000033,2024-02-02,100016,lumpsum,482232,Delhi,New Delhi,T30,36-45,Female,12.4,UPI,Verified
INV004978,2024-02-02,118634,redemption,60144,Uttar Pradesh,Lucknow,T30,46-55,Male,34.3,Net Banking,Verified
INV002691,2024-02-02,148567,sip,439,Tamil Nadu,Coimbatore,B30,26-35,Female,20.6,Mandate,Verified
INV000726,2024-02-02,119551,sip,895,Punjab,Chandigarh,T30,26-35,Male,21.1,Mandate,Verified
INV000491,2024-02-02,118636,sip,472,Madhya Pradesh,Indore,T30,56+,Male,58.2,Net Banking,Verified
INV003626,2024-02-02,120844,lumpsum,369525,Madhya Pradesh,Indore,T30,26-35,Male,23.5,Net Banking,Verified
INV003865,2024-02-02,102886,sip,28552,Gujarat,Ahmedabad,T30,18-25,Female,3.3,Net Banking,Verified
INV004273,2024-02-02,120844,sip,29191,Haryana,Faridabad,B30,26-35,Male,17.5,Cheque,Verified
INV000491,2024-02-02,119095,redemption,343126,Madhya Pradesh,Indore,T30,56+,Male,58.2,Mandate,Verified
INV004439,2024-02-02,119095,sip,25252,Haryana,Faridabad,B30,26-35,Male,8.6,UPI,Verified
INV004295,2024-02-02,120844,lumpsum,410857,Karnataka,Bangalore,T30,36-45,Male,50.6,Mandate,Verified
INV001279,2024-02-02,118632,sip,1040,Karnataka,Bangalore,T30,46-55,Male,76.7,Mandate,Verified
INV001625,2024-02-02,100016,lumpsum,417147,Uttar Pradesh,Kanpur,B30,46-55,Female,78.2,UPI,Verified
INV000822,2024-02-02,119552,sip,48975,Punjab,Amritsar,B30,26-35,Male,9.2,Net Banking,Verified
INV004125,2024-02-02,100033,sip,17076,Gujarat,Surat,T30,26-35,Male,9.4,Cheque,Verified
INV002343,2024-02-02,119598,sip,1612,Punjab,Amritsar,B30,26-35,Male,22.1,Net Banking,Pending
INV004191,2024-02-02,119552,redemption,20497,Maharashtra,Nashik,B30,26-35,Female,19.5,UPI,Verified
INV001236,2024-02-02,149323,sip,17199,Telangana,Hyderabad,T30,46-55,Male,93.7,Cheque,Verified
INV001980,2024-02-02,119092,sip,436,Tamil Nadu,Chennai,T30,26-35,Female,21.1,Net Banking,Verified
INV004125,2024-02-02,119599,sip,1056,Gujarat,Surat,T30,26-35,Male,9.4,Net Banking,Verified
INV002093,2024-02-02,119551,lumpsum,408867,Punjab,Chandigarh,T30,26-35,Male,14.7,Cheque,Verified
INV003406,2024-02-02,118634,sip,16834,Madhya Pradesh,Bhopal,B30,26-35,Male,21.2,Cheque,Verified
INV002753,2024-02-02,102887,sip,27471,Uttar Pradesh,Lucknow,T30,26-35,Female,21.2,Cheque,Verified
INV000085,2024-02-02,119120,sip,1742,Gujarat,Surat,T30,26-35,Female,14.6,Net Banking,Verified
INV001390,2024-02-02,120504,sip,9626,Haryana,Gurugram,T30,26-35,Female,13.0,Cheque,Verified
INV004585,2024-02-02,119092,lumpsum,200913,Punjab,Amritsar,B30,18-25,Female,4.5,Mandate,Verified
INV003189,2024-02-02,149324,sip,2338,Tamil Nadu,Chennai,T30,36-45,Female,44.6,UPI,Verified
INV000420,2024-02-02,119599,sip,15774,Haryana,Gurugram,T30,26-35,Male,11.7,UPI,Verified
INV001221,2024-02-02,102886,sip,487,Delhi,New Delhi,T30,26-35,Female,22.4,Mandate,Verified
INV002139,2024-02-02,149323,lumpsum,436205,Haryana,Gurugram,T30,36-45,Female,28.6,Net Banking,Pending
INV003407,2024-02-02,148569,redemption,404789,West Bengal,Kolkata,T30,26-35,Male,6.7,Mandate,Verified
INV000158,2024-02-02,100025,redemption,477752,Madhya Pradesh,Bhopal,B30,36-45,Male,26.1,Net Banking,Verified
INV003410,2024-02-02,125497,lumpsum,213612,Madhya Pradesh,Indore,T30,26-35,Male,7.7,Net Banking,Verified
INV000846,2024-02-02,101207,sip,581,Rajasthan,Udaipur,B30,26-35,Female,21.7,UPI,Verified
INV000394,2024-02-02,119552,sip,6343,Maharashtra,Mumbai,T30,26-35,Male,12.2,UPI,Verified
INV004947,2024-02-02,118635,sip,27356,Telangana,Hyderabad,T30,26-35,Female,19.7,Net Banking,Verified
INV004617,2024-02-02,119092,sip,4686,Karnataka,Bangalore,T30,26-35,Male,22.1,Cheque,Pending
INV001754,2024-02-02,149324,lumpsum,461605,Maharashtra,Nashik,B30,46-55,Female,56.1,Cheque,Verified
INV000551,2024-02-02,119599,redemption,165830,Maharashtra,Nashik,B30,26-35,Female,13.2,UPI,Verified
INV001702,2024-02-02,120505,sip,406,Rajasthan,Udaipur,B30,26-35,Male,9.9,Cheque,Verified
INV002088,2024-02-02,102885,sip,12627,Rajasthan,Jaipur,T30,46-55,Female,43.7,UPI,Verified
INV001978,2024-02-02,118634,lumpsum,468442,Telangana,Hyderabad,T30,36-45,Male,15.5,Cheque,Verified
INV000921,2024-02-02,120843,redemption,51266,Rajasthan,Jaipur,T30,26-35,Male,14.6,Cheque,Verified
INV001478,2024-02-02,118633,lumpsum,175155,Maharashtra,Mumbai,T30,36-45,Male,24.2,Cheque,Verified
INV004231,2024-02-02,120506,sip,2067,West Bengal,Kolkata,T30,56+,Male,17.5,Mandate,Verified
INV000954,2024-02-02,118634,lumpsum,461329,Haryana,Faridabad,B30,26-35,Female,8.3,UPI,Verified
INV004161,2024-02-02,119599,redemption,212940,Telangana,Hyderabad,T30,46-55,Male,94.7,Net Banking,Verified
INV004128,2024-02-02,119094,sip,46742,Haryana,Faridabad,B30,18-25,Male,3.3,Cheque,Pending
INV002794,2024-02-02,120843,lumpsum,211129,Madhya Pradesh,Bhopal,B30,56+,Male,39.9,Net Banking,Verified
INV003228,2024-02-02,118632,sip,2452,Madhya Pradesh,Bhopal,B30,26-35,Male,20.0,Net Banking,Pending
INV004363,2024-02-02,101206,sip,22359,Delhi,Noida,T30,26-35,Male,20.5,Mandate,Verified
INV001700,2024-02-02,120505,sip,556,Maharashtra,Mumbai,T30,46-55,Male,88.3,Cheque,Verified
INV000721,2024-02-02,120507,lumpsum,60411,Maharashtra,Nashik,B30,36-45,Male,59.1,Net Banking,Verified
INV001001,2024-02-02,120503,redemption,400385,Madhya Pradesh,Indore,T30,26-35,Female,20.7,Cheque,Pending
INV002240,2024-02-02,149324,sip,2152,Haryana,Faridabad,B30,26-35,Male,24.7,Net Banking,Verified
INV004791,2024-02-02,125497,sip,8595,Telangana,Hyderabad,T30,18-25,Female,4.6,Cheque,Verified
INV003097,2024-02-02,120841,sip,4328,Punjab,Chandigarh,T30,26-35,Male,21.5,Net Banking,Verified
INV004427,2024-02-02,125497,sip,917,Punjab,Amritsar,B30,36-45,Female,54.2,Net Banking,Verified
INV000414,2024-02-02,119092,sip,11804,Tamil Nadu,Chennai,T30,36-45,Male,21.9,Cheque,Verified
INV000167,2024-02-02,119598,sip,8231,Gujarat,Ahmedabad,T30,56+,Male,55.3,Net Banking,Verified
INV000468,2024-02-02,118633,sip,3014,Uttar Pradesh,Agra,B30,36-45,Male,23.5,Mandate,Verified
INV000372,2024-02-02,120841,redemption,76003,Gujarat,Surat,T30,36-45,Male,12.4,Net Banking,Verified
INV000654,2024-02-02,125498,redemption,357098,Rajasthan,Udaipur,B30,18-25,Female,7.9,UPI,Verified
INV004231,2024-02-02,119599,lumpsum,51328,West Bengal,Kolkata,T30,56+,Male,17.5,UPI,Verified
INV002643,2024-02-03,120506,sip,1608,Telangana,Hyderabad,T30,36-45,Male,29.2,UPI,Verified
INV002274,2024-02-03,120506,lumpsum,330925,Tamil Nadu,Coimbatore,B30,18-25,Female,6.9,Cheque,Verified
INV002483,2024-02-03,101206,sip,2124,Delhi,New Delhi,T30,46-55,Female,60.8,Cheque,Verified
INV004517,2024-02-03,148569,sip,2235,West Bengal,Kolkata,T30,46-55,Female,68.5,Cheque,Verified
INV000933,2024-02-03,148568,redemption,193707,Rajasthan,Jaipur,T30,36-45,Female,14.9,Mandate,Verified
INV001332,2024-02-03,148567,sip,2415,Uttar Pradesh,Agra,B30,26-35,Female,19.9,Net Banking,Verified
INV002350,2024-02-03,101206,lumpsum,279794,Tamil Nadu,Chennai,T30,26-35,Male,23.0,Cheque,Verified
INV001869,2024-02-03,125497,lumpsum,253474,Uttar Pradesh,Lucknow,T30,46-55,Male,30.6,Net Banking,Verified
INV004374,2024-02-03,125498,redemption,472723,Maharashtra,Nashik,B30,36-45,Female,16.5,Cheque,Verified
INV003146,2024-02-03,101207,sip,470,Rajasthan,Udaipur,B30,26-35,Male,20.2,Mandate,Verified
INV002130,2024-02-03,118635,redemption,92351,Maharashtra,Pune,T30,46-55,Male,22.5,Cheque,Pending
INV000565,2024-02-03,119552,sip,5770,Uttar Pradesh,Agra,B30,26-35,Male,18.8,UPI,Verified
INV004625,2024-02-03,102885,sip,2388,Tamil Nadu,Coimbatore,B30,18-25,Male,6.6,Cheque,Verified
INV001891,2024-02-03,102886,sip,7442,West Bengal,Kolkata,T30,26-35,Male,22.2,Cheque,Pending
INV003895,2024-02-03,119551,sip,11482,Maharashtra,Nashik,B30,26-35,Male,14.2,Mandate,Verified
INV001130,2024-02-03,119552,redemption,364385,Rajasthan,Jaipur,T30,18-25,Female,3.2,Net Banking,Verified
INV002157,2024-02-03,102885,sip,8542,Punjab,Chandigarh,T30,26-35,Male,16.9,Mandate,Verified
INV000407,2024-02-03,148568,sip,2957,Tamil Nadu,Coimbatore,B30,36-45,Male,32.8,Cheque,Verified
INV004587,2024-02-03,118634,lumpsum,142643,Uttar Pradesh,Kanpur,B30,18-25,Male,4.0,Net Banking,Verified
INV002260,2024-02-03,102885,sip,14226,Telangana,Hyderabad,T30,26-35,Female,10.1,UPI,Verified
INV002161,2024-02-03,148567,lumpsum,98780,Maharashtra,Nashik,B30,26-35,Male,11.4,Cheque,Verified
INV003106,2024-02-03,101207,lumpsum,247118,Madhya Pradesh,Bhopal,B30,36-45,Male,57.7,Net Banking,Verified
INV003793,2024-02-03,102887,sip,11663,Delhi,New Delhi,T30,46-55,Male,94.3,Net Banking,Verified
INV004524,2024-02-03,149323,sip,2278,Gujarat,Surat,T30,18-25,Male,4.3,Net Banking,Verified
INV001310,2024-02-03,119095,sip,27954,Telangana,Hyderabad,T30,46-55,Male,83.6,Cheque,Verified
INV003517,2024-02-03,119552,sip,5201,Gujarat,Ahmedabad,T30,26-35,Male,16.6,UPI,Pending
INV004840,2024-02-03,125497,redemption,346543,Maharashtra,Pune,T30,18-25,Male,6.5,UPI,Verified
INV001557,2024-02-03,125497,lumpsum,291579,Haryana,Gurugram,T30,26-35,Female,10.5,Mandate,Verified
INV004518,2024-02-03,102886,sip,7874,Uttar Pradesh,Lucknow,T30,26-35,Female,24.4,Cheque,Verified
INV000079,2024-02-03,102887,lumpsum,300758,Gujarat,Surat,T30,26-35,Male,17.0,Mandate,Verified
INV003889,2024-02-03,125498,sip,5595,Rajasthan,Udaipur,B30,46-55,Male,42.6,Net Banking,Verified
INV003320,2024-02-03,118632,lumpsum,532796,Tamil Nadu,Coimbatore,B30,56+,Male,73.7,Cheque,Verified
INV000539,2024-02-03,149323,sip,2128,Haryana,Faridabad,B30,26-35,Female,13.4,Cheque,Verified
INV000573,2024-02-03,120506,sip,2252,Madhya Pradesh,Bhopal,B30,56+,Female,38.5,Cheque,Verified
INV003499,2024-02-03,119598,sip,14358,Karnataka,Mysore,B30,18-25,Male,4.7,Net Banking,Verified
INV000920,2024-02-03,119598,sip,48288,Delhi,Gurugram,T30,56+,Male,19.8,Mandate,Verified
INV000460,2024-02-03,119094,redemption,415677,Delhi,Noida,T30,36-45,Male,47.1,UPI,Verified
INV000825,2024-02-03,149323,sip,11062,Madhya Pradesh,Bhopal,B30,18-25,Female,5.5,Cheque,Pending
INV004112,2024-02-03,148569,sip,8494,Madhya Pradesh,Bhopal,B30,46-55,Male,30.0,Net Banking,Pending
INV000278,2024-02-03,100025,redemption,6023,Rajasthan,Jaipur,T30,26-35,Male,22.1,Net Banking,Verified
INV002113,2024-02-03,120504,sip,5258,Maharashtra,Nashik,B30,26-35,Male,21.6,UPI,Verified
INV002385,2024-02-03,120503,sip,2274,Punjab,Chandigarh,T30,26-35,Male,21.9,UPI,Verified
INV001771,2024-02-03,120506,lumpsum,463925,Gujarat,Surat,T30,46-55,Male,85.9,Cheque,Verified
INV003495,2024-02-03,148567,sip,23833,West Bengal,Kolkata,T30,26-35,Female,22.9,Net Banking,Verified
INV000733,2024-02-03,101208,lumpsum,478815,Uttar Pradesh,Lucknow,T30,18-25,Male,3.9,Net Banking,Verified
INV003455,2024-02-03,118633,redemption,338431,Tamil Nadu,Coimbatore,B30,46-55,Male,40.2,UPI,Verified
INV002635,2024-02-03,120843,lumpsum,43368,Telangana,Hyderabad,T30,18-25,Male,3.8,Mandate,Verified
INV004058,2024-02-03,118635,sip,23831,Tamil Nadu,Chennai,T30,26-35,Male,22.5,Mandate,Verified
INV003880,2024-02-03,119552,sip,4917,Gujarat,Surat,T30,26-35,Male,9.6,Net Banking,Verified
INV002834,2024-02-03,120844,sip,4448,West Bengal,Kolkata,T30,18-25,Male,6.9,Cheque,Verified
INV002495,2024-02-03,101206,lumpsum,13563,Maharashtra,Nashik,B30,26-35,Male,6.6,Net Banking,Verified
INV001314,2024-02-03,102885,sip,8447,Gujarat,Ahmedabad,T30,26-35,Female,19.2,UPI,Verified
INV004114,2024-02-03,119551,redemption,20109,Tamil Nadu,Coimbatore,B30,26-35,Male,9.4,Net Banking,Verified
INV001304,2024-02-03,119095,lumpsum,110502,Gujarat,Ahmedabad,T30,26-35,Male,21.8,UPI,Verified
INV004015,2024-02-03,120844,sip,2379,Maharashtra,Mumbai,T30,18-25,Female,7.6,Mandate,Verified
INV001783,2024-02-03,119094,lumpsum,51068,Madhya Pradesh,Bhopal,B30,36-45,Female,52.6,Mandate,Verified
INV001673,2024-02-03,119093,sip,2211,West Bengal,Kolkata,T30,26-35,Male,23.0,Cheque,Verified
INV004741,2024-02-03,120503,redemption,372563,Telangana,Hyderabad,T30,26-35,Female,24.9,Cheque,Verified
INV002935,2024-02-03,148569,lumpsum,50123,Madhya Pradesh,Indore,T30,18-25,Male,5.6,Net Banking,Verified
INV003553,2024-02-03,120503,sip,8665,Punjab,Amritsar,B30,36-45,Male,33.0,UPI,Verified
INV003439,2024-02-03,101208,sip,20476,West Bengal,Kolkata,T30,18-25,Female,3.9,Net Banking,Verified
INV003521,2024-02-03,119095,lumpsum,248840,Rajasthan,Jaipur,T30,46-55,Male,95.4,Cheque,Verified
INV002459,2024-02-03,119094,sip,2795,Rajasthan,Udaipur,B30,18-25,Female,5.2,UPI,Pending
INV003920,2024-02-03,102886,lumpsum,311900,Punjab,Chandigarh,T30,26-35,Male,20.3,UPI,Verified
INV000392,2024-02-03,148568,redemption,253978,Gujarat,Surat,T30,26-35,Female,16.6,Cheque,Verified
INV001423,2024-02-03,119598,sip,8896,Madhya Pradesh,Bhopal,B30,18-25,Female,7.7,UPI,Verified
INV000550,2024-02-03,101206,sip,1613,Rajasthan,Udaipur,B30,26-35,Male,6.7,Net Banking,Verified
INV004041,2024-02-03,120503,sip,47617,Telangana,Hyderabad,T30,36-45,Male,51.1,Cheque,Verified
INV001977,2024-02-03,101206,sip,21702,Punjab,Amritsar,B30,18-25,Female,3.3,UPI,Verified
INV001814,2024-02-03,100016,lumpsum,368838,West Bengal,Kolkata,T30,26-35,Female,6.9,UPI,Verified
INV000941,2024-02-03,149323,redemption,200293,Rajasthan,Udaipur,B30,26-35,Male,7.2,Mandate,Verified
INV002083,2024-02-03,101206,sip,2107,Gujarat,Surat,T30,26-35,Male,21.2,UPI,Verified
INV004411,2024-02-03,119552,sip,42733,Maharashtra,Mumbai,T30,26-35,Female,13.8,Mandate,Verified
INV004448,2024-02-03,119094,sip,12486,Karnataka,Mysore,B30,26-35,Male,20.3,Net Banking,Verified
INV001235,2024-02-03,119093,sip,1794,Haryana,Faridabad,B30,26-35,Male,19.3,Cheque,Verified
INV002901,2024-02-03,148568,sip,415,Delhi,Noida,T30,26-35,Male,17.4,UPI,Verified
INV000906,2024-02-03,120505,lumpsum,83611,Maharashtra,Mumbai,T30,26-35,Male,20.7,Net Banking,Verified
INV003437,2024-02-03,148567,redemption,51035,Punjab,Amritsar,B30,46-55,Female,51.0,Net Banking,Verified
INV004375,2024-02-03,149324,lumpsum,255909,Madhya Pradesh,Bhopal,B30,26-35,Male,17.7,Mandate,Verified
INV000597,2024-02-03,120507,sip,29105,Gujarat,Surat,T30,46-55,Male,48.6,Cheque,Verified
INV000199,2024-02-04,101207,redemption,16153,Telangana,Hyderabad,T30,36-45,Female,15.7,Mandate,Verified
INV002430,2024-02-04,119598,sip,1918,Madhya Pradesh,Bhopal,B30,26-35,Male,16.2,Cheque,Verified
INV002547,2024-02-04,119552,sip,2034,Haryana,Gurugram,T30,26-35,Male,7.3,Mandate,Verified
INV001578,2024-02-04,119094,sip,3049,Punjab,Amritsar,B30,26-35,Female,19.6,Cheque,Verified
INV003215,2024-02-04,118634,sip,13471,Gujarat,Surat,T30,26-35,Female,20.9,Mandate,Verified
INV004593,2024-02-04,120503,lumpsum,104257,Punjab,Amritsar,B30,26-35,Male,13.7,Mandate,Verified
INV000427,2024-02-04,118633,sip,24006,Punjab,Amritsar,B30,56+,Female,18.6,Mandate,Verified
INV000601,2024-02-04,119093,sip,1032,Rajasthan,Jaipur,T30,46-55,Male,52.6,UPI,Verified
INV002189,2024-02-04,119598,redemption,547326,Uttar Pradesh,Lucknow,T30,36-45,Male,37.4,Cheque,Verified
INV000530,2024-02-04,101207,sip,45394,West Bengal,Kolkata,T30,18-25,Male,5.3,Cheque,Verified
INV002208,2024-02-04,102887,lumpsum,128303,Punjab,Chandigarh,T30,56+,Male,61.1,Net Banking,Verified
INV000217,2024-02-04,149322,sip,23779,Tamil Nadu,Chennai,T30,56+,Male,50.1,Mandate,Verified
INV001375,2024-02-04,125497,sip,891,Haryana,Gurugram,T30,18-25,Male,6.3,Net Banking,Verified
INV004509,2024-02-04,118634,sip,577,Uttar Pradesh,Lucknow,T30,26-35,Female,20.3,Cheque,Verified
INV001026,2024-02-04,119093,sip,595,Haryana,Gurugram,T30,26-35,Male,12.1,Net Banking,Verified
INV002888,2024-02-04,149323,redemption,33098,Rajasthan,Udaipur,B30,26-35,Male,9.2,Mandate,Verified
INV001985,2024-02-04,120844,sip,52807,Gujarat,Surat,T30,36-45,Male,46.6,Mandate,Verified
INV002762,2024-02-04,119552,sip,13125,Rajasthan,Udaipur,B30,26-35,Female,21.9,UPI,Pending
INV004608,2024-02-04,102887,sip,426,Karnataka,Bangalore,T30,26-35,Female,23.3,Mandate,Verified
INV003206,2024-02-04,119599,sip,8094,Gujarat,Ahmedabad,T30,26-35,Male,24.1,UPI,Verified
INV004797,2024-02-04,148568,lumpsum,111473,Gujarat,Ahmedabad,T30,56+,Male,18.9,UPI,Verified
INV004471,2024-02-04,120504,sip,7699,Delhi,New Delhi,T30,26-35,Female,20.2,Mandate,Verified
INV000082,2024-02-04,118632,sip,8988,Rajasthan,Udaipur,B30,26-35,Female,19.6,Net Banking,Verified
INV002540,2024-02-04,120507,sip,1027,Uttar Pradesh,Agra,B30,26-35,Male,10.8,UPI,Verified
INV002077,2024-02-04,149324,sip,1957,West Bengal,Kolkata,T30,18-25,Female,6.3,Net Banking,Verified
INV001501,2024-02-04,118636,sip,52506,Punjab,Amritsar,B30,26-35,Male,11.3,Cheque,Verified
INV000308,2024-02-04,119120,sip,4679,West Bengal,Kolkata,T30,36-45,Male,52.4,Net Banking,Verified
INV001055,2024-02-04,118633,redemption,90945,Haryana,Gurugram,T30,26-35,Female,17.6,Net Banking,Verified
INV003509,2024-02-04,119599,redemption,207616,Haryana,Gurugram,T30,36-45,Male,14.5,Mandate,Verified
INV001874,2024-02-04,100016,redemption,158701,Telangana,Hyderabad,T30,36-45,Male,21.3,UPI,Verified
INV001052,2024-02-04,119120,sip,10344,Karnataka,Mysore,B30,26-35,Female,8.6,Cheque,Verified
INV001440,2024-02-04,120505,sip,59176,West Bengal,Kolkata,T30,26-35,Male,11.3,Mandate,Verified
INV002637,2024-02-04,119120,sip,10350,Telangana,Hyderabad,T30,26-35,Male,14.4,UPI,Verified
INV003003,2024-02-04,101207,sip,2273,West Bengal,Kolkata,T30,18-25,Female,3.1,Cheque,Verified
INV003402,2024-02-04,119095,redemption,387350,Telangana,Hyderabad,T30,26-35,Male,20.5,Net Banking,Verified
INV003575,2024-02-04,118632,sip,11511,West Bengal,Kolkata,T30,18-25,Male,4.7,Net Banking,Verified
INV002494,2024-02-04,149323,lumpsum,225255,Delhi,Noida,T30,46-55,Male,40.0,Cheque,Verified
INV002747,2024-02-04,101207,lumpsum,277189,Haryana,Faridabad,B30,46-55,Male,34.0,Mandate,Verified
INV002903,2024-02-04,119598,sip,5656,Madhya Pradesh,Indore,T30,36-45,Male,45.0,Mandate,Verified
INV002746,2024-02-04,119551,sip,971,Delhi,Noida,T30,26-35,Male,23.2,Cheque,Verified
INV001281,2024-02-04,101207,sip,6310,Telangana,Hyderabad,T30,18-25,Male,7.9,Mandate,Verified
INV004322,2024-02-04,120506,sip,11124,Tamil Nadu,Chennai,T30,26-35,Female,19.8,Cheque,Verified
INV003396,2024-02-04,118636,sip,5743,Karnataka,Mysore,B30,26-35,Male,23.4,UPI,Pending
INV003592,2024-02-04,120504,lumpsum,233610,Madhya Pradesh,Indore,T30,56+,Female,27.6,Net Banking,Verified
INV003248,2024-02-04,149323,lumpsum,125839,Karnataka,Mysore,B30,26-35,Male,6.5,Mandate,Verified
INV004075,2024-02-04,118635,sip,7599,Rajasthan,Jaipur,T30,36-45,Male,56.5,Cheque,Verified
INV001092,2024-02-04,125498,sip,5426,Haryana,Gurugram,T30,26-35,Male,14.9,Net Banking,Verified
INV004977,2024-02-04,148568,redemption,433488,Gujarat,Surat,T30,18-25,Male,5.4,Mandate,Verified
INV001070,2024-02-04,100033,redemption,107685,Tamil Nadu,Coimbatore,B30,26-35,Male,11.9,UPI,Verified
INV004553,2024-02-04,120842,sip,17688,Tamil Nadu,Coimbatore,B30,26-35,Male,13.7,Net Banking,Verified
INV001738,2024-02-04,120506,redemption,381722,Karnataka,Bangalore,T30,36-45,Female,41.2,UPI,Verified
INV002774,2024-02-04,118634,sip,22224,Haryana,Gurugram,T30,36-45,Male,58.4,UPI,Verified
INV004701,2024-02-04,125497,sip,577,Haryana,Gurugram,T30,26-35,Male,7.3,Mandate,Verified
INV000558,2024-02-04,101208,redemption,204735,Punjab,Chandigarh,T30,56+,Female,22.1,Cheque,Verified
INV000235,2024-02-04,120505,redemption,10721,Delhi,New Delhi,T30,26-35,Male,8.5,Net Banking,Verified
INV004630,2024-02-04,119552,sip,5964,Madhya Pradesh,Bhopal,B30,26-35,Female,6.3,Mandate,Verified
INV004987,2024-02-04,120503,sip,24694,Telangana,Hyderabad,T30,46-55,Male,37.1,Mandate,Verified
INV003219,2024-02-04,148568,lumpsum,357929,Maharashtra,Pune,T30,46-55,Male,57.8,Cheque,Verified
INV003758,2024-02-04,120507,redemption,195851,Maharashtra,Pune,T30,26-35,Female,11.2,Net Banking,Verified
INV003954,2024-02-04,101207,sip,2220,Rajasthan,Udaipur,B30,26-35,Male,7.1,Net Banking,Verified
INV003448,2024-02-04,125497,sip,2571,Rajasthan,Udaipur,B30,26-35,Male,16.4,Net Banking,Verified
INV000978,2024-02-04,102885,sip,3416,West Bengal,Kolkata,T30,26-35,Male,18.6,Mandate,Verified
INV003992,2024-02-04,125498,sip,420,Madhya Pradesh,Bhopal,B30,46-55,Female,86.8,Cheque,Verified
INV002162,2024-02-04,120504,sip,8820,Madhya Pradesh,Indore,T30,46-55,Male,40.2,Cheque,Verified
INV001215,2024-02-04,149323,sip,9930,Haryana,Gurugram,T30,36-45,Female,39.3,Net Banking,Verified
INV000770,2024-02-04,118633,redemption,42493,Maharashtra,Mumbai,T30,36-45,Male,43.0,Mandate,Verified
INV001748,2024-02-04,119094,redemption,71501,Gujarat,Ahmedabad,T30,36-45,Female,16.2,UPI,Verified
INV002298,2024-02-04,119552,lumpsum,101163,Maharashtra,Nashik,B30,56+,Male,45.3,Cheque,Verified
INV000100,2024-02-04,101206,sip,2702,Rajasthan,Udaipur,B30,56+,Male,57.2,UPI,Verified
INV003588,2024-02-04,119095,redemption,261162,Gujarat,Ahmedabad,T30,36-45,Female,29.3,Mandate,Verified
INV000104,2024-02-04,119598,redemption,431406,Madhya Pradesh,Indore,T30,26-35,Male,8.1,Cheque,Verified
INV001087,2024-02-04,148568,sip,7434,Rajasthan,Udaipur,B30,26-35,Female,20.6,Net Banking,Pending
INV000649,2024-02-05,120505,lumpsum,382850,Tamil Nadu,Chennai,T30,36-45,Male,27.3,Mandate,Verified
INV003733,2024-02-05,120505,sip,495,Telangana,Hyderabad,T30,26-35,Male,12.6,Mandate,Verified
INV004598,2024-02-05,125497,sip,3333,Tamil Nadu,Chennai,T30,46-55,Male,60.5,Mandate,Verified
INV002186,2024-02-05,120843,sip,868,Haryana,Faridabad,B30,18-25,Female,7.9,UPI,Pending
INV002165,2024-02-05,120844,lumpsum,382371,Telangana,Hyderabad,T30,46-55,Male,46.2,Mandate,Verified
INV003193,2024-02-05,120503,lumpsum,232787,Rajasthan,Jaipur,T30,36-45,Male,40.4,Cheque,Verified
INV002543,2024-02-05,120841,sip,6782,Madhya Pradesh,Indore,T30,18-25,Female,7.7,Mandate,Verified
INV003888,2024-02-05,102887,sip,26053,Telangana,Hyderabad,T30,56+,Female,8.6,UPI,Verified
INV004422,2024-02-05,120844,sip,3082,Karnataka,Bangalore,T30,36-45,Female,18.1,Mandate,Verified
INV001049,2024-02-05,120506,sip,8343,Madhya Pradesh,Indore,T30,36-45,Female,52.5,Mandate,Verified
INV002675,2024-02-05,149322,sip,1149,Uttar Pradesh,Agra,B30,36-45,Male,17.9,UPI,Verified
INV004338,2024-02-05,120841,sip,581,Maharashtra,Mumbai,T30,46-55,Female,82.5,Net Banking,Verified
INV000086,2024-02-05,101206,sip,6000,Karnataka,Mysore,B30,18-25,Female,4.1,Mandate,Verified
INV002276,2024-02-05,120507,sip,2502,Telangana,Hyderabad,T30,46-55,Male,88.0,Net Banking,Verified
INV003511,2024-02-05,149323,sip,5613,Haryana,Gurugram,T30,46-55,Male,36.8,UPI,Verified
INV000349,2024-02-05,120507,sip,1002,Maharashtra,Mumbai,T30,18-25,Female,3.8,Cheque,Verified
INV004926,2024-02-05,120506,lumpsum,272494,Karnataka,Mysore,B30,36-45,Male,45.3,UPI,Verified
INV002311,2024-02-05,120504,redemption,216346,Rajasthan,Udaipur,B30,36-45,Male,31.5,Mandate,Verified
INV003955,2024-02-05,125498,sip,5906,Gujarat,Ahmedabad,T30,26-35,Female,8.9,Net Banking,Verified
INV001837,2024-02-05,119120,redemption,73584,Uttar Pradesh,Agra,B30,18-25,Male,5.5,Net Banking,Verified
INV002622,2024-02-05,119095,lumpsum,41779,Karnataka,Mysore,B30,18-25,Female,4.0,UPI,Pending
INV004933,2024-02-05,101208,lumpsum,14143,Karnataka,Bangalore,T30,46-55,Female,65.3,Cheque,Verified
INV003190,2024-02-05,119598,redemption,17589,Punjab,Chandigarh,T30,26-35,Female,19.6,UPI,Verified
INV003977,2024-02-05,149322,lumpsum,385897,Rajasthan,Udaipur,B30,46-55,Male,77.8,Mandate,Verified
INV004374,2024-02-05,102887,lumpsum,314663,Maharashtra,Nashik,B30,36-45,Female,16.5,Mandate,Verified
INV001985,2024-02-05,102886,lumpsum,155130,Gujarat,Surat,T30,36-45,Male,46.6,Mandate,Verified
INV003748,2024-02-05,119120,sip,2182,Madhya Pradesh,Indore,T30,46-55,Male,66.4,UPI,Verified
INV000120,2024-02-05,120844,lumpsum,16981,Tamil Nadu,Chennai,T30,26-35,Male,24.4,UPI,Verified
INV004545,2024-02-05,100025,sip,1077,Madhya Pradesh,Indore,T30,26-35,Male,12.8,Net Banking,Verified
INV002420,2024-02-05,148567,redemption,261674,Karnataka,Mysore,B30,26-35,Female,6.4,Cheque,Verified
INV004813,2024-02-05,102887,sip,51978,West Bengal,Kolkata,T30,26-35,Male,13.9,Cheque,Verified
INV002143,2024-02-05,148569,lumpsum,90085,Uttar Pradesh,Lucknow,T30,26-35,Male,11.8,UPI,Verified
INV000769,2024-02-05,101206,redemption,556620,West Bengal,Kolkata,T30,36-45,Male,41.1,Mandate,Verified
INV003765,2024-02-05,100016,sip,6655,Uttar Pradesh,Kanpur,B30,26-35,Male,11.1,UPI,Verified
INV002323,2024-02-05,119092,sip,8521,West Bengal,Kolkata,T30,36-45,Female,33.7,UPI,Verified
INV004802,2024-02-05,101208,sip,50464,Uttar Pradesh,Kanpur,B30,26-35,Male,20.9,UPI,Verified
INV000893,2024-02-05,119095,sip,4668,Punjab,Chandigarh,T30,46-55,Male,35.3,Mandate,Verified
INV003591,2024-02-05,100033,lumpsum,293078,Haryana,Faridabad,B30,26-35,Female,8.8,Net Banking,Verified
INV003477,2024-02-05,120503,sip,2697,Delhi,Gurugram,T30,36-45,Female,23.1,Net Banking,Verified
INV003427,2024-02-05,120506,sip,21474,West Bengal,Kolkata,T30,18-25,Male,4.4,Net Banking,Verified
INV003427,2024-02-05,125498,lumpsum,423322,West Bengal,Kolkata,T30,18-25,Male,4.4,Mandate,Verified
INV000596,2024-02-05,149322,sip,499,Madhya Pradesh,Indore,T30,56+,Male,21.3,Net Banking,Verified
INV003716,2024-02-05,120507,sip,2086,Uttar Pradesh,Kanpur,B30,36-45,Male,37.7,Cheque,Pending
INV002654,2024-02-05,149323,sip,11150,Delhi,New Delhi,T30,36-45,Female,38.2,Net Banking,Verified
INV000235,2024-02-05,120844,lumpsum,337952,Delhi,New Delhi,T30,26-35,Male,8.5,Cheque,Verified
INV001694,2024-02-05,118632,sip,2051,Punjab,Amritsar,B30,46-55,Female,36.8,Net Banking,Verified
INV000851,2024-02-05,149322,sip,532,Tamil Nadu,Chennai,T30,36-45,Male,39.2,Cheque,Verified
INV001485,2024-02-05,119552,sip,2327,Rajasthan,Jaipur,T30,56+,Female,24.4,UPI,Pending
INV001154,2024-02-05,119093,sip,7739,Delhi,Noida,T30,36-45,Female,34.8,Mandate,Verified
INV001472,2024-02-05,125497,sip,5008,West Bengal,Kolkata,T30,18-25,Male,5.4,UPI,Verified
INV003907,2024-02-05,120842,redemption,342434,Gujarat,Surat,T30,46-55,Male,62.6,Mandate,Pending
INV003052,2024-02-05,101207,sip,2505,Karnataka,Mysore,B30,18-25,Female,7.0,UPI,Verified
INV004181,2024-02-05,148568,sip,54785,Uttar Pradesh,Lucknow,T30,26-35,Female,17.8,Cheque,Pending
INV003641,2024-02-05,120842,sip,6757,Telangana,Hyderabad,T30,26-35,Female,13.1,Net Banking,Verified
INV001402,2024-02-05,118634,lumpsum,402157,Tamil Nadu,Chennai,T30,26-35,Male,15.2,UPI,Verified
INV001316,2024-02-05,119552,sip,7622,Punjab,Chandigarh,T30,18-25,Male,7.3,Cheque,Verified
INV003045,2024-02-05,120505,redemption,215621,Telangana,Hyderabad,T30,26-35,Male,12.2,Cheque,Verified
INV004834,2024-02-05,118636,sip,46060,Delhi,New Delhi,T30,26-35,Male,20.0,Net Banking,Verified
INV001674,2024-02-05,100033,lumpsum,191424,Delhi,Noida,T30,26-35,Male,12.0,Mandate,Verified
INV004263,2024-02-05,120844,sip,44868,Delhi,Gurugram,T30,26-35,Female,9.6,UPI,Verified
INV004460,2024-02-05,120842,sip,862,Haryana,Gurugram,T30,26-35,Male,24.7,UPI,Verified
INV001680,2024-02-05,119120,sip,2074,Madhya Pradesh,Indore,T30,26-35,Male,22.8,Cheque,Verified
INV001232,2024-02-05,120843,redemption,425570,Uttar Pradesh,Agra,B30,46-55,Female,29.8,Cheque,Verified
INV004070,2024-02-06,149323,sip,2079,Maharashtra,Pune,T30,26-35,Male,13.8,UPI,Verified
INV004885,2024-02-06,119092,redemption,392476,Punjab,Amritsar,B30,26-35,Male,11.7,Cheque,Verified
INV001778,2024-02-06,100025,sip,1690,Maharashtra,Mumbai,T30,26-35,Male,9.7,Net Banking,Verified
INV001264,2024-02-06,120841,sip,14684,Madhya Pradesh,Indore,T30,26-35,Female,12.0,UPI,Verified
INV004650,2024-02-06,125498,sip,40747,Punjab,Chandigarh,T30,56+,Male,28.2,Net Banking,Verified
INV000764,2024-02-06,125497,sip,5723,Punjab,Chandigarh,T30,26-35,Male,15.6,Cheque,Verified
INV002466,2024-02-06,148567,sip,50584,Madhya Pradesh,Indore,T30,36-45,Male,36.9,Mandate,Verified
INV002389,2024-02-06,101206,sip,7234,Haryana,Faridabad,B30,36-45,Male,50.8,Mandate,Verified
INV002674,2024-02-06,148568,sip,5913,Karnataka,Mysore,B30,26-35,Female,7.4,Mandate,Verified
INV003778,2024-02-06,100025,lumpsum,331581,Tamil Nadu,Chennai,T30,36-45,Male,59.4,Cheque,Verified
INV003388,2024-02-06,125497,redemption,369552,Haryana,Faridabad,B30,56+,Female,39.3,UPI,Verified
INV003735,2024-02-06,102886,lumpsum,304314,Gujarat,Ahmedabad,T30,36-45,Female,13.9,Cheque,Verified
INV002712,2024-02-06,148567,sip,530,Karnataka,Bangalore,T30,46-55,Male,24.8,Net Banking,Verified
INV004009,2024-02-06,120844,lumpsum,405560,Gujarat,Ahmedabad,T30,18-25,Male,5.6,Cheque,Verified
INV002192,2024-02-06,120842,redemption,425823,Uttar Pradesh,Lucknow,T30,18-25,Male,6.9,Net Banking,Verified
INV001127,2024-02-06,102887,sip,17971,West Bengal,Kolkata,T30,26-35,Female,14.9,Mandate,Verified
INV004237,2024-02-06,119095,sip,22032,Haryana,Faridabad,B30,36-45,Male,14.1,Net Banking,Verified
INV004745,2024-02-06,118636,sip,2329,West Bengal,Kolkata,T30,18-25,Male,5.2,UPI,Verified
INV003382,2024-02-06,120506,lumpsum,183930,Karnataka,Bangalore,T30,26-35,Male,19.8,Net Banking,Verified
INV001954,2024-02-06,120844,sip,9193,Uttar Pradesh,Agra,B30,26-35,Male,15.6,Mandate,Verified
INV004474,2024-02-06,100033,redemption,105224,West Bengal,Kolkata,T30,46-55,Male,16.5,Net Banking,Verified
INV000829,2024-02-06,100033,sip,1144,West Bengal,Kolkata,T30,26-35,Female,23.1,Mandate,Verified
INV000093,2024-02-06,120842,redemption,298836,Maharashtra,Mumbai,T30,36-45,Female,59.0,Net Banking,Verified
INV003132,2024-02-06,102885,sip,2158,Maharashtra,Pune,T30,56+,Male,60.7,Net Banking,Verified
INV003488,2024-02-06,119599,sip,2502,Gujarat,Surat,T30,46-55,Male,37.3,Net Banking,Verified
INV004535,2024-02-06,120506,sip,2941,Gujarat,Surat,T30,26-35,Female,19.2,Net Banking,Verified
INV001377,2024-02-06,100033,sip,14512,Maharashtra,Mumbai,T30,56+,Female,64.7,UPI,Verified
INV002545,2024-02-06,100025,lumpsum,392434,Haryana,Faridabad,B30,36-45,Male,31.5,UPI,Verified
INV001773,2024-02-06,119551,sip,24097,Punjab,Chandigarh,T30,26-35,Male,21.4,UPI,Verified
INV003533,2024-02-06,119598,redemption,175228,Telangana,Hyderabad,T30,56+,Female,11.4,UPI,Verified
INV000623,2024-02-06,119552,lumpsum,118495,Tamil Nadu,Chennai,T30,46-55,Male,48.9,Cheque,Verified
INV003592,2024-02-06,148567,sip,584,Madhya Pradesh,Indore,T30,56+,Female,27.6,UPI,Verified
INV004349,2024-02-06,119094,lumpsum,363843,Haryana,Gurugram,T30,26-35,Female,9.3,Cheque,Verified
INV003459,2024-02-06,119599,redemption,372093,Karnataka,Mysore,B30,26-35,Female,23.5,Mandate,Verified
INV002107,2024-02-06,119551,lumpsum,214437,Telangana,Hyderabad,T30,26-35,Male,18.2,Mandate,Verified
INV000654,2024-02-06,120507,lumpsum,132356,Rajasthan,Udaipur,B30,18-25,Female,7.9,Cheque,Verified
INV002983,2024-02-06,102886,lumpsum,462016,Karnataka,Mysore,B30,18-25,Male,6.2,Cheque,Verified
INV004102,2024-02-06,148569,lumpsum,285638,Tamil Nadu,Coimbatore,B30,26-35,Female,6.6,Cheque,Verified
INV001102,2024-02-06,119552,sip,2659,West Bengal,Kolkata,T30,46-55,Male,22.2,Mandate,Verified
INV003437,2024-02-06,101208,sip,1125,Punjab,Amritsar,B30,46-55,Female,51.0,UPI,Verified
INV003321,2024-02-06,101208,sip,2948,Karnataka,Bangalore,T30,46-55,Male,22.5,Mandate,Pending
INV000478,2024-02-06,102887,lumpsum,324644,Gujarat,Surat,T30,36-45,Female,16.5,Mandate,Verified
INV002184,2024-02-06,148568,sip,20685,Uttar Pradesh,Agra,B30,36-45,Female,38.1,Mandate,Verified
INV001394,2024-02-06,102887,sip,8348,Karnataka,Bangalore,T30,56+,Male,42.9,Net Banking,Verified
INV004813,2024-02-06,120844,redemption,373619,West Bengal,Kolkata,T30,26-35,Male,13.9,Mandate,Verified
INV000547,2024-02-06,120844,redemption,68688,West Bengal,Kolkata,T30,26-35,Male,16.6,Cheque,Verified
INV003458,2024-02-06,100016,sip,6309,Gujarat,Surat,T30,36-45,Male,21.3,Mandate,Verified
INV000205,2024-02-06,119598,sip,13905,Haryana,Faridabad,B30,18-25,Male,4.4,UPI,Verified
INV001804,2024-02-06,102887,sip,25819,Punjab,Amritsar,B30,26-35,Male,20.1,Net Banking,Verified
INV003232,2024-02-06,149323,sip,20534,Maharashtra,Pune,T30,36-45,Female,30.9,Net Banking,Verified
INV000924,2024-02-06,118634,sip,523,Haryana,Gurugram,T30,36-45,Male,43.6,Net Banking,Verified
INV003844,2024-02-06,119552,lumpsum,230863,Maharashtra,Nashik,B30,26-35,Female,15.9,Net Banking,Pending
INV002611,2024-02-06,120503,lumpsum,322513,West Bengal,Kolkata,T30,26-35,Male,21.5,Mandate,Pending
INV001708,2024-02-06,120843,sip,17226,Haryana,Faridabad,B30,18-25,Male,7.7,Mandate,Pending
INV000196,2024-02-06,119120,lumpsum,349242,Tamil Nadu,Chennai,T30,26-35,Male,17.9,Mandate,Pending
INV004295,2024-02-06,118633,sip,6945,Karnataka,Bangalore,T30,36-45,Male,50.6,Cheque,Verified
INV000944,2024-02-06,120504,sip,6961,Haryana,Faridabad,B30,36-45,Female,16.9,Cheque,Verified
INV003449,2024-02-06,120843,lumpsum,248375,Gujarat,Ahmedabad,T30,56+,Male,10.0,Net Banking,Verified
INV001697,2024-02-06,148567,sip,2646,Haryana,Gurugram,T30,18-25,Male,5.4,UPI,Verified
INV003707,2024-02-06,119092,sip,20688,Telangana,Hyderabad,T30,36-45,Female,55.5,Net Banking,Verified
INV002941,2024-02-06,120842,sip,15219,Rajasthan,Udaipur,B30,36-45,Female,59.2,Net Banking,Verified
INV004294,2024-02-06,120841,redemption,44268,Punjab,Chandigarh,T30,56+,Female,76.0,UPI,Verified
INV000598,2024-02-06,120504,sip,22078,Karnataka,Bangalore,T30,26-35,Male,16.6,Net Banking,Verified
INV000882,2024-02-06,120841,sip,1139,Madhya Pradesh,Indore,T30,56+,Male,70.9,Cheque,Verified
INV001603,2024-02-06,120507,sip,11116,Uttar Pradesh,Agra,B30,46-55,Female,53.9,UPI,Verified
INV000076,2024-02-06,149323,sip,2615,Gujarat,Ahmedabad,T30,56+,Female,67.1,Mandate,Verified
INV003815,2024-02-07,101207,sip,11563,Gujarat,Surat,T30,36-45,Male,38.7,UPI,Verified
INV003077,2024-02-07,120504,sip,8989,Tamil Nadu,Coimbatore,B30,18-25,Female,4.6,Cheque,Verified
INV000717,2024-02-07,119551,sip,14561,Tamil Nadu,Chennai,T30,46-55,Male,44.9,Cheque,Verified
INV001005,2024-02-07,120841,sip,8425,Karnataka,Bangalore,T30,46-55,Male,84.6,Mandate,Verified
INV004247,2024-02-07,120843,redemption,307363,Tamil Nadu,Chennai,T30,18-25,Male,4.9,Net Banking,Verified
INV004324,2024-02-07,119598,sip,16930,Madhya Pradesh,Indore,T30,36-45,Male,42.4,UPI,Verified
INV000796,2024-02-07,119598,sip,6226,Madhya Pradesh,Indore,T30,18-25,Male,5.0,UPI,Verified
INV003903,2024-02-07,149323,sip,556,Karnataka,Mysore,B30,18-25,Female,6.6,Mandate,Verified
INV000006,2024-02-07,102885,sip,8440,Madhya Pradesh,Bhopal,B30,46-55,Female,43.0,Cheque,Verified
INV002509,2024-02-07,120843,sip,1750,Maharashtra,Mumbai,T30,36-45,Female,19.9,UPI,Verified
INV004659,2024-02-07,120504,sip,13039,West Bengal,Kolkata,T30,18-25,Female,3.3,Mandate,Verified
INV001743,2024-02-07,100016,lumpsum,467295,Telangana,Hyderabad,T30,26-35,Male,23.5,Net Banking,Verified
INV001768,2024-02-07,118635,redemption,182986,Madhya Pradesh,Bhopal,B30,26-35,Female,14.1,Mandate,Verified
INV000131,2024-02-07,119093,lumpsum,429819,Telangana,Hyderabad,T30,36-45,Female,16.8,Mandate,Verified
INV002319,2024-02-07,148569,lumpsum,429375,Karnataka,Mysore,B30,26-35,Male,8.7,Cheque,Verified
INV002779,2024-02-07,119551,lumpsum,375789,Uttar Pradesh,Lucknow,T30,26-35,Male,10.4,UPI,Verified
INV003781,2024-02-07,118633,sip,10935,Tamil Nadu,Coimbatore,B30,26-35,Male,15.8,Mandate,Verified
INV003958,2024-02-07,120507,sip,406,Haryana,Faridabad,B30,18-25,Male,6.6,Cheque,Verified
INV002679,2024-02-07,149324,sip,434,Uttar Pradesh,Agra,B30,36-45,Male,33.8,Net Banking,Verified
INV003793,2024-02-07,118632,lumpsum,261427,Delhi,New Delhi,T30,46-55,Male,94.3,Cheque,Verified
INV001114,2024-02-07,119599,sip,2984,West Bengal,Kolkata,T30,26-35,Male,24.1,Mandate,Verified
INV000842,2024-02-07,100033,sip,5035,Uttar Pradesh,Kanpur,B30,36-45,Female,57.0,Mandate,Verified
INV003055,2024-02-07,149322,sip,3090,Madhya Pradesh,Indore,T30,26-35,Female,18.0,Mandate,Verified
INV003920,2024-02-07,119552,sip,8844,Punjab,Chandigarh,T30,26-35,Male,20.3,Mandate,Verified
INV002799,2024-02-07,120841,redemption,178301,Uttar Pradesh,Lucknow,T30,36-45,Male,50.5,Cheque,Verified
INV002102,2024-02-07,148569,redemption,183121,Madhya Pradesh,Bhopal,B30,26-35,Male,9.2,Net Banking,Verified
INV001481,2024-02-07,148568,sip,572,Telangana,Hyderabad,T30,26-35,Male,23.4,Cheque,Verified
INV004982,2024-02-07,148569,sip,6601,Haryana,Faridabad,B30,18-25,Female,7.9,UPI,Verified
INV002594,2024-02-07,120841,sip,7920,Haryana,Gurugram,T30,26-35,Male,23.7,UPI,Verified
INV001207,2024-02-07,120506,lumpsum,338281,Karnataka,Bangalore,T30,18-25,Male,5.9,Mandate,Verified
INV001649,2024-02-07,102886,sip,2088,Telangana,Hyderabad,T30,36-45,Male,51.5,Cheque,Verified
INV003921,2024-02-07,119599,sip,2138,Madhya Pradesh,Bhopal,B30,46-55,Male,87.4,Cheque,Verified
INV000211,2024-02-07,118633,sip,5668,Punjab,Chandigarh,T30,26-35,Male,17.0,Mandate,Verified
INV000709,2024-02-07,120841,sip,26248,Telangana,Hyderabad,T30,26-35,Female,13.6,Net Banking,Verified
INV004508,2024-02-07,149322,sip,55745,Punjab,Amritsar,B30,36-45,Female,36.5,Net Banking,Verified
INV000711,2024-02-07,119095,sip,7483,Karnataka,Bangalore,T30,56+,Male,28.3,Mandate,Verified
INV003010,2024-02-07,118632,sip,2722,Delhi,Gurugram,T30,36-45,Male,13.7,UPI,Verified
INV002945,2024-02-07,120503,lumpsum,299499,Maharashtra,Nashik,B30,26-35,Male,15.6,UPI,Pending
INV001029,2024-02-07,120843,sip,24147,Uttar Pradesh,Kanpur,B30,36-45,Male,44.2,UPI,Pending
INV004205,2024-02-07,118635,redemption,53803,Telangana,Hyderabad,T30,56+,Female,56.9,Net Banking,Verified
INV003605,2024-02-07,120507,sip,2237,Gujarat,Ahmedabad,T30,36-45,Male,15.5,Mandate,Verified
INV002459,2024-02-07,102887,sip,1080,Rajasthan,Udaipur,B30,18-25,Female,5.2,Net Banking,Pending
INV002333,2024-02-07,125498,sip,469,Uttar Pradesh,Kanpur,B30,26-35,Male,23.7,Net Banking,Verified
INV001797,2024-02-07,119092,sip,13663,Punjab,Amritsar,B30,26-35,Female,6.8,Mandate,Verified
INV004038,2024-02-07,120843,lumpsum,238362,Gujarat,Surat,T30,26-35,Female,24.6,Mandate,Verified
INV000028,2024-02-07,120504,sip,2347,Gujarat,Surat,T30,18-25,Female,6.1,Cheque,Verified
INV003811,2024-02-07,148567,redemption,352709,Gujarat,Surat,T30,46-55,Female,83.6,UPI,Verified
INV001609,2024-02-07,118633,lumpsum,122827,Punjab,Chandigarh,T30,26-35,Female,14.0,Cheque,Verified
INV004293,2024-02-07,102885,sip,2541,Rajasthan,Jaipur,T30,36-45,Male,54.9,Net Banking,Verified
INV002333,2024-02-07,100025,sip,8543,Uttar Pradesh,Kanpur,B30,26-35,Male,23.7,Net Banking,Verified
INV004703,2024-02-07,125498,sip,2671,Gujarat,Ahmedabad,T30,56+,Female,45.6,Mandate,Verified
INV002463,2024-02-07,120507,sip,17105,Punjab,Amritsar,B30,18-25,Male,7.0,UPI,Verified
INV002913,2024-02-08,100016,sip,945,Delhi,New Delhi,T30,56+,Male,28.5,Net Banking,Verified
INV001705,2024-02-08,120503,sip,9047,Haryana,Faridabad,B30,46-55,Male,84.3,Cheque,Verified
INV002052,2024-02-08,148568,sip,59607,Uttar Pradesh,Lucknow,T30,36-45,Male,50.8,Net Banking,Pending
INV000480,2024-02-08,101206,sip,418,Maharashtra,Mumbai,T30,18-25,Male,6.2,Net Banking,Verified
INV001130,2024-02-08,120507,sip,51224,Rajasthan,Jaipur,T30,18-25,Female,3.2,Net Banking,Verified
INV003427,2024-02-08,119552,sip,14346,West Bengal,Kolkata,T30,18-25,Male,4.4,Net Banking,Pending
INV001207,2024-02-08,120844,sip,8931,Karnataka,Bangalore,T30,18-25,Male,5.9,Net Banking,Verified
INV003238,2024-02-08,102886,sip,2807,Telangana,Hyderabad,T30,26-35,Male,24.1,Net Banking,Verified
INV000749,2024-02-08,119552,sip,26229,Uttar Pradesh,Kanpur,B30,36-45,Male,36.1,Cheque,Verified
INV002527,2024-02-08,119093,redemption,250721,Telangana,Hyderabad,T30,18-25,Male,6.8,Net Banking,Verified
INV000101,2024-02-08,102885,sip,40017,Madhya Pradesh,Indore,T30,26-35,Male,20.8,Cheque,Verified
INV002502,2024-02-08,120507,sip,916,Tamil Nadu,Coimbatore,B30,26-35,Male,23.6,Cheque,Verified
INV001742,2024-02-08,119094,lumpsum,208203,Haryana,Gurugram,T30,18-25,Male,3.5,UPI,Verified
INV001737,2024-02-08,148569,sip,16600,Telangana,Hyderabad,T30,26-35,Female,10.1,Cheque,Verified
INV003514,2024-02-08,120844,lumpsum,104175,Delhi,Gurugram,T30,36-45,Female,40.2,Cheque,Verified
INV000238,2024-02-08,119598,sip,11408,Telangana,Hyderabad,T30,36-45,Male,26.3,Cheque,Verified
INV002746,2024-02-08,102887,sip,3392,Delhi,Noida,T30,26-35,Male,23.2,Net Banking,Verified
INV001377,2024-02-08,119552,sip,4817,Maharashtra,Mumbai,T30,56+,Female,64.7,Cheque,Verified
INV001824,2024-02-08,120844,sip,890,Tamil Nadu,Coimbatore,B30,26-35,Female,8.9,Net Banking,Verified
INV002858,2024-02-08,118633,redemption,13376,Rajasthan,Udaipur,B30,26-35,Male,17.4,UPI,Verified
INV002993,2024-02-08,119552,sip,4246,Maharashtra,Pune,T30,46-55,Male,36.0,Mandate,Verified
INV003714,2024-02-08,118635,lumpsum,378580,Punjab,Chandigarh,T30,46-55,Female,52.9,Net Banking,Pending
INV000750,2024-02-08,149322,redemption,238042,Delhi,New Delhi,T30,26-35,Male,20.9,UPI,Verified
INV004403,2024-02-08,125497,redemption,340618,West Bengal,Kolkata,T30,26-35,Male,17.6,Mandate,Verified
INV001747,2024-02-08,148568,sip,514,Madhya Pradesh,Indore,T30,18-25,Female,3.8,Cheque,Verified
INV000245,2024-02-08,119598,sip,844,Punjab,Amritsar,B30,26-35,Male,6.2,Cheque,Verified
INV000999,2024-02-08,118635,sip,4248,Telangana,Hyderabad,T30,26-35,Male,15.6,Mandate,Verified
INV004834,2024-02-08,120507,sip,2154,Delhi,New Delhi,T30,26-35,Male,20.0,Net Banking,Verified
INV004549,2024-02-08,149323,sip,10465,Tamil Nadu,Chennai,T30,36-45,Male,40.7,UPI,Verified
INV000058,2024-02-08,149322,sip,946,Maharashtra,Mumbai,T30,26-35,Male,19.9,Cheque,Verified
INV001732,2024-02-08,119093,sip,2479,Gujarat,Surat,T30,18-25,Female,5.7,Cheque,Verified
INV003303,2024-02-08,119092,sip,52598,Gujarat,Ahmedabad,T30,26-35,Male,15.8,Net Banking,Verified
INV002822,2024-02-08,119120,lumpsum,35517,Karnataka,Bangalore,T30,46-55,Male,79.5,Cheque,Verified
INV000485,2024-02-08,119551,sip,411,Rajasthan,Jaipur,T30,26-35,Male,19.5,UPI,Verified
INV000028,2024-02-08,120504,redemption,541119,Gujarat,Surat,T30,18-25,Female,6.1,UPI,Verified
INV000378,2024-02-08,102887,redemption,97604,Madhya Pradesh,Bhopal,B30,26-35,Male,8.7,Cheque,Verified
INV002736,2024-02-08,119599,sip,40604,Karnataka,Mysore,B30,18-25,Female,6.2,UPI,Verified
INV001806,2024-02-08,101206,sip,20249,Telangana,Hyderabad,T30,36-45,Male,32.6,UPI,Verified
INV003037,2024-02-08,119092,sip,3075,Telangana,Hyderabad,T30,18-25,Female,7.6,UPI,Verified
INV004299,2024-02-08,149322,redemption,243153,Telangana,Hyderabad,T30,26-35,Female,23.1,Mandate,Verified
INV004987,2024-02-08,120505,sip,1098,Telangana,Hyderabad,T30,46-55,Male,37.1,UPI,Verified
INV001972,2024-02-08,101208,sip,15934,Uttar Pradesh,Kanpur,B30,18-25,Male,4.6,UPI,Verified
INV000870,2024-02-08,149322,lumpsum,415626,Rajasthan,Udaipur,B30,18-25,Male,5.0,Net Banking,Verified
INV002878,2024-02-08,118632,sip,2453,Uttar Pradesh,Lucknow,T30,26-35,Female,17.4,Cheque,Verified
INV000573,2024-02-08,120842,lumpsum,180900,Madhya Pradesh,Bhopal,B30,56+,Female,38.5,Cheque,Verified
INV000989,2024-02-08,102887,redemption,36112,Gujarat,Surat,T30,36-45,Male,16.1,Cheque,Verified
INV002565,2024-02-08,149323,lumpsum,291539,Rajasthan,Jaipur,T30,26-35,Male,10.0,Cheque,Verified
INV002385,2024-02-08,119092,sip,3173,Punjab,Chandigarh,T30,26-35,Male,21.9,Mandate,Verified
INV002956,2024-02-08,118632,sip,1186,Gujarat,Surat,T30,36-45,Female,53.7,UPI,Pending
INV000599,2024-02-08,125498,sip,13280,Gujarat,Ahmedabad,T30,36-45,Male,24.0,Net Banking,Verified
INV002312,2024-02-08,118633,lumpsum,414373,Delhi,Noida,T30,18-25,Female,5.5,Net Banking,Verified
INV000836,2024-02-08,125497,redemption,538458,Haryana,Gurugram,T30,26-35,Male,24.4,Net Banking,Verified
INV004138,2024-02-08,149322,sip,2913,Madhya Pradesh,Indore,T30,36-45,Male,18.2,Net Banking,Verified
INV002238,2024-02-08,119093,sip,404,Gujarat,Surat,T30,36-45,Male,58.3,Mandate,Verified
INV001990,2024-02-08,120503,lumpsum,161171,Punjab,Amritsar,B30,26-35,Male,9.3,Cheque,Verified
INV003295,2024-02-08,102887,lumpsum,91319,Gujarat,Ahmedabad,T30,26-35,Male,20.8,UPI,Verified
INV004891,2024-02-08,101207,sip,1037,Telangana,Hyderabad,T30,46-55,Female,83.5,Cheque,Verified
INV004282,2024-02-08,118636,redemption,15542,Punjab,Amritsar,B30,26-35,Male,20.8,Net Banking,Verified
INV003102,2024-02-08,120507,sip,20842,Maharashtra,Pune,T30,18-25,Male,4.3,Cheque,Verified
INV003479,2024-02-08,100016,sip,2705,West Bengal,Kolkata,T30,36-45,Female,44.7,Cheque,Verified
INV001687,2024-02-08,120503,sip,2137,West Bengal,Kolkata,T30,26-35,Male,7.6,UPI,Verified
INV001630,2024-02-08,101207,sip,24785,Telangana,Hyderabad,T30,36-45,Male,15.4,Mandate,Verified
INV001461,2024-02-08,120506,sip,2654,Telangana,Hyderabad,T30,26-35,Female,13.5,Cheque,Verified
INV002115,2024-02-08,100033,sip,1764,Punjab,Chandigarh,T30,56+,Female,71.4,Net Banking,Verified
INV000651,2024-02-08,118636,sip,5430,Delhi,New Delhi,T30,18-25,Male,6.0,UPI,Verified
INV002974,2024-02-08,119095,lumpsum,508060,Telangana,Hyderabad,T30,26-35,Female,21.9,UPI,Pending
INV003075,2024-02-08,119092,sip,21025,Delhi,Gurugram,T30,46-55,Male,83.5,Net Banking,Verified
INV000103,2024-02-08,101206,sip,2088,Punjab,Chandigarh,T30,26-35,Female,18.2,Net Banking,Verified
INV000176,2024-02-08,100025,sip,7430,Rajasthan,Jaipur,T30,26-35,Male,13.4,Mandate,Verified
INV003873,2024-02-08,119599,lumpsum,288580,Telangana,Hyderabad,T30,36-45,Female,37.2,Cheque,Verified
INV001079,2024-02-08,120842,redemption,237069,West Bengal,Kolkata,T30,26-35,Male,10.1,Net Banking,Verified
INV003134,2024-02-08,125497,lumpsum,174678,Telangana,Hyderabad,T30,36-45,Female,41.3,Net Banking,Verified
INV001956,2024-02-09,100016,sip,3348,Rajasthan,Jaipur,T30,26-35,Male,22.1,UPI,Verified
INV004682,2024-02-09,148569,sip,3275,Telangana,Hyderabad,T30,26-35,Female,8.7,UPI,Verified
INV000784,2024-02-09,148568,sip,1886,Tamil Nadu,Chennai,T30,36-45,Male,19.6,UPI,Verified
INV003844,2024-02-09,120505,lumpsum,186986,Maharashtra,Nashik,B30,26-35,Female,15.9,UPI,Verified
INV004527,2024-02-09,148569,redemption,8155,West Bengal,Kolkata,T30,36-45,Male,39.6,Cheque,Verified
INV003896,2024-02-09,149324,redemption,321990,Haryana,Faridabad,B30,56+,Female,14.3,Mandate,Verified
INV004101,2024-02-09,118635,sip,536,Telangana,Hyderabad,T30,46-55,Male,44.6,UPI,Pending
INV002666,2024-02-09,125497,redemption,349989,Madhya Pradesh,Bhopal,B30,46-55,Female,93.7,Cheque,Verified
INV003561,2024-02-09,148569,lumpsum,156509,West Bengal,Kolkata,T30,26-35,Male,22.0,UPI,Verified
INV002578,2024-02-09,119552,sip,3240,Telangana,Hyderabad,T30,26-35,Male,20.9,Mandate,Verified
INV001315,2024-02-09,119092,sip,5371,Telangana,Hyderabad,T30,46-55,Female,32.9,UPI,Verified
INV000989,2024-02-09,119095,lumpsum,151418,Gujarat,Surat,T30,36-45,Male,16.1,Mandate,Verified
INV003090,2024-02-09,148567,redemption,153727,Karnataka,Bangalore,T30,26-35,Male,16.9,Net Banking,Verified
INV003580,2024-02-09,148569,sip,2094,Gujarat,Ahmedabad,T30,26-35,Male,22.5,UPI,Verified
INV004643,2024-02-09,148567,sip,45144,Delhi,Noida,T30,26-35,Female,12.4,Mandate,Verified
INV003011,2024-02-09,118635,sip,2340,Gujarat,Ahmedabad,T30,18-25,Male,4.4,Cheque,Verified
INV000844,2024-02-09,118636,sip,2323,Gujarat,Surat,T30,26-35,Male,6.5,Mandate,Verified
INV000460,2024-02-09,118636,lumpsum,422591,Delhi,Noida,T30,36-45,Male,47.1,Net Banking,Verified
INV003058,2024-02-09,100033,lumpsum,133071,Karnataka,Mysore,B30,36-45,Male,46.2,UPI,Verified
INV004922,2024-02-09,101207,sip,1168,Haryana,Gurugram,T30,56+,Male,28.2,Mandate,Verified
INV000873,2024-02-09,102887,sip,26338,Uttar Pradesh,Lucknow,T30,26-35,Male,8.9,Cheque,Verified
INV004907,2024-02-09,148567,lumpsum,327568,Gujarat,Ahmedabad,T30,26-35,Male,20.7,Cheque,Verified
INV001948,2024-02-09,125497,sip,17330,Tamil Nadu,Coimbatore,B30,18-25,Female,4.2,Net Banking,Verified
INV003398,2024-02-09,148568,lumpsum,147259,Karnataka,Bangalore,T30,36-45,Male,42.0,Mandate,Verified
INV002660,2024-02-09,118635,sip,4653,Uttar Pradesh,Lucknow,T30,36-45,Male,28.2,Cheque,Verified
INV003388,2024-02-09,119551,sip,20337,Haryana,Faridabad,B30,56+,Female,39.3,Mandate,Verified
INV002050,2024-02-09,148567,sip,1146,Tamil Nadu,Chennai,T30,18-25,Female,7.2,Mandate,Verified
INV001718,2024-02-09,120504,sip,7247,Gujarat,Ahmedabad,T30,26-35,Male,11.3,Cheque,Verified
INV001557,2024-02-09,148568,sip,2013,Haryana,Gurugram,T30,26-35,Female,10.5,UPI,Pending
INV004261,2024-02-09,100016,sip,1073,West Bengal,Kolkata,T30,56+,Male,49.8,UPI,Verified
INV001546,2024-02-09,102886,lumpsum,190676,Punjab,Chandigarh,T30,26-35,Female,9.5,UPI,Verified
INV001878,2024-02-09,101206,lumpsum,95295,West Bengal,Kolkata,T30,26-35,Male,7.8,Cheque,Verified
INV003759,2024-02-09,120843,redemption,242761,Haryana,Gurugram,T30,26-35,Male,6.1,Net Banking,Pending
INV000968,2024-02-09,101207,redemption,468551,Tamil Nadu,Chennai,T30,36-45,Female,37.1,UPI,Verified
INV003913,2024-02-09,148568,sip,2727,Telangana,Hyderabad,T30,36-45,Male,51.7,Cheque,Verified
INV001945,2024-02-09,118636,lumpsum,77284,Gujarat,Ahmedabad,T30,26-35,Male,8.0,Net Banking,Verified
INV004697,2024-02-09,101206,lumpsum,98770,Uttar Pradesh,Lucknow,T30,18-25,Female,5.7,Net Banking,Verified
INV000492,2024-02-09,120842,sip,4219,Telangana,Hyderabad,T30,36-45,Male,12.4,Net Banking,Verified
INV000494,2024-02-09,120507,lumpsum,330989,Punjab,Amritsar,B30,56+,Male,30.4,Mandate,Verified
INV000304,2024-02-09,125498,sip,21961,West Bengal,Kolkata,T30,36-45,Male,25.6,Mandate,Verified
INV001558,2024-02-09,120503,redemption,277830,West Bengal,Kolkata,T30,56+,Female,23.8,UPI,Verified
INV004181,2024-02-09,118636,redemption,335973,Uttar Pradesh,Lucknow,T30,26-35,Female,17.8,Mandate,Verified
INV004570,2024-02-09,120503,lumpsum,20120,Uttar Pradesh,Kanpur,B30,56+,Male,20.7,Mandate,Verified
INV000652,2024-02-09,120503,sip,14859,Delhi,Gurugram,T30,26-35,Male,8.0,Mandate,Verified
INV003811,2024-02-09,120843,sip,5663,Gujarat,Surat,T30,46-55,Female,83.6,Mandate,Verified
INV004919,2024-02-09,118633,lumpsum,361588,Telangana,Hyderabad,T30,26-35,Male,6.6,Net Banking,Verified
INV002929,2024-02-09,119552,redemption,173366,West Bengal,Kolkata,T30,26-35,Male,13.0,Cheque,Verified
INV001387,2024-02-09,125497,sip,57449,Tamil Nadu,Chennai,T30,36-45,Male,37.4,Net Banking,Verified
INV001168,2024-02-09,120503,sip,2367,West Bengal,Kolkata,T30,46-55,Male,50.9,Cheque,Verified
INV001638,2024-02-09,120506,sip,2037,West Bengal,Kolkata,T30,36-45,Female,15.8,Cheque,Verified
INV003271,2024-02-09,125497,sip,1147,West Bengal,Kolkata,T30,18-25,Male,4.8,Cheque,Verified
INV003621,2024-02-09,101207,lumpsum,243743,West Bengal,Kolkata,T30,26-35,Male,18.2,Mandate,Verified
INV000280,2024-02-09,120507,sip,3469,Punjab,Amritsar,B30,26-35,Female,22.9,Net Banking,Verified
INV002653,2024-02-09,119095,sip,513,Gujarat,Ahmedabad,T30,26-35,Male,7.5,UPI,Verified
INV004622,2024-02-09,120841,sip,12580,Delhi,New Delhi,T30,36-45,Male,48.8,Cheque,Verified
INV000231,2024-02-10,120506,sip,810,Rajasthan,Udaipur,B30,26-35,Female,22.9,Net Banking,Verified
INV004491,2024-02-10,100033,redemption,517527,Punjab,Chandigarh,T30,46-55,Male,83.6,UPI,Verified
INV003492,2024-02-10,118636,sip,2609,Gujarat,Ahmedabad,T30,36-45,Male,35.2,Cheque,Pending
INV001151,2024-02-10,119092,sip,2119,Uttar Pradesh,Agra,B30,26-35,Male,11.2,Net Banking,Verified
INV003342,2024-02-10,119095,lumpsum,403886,Tamil Nadu,Chennai,T30,56+,Male,32.8,Net Banking,Verified
INV004631,2024-02-10,119094,sip,1066,Tamil Nadu,Chennai,T30,36-45,Female,20.2,Mandate,Verified
INV004343,2024-02-10,101208,lumpsum,49098,Madhya Pradesh,Bhopal,B30,18-25,Male,7.9,Cheque,Verified
INV003041,2024-02-10,120844,sip,3324,Madhya Pradesh,Bhopal,B30,36-45,Male,32.0,Mandate,Verified
INV003102,2024-02-10,149324,redemption,429666,Maharashtra,Pune,T30,18-25,Male,4.3,UPI,Verified
INV004794,2024-02-10,120507,redemption,444025,Rajasthan,Udaipur,B30,36-45,Female,46.0,Cheque,Verified
INV003117,2024-02-10,118635,sip,4250,Tamil Nadu,Chennai,T30,18-25,Female,6.7,Cheque,Verified
INV002374,2024-02-10,102886,lumpsum,289422,Uttar Pradesh,Kanpur,B30,26-35,Female,8.6,Net Banking,Verified
INV003614,2024-02-10,101206,sip,1829,Maharashtra,Mumbai,T30,26-35,Male,13.3,Net Banking,Verified
INV004364,2024-02-10,100033,sip,2588,West Bengal,Kolkata,T30,36-45,Male,30.6,Net Banking,Verified
INV001942,2024-02-10,119599,redemption,460832,Tamil Nadu,Coimbatore,B30,26-35,Female,20.3,Mandate,Verified
INV001345,2024-02-10,119093,redemption,373597,Tamil Nadu,Coimbatore,B30,26-35,Male,17.3,Net Banking,Verified
INV000864,2024-02-10,119598,sip,4232,Tamil Nadu,Chennai,T30,26-35,Female,24.9,Cheque,Verified
INV002671,2024-02-10,119095,sip,48193,Madhya Pradesh,Indore,T30,18-25,Male,6.3,Cheque,Verified
INV000343,2024-02-10,102886,redemption,390881,Punjab,Chandigarh,T30,36-45,Male,28.5,Cheque,Pending
INV000084,2024-02-10,119092,sip,1800,West Bengal,Kolkata,T30,26-35,Male,11.2,Cheque,Verified
INV000225,2024-02-10,119599,sip,8484,Delhi,New Delhi,T30,56+,Male,44.0,Mandate,Verified
INV000392,2024-02-10,102886,sip,11778,Gujarat,Surat,T30,26-35,Female,16.6,Net Banking,Verified
INV001223,2024-02-10,101206,sip,1693,Punjab,Amritsar,B30,56+,Male,46.0,Cheque,Verified
INV003464,2024-02-10,125498,sip,498,Uttar Pradesh,Kanpur,B30,18-25,Male,3.0,Mandate,Verified
INV001481,2024-02-10,119599,sip,2869,Telangana,Hyderabad,T30,26-35,Male,23.4,UPI,Verified
INV002178,2024-02-10,119093,sip,2011,Gujarat,Ahmedabad,T30,36-45,Female,33.8,UPI,Verified
INV003823,2024-02-10,149323,redemption,361061,Madhya Pradesh,Indore,T30,26-35,Male,10.5,UPI,Verified
INV003344,2024-02-10,120506,sip,5512,Haryana,Gurugram,T30,36-45,Female,52.5,UPI,Verified
INV002465,2024-02-10,125497,lumpsum,266412,Rajasthan,Jaipur,T30,26-35,Female,7.0,Mandate,Verified
INV002179,2024-02-10,119092,sip,9741,Haryana,Gurugram,T30,26-35,Female,12.0,Mandate,Verified
INV001607,2024-02-10,100016,sip,2145,Punjab,Amritsar,B30,26-35,Male,14.8,UPI,Verified
INV004051,2024-02-10,118635,lumpsum,448890,Rajasthan,Udaipur,B30,36-45,Female,28.8,Cheque,Verified
INV002446,2024-02-10,120503,sip,48349,Tamil Nadu,Coimbatore,B30,26-35,Male,12.9,Net Banking,Verified
INV000091,2024-02-10,118632,sip,8951,Haryana,Gurugram,T30,26-35,Male,14.6,Cheque,Verified
INV004110,2024-02-10,102885,redemption,111632,West Bengal,Kolkata,T30,18-25,Male,5.5,Net Banking,Verified
INV003938,2024-02-10,119599,sip,2428,Delhi,Gurugram,T30,36-45,Female,15.3,Net Banking,Verified
INV001895,2024-02-10,100033,redemption,309272,Gujarat,Ahmedabad,T30,36-45,Male,56.4,Cheque,Verified
INV001341,2024-02-10,118635,lumpsum,185364,Madhya Pradesh,Indore,T30,46-55,Male,89.7,Mandate,Verified
INV004336,2024-02-10,125497,sip,5181,West Bengal,Kolkata,T30,46-55,Female,35.0,UPI,Verified
INV001336,2024-02-10,118632,sip,25876,Tamil Nadu,Coimbatore,B30,18-25,Male,5.0,Cheque,Verified
INV004656,2024-02-10,120841,redemption,80450,Haryana,Gurugram,T30,18-25,Male,4.7,Mandate,Verified
INV003505,2024-02-10,120844,lumpsum,85265,West Bengal,Kolkata,T30,56+,Female,53.5,UPI,Verified
INV004335,2024-02-10,148569,sip,29873,Gujarat,Ahmedabad,T30,26-35,Female,6.6,Cheque,Verified
INV000280,2024-02-10,149324,redemption,105293,Punjab,Amritsar,B30,26-35,Female,22.9,Cheque,Pending
INV002363,2024-02-10,149322,redemption,190403,Punjab,Chandigarh,T30,26-35,Male,12.7,Mandate,Verified
INV002351,2024-02-10,120841,redemption,103247,Gujarat,Ahmedabad,T30,36-45,Male,18.9,Net Banking,Verified
INV003892,2024-02-10,120842,sip,20237,Punjab,Amritsar,B30,46-55,Male,24.4,Mandate,Verified
INV001550,2024-02-10,119552,redemption,226758,Punjab,Chandigarh,T30,18-25,Male,4.1,UPI,Verified
INV004007,2024-02-10,120503,sip,1187,Delhi,New Delhi,T30,18-25,Female,4.5,Mandate,Verified
INV002783,2024-02-10,102885,lumpsum,481609,West Bengal,Kolkata,T30,26-35,Male,7.0,Net Banking,Verified
INV000429,2024-02-10,119093,lumpsum,478857,Gujarat,Surat,T30,36-45,Female,41.7,Net Banking,Verified
INV002584,2024-02-10,148569,redemption,449133,Tamil Nadu,Chennai,T30,36-45,Female,40.0,UPI,Pending
INV003374,2024-02-10,100033,redemption,368247,Karnataka,Mysore,B30,26-35,Male,15.8,Net Banking,Verified
INV000958,2024-02-10,101208,sip,58538,Delhi,Gurugram,T30,56+,Male,74.6,Net Banking,Verified
INV000266,2024-02-10,100016,lumpsum,353928,Madhya Pradesh,Indore,T30,56+,Male,67.6,Mandate,Verified
INV001009,2024-02-10,118633,redemption,457777,Punjab,Chandigarh,T30,26-35,Male,21.2,Cheque,Verified
INV001621,2024-02-10,119598,sip,13567,Karnataka,Bangalore,T30,26-35,Female,10.0,UPI,Verified
INV004832,2024-02-10,120842,sip,45352,Uttar Pradesh,Kanpur,B30,18-25,Male,3.8,UPI,Verified
INV004726,2024-02-10,119092,lumpsum,418527,Karnataka,Bangalore,T30,26-35,Male,16.6,Cheque,Verified
INV000771,2024-02-10,101206,sip,1186,Rajasthan,Udaipur,B30,26-35,Male,10.9,Cheque,Verified
INV000184,2024-02-10,101207,sip,6111,Gujarat,Ahmedabad,T30,36-45,Male,53.1,Mandate,Verified
INV002295,2024-02-10,149324,sip,2052,Telangana,Hyderabad,T30,26-35,Female,17.9,Cheque,Verified
INV002026,2024-02-10,119094,redemption,28001,Telangana,Hyderabad,T30,26-35,Male,6.8,UPI,Verified
INV003134,2024-02-10,148568,sip,2052,Telangana,Hyderabad,T30,36-45,Female,41.3,UPI,Verified
INV002602,2024-02-10,120507,sip,9606,Gujarat,Surat,T30,56+,Female,45.7,Net Banking,Verified
INV003536,2024-02-10,102887,lumpsum,395506,Maharashtra,Nashik,B30,36-45,Male,36.9,UPI,Verified
INV002735,2024-02-10,101206,lumpsum,282938,Tamil Nadu,Coimbatore,B30,18-25,Female,7.6,Mandate,Verified
INV000303,2024-02-10,125498,sip,8906,West Bengal,Kolkata,T30,18-25,Female,5.0,Mandate,Verified
INV000648,2024-02-10,119095,sip,11538,Uttar Pradesh,Kanpur,B30,18-25,Female,5.8,Mandate,Verified
INV002239,2024-02-10,102887,lumpsum,263495,Gujarat,Surat,T30,26-35,Male,8.9,Cheque,Verified
INV003484,2024-02-10,119552,sip,40136,Madhya Pradesh,Bhopal,B30,26-35,Female,7.1,Cheque,Verified
INV002899,2024-02-11,120503,sip,2170,Punjab,Amritsar,B30,18-25,Male,7.6,Net Banking,Verified
INV001814,2024-02-11,118632,sip,7267,West Bengal,Kolkata,T30,26-35,Female,6.9,Mandate,Verified
INV002699,2024-02-11,120843,redemption,16830,Gujarat,Surat,T30,18-25,Female,6.1,Net Banking,Verified
INV000888,2024-02-11,119095,sip,4046,Gujarat,Ahmedabad,T30,26-35,Male,21.9,Mandate,Verified
INV001680,2024-02-11,120844,sip,6204,Madhya Pradesh,Indore,T30,26-35,Male,22.8,UPI,Verified
INV000283,2024-02-11,118636,sip,8256,West Bengal,Kolkata,T30,46-55,Male,18.1,Mandate,Verified
INV002936,2024-02-11,120841,sip,10548,Tamil Nadu,Chennai,T30,26-35,Male,17.4,Net Banking,Verified
INV004776,2024-02-11,148568,sip,8603,Punjab,Chandigarh,T30,36-45,Male,22.9,Cheque,Verified
INV002260,2024-02-11,125497,lumpsum,153683,Telangana,Hyderabad,T30,26-35,Female,10.1,Mandate,Verified
INV004483,2024-02-11,120504,sip,11681,Tamil Nadu,Chennai,T30,46-55,Female,72.3,Cheque,Verified
INV002312,2024-02-11,118632,sip,416,Delhi,Noida,T30,18-25,Female,5.5,Cheque,Verified
INV003731,2024-02-11,119095,sip,10490,Tamil Nadu,Coimbatore,B30,26-35,Female,9.9,Mandate,Verified
INV001612,2024-02-11,119120,lumpsum,17271,Haryana,Gurugram,T30,26-35,Female,12.0,Mandate,Verified
INV002032,2024-02-11,149324,lumpsum,156198,Haryana,Gurugram,T30,26-35,Male,14.2,UPI,Verified
INV000881,2024-02-11,118633,sip,823,Uttar Pradesh,Agra,B30,26-35,Male,17.1,Mandate,Verified
INV001140,2024-02-11,119094,redemption,525353,Uttar Pradesh,Lucknow,T30,36-45,Female,18.8,Cheque,Verified
INV002885,2024-02-11,118634,sip,4159,Delhi,Gurugram,T30,26-35,Male,23.4,UPI,Verified
INV004695,2024-02-11,118633,sip,5018,Gujarat,Ahmedabad,T30,26-35,Female,14.3,UPI,Verified
INV000192,2024-02-11,118635,sip,2418,Haryana,Faridabad,B30,26-35,Male,24.4,Net Banking,Verified
INV000367,2024-02-11,120505,sip,889,Haryana,Gurugram,T30,36-45,Male,38.5,UPI,Verified
INV000602,2024-02-11,119093,sip,22143,West Bengal,Kolkata,T30,18-25,Male,8.0,Cheque,Verified
INV004476,2024-02-11,119093,lumpsum,43796,Gujarat,Surat,T30,26-35,Male,9.3,Mandate,Verified
INV002904,2024-02-11,119599,lumpsum,167862,West Bengal,Kolkata,T30,36-45,Male,52.2,Mandate,Verified
INV003819,2024-02-11,149324,sip,9116,Haryana,Gurugram,T30,26-35,Male,19.0,Net Banking,Verified
INV001275,2024-02-11,148567,sip,11867,Delhi,Noida,T30,36-45,Female,37.4,Cheque,Verified
INV004666,2024-02-11,120503,sip,3043,Rajasthan,Jaipur,T30,26-35,Male,24.1,Mandate,Verified
INV002740,2024-02-11,102885,sip,3353,Maharashtra,Mumbai,T30,26-35,Female,24.5,Net Banking,Verified
INV004067,2024-02-11,148567,sip,1624,Delhi,Gurugram,T30,26-35,Male,8.5,Mandate,Verified
INV001198,2024-02-11,125498,sip,2237,Maharashtra,Mumbai,T30,26-35,Female,20.4,Cheque,Verified
INV000843,2024-02-11,101206,lumpsum,258101,Maharashtra,Mumbai,T30,26-35,Male,10.2,Cheque,Verified
INV002684,2024-02-11,101206,sip,17621,Delhi,New Delhi,T30,36-45,Female,56.2,Net Banking,Verified
INV002847,2024-02-11,118632,sip,12604,Haryana,Faridabad,B30,26-35,Male,13.4,Net Banking,Verified
INV004611,2024-02-11,149324,sip,3573,Madhya Pradesh,Bhopal,B30,18-25,Female,6.1,Net Banking,Verified
INV003267,2024-02-11,125498,sip,2216,Rajasthan,Udaipur,B30,36-45,Male,29.9,Net Banking,Pending
INV004765,2024-02-11,118634,lumpsum,304554,Haryana,Gurugram,T30,26-35,Male,10.4,Mandate,Verified
INV001363,2024-02-11,101207,sip,4681,Karnataka,Mysore,B30,56+,Male,29.4,Cheque,Verified
INV004411,2024-02-11,125497,lumpsum,286112,Maharashtra,Mumbai,T30,26-35,Female,13.8,Mandate,Verified
INV004701,2024-02-11,119093,sip,3563,Haryana,Gurugram,T30,26-35,Male,7.3,Mandate,Verified
INV002463,2024-02-11,149322,redemption,511077,Punjab,Amritsar,B30,18-25,Male,7.0,UPI,Verified
INV004468,2024-02-11,149322,sip,44493,Telangana,Hyderabad,T30,46-55,Female,20.8,Net Banking,Verified
INV000113,2024-02-11,102887,sip,5409,Punjab,Chandigarh,T30,26-35,Female,7.3,UPI,Verified
INV000311,2024-02-11,148567,sip,559,Punjab,Amritsar,B30,36-45,Male,29.2,Net Banking,Verified
INV001251,2024-02-11,119551,sip,2647,Punjab,Chandigarh,T30,26-35,Female,11.7,Mandate,Verified
INV003528,2024-02-11,149322,sip,55917,Madhya Pradesh,Bhopal,B30,18-25,Female,3.6,UPI,Verified
INV001727,2024-02-11,120843,lumpsum,439105,Gujarat,Surat,T30,46-55,Female,74.1,Net Banking,Verified
INV001410,2024-02-11,102887,sip,2613,Maharashtra,Mumbai,T30,46-55,Male,26.5,Mandate,Verified
INV002547,2024-02-11,119093,lumpsum,532735,Haryana,Gurugram,T30,26-35,Male,7.3,Mandate,Verified
INV004849,2024-02-11,148569,lumpsum,170264,Maharashtra,Pune,T30,46-55,Female,21.9,UPI,Verified
INV002090,2024-02-11,120505,sip,8654,Maharashtra,Mumbai,T30,26-35,Male,23.7,Net Banking,Verified
INV002883,2024-02-11,118635,lumpsum,207729,West Bengal,Kolkata,T30,26-35,Female,12.5,Cheque,Verified
INV000652,2024-02-11,149322,lumpsum,382212,Delhi,Gurugram,T30,26-35,Male,8.0,Net Banking,Verified
INV002460,2024-02-11,119095,redemption,396294,Madhya Pradesh,Bhopal,B30,36-45,Male,44.8,UPI,Verified
INV001762,2024-02-11,102886,sip,910,Punjab,Amritsar,B30,18-25,Female,7.5,Net Banking,Verified
INV000102,2024-02-11,148568,sip,2925,Gujarat,Surat,T30,26-35,Male,21.9,Net Banking,Verified
INV002161,2024-02-12,125498,sip,513,Maharashtra,Nashik,B30,26-35,Male,11.4,UPI,Verified
INV001174,2024-02-12,120503,lumpsum,101774,Maharashtra,Nashik,B30,36-45,Male,12.7,Net Banking,Verified
INV000529,2024-02-12,120843,lumpsum,285338,Maharashtra,Mumbai,T30,18-25,Male,4.7,Net Banking,Verified
INV003567,2024-02-12,148569,redemption,172352,Tamil Nadu,Chennai,T30,46-55,Male,76.1,Cheque,Verified
INV002126,2024-02-12,149323,sip,868,Delhi,New Delhi,T30,26-35,Female,22.0,UPI,Verified
INV003078,2024-02-12,148568,sip,8794,Haryana,Gurugram,T30,36-45,Male,57.5,Mandate,Verified
INV004290,2024-02-12,120843,sip,28249,Gujarat,Ahmedabad,T30,46-55,Male,41.9,UPI,Pending
INV004617,2024-02-12,118634,sip,12199,Karnataka,Bangalore,T30,26-35,Male,22.1,UPI,Verified
INV004403,2024-02-12,120504,sip,6230,West Bengal,Kolkata,T30,26-35,Male,17.6,Mandate,Verified
INV002725,2024-02-12,125497,lumpsum,484450,Rajasthan,Udaipur,B30,46-55,Female,49.2,UPI,Verified
INV001933,2024-02-12,120507,sip,3096,Rajasthan,Udaipur,B30,26-35,Male,16.4,UPI,Verified
INV003078,2024-02-12,101206,sip,11353,Haryana,Gurugram,T30,36-45,Male,57.5,UPI,Verified
INV004126,2024-02-12,120507,sip,43495,Delhi,Noida,T30,26-35,Female,14.7,UPI,Pending
INV000671,2024-02-12,125498,sip,5273,Uttar Pradesh,Agra,B30,36-45,Female,15.3,Mandate,Verified
INV003568,2024-02-12,101208,sip,17275,Tamil Nadu,Chennai,T30,18-25,Female,5.3,Mandate,Verified
INV001181,2024-02-12,101208,sip,2937,West Bengal,Kolkata,T30,26-35,Male,21.0,Net Banking,Verified
INV004023,2024-02-12,119599,sip,41802,Tamil Nadu,Chennai,T30,46-55,Male,69.6,Mandate,Verified
INV000411,2024-02-12,119551,sip,14898,West Bengal,Kolkata,T30,26-35,Female,11.1,Cheque,Verified
INV003958,2024-02-12,120843,sip,41255,Haryana,Faridabad,B30,18-25,Male,6.6,Mandate,Verified
INV003190,2024-02-12,101207,sip,2914,Punjab,Chandigarh,T30,26-35,Female,19.6,Cheque,Verified
INV003829,2024-02-12,119598,sip,597,Punjab,Amritsar,B30,36-45,Male,55.6,UPI,Verified
INV003521,2024-02-12,120841,lumpsum,88780,Rajasthan,Jaipur,T30,46-55,Male,95.4,Cheque,Verified
INV003896,2024-02-12,118632,sip,968,Haryana,Faridabad,B30,56+,Female,14.3,Net Banking,Verified
INV004099,2024-02-12,119598,lumpsum,320253,West Bengal,Kolkata,T30,26-35,Male,22.6,UPI,Verified
INV001706,2024-02-12,148567,lumpsum,551842,West Bengal,Kolkata,T30,26-35,Male,14.2,Cheque,Verified
INV004594,2024-02-12,120843,redemption,367126,Haryana,Gurugram,T30,26-35,Female,9.8,UPI,Verified
INV003494,2024-02-12,118633,sip,855,Punjab,Chandigarh,T30,26-35,Female,18.6,UPI,Verified
INV003193,2024-02-12,125498,sip,2157,Rajasthan,Jaipur,T30,36-45,Male,40.4,Net Banking,Verified
INV000962,2024-02-12,119093,sip,2873,Punjab,Chandigarh,T30,26-35,Male,24.5,Mandate,Verified
INV002765,2024-02-12,120843,sip,1148,Uttar Pradesh,Lucknow,T30,36-45,Male,57.6,Cheque,Verified
INV000645,2024-02-12,125497,sip,6202,Karnataka,Bangalore,T30,18-25,Male,3.9,Mandate,Verified
INV003043,2024-02-12,102885,sip,1852,Karnataka,Bangalore,T30,26-35,Male,21.2,Cheque,Verified
INV000431,2024-02-12,119599,sip,478,Madhya Pradesh,Bhopal,B30,18-25,Female,4.6,Cheque,Verified
INV004146,2024-02-12,119095,sip,47564,Uttar Pradesh,Agra,B30,56+,Male,40.7,UPI,Verified
INV000432,2024-02-12,100033,sip,2375,Maharashtra,Pune,T30,18-25,Female,6.7,UPI,Verified
INV002932,2024-02-12,120503,redemption,416231,Haryana,Gurugram,T30,36-45,Female,28.4,UPI,Verified
INV003079,2024-02-12,101206,sip,6503,Gujarat,Surat,T30,26-35,Male,8.5,Mandate,Pending
INV000935,2024-02-12,119599,sip,2507,Telangana,Hyderabad,T30,36-45,Male,14.6,UPI,Verified
INV003438,2024-02-12,119598,sip,7290,Delhi,Noida,T30,26-35,Female,19.6,UPI,Verified
INV002794,2024-02-12,118634,sip,4281,Madhya Pradesh,Bhopal,B30,56+,Male,39.9,UPI,Verified
INV003636,2024-02-12,148567,lumpsum,112957,West Bengal,Kolkata,T30,46-55,Female,94.0,Net Banking,Verified
INV001014,2024-02-12,101207,sip,1189,Punjab,Chandigarh,T30,18-25,Female,6.9,Net Banking,Verified
INV003379,2024-02-12,148568,redemption,337426,Uttar Pradesh,Lucknow,T30,36-45,Male,43.2,UPI,Verified
INV001340,2024-02-12,101207,redemption,138600,Karnataka,Mysore,B30,36-45,Male,37.6,UPI,Verified
INV000014,2024-02-12,100016,lumpsum,258333,Tamil Nadu,Chennai,T30,18-25,Male,4.3,Cheque,Verified
INV000363,2024-02-12,119599,sip,11864,Madhya Pradesh,Bhopal,B30,26-35,Male,22.6,Net Banking,Verified
INV000570,2024-02-12,120843,sip,5389,Madhya Pradesh,Bhopal,B30,26-35,Male,16.2,Net Banking,Verified
INV002019,2024-02-12,120844,lumpsum,96272,Delhi,New Delhi,T30,36-45,Male,19.8,Cheque,Verified
INV004085,2024-02-12,101208,redemption,298503,Maharashtra,Pune,T30,36-45,Female,34.5,Mandate,Verified
INV004460,2024-02-12,119095,sip,2911,Haryana,Gurugram,T30,26-35,Male,24.7,Net Banking,Pending
INV002542,2024-02-12,119094,redemption,342178,Telangana,Hyderabad,T30,26-35,Female,15.9,UPI,Verified
INV000990,2024-02-12,120841,sip,5174,West Bengal,Kolkata,T30,56+,Male,32.4,Cheque,Verified
INV000685,2024-02-12,149323,sip,435,Karnataka,Bangalore,T30,18-25,Male,4.0,Cheque,Verified
INV003491,2024-02-12,149322,sip,3008,Delhi,Noida,T30,46-55,Male,92.5,Net Banking,Verified
INV003225,2024-02-12,100025,lumpsum,283739,West Bengal,Kolkata,T30,26-35,Male,9.2,Cheque,Verified
INV003426,2024-02-12,119092,lumpsum,137087,Karnataka,Bangalore,T30,46-55,Male,27.8,Mandate,Verified
INV001692,2024-02-12,100016,sip,15519,Rajasthan,Jaipur,T30,26-35,Male,11.7,UPI,Verified
INV003750,2024-02-12,100025,sip,7736,Uttar Pradesh,Kanpur,B30,26-35,Female,23.6,Mandate,Verified
INV003533,2024-02-12,120843,sip,2491,Telangana,Hyderabad,T30,56+,Female,11.4,Cheque,Verified
INV001150,2024-02-12,101207,sip,46438,Tamil Nadu,Coimbatore,B30,26-35,Female,19.5,Net Banking,Verified
INV000260,2024-02-12,102886,lumpsum,98111,Delhi,Gurugram,T30,18-25,Male,4.1,Cheque,Verified
INV000581,2024-02-12,102887,lumpsum,199364,Tamil Nadu,Coimbatore,B30,36-45,Male,26.4,Mandate,Verified
INV002456,2024-02-12,100025,lumpsum,171805,Delhi,Gurugram,T30,26-35,Male,22.5,Cheque,Verified
INV000749,2024-02-12,101206,lumpsum,156895,Uttar Pradesh,Kanpur,B30,36-45,Male,36.1,Mandate,Verified
INV001741,2024-02-12,120841,redemption,491114,Rajasthan,Udaipur,B30,36-45,Male,52.8,Mandate,Verified
INV003804,2024-02-12,102887,lumpsum,376556,Karnataka,Bangalore,T30,46-55,Male,81.9,Net Banking,Verified
INV000040,2024-02-12,148567,lumpsum,200659,Karnataka,Mysore,B30,26-35,Male,14.7,Cheque,Verified
INV004522,2024-02-12,102886,lumpsum,269126,Punjab,Chandigarh,T30,46-55,Female,69.1,Cheque,Verified
INV002467,2024-02-12,118636,sip,12975,Punjab,Chandigarh,T30,36-45,Male,12.3,Net Banking,Verified
INV003853,2024-02-12,120507,sip,2655,Tamil Nadu,Coimbatore,B30,26-35,Male,16.1,Net Banking,Verified
INV004243,2024-02-12,118634,sip,13203,Punjab,Amritsar,B30,36-45,Female,38.7,UPI,Verified
INV001507,2024-02-12,119599,lumpsum,353564,Uttar Pradesh,Lucknow,T30,26-35,Male,20.4,Net Banking,Verified
INV003593,2024-02-12,120507,sip,41714,Karnataka,Bangalore,T30,26-35,Female,21.6,Net Banking,Pending
INV000146,2024-02-12,118635,sip,4460,Delhi,Gurugram,T30,26-35,Male,14.1,Cheque,Verified
INV000473,2024-02-12,120842,redemption,491638,Karnataka,Mysore,B30,36-45,Male,15.4,UPI,Verified
INV003201,2024-02-13,120505,sip,1917,Rajasthan,Jaipur,T30,36-45,Female,12.2,UPI,Verified
INV004641,2024-02-13,120844,sip,2539,Haryana,Faridabad,B30,56+,Male,42.4,Net Banking,Verified
INV000291,2024-02-13,119120,sip,3001,Madhya Pradesh,Indore,T30,18-25,Female,6.2,Mandate,Verified
INV001499,2024-02-13,118633,lumpsum,292617,Karnataka,Mysore,B30,26-35,Male,12.9,UPI,Verified
INV002750,2024-02-13,119094,lumpsum,108284,Madhya Pradesh,Bhopal,B30,36-45,Male,41.8,Cheque,Verified
INV004896,2024-02-13,149324,sip,14261,Uttar Pradesh,Agra,B30,18-25,Female,3.5,UPI,Verified
INV001867,2024-02-13,119092,sip,5405,Rajasthan,Jaipur,T30,26-35,Male,22.1,Net Banking,Verified
INV002284,2024-02-13,148569,sip,23158,Karnataka,Bangalore,T30,36-45,Male,55.3,UPI,Pending
INV002016,2024-02-13,149323,lumpsum,333319,Delhi,Noida,T30,46-55,Male,17.2,Net Banking,Verified
INV004945,2024-02-13,149322,lumpsum,456798,West Bengal,Kolkata,T30,36-45,Female,56.8,Cheque,Verified
INV003127,2024-02-13,148568,lumpsum,93578,Punjab,Amritsar,B30,46-55,Female,37.0,Mandate,Verified
INV002143,2024-02-13,118634,sip,2054,Uttar Pradesh,Lucknow,T30,26-35,Male,11.8,Net Banking,Verified
INV002365,2024-02-13,101208,sip,20432,Gujarat,Ahmedabad,T30,46-55,Male,76.9,UPI,Verified
INV000177,2024-02-13,119094,sip,3452,Rajasthan,Jaipur,T30,26-35,Male,17.6,UPI,Verified
INV004289,2024-02-13,119120,sip,1102,Karnataka,Bangalore,T30,26-35,Male,14.8,Mandate,Verified
INV001516,2024-02-13,120507,lumpsum,318705,Tamil Nadu,Coimbatore,B30,26-35,Male,22.0,Net Banking,Verified
INV000548,2024-02-13,120506,lumpsum,183363,Karnataka,Mysore,B30,36-45,Male,53.2,UPI,Verified
INV003756,2024-02-13,101207,sip,2571,Telangana,Hyderabad,T30,26-35,Male,6.9,Net Banking,Verified
INV003238,2024-02-13,118636,lumpsum,51531,Telangana,Hyderabad,T30,26-35,Male,24.1,Cheque,Verified
INV000271,2024-02-13,100033,lumpsum,95023,Tamil Nadu,Coimbatore,B30,26-35,Female,6.4,UPI,Pending
INV003559,2024-02-13,120844,sip,8747,Uttar Pradesh,Kanpur,B30,26-35,Female,9.4,UPI,Verified
INV003960,2024-02-13,120503,redemption,54370,West Bengal,Kolkata,T30,26-35,Female,18.6,Cheque,Verified
INV003605,2024-02-13,119094,lumpsum,14530,Gujarat,Ahmedabad,T30,36-45,Male,15.5,Net Banking,Verified
INV003074,2024-02-13,149323,lumpsum,499401,Haryana,Faridabad,B30,26-35,Male,8.3,UPI,Verified
INV003086,2024-02-13,120842,sip,444,West Bengal,Kolkata,T30,26-35,Male,20.2,Net Banking,Verified
INV001400,2024-02-13,120506,lumpsum,223422,Tamil Nadu,Coimbatore,B30,36-45,Male,36.5,Cheque,Verified
INV004694,2024-02-13,100033,sip,862,Gujarat,Surat,T30,26-35,Male,9.9,Cheque,Verified
INV000736,2024-02-13,102885,sip,4215,Haryana,Faridabad,B30,36-45,Female,39.4,Cheque,Verified
INV000210,2024-02-13,102887,sip,8374,Rajasthan,Jaipur,T30,26-35,Male,9.1,Net Banking,Verified
INV003960,2024-02-13,101208,sip,7290,West Bengal,Kolkata,T30,26-35,Female,18.6,Mandate,Verified
INV000383,2024-02-13,120841,sip,2723,Telangana,Hyderabad,T30,26-35,Female,23.4,UPI,Verified
INV001031,2024-02-13,102887,lumpsum,361791,Delhi,New Delhi,T30,36-45,Female,23.0,Net Banking,Verified
INV000829,2024-02-13,120506,lumpsum,491246,West Bengal,Kolkata,T30,26-35,Female,23.1,Mandate,Verified
INV003655,2024-02-13,118635,sip,29776,Madhya Pradesh,Bhopal,B30,36-45,Female,24.9,Mandate,Verified
INV001998,2024-02-13,101208,redemption,397889,Haryana,Faridabad,B30,26-35,Male,19.2,Cheque,Verified
INV004682,2024-02-13,100033,sip,50457,Telangana,Hyderabad,T30,26-35,Female,8.7,Mandate,Verified
INV003435,2024-02-13,118633,sip,28181,Maharashtra,Nashik,B30,26-35,Female,17.8,UPI,Verified
INV003484,2024-02-13,148569,sip,2909,Madhya Pradesh,Bhopal,B30,26-35,Female,7.1,Cheque,Verified
INV001639,2024-02-13,148568,lumpsum,280371,West Bengal,Kolkata,T30,56+,Male,14.3,Net Banking,Verified
INV000862,2024-02-13,101207,sip,53172,Uttar Pradesh,Agra,B30,26-35,Female,24.4,Net Banking,Verified
INV000887,2024-02-13,120504,sip,26100,Tamil Nadu,Coimbatore,B30,36-45,Male,53.9,Cheque,Verified
INV004154,2024-02-13,119552,sip,6400,Karnataka,Mysore,B30,18-25,Male,4.7,Cheque,Verified
INV000078,2024-02-13,102885,lumpsum,463630,Haryana,Faridabad,B30,26-35,Male,20.2,Cheque,Verified
INV003912,2024-02-13,102887,sip,1194,West Bengal,Kolkata,T30,26-35,Male,8.5,Mandate,Verified
INV000683,2024-02-13,101206,sip,4295,Maharashtra,Mumbai,T30,26-35,Female,17.4,Net Banking,Verified
INV000102,2024-02-13,119552,sip,467,Gujarat,Surat,T30,26-35,Male,21.9,Cheque,Verified
INV000563,2024-02-13,120503,sip,559,Uttar Pradesh,Lucknow,T30,26-35,Male,15.5,Mandate,Verified
INV004161,2024-02-13,125497,sip,27485,Telangana,Hyderabad,T30,46-55,Male,94.7,Mandate,Verified
INV002616,2024-02-13,119095,redemption,45118,Tamil Nadu,Coimbatore,B30,26-35,Male,21.9,UPI,Verified
INV001924,2024-02-13,100033,redemption,394606,Karnataka,Bangalore,T30,18-25,Male,4.9,UPI,Verified
INV003369,2024-02-13,120503,sip,10586,Delhi,Noida,T30,26-35,Male,21.4,Cheque,Verified
INV001616,2024-02-13,118635,sip,6162,Tamil Nadu,Chennai,T30,26-35,Male,23.2,Cheque,Verified
INV000446,2024-02-13,120506,sip,4680,Rajasthan,Jaipur,T30,26-35,Female,23.8,Mandate,Verified
INV003141,2024-02-13,119598,sip,7264,Maharashtra,Pune,T30,36-45,Female,40.1,Mandate,Verified
INV003683,2024-02-13,119551,lumpsum,207581,Telangana,Hyderabad,T30,26-35,Female,21.0,Net Banking,Verified
INV002003,2024-02-13,119120,sip,29381,Delhi,New Delhi,T30,26-35,Female,20.1,UPI,Verified
INV000165,2024-02-13,148567,lumpsum,159345,Punjab,Chandigarh,T30,36-45,Female,18.8,Cheque,Pending
INV003101,2024-02-13,118636,redemption,425458,Tamil Nadu,Chennai,T30,26-35,Female,24.8,Cheque,Verified
INV000978,2024-02-13,119092,sip,2359,West Bengal,Kolkata,T30,26-35,Male,18.6,Cheque,Verified
INV000294,2024-02-13,118635,sip,14443,Maharashtra,Nashik,B30,36-45,Female,30.8,Mandate,Verified
INV002038,2024-02-13,101207,lumpsum,435729,Madhya Pradesh,Bhopal,B30,26-35,Male,20.6,Net Banking,Verified
INV000935,2024-02-13,120505,sip,53028,Telangana,Hyderabad,T30,36-45,Male,14.6,Cheque,Verified
INV003169,2024-02-13,100033,lumpsum,412610,Telangana,Hyderabad,T30,26-35,Female,11.2,UPI,Verified
INV004145,2024-02-13,149323,sip,12320,Gujarat,Surat,T30,18-25,Male,4.9,Cheque,Verified
INV002720,2024-02-13,119093,sip,1066,Karnataka,Bangalore,T30,26-35,Male,19.2,Net Banking,Verified
INV000112,2024-02-13,119120,sip,11029,Tamil Nadu,Chennai,T30,26-35,Male,20.5,Net Banking,Verified
INV000083,2024-02-13,118636,redemption,92712,Uttar Pradesh,Kanpur,B30,56+,Female,42.0,UPI,Verified
INV001257,2024-02-13,119598,sip,7783,Punjab,Chandigarh,T30,26-35,Female,6.3,Net Banking,Verified
INV003196,2024-02-13,118633,sip,6091,West Bengal,Kolkata,T30,26-35,Female,20.1,Mandate,Verified
INV001561,2024-02-13,118635,redemption,523445,Rajasthan,Udaipur,B30,36-45,Male,39.4,Net Banking,Verified
INV003545,2024-02-13,119120,sip,1769,Gujarat,Ahmedabad,T30,26-35,Female,15.7,Net Banking,Verified
INV003047,2024-02-13,149323,sip,1989,Maharashtra,Mumbai,T30,46-55,Male,40.0,Net Banking,Verified
INV003697,2024-02-13,118636,sip,6811,Maharashtra,Mumbai,T30,18-25,Male,6.3,Cheque,Verified
INV002034,2024-02-13,101208,sip,1966,Uttar Pradesh,Lucknow,T30,26-35,Male,10.0,UPI,Pending
INV004022,2024-02-13,100025,lumpsum,386075,Maharashtra,Nashik,B30,36-45,Male,21.9,UPI,Verified
INV003263,2024-02-13,119094,sip,1068,Tamil Nadu,Chennai,T30,26-35,Female,12.5,Mandate,Verified
INV003060,2024-02-13,119093,lumpsum,208452,Rajasthan,Jaipur,T30,56+,Female,16.6,Cheque,Verified
INV001500,2024-02-14,100025,redemption,276479,Maharashtra,Pune,T30,26-35,Female,6.5,Cheque,Verified
INV000333,2024-02-14,101206,sip,21361,Maharashtra,Nashik,B30,26-35,Male,14.8,UPI,Verified
INV002280,2024-02-14,102886,lumpsum,390071,Karnataka,Mysore,B30,18-25,Male,3.5,Cheque,Verified
INV003350,2024-02-14,119551,sip,6881,Maharashtra,Nashik,B30,46-55,Female,37.7,UPI,Verified
INV004384,2024-02-14,102885,lumpsum,371876,Delhi,Noida,T30,26-35,Male,12.1,Net Banking,Verified
INV002018,2024-02-14,119094,lumpsum,294574,Uttar Pradesh,Agra,B30,26-35,Female,18.0,Net Banking,Verified
INV001491,2024-02-14,149322,sip,1095,Tamil Nadu,Chennai,T30,56+,Male,78.5,Cheque,Verified
INV004542,2024-02-14,119095,sip,2014,Maharashtra,Pune,T30,36-45,Male,53.7,Mandate,Verified
INV000333,2024-02-14,100016,sip,6242,Maharashtra,Nashik,B30,26-35,Male,14.8,Mandate,Verified
INV001716,2024-02-14,101206,sip,2613,Haryana,Gurugram,T30,36-45,Male,45.0,Net Banking,Verified
INV000783,2024-02-14,119552,sip,539,Gujarat,Ahmedabad,T30,46-55,Male,92.0,UPI,Verified
INV001257,2024-02-14,120506,lumpsum,175225,Punjab,Chandigarh,T30,26-35,Female,6.3,Cheque,Verified
INV000804,2024-02-14,119599,sip,560,Karnataka,Mysore,B30,36-45,Male,39.7,Net Banking,Verified
INV002957,2024-02-14,120841,sip,893,Tamil Nadu,Chennai,T30,26-35,Male,15.5,Net Banking,Verified
INV003543,2024-02-14,118633,lumpsum,518445,Maharashtra,Nashik,B30,26-35,Male,8.3,Net Banking,Verified
INV001575,2024-02-14,102886,lumpsum,268190,Karnataka,Bangalore,T30,26-35,Male,12.0,UPI,Verified
INV002116,2024-02-14,149322,lumpsum,288442,Karnataka,Bangalore,T30,18-25,Male,3.8,Cheque,Verified
INV004423,2024-02-14,119095,redemption,390200,Haryana,Faridabad,B30,18-25,Female,7.0,UPI,Verified
INV004634,2024-02-14,120507,sip,8206,Tamil Nadu,Chennai,T30,26-35,Male,15.1,Net Banking,Verified
INV004746,2024-02-14,148568,sip,5760,Telangana,Hyderabad,T30,18-25,Male,6.0,Net Banking,Verified
INV000701,2024-02-14,119094,sip,28914,West Bengal,Kolkata,T30,36-45,Female,55.6,Net Banking,Verified
INV001432,2024-02-14,119094,sip,5588,Uttar Pradesh,Lucknow,T30,36-45,Male,12.6,Net Banking,Verified
INV001485,2024-02-14,119092,sip,59408,Rajasthan,Jaipur,T30,56+,Female,24.4,Cheque,Verified
INV003224,2024-02-14,125498,redemption,434666,Punjab,Amritsar,B30,26-35,Male,16.0,Mandate,Verified
INV000552,2024-02-14,125497,sip,1063,Uttar Pradesh,Lucknow,T30,36-45,Female,35.8,Mandate,Verified
INV001743,2024-02-14,148568,lumpsum,127773,Telangana,Hyderabad,T30,26-35,Male,23.5,UPI,Verified
INV001551,2024-02-14,102886,lumpsum,324733,Tamil Nadu,Chennai,T30,26-35,Female,21.7,Mandate,Verified
INV002803,2024-02-14,149324,lumpsum,215900,Uttar Pradesh,Agra,B30,36-45,Male,31.9,Cheque,Verified
INV000569,2024-02-14,118633,redemption,152452,Madhya Pradesh,Indore,T30,26-35,Male,8.0,Cheque,Verified
INV004562,2024-02-14,119598,sip,8107,Telangana,Hyderabad,T30,26-35,Female,19.0,Mandate,Verified
INV000069,2024-02-14,120844,sip,14673,Gujarat,Ahmedabad,T30,56+,Female,35.9,Mandate,Verified
INV000396,2024-02-14,119552,sip,1126,Rajasthan,Jaipur,T30,46-55,Male,38.5,Net Banking,Verified
INV001153,2024-02-14,149323,sip,55472,Uttar Pradesh,Agra,B30,26-35,Male,16.3,Cheque,Verified
INV004488,2024-02-14,119120,sip,17034,Maharashtra,Nashik,B30,56+,Male,69.8,Mandate,Verified
INV004770,2024-02-14,102886,sip,52023,Gujarat,Surat,T30,18-25,Female,5.2,UPI,Pending
INV000666,2024-02-14,101206,lumpsum,21318,Maharashtra,Mumbai,T30,36-45,Male,49.7,Cheque,Verified
INV002838,2024-02-14,101207,redemption,364494,West Bengal,Kolkata,T30,56+,Female,71.9,Cheque,Verified
INV001734,2024-02-14,118633,sip,1685,Karnataka,Bangalore,T30,36-45,Female,16.3,Net Banking,Verified
INV002199,2024-02-14,125498,sip,4999,Gujarat,Ahmedabad,T30,26-35,Male,18.6,Net Banking,Verified
INV001747,2024-02-14,120842,redemption,510130,Madhya Pradesh,Indore,T30,18-25,Female,3.8,Net Banking,Verified
INV002311,2024-02-14,100025,lumpsum,434474,Rajasthan,Udaipur,B30,36-45,Male,31.5,Net Banking,Verified
INV000892,2024-02-14,118633,sip,14347,Gujarat,Ahmedabad,T30,36-45,Male,26.4,Net Banking,Verified
INV004290,2024-02-14,120506,lumpsum,246215,Gujarat,Ahmedabad,T30,46-55,Male,41.9,Net Banking,Verified
INV001765,2024-02-14,102886,sip,3576,Uttar Pradesh,Kanpur,B30,46-55,Male,95.2,Cheque,Verified
INV002124,2024-02-14,120505,sip,10404,Tamil Nadu,Coimbatore,B30,18-25,Male,5.0,Cheque,Verified
INV002570,2024-02-14,119551,sip,4371,Punjab,Chandigarh,T30,36-45,Male,55.3,Mandate,Verified
INV003153,2024-02-14,118636,sip,465,Madhya Pradesh,Indore,T30,36-45,Female,20.5,Net Banking,Verified
INV004360,2024-02-14,149324,redemption,438981,Madhya Pradesh,Bhopal,B30,26-35,Female,15.9,Cheque,Verified
INV001312,2024-02-14,125497,lumpsum,154197,Delhi,Noida,T30,26-35,Male,6.9,UPI,Verified
INV002530,2024-02-14,120503,sip,13699,Telangana,Hyderabad,T30,36-45,Male,53.9,Mandate,Verified
INV004973,2024-02-14,101207,sip,5059,Tamil Nadu,Coimbatore,B30,26-35,Male,11.3,Mandate,Verified
INV004358,2024-02-14,100033,sip,5757,Tamil Nadu,Coimbatore,B30,26-35,Male,6.5,UPI,Verified
INV003042,2024-02-14,100016,lumpsum,166053,Tamil Nadu,Coimbatore,B30,46-55,Male,23.5,UPI,Verified
INV001762,2024-02-14,148568,lumpsum,516163,Punjab,Amritsar,B30,18-25,Female,7.5,Net Banking,Pending
INV001741,2024-02-14,148567,sip,7802,Rajasthan,Udaipur,B30,36-45,Male,52.8,Mandate,Verified
INV002157,2024-02-14,148568,sip,2880,Punjab,Chandigarh,T30,26-35,Male,16.9,Cheque,Verified
INV003189,2024-02-14,149324,sip,2600,Tamil Nadu,Chennai,T30,36-45,Female,44.6,UPI,Verified
INV000481,2024-02-14,100025,sip,9340,Madhya Pradesh,Bhopal,B30,26-35,Female,13.4,UPI,Verified
INV001643,2024-02-14,101207,sip,21624,Punjab,Amritsar,B30,36-45,Male,28.4,Mandate,Verified
INV001102,2024-02-14,120503,sip,24949,West Bengal,Kolkata,T30,46-55,Male,22.2,UPI,Verified
INV003002,2024-02-14,119599,sip,2184,Maharashtra,Pune,T30,26-35,Male,17.0,Cheque,Verified
INV004611,2024-02-14,120503,sip,466,Madhya Pradesh,Bhopal,B30,18-25,Female,6.1,Mandate,Verified
INV003306,2024-02-14,119598,lumpsum,410320,Gujarat,Ahmedabad,T30,36-45,Male,14.6,Mandate,Verified
INV000634,2024-02-15,118635,sip,16929,Karnataka,Bangalore,T30,26-35,Female,22.7,Mandate,Pending
INV000522,2024-02-15,100016,sip,2320,Punjab,Chandigarh,T30,26-35,Female,10.8,Mandate,Verified
INV002989,2024-02-15,102887,sip,860,Haryana,Faridabad,B30,46-55,Male,16.3,Net Banking,Verified
INV004953,2024-02-15,119598,sip,9177,Haryana,Faridabad,B30,36-45,Male,36.3,Cheque,Verified
INV003894,2024-02-15,101208,lumpsum,207610,Tamil Nadu,Coimbatore,B30,26-35,Male,14.9,Mandate,Verified
INV003314,2024-02-15,119598,sip,27615,Telangana,Hyderabad,T30,36-45,Female,25.6,Cheque,Verified
INV001951,2024-02-15,148568,redemption,423132,Punjab,Chandigarh,T30,26-35,Male,10.6,Mandate,Verified
INV001618,2024-02-15,101208,sip,812,Karnataka,Bangalore,T30,56+,Female,28.0,Net Banking,Pending
INV003935,2024-02-15,149322,sip,7471,Rajasthan,Udaipur,B30,26-35,Male,7.6,UPI,Verified
INV002515,2024-02-15,119093,lumpsum,236742,West Bengal,Kolkata,T30,56+,Female,73.9,UPI,Pending
INV003285,2024-02-15,100016,redemption,240171,Maharashtra,Pune,T30,36-45,Male,24.0,UPI,Verified
INV001096,2024-02-15,119599,lumpsum,292567,Punjab,Chandigarh,T30,26-35,Male,24.5,UPI,Verified
INV004465,2024-02-15,118633,lumpsum,87516,Gujarat,Surat,T30,26-35,Male,14.2,Cheque,Verified
INV000621,2024-02-15,100016,sip,49784,Rajasthan,Udaipur,B30,56+,Female,45.8,Cheque,Verified
INV001955,2024-02-15,119598,sip,13420,Madhya Pradesh,Bhopal,B30,26-35,Female,16.4,Net Banking,Verified
INV002937,2024-02-15,148568,sip,2816,Rajasthan,Jaipur,T30,56+,Male,64.5,Mandate,Verified
INV003289,2024-02-15,148567,sip,16755,Uttar Pradesh,Lucknow,T30,26-35,Male,11.2,Mandate,Verified
INV003260,2024-02-15,119551,sip,1645,Madhya Pradesh,Indore,T30,18-25,Male,7.9,UPI,Verified
INV003231,2024-02-15,119095,sip,24872,Haryana,Gurugram,T30,26-35,Male,9.1,UPI,Verified
INV002214,2024-02-15,101208,lumpsum,425118,Delhi,Gurugram,T30,36-45,Female,50.5,Net Banking,Verified
INV004749,2024-02-15,102886,redemption,252788,Karnataka,Bangalore,T30,56+,Male,45.5,Cheque,Verified
INV004067,2024-02-15,118635,lumpsum,128436,Delhi,Gurugram,T30,26-35,Male,8.5,Cheque,Verified
INV000124,2024-02-15,102887,sip,2540,Punjab,Amritsar,B30,36-45,Female,46.2,Net Banking,Verified
INV000974,2024-02-15,101207,lumpsum,199233,Maharashtra,Mumbai,T30,46-55,Male,88.6,Cheque,Verified
INV002827,2024-02-15,119093,sip,924,Karnataka,Mysore,B30,36-45,Female,58.1,Mandate,Verified
INV001708,2024-02-15,102887,redemption,109238,Haryana,Faridabad,B30,18-25,Male,7.7,Net Banking,Verified
INV000328,2024-02-15,148568,redemption,79791,Madhya Pradesh,Bhopal,B30,26-35,Male,19.6,UPI,Verified
INV004903,2024-02-15,119093,sip,4043,Karnataka,Bangalore,T30,26-35,Male,11.4,Cheque,Verified
INV004655,2024-02-15,120506,sip,3112,Telangana,Hyderabad,T30,36-45,Male,19.7,Mandate,Verified
INV002724,2024-02-15,148567,sip,1827,Rajasthan,Udaipur,B30,36-45,Male,26.3,Cheque,Verified
INV002017,2024-02-15,101207,lumpsum,399239,Karnataka,Mysore,B30,26-35,Female,15.0,UPI,Verified
INV001259,2024-02-15,119599,sip,2857,Telangana,Hyderabad,T30,26-35,Female,10.6,Mandate,Verified
INV001008,2024-02-15,119551,lumpsum,476748,Rajasthan,Udaipur,B30,46-55,Male,85.8,Mandate,Verified
INV001470,2024-02-15,120506,sip,53880,Haryana,Gurugram,T30,36-45,Male,26.2,Mandate,Pending
INV000133,2024-02-15,102885,sip,14091,Karnataka,Bangalore,T30,26-35,Female,11.5,Cheque,Verified
INV000736,2024-02-15,125498,lumpsum,435694,Haryana,Faridabad,B30,36-45,Female,39.4,Mandate,Verified
INV001579,2024-02-15,119093,sip,43231,Karnataka,Bangalore,T30,46-55,Male,71.1,Net Banking,Pending
INV001001,2024-02-15,120506,sip,47716,Madhya Pradesh,Indore,T30,26-35,Female,20.7,Mandate,Verified
INV000791,2024-02-15,118633,sip,17916,Madhya Pradesh,Bhopal,B30,26-35,Male,18.4,Mandate,Verified
INV003361,2024-02-15,119093,sip,519,Madhya Pradesh,Indore,T30,36-45,Male,19.9,Cheque,Verified
INV004177,2024-02-15,120503,sip,13512,Tamil Nadu,Coimbatore,B30,26-35,Male,14.7,UPI,Verified
INV003642,2024-02-15,119092,sip,2439,Haryana,Faridabad,B30,18-25,Male,3.1,Mandate,Verified
INV001782,2024-02-15,120843,lumpsum,21175,Uttar Pradesh,Agra,B30,36-45,Female,47.5,Net Banking,Verified
INV004357,2024-02-15,101208,sip,2846,Delhi,Gurugram,T30,46-55,Female,55.6,Mandate,Pending
INV001358,2024-02-15,102887,sip,3401,Rajasthan,Jaipur,T30,26-35,Male,14.8,Mandate,Pending
INV004359,2024-02-15,119095,sip,2836,Delhi,New Delhi,T30,26-35,Male,9.4,Mandate,Verified
INV001044,2024-02-15,120842,lumpsum,219249,Gujarat,Surat,T30,26-35,Male,14.5,UPI,Verified
INV003129,2024-02-15,120507,redemption,413431,Haryana,Gurugram,T30,36-45,Female,33.4,UPI,Verified
INV002629,2024-02-15,120843,sip,1886,Karnataka,Mysore,B30,36-45,Male,32.9,Mandate,Verified
INV004339,2024-02-15,119093,redemption,321782,Uttar Pradesh,Lucknow,T30,26-35,Female,7.3,Mandate,Verified
INV003634,2024-02-15,102885,sip,2772,Punjab,Chandigarh,T30,46-55,Female,87.5,Net Banking,Verified
INV004712,2024-02-15,120504,redemption,565306,Uttar Pradesh,Kanpur,B30,36-45,Male,55.7,UPI,Verified
INV000150,2024-02-15,119094,sip,2648,Karnataka,Mysore,B30,18-25,Male,3.5,Cheque,Verified
INV002859,2024-02-15,148569,sip,6936,Madhya Pradesh,Indore,T30,26-35,Male,20.1,Mandate,Verified
INV003476,2024-02-15,119120,lumpsum,310387,Punjab,Chandigarh,T30,18-25,Male,5.1,Net Banking,Verified
INV001498,2024-02-15,120506,lumpsum,356013,Gujarat,Ahmedabad,T30,36-45,Male,34.7,Cheque,Verified
INV000261,2024-02-15,120505,sip,11241,Gujarat,Ahmedabad,T30,18-25,Male,3.5,Cheque,Verified
INV002529,2024-02-15,119094,sip,22162,Maharashtra,Mumbai,T30,18-25,Female,5.3,Mandate,Verified
INV000339,2024-02-15,101208,sip,952,Uttar Pradesh,Kanpur,B30,26-35,Male,22.3,UPI,Verified
INV000943,2024-02-15,120841,sip,514,West Bengal,Kolkata,T30,18-25,Male,5.8,UPI,Verified
INV004293,2024-02-15,125498,redemption,18433,Rajasthan,Jaipur,T30,36-45,Male,54.9,Net Banking,Verified
INV004205,2024-02-15,120507,lumpsum,148157,Telangana,Hyderabad,T30,56+,Female,56.9,Net Banking,Verified
INV004135,2024-02-15,100033,sip,532,Tamil Nadu,Coimbatore,B30,26-35,Female,18.7,Net Banking,Verified
INV003878,2024-02-15,125497,sip,10059,Haryana,Gurugram,T30,56+,Male,27.9,Mandate,Pending
INV001419,2024-02-15,125497,sip,26006,Delhi,New Delhi,T30,26-35,Male,7.1,Mandate,Verified
INV001993,2024-02-15,101208,sip,3438,Uttar Pradesh,Agra,B30,36-45,Female,44.2,Mandate,Verified
INV004847,2024-02-15,149322,sip,27233,Maharashtra,Pune,T30,26-35,Female,7.0,Cheque,Verified
INV001765,2024-02-15,118635,sip,4131,Uttar Pradesh,Kanpur,B30,46-55,Male,95.2,Mandate,Verified
INV000779,2024-02-15,118632,lumpsum,289248,Gujarat,Ahmedabad,T30,36-45,Male,35.3,UPI,Verified
INV000244,2024-02-15,102887,lumpsum,257688,Telangana,Hyderabad,T30,26-35,Male,24.9,Net Banking,Verified
INV004115,2024-02-15,120507,sip,44316,Madhya Pradesh,Indore,T30,56+,Male,69.9,UPI,Pending
INV000204,2024-02-16,149322,lumpsum,73659,Punjab,Chandigarh,T30,36-45,Male,17.7,UPI,Verified
INV004128,2024-02-16,120843,sip,3579,Haryana,Faridabad,B30,18-25,Male,3.3,Net Banking,Pending
INV000768,2024-02-16,118635,redemption,200931,Delhi,Noida,T30,56+,Male,12.2,Cheque,Verified
INV000774,2024-02-16,148569,sip,2452,Telangana,Hyderabad,T30,36-45,Male,34.9,Mandate,Verified
INV001792,2024-02-16,100033,sip,837,Gujarat,Ahmedabad,T30,26-35,Female,18.8,Mandate,Verified
INV003780,2024-02-16,120844,sip,2909,Haryana,Faridabad,B30,26-35,Male,10.1,Mandate,Verified
INV002429,2024-02-16,149324,sip,26206,Rajasthan,Udaipur,B30,26-35,Male,11.2,Mandate,Verified
INV001625,2024-02-16,119552,sip,1047,Uttar Pradesh,Kanpur,B30,46-55,Female,78.2,Net Banking,Verified
INV004652,2024-02-16,100033,sip,3287,Gujarat,Surat,T30,56+,Male,42.9,UPI,Verified
INV003354,2024-02-16,119120,sip,4646,Punjab,Chandigarh,T30,46-55,Male,48.5,Mandate,Verified
INV000492,2024-02-16,120505,sip,27584,Telangana,Hyderabad,T30,36-45,Male,12.4,Cheque,Verified
INV003105,2024-02-16,120504,sip,829,Rajasthan,Jaipur,T30,18-25,Female,6.0,UPI,Verified
INV000124,2024-02-16,118632,sip,5993,Punjab,Amritsar,B30,36-45,Female,46.2,UPI,Verified
INV002490,2024-02-16,118633,lumpsum,329596,Gujarat,Surat,T30,36-45,Female,28.1,Mandate,Verified
INV004958,2024-02-16,148569,sip,11908,Maharashtra,Mumbai,T30,36-45,Male,20.9,UPI,Pending
INV002212,2024-02-16,120503,lumpsum,165658,Telangana,Hyderabad,T30,36-45,Male,26.4,UPI,Verified
INV000612,2024-02-16,149324,sip,810,Punjab,Amritsar,B30,18-25,Male,6.3,Net Banking,Verified
INV002613,2024-02-16,119599,sip,2867,Karnataka,Bangalore,T30,46-55,Female,44.3,Mandate,Verified
INV003424,2024-02-16,119120,sip,2999,Madhya Pradesh,Indore,T30,26-35,Female,19.7,Cheque,Verified
INV003227,2024-02-16,120503,lumpsum,105902,Maharashtra,Mumbai,T30,36-45,Male,41.8,Net Banking,Verified
INV003083,2024-02-16,118634,sip,5275,Madhya Pradesh,Bhopal,B30,56+,Female,41.3,Mandate,Verified
INV002013,2024-02-16,119095,sip,1957,Rajasthan,Jaipur,T30,46-55,Male,30.2,Mandate,Pending
INV003687,2024-02-16,102887,sip,2362,Tamil Nadu,Chennai,T30,36-45,Male,21.8,Net Banking,Verified
INV004668,2024-02-16,119093,lumpsum,86460,Gujarat,Ahmedabad,T30,26-35,Male,6.4,Mandate,Verified
INV000026,2024-02-16,120505,lumpsum,215448,West Bengal,Kolkata,T30,36-45,Male,29.5,UPI,Verified
INV001565,2024-02-16,119598,lumpsum,87831,West Bengal,Kolkata,T30,26-35,Female,7.7,Mandate,Verified
INV001449,2024-02-16,148567,sip,11906,Gujarat,Ahmedabad,T30,36-45,Male,45.2,UPI,Verified
INV001094,2024-02-16,101206,redemption,269304,Haryana,Gurugram,T30,26-35,Male,21.6,Mandate,Verified
INV004242,2024-02-16,120844,sip,13057,Punjab,Amritsar,B30,26-35,Male,14.9,UPI,Verified
INV003503,2024-02-16,148567,redemption,175851,Karnataka,Mysore,B30,36-45,Male,26.3,Mandate,Verified
INV003154,2024-02-16,149322,sip,2567,Karnataka,Mysore,B30,26-35,Female,17.7,UPI,Verified
INV002803,2024-02-16,101207,sip,2948,Uttar Pradesh,Agra,B30,36-45,Male,31.9,UPI,Verified
INV004747,2024-02-16,120505,sip,11780,Punjab,Amritsar,B30,36-45,Male,23.4,Net Banking,Verified
INV002230,2024-02-16,149323,redemption,371251,Delhi,Noida,T30,36-45,Male,21.7,Net Banking,Verified
INV002574,2024-02-16,119552,sip,8490,Maharashtra,Nashik,B30,26-35,Male,11.1,Net Banking,Verified
INV000442,2024-02-16,101206,sip,2408,Delhi,Noida,T30,26-35,Male,16.2,Mandate,Verified
INV000603,2024-02-16,102886,sip,504,West Bengal,Kolkata,T30,26-35,Male,17.3,Net Banking,Verified
INV004381,2024-02-16,119120,sip,7159,West Bengal,Kolkata,T30,46-55,Female,27.2,UPI,Pending
INV003054,2024-02-16,120841,redemption,94441,Telangana,Hyderabad,T30,56+,Female,77.1,Mandate,Verified
INV004420,2024-02-16,101206,sip,46360,Haryana,Gurugram,T30,36-45,Male,14.6,Net Banking,Verified
INV001322,2024-02-16,118635,lumpsum,330650,Uttar Pradesh,Lucknow,T30,26-35,Female,10.5,UPI,Verified
INV000550,2024-02-16,125497,sip,2825,Rajasthan,Udaipur,B30,26-35,Male,6.7,Mandate,Verified
INV004763,2024-02-16,101208,redemption,379401,Karnataka,Bangalore,T30,46-55,Female,19.6,Mandate,Verified
INV003224,2024-02-16,119120,lumpsum,226890,Punjab,Amritsar,B30,26-35,Male,16.0,Net Banking,Verified
INV001826,2024-02-16,149322,lumpsum,385518,Punjab,Amritsar,B30,18-25,Male,4.7,Cheque,Verified
INV004529,2024-02-16,118636,sip,50762,Uttar Pradesh,Kanpur,B30,18-25,Male,6.3,UPI,Verified
INV003432,2024-02-16,148569,sip,4654,Uttar Pradesh,Agra,B30,56+,Female,11.2,Cheque,Verified
INV000501,2024-02-16,102887,sip,20366,Punjab,Chandigarh,T30,18-25,Male,4.0,Mandate,Verified
INV002497,2024-02-16,118636,sip,2413,Telangana,Hyderabad,T30,26-35,Female,13.0,UPI,Verified
INV004346,2024-02-16,118632,redemption,59420,Tamil Nadu,Coimbatore,B30,26-35,Male,19.4,UPI,Verified
INV003660,2024-02-16,119092,sip,5386,Delhi,Noida,T30,26-35,Male,6.8,Cheque,Verified
INV003723,2024-02-16,100033,redemption,39870,Tamil Nadu,Chennai,T30,26-35,Female,10.9,UPI,Verified
INV003703,2024-02-16,119551,lumpsum,118739,Karnataka,Bangalore,T30,36-45,Female,20.8,Net Banking,Verified
INV001583,2024-02-16,125498,sip,426,Delhi,Gurugram,T30,18-25,Male,3.1,Mandate,Verified
INV000414,2024-02-16,120506,lumpsum,295142,Tamil Nadu,Chennai,T30,36-45,Male,21.9,Mandate,Verified
INV004738,2024-02-16,120507,sip,12259,Uttar Pradesh,Kanpur,B30,56+,Female,52.6,Cheque,Verified
INV002746,2024-02-16,119092,redemption,136258,Delhi,Noida,T30,26-35,Male,23.2,Cheque,Verified
INV001008,2024-02-16,120842,sip,8265,Rajasthan,Udaipur,B30,46-55,Male,85.8,Net Banking,Verified
INV004363,2024-02-16,102886,sip,22933,Delhi,Noida,T30,26-35,Male,20.5,Mandate,Verified
INV001928,2024-02-17,148568,sip,2595,Telangana,Hyderabad,T30,46-55,Female,29.2,UPI,Verified
INV000895,2024-02-17,119095,sip,8107,Rajasthan,Udaipur,B30,26-35,Male,19.5,Cheque,Verified
INV003563,2024-02-17,118636,lumpsum,115187,Haryana,Gurugram,T30,46-55,Male,41.8,Net Banking,Pending
INV000319,2024-02-17,148567,sip,451,Maharashtra,Mumbai,T30,56+,Male,74.8,Cheque,Verified
INV003184,2024-02-17,119094,sip,2999,Maharashtra,Pune,T30,26-35,Male,8.1,Cheque,Verified
INV001273,2024-02-17,118632,sip,2339,West Bengal,Kolkata,T30,36-45,Male,18.7,UPI,Verified
INV003176,2024-02-17,119120,sip,7200,Haryana,Gurugram,T30,46-55,Male,51.6,Net Banking,Verified
INV000593,2024-02-17,102886,lumpsum,319239,Telangana,Hyderabad,T30,56+,Male,50.2,UPI,Verified
INV001188,2024-02-17,119120,lumpsum,302627,Delhi,New Delhi,T30,18-25,Male,7.9,UPI,Verified
INV004271,2024-02-17,149323,sip,15764,Maharashtra,Mumbai,T30,18-25,Male,3.2,Cheque,Verified
INV002373,2024-02-17,118633,sip,5047,Maharashtra,Pune,T30,36-45,Male,56.3,Cheque,Verified
INV004849,2024-02-17,101206,redemption,465631,Maharashtra,Pune,T30,46-55,Female,21.9,UPI,Verified
INV003468,2024-02-17,149323,sip,9455,Madhya Pradesh,Indore,T30,36-45,Female,43.1,Net Banking,Verified
INV002667,2024-02-17,119094,lumpsum,244753,Karnataka,Mysore,B30,36-45,Male,50.7,Net Banking,Verified
INV001166,2024-02-17,119094,sip,1101,Punjab,Chandigarh,T30,26-35,Male,21.4,UPI,Verified
INV004135,2024-02-17,118635,sip,15784,Tamil Nadu,Coimbatore,B30,26-35,Female,18.7,Cheque,Verified
INV000348,2024-02-17,101207,sip,3493,Madhya Pradesh,Bhopal,B30,46-55,Female,94.4,Mandate,Verified
INV004134,2024-02-17,149323,sip,4486,West Bengal,Kolkata,T30,36-45,Male,24.4,Cheque,Verified
INV002788,2024-02-17,102887,redemption,23818,Uttar Pradesh,Agra,B30,26-35,Male,23.5,Cheque,Verified
INV000370,2024-02-17,119093,sip,801,Delhi,Noida,T30,26-35,Female,12.4,Mandate,Verified
INV001116,2024-02-17,101206,sip,2322,Haryana,Faridabad,B30,36-45,Male,17.8,Cheque,Verified
INV001118,2024-02-17,148567,sip,2498,Haryana,Gurugram,T30,18-25,Male,6.7,UPI,Verified
INV002326,2024-02-17,102887,sip,1806,Telangana,Hyderabad,T30,36-45,Female,33.2,UPI,Verified
INV000456,2024-02-17,125498,lumpsum,65286,Karnataka,Mysore,B30,26-35,Male,17.2,UPI,Verified
INV004230,2024-02-17,148567,lumpsum,331567,Karnataka,Bangalore,T30,18-25,Female,7.4,UPI,Verified
INV002657,2024-02-17,149324,redemption,61793,Punjab,Amritsar,B30,36-45,Male,50.0,Mandate,Verified
INV002771,2024-02-17,120841,sip,569,West Bengal,Kolkata,T30,36-45,Female,45.1,Net Banking,Verified
INV003479,2024-02-17,118634,lumpsum,247032,West Bengal,Kolkata,T30,36-45,Female,44.7,UPI,Verified
INV001518,2024-02-17,119094,redemption,235979,Karnataka,Mysore,B30,18-25,Male,3.9,Net Banking,Verified
INV002328,2024-02-17,101208,sip,14446,Haryana,Gurugram,T30,26-35,Male,11.6,Cheque,Verified
INV001082,2024-02-17,101207,sip,1196,Uttar Pradesh,Lucknow,T30,46-55,Female,64.2,Cheque,Verified
INV004751,2024-02-17,148568,sip,25728,Maharashtra,Pune,T30,36-45,Female,15.6,Mandate,Pending
INV003788,2024-02-17,149323,lumpsum,182284,Tamil Nadu,Chennai,T30,18-25,Male,3.1,Mandate,Verified
INV001654,2024-02-17,100033,sip,57401,Uttar Pradesh,Lucknow,T30,36-45,Female,28.1,UPI,Verified
INV003054,2024-02-17,118634,sip,806,Telangana,Hyderabad,T30,56+,Female,77.1,Mandate,Verified
INV000145,2024-02-17,120841,sip,44890,Delhi,New Delhi,T30,26-35,Male,9.3,Net Banking,Verified
INV001759,2024-02-17,100016,sip,855,Haryana,Faridabad,B30,36-45,Female,25.6,Cheque,Verified
INV002270,2024-02-17,119551,redemption,387443,Madhya Pradesh,Indore,T30,46-55,Female,23.9,Cheque,Verified
INV001088,2024-02-17,125498,sip,2694,Tamil Nadu,Coimbatore,B30,26-35,Male,15.3,UPI,Verified
INV004015,2024-02-17,118635,sip,2064,Maharashtra,Mumbai,T30,18-25,Female,7.6,Cheque,Verified
INV004866,2024-02-17,120505,redemption,304434,Madhya Pradesh,Bhopal,B30,36-45,Male,14.6,Net Banking,Verified
INV000853,2024-02-17,102887,sip,932,Punjab,Chandigarh,T30,26-35,Female,8.0,UPI,Verified
INV002654,2024-02-17,120507,lumpsum,127439,Delhi,New Delhi,T30,36-45,Female,38.2,Mandate,Verified
INV004009,2024-02-17,119092,sip,947,Gujarat,Ahmedabad,T30,18-25,Male,5.6,UPI,Verified
INV002326,2024-02-17,119095,sip,1177,Telangana,Hyderabad,T30,36-45,Female,33.2,Mandate,Verified
INV000577,2024-02-17,100016,lumpsum,225534,Delhi,Noida,T30,36-45,Male,20.4,Mandate,Verified
INV004956,2024-02-17,120504,sip,3595,Maharashtra,Mumbai,T30,46-55,Male,62.4,Mandate,Verified
INV003813,2024-02-17,119552,lumpsum,108592,Rajasthan,Udaipur,B30,36-45,Male,23.6,Cheque,Verified
INV002097,2024-02-17,119598,lumpsum,178252,Uttar Pradesh,Agra,B30,46-55,Male,64.5,UPI,Verified
INV001015,2024-02-17,120842,redemption,244563,Haryana,Gurugram,T30,36-45,Female,21.1,Mandate,Verified
INV001526,2024-02-17,149323,sip,3477,Madhya Pradesh,Bhopal,B30,26-35,Female,19.1,Net Banking,Verified
INV002876,2024-02-17,102885,sip,2695,Uttar Pradesh,Kanpur,B30,36-45,Female,44.6,Net Banking,Pending
INV004980,2024-02-17,120841,redemption,360503,Punjab,Amritsar,B30,36-45,Female,36.6,Net Banking,Verified
INV001063,2024-02-17,125498,sip,8274,Haryana,Faridabad,B30,26-35,Male,24.1,Cheque,Verified
INV004427,2024-02-17,100033,sip,21536,Punjab,Amritsar,B30,36-45,Female,54.2,Cheque,Verified
INV000094,2024-02-17,149323,redemption,177357,West Bengal,Kolkata,T30,18-25,Male,3.7,UPI,Verified
INV004236,2024-02-17,119552,sip,11316,Punjab,Amritsar,B30,26-35,Female,19.0,Net Banking,Verified
INV003261,2024-02-17,118634,sip,6640,Punjab,Amritsar,B30,26-35,Male,10.5,Net Banking,Verified
INV000294,2024-02-17,120842,sip,7286,Maharashtra,Nashik,B30,36-45,Female,30.8,UPI,Verified
INV001839,2024-02-17,120842,sip,3029,Punjab,Chandigarh,T30,26-35,Male,18.6,Cheque,Verified
INV004409,2024-02-17,120503,redemption,80706,Karnataka,Bangalore,T30,26-35,Female,7.2,UPI,Pending
INV001642,2024-02-17,119092,sip,2024,Rajasthan,Jaipur,T30,56+,Female,20.5,UPI,Pending
INV004981,2024-02-17,120842,sip,4950,Haryana,Faridabad,B30,18-25,Male,3.5,Cheque,Verified
INV001351,2024-02-17,100033,sip,3450,Uttar Pradesh,Kanpur,B30,26-35,Male,8.5,Cheque,Pending
INV001513,2024-02-17,119552,sip,17558,Madhya Pradesh,Indore,T30,18-25,Male,5.4,Net Banking,Verified
INV000902,2024-02-18,101208,sip,1038,Maharashtra,Mumbai,T30,26-35,Female,6.0,UPI,Verified
INV003007,2024-02-18,120841,redemption,48452,Haryana,Faridabad,B30,26-35,Male,21.8,Mandate,Verified
INV001656,2024-02-18,149324,sip,10598,Madhya Pradesh,Bhopal,B30,26-35,Male,19.4,Cheque,Verified
INV004562,2024-02-18,120844,redemption,224258,Telangana,Hyderabad,T30,26-35,Female,19.0,UPI,Verified
INV001039,2024-02-18,120841,redemption,197253,Gujarat,Surat,T30,36-45,Male,12.8,UPI,Verified
INV001318,2024-02-18,119092,sip,2891,Telangana,Hyderabad,T30,36-45,Male,59.3,UPI,Verified
INV000341,2024-02-18,125498,sip,7006,Delhi,New Delhi,T30,26-35,Male,19.6,Cheque,Verified
INV004246,2024-02-18,148568,lumpsum,225846,West Bengal,Kolkata,T30,36-45,Female,12.2,Net Banking,Verified
INV004246,2024-02-18,120842,sip,972,West Bengal,Kolkata,T30,36-45,Female,12.2,Cheque,Pending
INV001680,2024-02-18,148567,lumpsum,550258,Madhya Pradesh,Indore,T30,26-35,Male,22.8,Mandate,Verified
INV003109,2024-02-18,148569,redemption,126257,Delhi,Gurugram,T30,26-35,Male,22.8,Net Banking,Verified
INV004066,2024-02-18,100025,lumpsum,471204,Gujarat,Surat,T30,46-55,Male,30.8,Mandate,Verified
INV003620,2024-02-18,102886,lumpsum,214405,Uttar Pradesh,Kanpur,B30,36-45,Female,15.7,UPI,Verified
INV002056,2024-02-18,100033,redemption,160221,Madhya Pradesh,Bhopal,B30,18-25,Female,3.4,Net Banking,Verified
INV003126,2024-02-18,120504,lumpsum,160523,Delhi,Gurugram,T30,26-35,Female,12.8,Mandate,Verified
INV003264,2024-02-18,120841,redemption,202530,Haryana,Faridabad,B30,18-25,Male,4.9,Cheque,Verified
INV001954,2024-02-18,148567,sip,4100,Uttar Pradesh,Agra,B30,26-35,Male,15.6,Net Banking,Verified
INV003224,2024-02-18,101208,lumpsum,395652,Punjab,Amritsar,B30,26-35,Male,16.0,Mandate,Verified
INV003548,2024-02-18,120507,sip,2841,Karnataka,Bangalore,T30,26-35,Male,23.3,UPI,Verified
INV000512,2024-02-18,120844,sip,6266,Punjab,Amritsar,B30,46-55,Male,82.6,Cheque,Verified
INV004771,2024-02-18,148567,sip,12724,Tamil Nadu,Coimbatore,B30,18-25,Male,6.6,Cheque,Verified
INV002984,2024-02-18,149324,sip,23748,Delhi,Gurugram,T30,26-35,Male,18.1,UPI,Verified
INV003432,2024-02-18,119599,redemption,336191,Uttar Pradesh,Agra,B30,56+,Female,11.2,UPI,Verified
INV002575,2024-02-18,120842,sip,6113,West Bengal,Kolkata,T30,18-25,Male,7.9,Cheque,Verified
INV000296,2024-02-18,101206,lumpsum,15076,Madhya Pradesh,Indore,T30,26-35,Male,16.7,Mandate,Pending
INV000554,2024-02-18,120844,sip,27448,Delhi,Noida,T30,36-45,Male,12.3,Cheque,Verified
INV002128,2024-02-18,149323,lumpsum,331450,Rajasthan,Udaipur,B30,26-35,Female,21.6,UPI,Pending
INV001602,2024-02-18,119093,sip,17712,West Bengal,Kolkata,T30,36-45,Male,27.0,Cheque,Pending
INV001023,2024-02-18,149323,lumpsum,290062,Gujarat,Ahmedabad,T30,36-45,Male,27.1,Cheque,Verified
INV001797,2024-02-18,120505,lumpsum,205160,Punjab,Amritsar,B30,26-35,Female,6.8,Cheque,Verified
INV004033,2024-02-18,118632,lumpsum,41975,West Bengal,Kolkata,T30,36-45,Male,56.1,Mandate,Verified
INV002756,2024-02-18,119095,sip,4379,Delhi,Gurugram,T30,36-45,Male,49.7,Net Banking,Pending
INV001796,2024-02-18,148567,redemption,293802,Telangana,Hyderabad,T30,18-25,Male,6.7,Net Banking,Verified
INV002632,2024-02-18,120505,sip,24777,Tamil Nadu,Chennai,T30,26-35,Female,14.1,UPI,Verified
INV003725,2024-02-18,119552,sip,591,Gujarat,Ahmedabad,T30,26-35,Female,8.4,Net Banking,Verified
INV002049,2024-02-18,119094,sip,1825,Tamil Nadu,Coimbatore,B30,36-45,Female,36.8,Mandate,Verified
INV002053,2024-02-18,119120,sip,2089,West Bengal,Kolkata,T30,26-35,Male,8.8,Mandate,Verified
INV000236,2024-02-18,120843,sip,2050,Karnataka,Bangalore,T30,36-45,Male,26.2,Mandate,Verified
INV002662,2024-02-18,149324,lumpsum,145074,Tamil Nadu,Coimbatore,B30,26-35,Male,20.5,UPI,Verified
INV004447,2024-02-18,148567,sip,2993,West Bengal,Kolkata,T30,36-45,Female,53.4,Cheque,Verified
INV004510,2024-02-18,119094,lumpsum,204920,Haryana,Gurugram,T30,56+,Male,71.8,Net Banking,Verified
INV000851,2024-02-18,125498,sip,8379,Tamil Nadu,Chennai,T30,36-45,Male,39.2,Cheque,Pending
INV001653,2024-02-18,149323,sip,906,Maharashtra,Mumbai,T30,36-45,Male,45.4,Net Banking,Verified
INV001995,2024-02-18,101208,sip,1997,Gujarat,Surat,T30,26-35,Male,20.8,UPI,Verified
INV003980,2024-02-18,120505,lumpsum,99972,West Bengal,Kolkata,T30,26-35,Male,7.1,Net Banking,Verified
INV004380,2024-02-18,119094,sip,419,Gujarat,Surat,T30,36-45,Male,16.6,Mandate,Verified
INV001463,2024-02-18,118632,lumpsum,219141,Maharashtra,Nashik,B30,36-45,Male,54.5,Cheque,Verified
INV001085,2024-02-18,118633,sip,14908,Uttar Pradesh,Lucknow,T30,36-45,Female,21.8,Net Banking,Verified
INV001204,2024-02-18,148568,sip,486,Delhi,New Delhi,T30,36-45,Male,15.3,Mandate,Verified
INV004620,2024-02-18,119552,sip,2963,Maharashtra,Pune,T30,36-45,Male,58.6,UPI,Verified
INV001053,2024-02-18,119095,sip,572,West Bengal,Kolkata,T30,46-55,Female,79.0,Net Banking,Verified
INV004321,2024-02-18,100016,sip,2545,West Bengal,Kolkata,T30,26-35,Male,16.0,Mandate,Verified
INV001724,2024-02-18,120503,sip,2759,Madhya Pradesh,Indore,T30,26-35,Female,11.9,Mandate,Verified
INV003837,2024-02-18,120504,sip,6510,Punjab,Amritsar,B30,26-35,Female,15.2,UPI,Verified
INV002212,2024-02-18,101206,redemption,313431,Telangana,Hyderabad,T30,36-45,Male,26.4,UPI,Verified
INV002429,2024-02-18,118634,sip,1162,Rajasthan,Udaipur,B30,26-35,Male,11.2,UPI,Verified
INV003524,2024-02-18,125498,sip,4070,Telangana,Hyderabad,T30,36-45,Male,12.5,UPI,Verified
INV003355,2024-02-18,102887,sip,2149,West Bengal,Kolkata,T30,26-35,Female,14.6,Net Banking,Verified
INV000430,2024-02-18,125497,sip,3064,Punjab,Amritsar,B30,18-25,Male,3.3,Mandate,Verified
INV004505,2024-02-18,119093,lumpsum,108187,Punjab,Amritsar,B30,26-35,Male,7.8,Net Banking,Verified
INV004945,2024-02-18,119120,sip,3214,West Bengal,Kolkata,T30,36-45,Female,56.8,Mandate,Verified
INV004340,2024-02-18,118634,lumpsum,343749,Karnataka,Mysore,B30,26-35,Male,17.9,Cheque,Verified
INV000957,2024-02-18,102886,sip,6680,Madhya Pradesh,Bhopal,B30,36-45,Male,38.2,Net Banking,Verified
INV003178,2024-02-18,119551,sip,1092,Telangana,Hyderabad,T30,46-55,Female,60.9,Cheque,Verified
INV003025,2024-02-18,102887,sip,12210,Gujarat,Surat,T30,26-35,Female,11.9,UPI,Verified
INV001632,2024-02-18,120505,lumpsum,24663,Rajasthan,Udaipur,B30,26-35,Male,6.8,UPI,Verified
INV001056,2024-02-18,100016,lumpsum,53471,Punjab,Chandigarh,T30,56+,Female,75.1,Net Banking,Verified
INV001630,2024-02-18,100025,lumpsum,118260,Telangana,Hyderabad,T30,36-45,Male,15.4,Mandate,Verified
INV002207,2024-02-19,100025,redemption,407360,Madhya Pradesh,Indore,T30,26-35,Female,6.6,Cheque,Verified
INV004365,2024-02-19,120843,lumpsum,307515,Delhi,Gurugram,T30,26-35,Male,19.4,Mandate,Pending
INV003308,2024-02-19,149324,sip,57399,Telangana,Hyderabad,T30,56+,Male,58.2,Net Banking,Verified
INV000887,2024-02-19,125498,sip,6197,Tamil Nadu,Coimbatore,B30,36-45,Male,53.9,Mandate,Verified
INV000030,2024-02-19,125497,sip,10391,Delhi,Noida,T30,18-25,Female,5.1,Net Banking,Verified
INV002182,2024-02-19,149324,sip,3006,Madhya Pradesh,Bhopal,B30,36-45,Male,54.3,Net Banking,Verified
INV003230,2024-02-19,148569,sip,520,Punjab,Amritsar,B30,18-25,Female,3.2,Cheque,Verified
INV002483,2024-02-19,102886,sip,809,Delhi,New Delhi,T30,46-55,Female,60.8,Mandate,Verified
INV001061,2024-02-19,120841,sip,24215,Punjab,Amritsar,B30,18-25,Male,7.4,UPI,Verified
INV004696,2024-02-19,119094,sip,1717,Tamil Nadu,Coimbatore,B30,46-55,Female,70.2,Net Banking,Verified
INV001903,2024-02-19,100033,sip,28773,Delhi,New Delhi,T30,26-35,Female,8.8,UPI,Verified
INV001019,2024-02-19,102886,sip,1113,Madhya Pradesh,Indore,T30,26-35,Male,10.6,UPI,Verified
INV003346,2024-02-19,149323,sip,58167,Punjab,Chandigarh,T30,46-55,Male,16.7,Cheque,Verified
INV001462,2024-02-19,101208,sip,51781,Gujarat,Surat,T30,26-35,Male,19.4,Net Banking,Verified
INV001061,2024-02-19,120506,lumpsum,524010,Punjab,Amritsar,B30,18-25,Male,7.4,Cheque,Verified
INV004583,2024-02-19,120504,sip,12364,Maharashtra,Nashik,B30,26-35,Male,13.9,Cheque,Verified
INV003287,2024-02-19,119094,lumpsum,307018,Delhi,New Delhi,T30,36-45,Male,54.9,UPI,Verified
INV000671,2024-02-19,148569,lumpsum,372725,Uttar Pradesh,Agra,B30,36-45,Female,15.3,UPI,Verified
INV000589,2024-02-19,149322,sip,909,Uttar Pradesh,Kanpur,B30,18-25,Female,6.3,Cheque,Verified
INV000630,2024-02-19,120506,sip,1924,Uttar Pradesh,Kanpur,B30,26-35,Male,18.9,UPI,Verified
INV004354,2024-02-19,118636,sip,9818,Uttar Pradesh,Kanpur,B30,26-35,Female,17.8,Cheque,Verified
INV004855,2024-02-19,100033,redemption,210906,Madhya Pradesh,Bhopal,B30,36-45,Female,49.4,Mandate,Verified
INV000887,2024-02-19,119552,lumpsum,207412,Tamil Nadu,Coimbatore,B30,36-45,Male,53.9,UPI,Verified
INV004695,2024-02-19,125498,sip,2325,Gujarat,Ahmedabad,T30,26-35,Female,14.3,Cheque,Verified
INV000887,2024-02-19,119598,sip,21868,Tamil Nadu,Coimbatore,B30,36-45,Male,53.9,UPI,Verified
INV003228,2024-02-19,119094,lumpsum,48923,Madhya Pradesh,Bhopal,B30,26-35,Male,20.0,Mandate,Verified
INV004830,2024-02-19,148567,sip,28531,Gujarat,Ahmedabad,T30,26-35,Male,15.1,Net Banking,Verified
INV003665,2024-02-19,120503,sip,9863,Maharashtra,Nashik,B30,26-35,Female,11.8,Mandate,Verified
INV000058,2024-02-19,118633,lumpsum,271808,Maharashtra,Mumbai,T30,26-35,Male,19.9,UPI,Verified
INV002652,2024-02-19,118636,sip,28603,Gujarat,Surat,T30,36-45,Male,40.6,Cheque,Verified
INV003637,2024-02-19,120506,lumpsum,377768,Telangana,Hyderabad,T30,36-45,Male,18.6,Cheque,Verified
INV000467,2024-02-19,148567,sip,6200,Karnataka,Bangalore,T30,18-25,Female,7.1,Cheque,Verified
INV004075,2024-02-19,118633,lumpsum,313602,Rajasthan,Jaipur,T30,36-45,Male,56.5,Net Banking,Verified
INV002326,2024-02-19,102886,sip,582,Telangana,Hyderabad,T30,36-45,Female,33.2,Mandate,Verified
INV000244,2024-02-19,148569,sip,46273,Telangana,Hyderabad,T30,26-35,Male,24.9,UPI,Verified
INV002361,2024-02-19,118632,sip,1122,Gujarat,Surat,T30,36-45,Male,59.3,Mandate,Verified
INV003566,2024-02-19,120503,sip,2350,Tamil Nadu,Coimbatore,B30,26-35,Male,8.7,Mandate,Verified
INV003835,2024-02-19,120507,sip,10350,Delhi,Noida,T30,36-45,Female,58.3,Mandate,Verified
INV000540,2024-02-19,100016,sip,4484,Tamil Nadu,Coimbatore,B30,26-35,Female,10.4,UPI,Verified
INV003355,2024-02-19,120841,sip,40776,West Bengal,Kolkata,T30,26-35,Female,14.6,UPI,Verified
INV000359,2024-02-19,100016,sip,15304,Tamil Nadu,Chennai,T30,18-25,Male,3.1,Net Banking,Verified
INV003734,2024-02-19,120506,sip,7188,Tamil Nadu,Coimbatore,B30,56+,Male,70.3,Net Banking,Pending
INV001506,2024-02-19,119094,redemption,227935,Delhi,Noida,T30,26-35,Female,16.0,Cheque,Verified
INV000999,2024-02-19,119095,lumpsum,54143,Telangana,Hyderabad,T30,26-35,Male,15.6,Cheque,Verified
INV001759,2024-02-19,101206,sip,869,Haryana,Faridabad,B30,36-45,Female,25.6,UPI,Verified
INV003211,2024-02-19,119094,sip,433,Uttar Pradesh,Lucknow,T30,36-45,Male,55.1,Mandate,Verified
INV001728,2024-02-19,119120,sip,2632,Karnataka,Bangalore,T30,26-35,Male,17.0,Mandate,Verified
INV004045,2024-02-20,119092,lumpsum,92931,Madhya Pradesh,Indore,T30,18-25,Male,4.2,UPI,Verified
INV004398,2024-02-20,102885,redemption,400219,Punjab,Chandigarh,T30,46-55,Male,95.2,Cheque,Verified
INV003899,2024-02-20,101206,redemption,421097,Haryana,Gurugram,T30,36-45,Female,21.3,Net Banking,Verified
INV004739,2024-02-20,149322,sip,8680,Delhi,Gurugram,T30,18-25,Male,3.2,UPI,Verified
INV002961,2024-02-20,100033,lumpsum,35469,Gujarat,Ahmedabad,T30,26-35,Male,13.0,Mandate,Verified
INV004865,2024-02-20,120842,sip,22678,Maharashtra,Nashik,B30,56+,Male,77.2,Mandate,Verified
INV001217,2024-02-20,119551,lumpsum,16290,Rajasthan,Jaipur,T30,26-35,Male,21.5,Cheque,Verified
INV002284,2024-02-20,120843,lumpsum,403520,Karnataka,Bangalore,T30,36-45,Male,55.3,Mandate,Verified
INV004864,2024-02-20,102886,lumpsum,462690,Punjab,Amritsar,B30,26-35,Female,10.5,Mandate,Verified
INV003772,2024-02-20,119095,redemption,219124,Punjab,Amritsar,B30,18-25,Female,6.8,Mandate,Pending
INV004349,2024-02-20,119093,sip,17598,Haryana,Gurugram,T30,26-35,Female,9.3,UPI,Verified
INV003198,2024-02-20,119094,sip,596,Uttar Pradesh,Lucknow,T30,46-55,Female,37.0,Cheque,Verified
INV001493,2024-02-20,119551,lumpsum,296850,Karnataka,Mysore,B30,18-25,Female,3.2,Cheque,Verified
INV000082,2024-02-20,149324,sip,4038,Rajasthan,Udaipur,B30,26-35,Female,19.6,UPI,Verified
INV003225,2024-02-20,118636,sip,3184,West Bengal,Kolkata,T30,26-35,Male,9.2,UPI,Verified
INV004254,2024-02-20,125498,sip,3183,Madhya Pradesh,Bhopal,B30,36-45,Male,58.3,Net Banking,Verified
INV000397,2024-02-20,148568,lumpsum,345422,Gujarat,Ahmedabad,T30,36-45,Female,25.4,UPI,Verified
INV000201,2024-02-20,102885,sip,43489,Madhya Pradesh,Indore,T30,46-55,Male,87.0,Net Banking,Verified
INV002148,2024-02-20,149324,sip,43236,Uttar Pradesh,Lucknow,T30,26-35,Male,9.8,Net Banking,Verified
INV003449,2024-02-20,119094,sip,15061,Gujarat,Ahmedabad,T30,56+,Male,10.0,Net Banking,Verified
INV003420,2024-02-20,120842,sip,51521,Haryana,Faridabad,B30,36-45,Male,47.2,Mandate,Verified
INV003015,2024-02-20,148568,lumpsum,271912,Madhya Pradesh,Indore,T30,18-25,Male,4.4,Net Banking,Verified
INV001853,2024-02-20,119551,sip,2986,Delhi,Noida,T30,18-25,Male,6.1,Cheque,Verified
INV004378,2024-02-20,119093,lumpsum,126338,Tamil Nadu,Chennai,T30,26-35,Female,23.2,Net Banking,Verified
INV004181,2024-02-20,101206,sip,50037,Uttar Pradesh,Lucknow,T30,26-35,Female,17.8,UPI,Verified
INV000291,2024-02-20,119598,sip,8105,Madhya Pradesh,Indore,T30,18-25,Female,6.2,UPI,Verified
INV004379,2024-02-20,119094,lumpsum,197685,Delhi,Gurugram,T30,18-25,Male,6.0,UPI,Verified
INV000994,2024-02-20,120507,sip,829,Maharashtra,Pune,T30,26-35,Female,6.1,Net Banking,Verified
INV003484,2024-02-20,120503,lumpsum,22237,Madhya Pradesh,Bhopal,B30,26-35,Female,7.1,Mandate,Verified
INV002070,2024-02-20,101208,redemption,213785,Telangana,Hyderabad,T30,36-45,Male,40.3,Mandate,Verified
INV000183,2024-02-20,119095,sip,4396,Tamil Nadu,Coimbatore,B30,26-35,Male,9.8,Cheque,Verified
INV001993,2024-02-20,149324,sip,2158,Uttar Pradesh,Agra,B30,36-45,Female,44.2,UPI,Verified
INV000440,2024-02-20,148567,redemption,129921,Uttar Pradesh,Agra,B30,18-25,Male,6.7,Cheque,Verified
INV003204,2024-02-20,118635,sip,22462,West Bengal,Kolkata,T30,18-25,Male,6.7,Mandate,Verified
INV002777,2024-02-20,119120,lumpsum,222040,Madhya Pradesh,Indore,T30,26-35,Male,10.6,Cheque,Verified
INV002276,2024-02-20,100016,redemption,521732,Telangana,Hyderabad,T30,46-55,Male,88.0,Cheque,Verified
INV000684,2024-02-20,102886,sip,10439,Rajasthan,Udaipur,B30,26-35,Male,10.4,UPI,Verified
INV001196,2024-02-20,102885,sip,4867,Punjab,Chandigarh,T30,26-35,Male,21.4,Cheque,Verified
INV001001,2024-02-20,119095,lumpsum,514082,Madhya Pradesh,Indore,T30,26-35,Female,20.7,Mandate,Verified
INV004722,2024-02-20,119598,sip,2855,Haryana,Faridabad,B30,36-45,Female,29.7,UPI,Pending
INV003718,2024-02-20,125497,sip,3454,Telangana,Hyderabad,T30,46-55,Male,65.3,Mandate,Verified
INV003543,2024-02-20,120844,sip,522,Maharashtra,Nashik,B30,26-35,Male,8.3,Cheque,Pending
INV001725,2024-02-20,118634,sip,567,Tamil Nadu,Coimbatore,B30,36-45,Male,30.0,UPI,Verified
INV004909,2024-02-20,119092,sip,541,Karnataka,Bangalore,T30,36-45,Male,20.3,Mandate,Verified
INV003780,2024-02-20,100025,sip,40702,Haryana,Faridabad,B30,26-35,Male,10.1,Cheque,Verified
INV002192,2024-02-20,118632,sip,897,Uttar Pradesh,Lucknow,T30,18-25,Male,6.9,UPI,Verified
INV002169,2024-02-20,119599,lumpsum,530959,Punjab,Amritsar,B30,46-55,Male,70.3,Mandate,Verified
INV003100,2024-02-20,120842,redemption,75949,Telangana,Hyderabad,T30,26-35,Male,16.5,Cheque,Verified
INV000009,2024-02-20,119093,sip,28650,Haryana,Gurugram,T30,26-35,Male,17.1,Cheque,Verified
INV000321,2024-02-20,149322,sip,5607,Maharashtra,Mumbai,T30,26-35,Male,24.2,UPI,Verified
INV000741,2024-02-20,100033,redemption,207495,Rajasthan,Udaipur,B30,26-35,Male,17.4,UPI,Pending
INV000322,2024-02-20,120844,sip,7456,Rajasthan,Jaipur,T30,18-25,Male,5.9,UPI,Verified
INV000526,2024-02-20,102887,lumpsum,248003,Tamil Nadu,Coimbatore,B30,26-35,Female,16.5,UPI,Verified
INV003346,2024-02-20,149322,sip,11274,Punjab,Chandigarh,T30,46-55,Male,16.7,Net Banking,Verified
INV004148,2024-02-20,120504,sip,11041,Madhya Pradesh,Bhopal,B30,18-25,Male,5.1,Cheque,Verified
INV000533,2024-02-20,148567,sip,14368,Rajasthan,Jaipur,T30,56+,Male,25.1,Mandate,Verified
INV002431,2024-02-20,119551,redemption,367175,Delhi,Noida,T30,26-35,Female,14.8,UPI,Verified
INV000335,2024-02-20,120505,lumpsum,257534,Maharashtra,Mumbai,T30,26-35,Male,11.6,Mandate,Verified
INV000087,2024-02-20,119093,sip,4165,Rajasthan,Jaipur,T30,36-45,Male,56.2,Cheque,Verified
INV000913,2024-02-20,102885,sip,46136,Gujarat,Ahmedabad,T30,26-35,Female,22.5,UPI,Verified
INV001207,2024-02-20,148567,sip,2509,Karnataka,Bangalore,T30,18-25,Male,5.9,Cheque,Verified
INV001579,2024-02-20,120506,lumpsum,356077,Karnataka,Bangalore,T30,46-55,Male,71.1,Mandate,Pending
INV003506,2024-02-20,120841,lumpsum,171247,Tamil Nadu,Chennai,T30,56+,Female,55.5,UPI,Verified
INV001317,2024-02-20,100033,sip,8145,Punjab,Chandigarh,T30,26-35,Female,8.9,UPI,Verified
INV003162,2024-02-20,120843,sip,2317,West Bengal,Kolkata,T30,18-25,Male,4.1,UPI,Verified
INV003363,2024-02-20,119094,sip,459,Haryana,Gurugram,T30,36-45,Male,46.5,Net Banking,Verified
INV004894,2024-02-20,125497,sip,26750,Telangana,Hyderabad,T30,26-35,Female,21.0,Mandate,Verified
INV003798,2024-02-20,119095,sip,2564,Karnataka,Bangalore,T30,36-45,Male,53.9,Cheque,Verified
INV004314,2024-02-20,119095,sip,564,Haryana,Gurugram,T30,26-35,Male,19.2,Net Banking,Verified
INV000698,2024-02-20,120506,sip,4410,Madhya Pradesh,Bhopal,B30,18-25,Male,7.1,Net Banking,Verified
INV001228,2024-02-20,149322,sip,25492,Karnataka,Bangalore,T30,36-45,Female,29.8,Cheque,Verified
INV003848,2024-02-21,149324,sip,2074,Telangana,Hyderabad,T30,26-35,Male,24.0,Cheque,Verified
INV001088,2024-02-21,125497,sip,27457,Tamil Nadu,Coimbatore,B30,26-35,Male,15.3,Net Banking,Verified
INV001354,2024-02-21,100025,sip,2539,Tamil Nadu,Coimbatore,B30,18-25,Male,7.0,UPI,Verified
INV004464,2024-02-21,118632,sip,5481,Haryana,Faridabad,B30,26-35,Female,11.9,Cheque,Verified
INV004602,2024-02-21,125498,lumpsum,124931,Delhi,Noida,T30,26-35,Female,9.4,Mandate,Verified
INV003521,2024-02-21,118634,redemption,232977,Rajasthan,Jaipur,T30,46-55,Male,95.4,Mandate,Verified
INV004463,2024-02-21,118635,lumpsum,262473,Karnataka,Bangalore,T30,26-35,Female,16.1,Cheque,Verified
INV002117,2024-02-21,119095,sip,11621,Delhi,Gurugram,T30,26-35,Male,21.7,Cheque,Verified
INV004845,2024-02-21,120505,lumpsum,339815,West Bengal,Kolkata,T30,18-25,Male,7.5,UPI,Verified
INV001909,2024-02-21,118636,sip,11354,Telangana,Hyderabad,T30,36-45,Male,34.2,UPI,Verified
INV004858,2024-02-21,125498,sip,1613,Uttar Pradesh,Kanpur,B30,36-45,Male,56.4,Cheque,Verified
INV001637,2024-02-21,120841,sip,483,Haryana,Faridabad,B30,36-45,Female,45.1,Cheque,Verified
INV002464,2024-02-21,101206,sip,27602,Karnataka,Bangalore,T30,26-35,Female,22.9,UPI,Verified
INV002598,2024-02-21,125497,sip,51183,Uttar Pradesh,Lucknow,T30,26-35,Male,14.6,Cheque,Verified
INV001030,2024-02-21,100033,sip,41614,Maharashtra,Mumbai,T30,26-35,Female,22.8,UPI,Verified
INV000379,2024-02-21,120506,redemption,344804,Maharashtra,Pune,T30,46-55,Male,52.0,UPI,Verified
INV001256,2024-02-21,120841,redemption,147190,West Bengal,Kolkata,T30,18-25,Male,7.0,Cheque,Verified
INV003298,2024-02-21,120504,sip,53961,Gujarat,Surat,T30,26-35,Male,12.4,Net Banking,Verified
INV000055,2024-02-21,120505,lumpsum,110439,Karnataka,Bangalore,T30,26-35,Male,13.5,Mandate,Verified
INV002497,2024-02-21,102887,sip,58265,Telangana,Hyderabad,T30,26-35,Female,13.0,Net Banking,Verified
INV000644,2024-02-21,118633,sip,544,West Bengal,Kolkata,T30,26-35,Male,9.1,Cheque,Verified
INV000823,2024-02-21,119094,sip,2236,Madhya Pradesh,Bhopal,B30,46-55,Male,41.5,Net Banking,Verified
INV004117,2024-02-21,119095,sip,17859,Uttar Pradesh,Kanpur,B30,18-25,Male,6.2,Cheque,Verified
INV003684,2024-02-21,149323,sip,7000,Karnataka,Bangalore,T30,36-45,Male,42.9,UPI,Verified
INV001658,2024-02-21,101207,sip,4744,Rajasthan,Jaipur,T30,36-45,Female,48.4,Net Banking,Verified
INV000061,2024-02-21,120507,sip,2716,Tamil Nadu,Chennai,T30,26-35,Female,23.3,UPI,Verified
INV000737,2024-02-21,102886,lumpsum,148525,Madhya Pradesh,Indore,T30,26-35,Female,10.0,Net Banking,Verified
INV004332,2024-02-21,120505,sip,7069,Haryana,Faridabad,B30,36-45,Female,52.1,UPI,Verified
INV003406,2024-02-21,149323,lumpsum,127946,Madhya Pradesh,Bhopal,B30,26-35,Male,21.2,Net Banking,Verified
INV001766,2024-02-21,101206,sip,1914,Delhi,Gurugram,T30,46-55,Female,69.8,UPI,Verified
INV004205,2024-02-21,118633,sip,48898,Telangana,Hyderabad,T30,56+,Female,56.9,Cheque,Verified
INV004117,2024-02-21,119599,sip,517,Uttar Pradesh,Kanpur,B30,18-25,Male,6.2,Cheque,Verified
INV001661,2024-02-21,101206,sip,8641,Uttar Pradesh,Lucknow,T30,56+,Female,26.4,Cheque,Verified
INV002204,2024-02-21,148567,redemption,362325,Punjab,Amritsar,B30,36-45,Male,36.1,Mandate,Verified
INV004080,2024-02-21,149324,sip,401,Punjab,Amritsar,B30,26-35,Female,18.7,Net Banking,Verified
INV002671,2024-02-21,101207,sip,5261,Madhya Pradesh,Indore,T30,18-25,Male,6.3,Mandate,Verified
INV003475,2024-02-21,102885,sip,4485,Telangana,Hyderabad,T30,26-35,Male,20.7,Net Banking,Verified
INV001826,2024-02-21,119552,redemption,186811,Punjab,Amritsar,B30,18-25,Male,4.7,Net Banking,Verified
INV003268,2024-02-21,101208,lumpsum,371987,Punjab,Amritsar,B30,26-35,Male,7.1,UPI,Verified
INV003766,2024-02-21,119094,sip,42093,West Bengal,Kolkata,T30,36-45,Male,52.3,Net Banking,Verified
INV002673,2024-02-21,125498,sip,56305,Maharashtra,Mumbai,T30,26-35,Male,14.2,Cheque,Verified
INV000063,2024-02-21,102885,sip,5940,Uttar Pradesh,Agra,B30,46-55,Male,88.9,Net Banking,Verified
INV002143,2024-02-21,120504,sip,1981,Uttar Pradesh,Lucknow,T30,26-35,Male,11.8,Cheque,Verified
INV001802,2024-02-21,119093,lumpsum,534944,Punjab,Chandigarh,T30,46-55,Male,77.7,Net Banking,Verified
INV002940,2024-02-21,100033,lumpsum,10995,Haryana,Faridabad,B30,26-35,Male,18.3,Mandate,Verified
INV002587,2024-02-21,148568,sip,457,West Bengal,Kolkata,T30,18-25,Male,7.2,Mandate,Verified
INV003587,2024-02-21,120841,lumpsum,353453,Telangana,Hyderabad,T30,26-35,Female,16.4,Net Banking,Verified
INV002472,2024-02-21,120507,lumpsum,351347,Maharashtra,Mumbai,T30,26-35,Female,19.1,UPI,Verified
INV004249,2024-02-21,119094,lumpsum,351351,Karnataka,Mysore,B30,26-35,Male,23.2,Cheque,Verified
INV001783,2024-02-21,118632,sip,5264,Madhya Pradesh,Bhopal,B30,36-45,Female,52.6,Cheque,Verified
INV003751,2024-02-21,120844,sip,3459,Delhi,New Delhi,T30,26-35,Male,14.1,UPI,Verified
INV004414,2024-02-21,120507,redemption,128438,Uttar Pradesh,Lucknow,T30,26-35,Male,6.6,Net Banking,Verified
INV001708,2024-02-21,125498,sip,15077,Haryana,Faridabad,B30,18-25,Male,7.7,Mandate,Verified
INV000545,2024-02-21,149322,redemption,33104,Telangana,Hyderabad,T30,26-35,Male,23.6,Mandate,Verified
INV004162,2024-02-21,119598,redemption,138641,Haryana,Faridabad,B30,18-25,Male,5.1,Cheque,Verified
INV003561,2024-02-21,102886,sip,1947,West Bengal,Kolkata,T30,26-35,Male,22.0,UPI,Verified
INV001350,2024-02-21,120503,lumpsum,166489,Madhya Pradesh,Bhopal,B30,46-55,Female,31.7,UPI,Verified
INV004926,2024-02-21,118635,sip,7024,Karnataka,Mysore,B30,36-45,Male,45.3,Mandate,Pending
INV004504,2024-02-21,118636,sip,43894,Telangana,Hyderabad,T30,46-55,Male,46.3,Mandate,Verified
INV001795,2024-02-21,149324,sip,20991,Madhya Pradesh,Indore,T30,46-55,Male,17.7,Net Banking,Verified
INV003721,2024-02-21,100033,sip,2333,Karnataka,Mysore,B30,26-35,Male,19.5,Mandate,Verified
INV001242,2024-02-21,102886,sip,2209,Tamil Nadu,Chennai,T30,36-45,Male,57.8,Net Banking,Verified
INV000392,2024-02-21,148569,sip,6902,Gujarat,Surat,T30,26-35,Female,16.6,Cheque,Verified
INV004780,2024-02-21,101207,sip,6058,Haryana,Gurugram,T30,36-45,Male,42.4,Net Banking,Verified
INV000698,2024-02-21,118633,sip,843,Madhya Pradesh,Bhopal,B30,18-25,Male,7.1,Net Banking,Verified
INV001442,2024-02-21,100025,sip,2592,Uttar Pradesh,Lucknow,T30,26-35,Male,16.2,UPI,Verified
INV001723,2024-02-21,148568,sip,54152,Tamil Nadu,Chennai,T30,26-35,Male,14.2,Mandate,Verified
INV002552,2024-02-22,119599,sip,13958,Delhi,Gurugram,T30,36-45,Male,24.4,Cheque,Verified
INV004256,2024-02-22,120844,lumpsum,207066,Karnataka,Mysore,B30,26-35,Male,22.3,Mandate,Pending
INV002774,2024-02-22,120505,lumpsum,292800,Haryana,Gurugram,T30,36-45,Male,58.4,Cheque,Verified
INV001599,2024-02-22,119598,sip,4961,Haryana,Faridabad,B30,36-45,Female,31.0,Cheque,Verified
INV000629,2024-02-22,149322,sip,14504,West Bengal,Kolkata,T30,46-55,Male,96.4,Mandate,Verified
INV004138,2024-02-22,100016,redemption,432244,Madhya Pradesh,Indore,T30,36-45,Male,18.2,Mandate,Verified
INV002206,2024-02-22,101206,sip,16283,Tamil Nadu,Chennai,T30,18-25,Male,7.7,Net Banking,Verified
INV001389,2024-02-22,119599,lumpsum,208415,Karnataka,Mysore,B30,46-55,Female,39.7,Mandate,Verified
INV001974,2024-02-22,118634,redemption,322788,Tamil Nadu,Chennai,T30,56+,Male,64.3,UPI,Verified
INV004094,2024-02-22,101208,redemption,58459,Haryana,Faridabad,B30,26-35,Female,10.0,Mandate,Pending
INV004594,2024-02-22,149322,lumpsum,464989,Haryana,Gurugram,T30,26-35,Female,9.8,UPI,Verified
INV002943,2024-02-22,101208,lumpsum,112677,Karnataka,Bangalore,T30,26-35,Female,7.6,Cheque,Verified
INV001692,2024-02-22,148568,redemption,241380,Rajasthan,Jaipur,T30,26-35,Male,11.7,Mandate,Verified
INV001277,2024-02-22,120842,sip,545,Maharashtra,Mumbai,T30,18-25,Male,7.0,UPI,Verified
INV001747,2024-02-22,148568,sip,42085,Madhya Pradesh,Indore,T30,18-25,Female,3.8,Net Banking,Verified
INV003262,2024-02-22,100033,sip,4490,Telangana,Hyderabad,T30,46-55,Male,80.2,Cheque,Verified
INV001857,2024-02-22,101208,sip,24144,Tamil Nadu,Chennai,T30,26-35,Male,24.0,Net Banking,Verified
INV003613,2024-02-22,118633,sip,1986,Punjab,Amritsar,B30,26-35,Male,13.5,Cheque,Verified
INV004950,2024-02-22,120506,redemption,352477,Madhya Pradesh,Indore,T30,26-35,Male,9.8,UPI,Verified
INV002828,2024-02-22,118633,sip,5331,West Bengal,Kolkata,T30,26-35,Male,21.8,UPI,Verified
INV001975,2024-02-22,120504,lumpsum,73940,Delhi,New Delhi,T30,36-45,Female,35.3,Net Banking,Verified
INV003168,2024-02-22,149324,sip,2093,Uttar Pradesh,Lucknow,T30,18-25,Male,5.1,Net Banking,Pending
INV001442,2024-02-22,118633,sip,7154,Uttar Pradesh,Lucknow,T30,26-35,Male,16.2,Cheque,Verified
INV000734,2024-02-22,118633,sip,52694,Maharashtra,Pune,T30,26-35,Female,15.2,UPI,Verified
INV003834,2024-02-22,119120,lumpsum,139186,Madhya Pradesh,Bhopal,B30,36-45,Male,25.1,Net Banking,Verified
INV002647,2024-02-22,120843,sip,414,Rajasthan,Jaipur,T30,46-55,Male,87.0,UPI,Verified
INV004165,2024-02-22,119551,redemption,89661,West Bengal,Kolkata,T30,26-35,Male,9.3,Net Banking,Verified
INV001529,2024-02-22,120503,redemption,112992,Haryana,Faridabad,B30,56+,Male,72.6,Mandate,Verified
INV000168,2024-02-22,119095,sip,2090,Rajasthan,Jaipur,T30,26-35,Male,9.7,Cheque,Verified
INV002011,2024-02-22,120843,lumpsum,310492,Tamil Nadu,Chennai,T30,36-45,Male,41.1,Mandate,Verified
INV001447,2024-02-22,119095,sip,24284,Madhya Pradesh,Indore,T30,26-35,Female,14.6,Mandate,Verified
INV004028,2024-02-22,149324,sip,8271,Rajasthan,Jaipur,T30,18-25,Male,3.3,Cheque,Verified
INV001875,2024-02-22,100025,redemption,8518,Karnataka,Mysore,B30,56+,Female,64.4,Cheque,Verified
INV004151,2024-02-22,120844,sip,1987,Karnataka,Mysore,B30,26-35,Male,21.6,UPI,Verified
INV000632,2024-02-22,102887,redemption,265079,Delhi,Gurugram,T30,36-45,Male,49.1,Mandate,Verified
INV002152,2024-02-22,149324,sip,52733,Tamil Nadu,Coimbatore,B30,46-55,Male,69.8,Mandate,Pending
INV003205,2024-02-22,100033,lumpsum,338264,Punjab,Chandigarh,T30,26-35,Female,16.1,Cheque,Verified
INV002531,2024-02-22,100016,lumpsum,382515,Rajasthan,Udaipur,B30,36-45,Female,50.4,Mandate,Verified
INV003306,2024-02-22,149323,sip,800,Gujarat,Ahmedabad,T30,36-45,Male,14.6,Cheque,Verified
INV000708,2024-02-22,119599,lumpsum,279763,Delhi,Noida,T30,26-35,Female,13.5,Mandate,Verified
INV002343,2024-02-22,120506,lumpsum,343696,Punjab,Amritsar,B30,26-35,Male,22.1,Mandate,Verified
INV003541,2024-02-22,125498,lumpsum,159762,Punjab,Chandigarh,T30,26-35,Female,10.5,UPI,Verified
INV001350,2024-02-22,100033,lumpsum,22845,Madhya Pradesh,Bhopal,B30,46-55,Female,31.7,Net Banking,Verified
INV004737,2024-02-22,119599,redemption,76994,Madhya Pradesh,Indore,T30,46-55,Male,98.4,Mandate,Verified
INV002886,2024-02-22,118632,sip,8220,Tamil Nadu,Chennai,T30,18-25,Female,7.1,Mandate,Verified
INV004056,2024-02-22,119093,lumpsum,227835,Haryana,Gurugram,T30,26-35,Male,8.3,UPI,Verified
INV001940,2024-02-22,100016,sip,419,Delhi,New Delhi,T30,36-45,Male,28.4,Mandate,Verified
INV002886,2024-02-22,120844,sip,3310,Tamil Nadu,Chennai,T30,18-25,Female,7.1,Mandate,Pending
INV000826,2024-02-22,120844,sip,4030,Madhya Pradesh,Bhopal,B30,36-45,Female,44.3,UPI,Verified
INV002332,2024-02-22,118633,sip,43446,Punjab,Chandigarh,T30,26-35,Female,13.4,Mandate,Verified
INV001899,2024-02-22,119094,sip,26157,Gujarat,Ahmedabad,T30,26-35,Male,7.6,Cheque,Verified
INV002968,2024-02-22,102886,sip,13222,West Bengal,Kolkata,T30,36-45,Female,16.2,UPI,Verified
INV004648,2024-02-22,125497,sip,2441,Maharashtra,Pune,T30,36-45,Male,54.3,UPI,Pending
INV004634,2024-02-22,118636,sip,4382,Tamil Nadu,Chennai,T30,26-35,Male,15.1,Mandate,Verified
INV002041,2024-02-22,100025,sip,563,Madhya Pradesh,Indore,T30,26-35,Male,21.9,Cheque,Verified
INV000161,2024-02-23,125497,sip,8718,Rajasthan,Jaipur,T30,18-25,Female,6.8,UPI,Pending
INV000958,2024-02-23,100025,sip,24498,Delhi,Gurugram,T30,56+,Male,74.6,Cheque,Verified
INV002133,2024-02-23,148569,sip,2869,Rajasthan,Udaipur,B30,26-35,Male,23.0,Net Banking,Verified
INV000955,2024-02-23,119599,redemption,472466,Gujarat,Surat,T30,26-35,Male,6.7,Mandate,Verified
INV003448,2024-02-23,149324,sip,3268,Rajasthan,Udaipur,B30,26-35,Male,16.4,Mandate,Verified
INV001515,2024-02-23,125498,sip,2632,Tamil Nadu,Coimbatore,B30,18-25,Male,7.4,UPI,Verified
INV001485,2024-02-23,100016,lumpsum,62896,Rajasthan,Jaipur,T30,56+,Female,24.4,UPI,Verified
INV000563,2024-02-23,120503,lumpsum,280821,Uttar Pradesh,Lucknow,T30,26-35,Male,15.5,Net Banking,Pending
INV003915,2024-02-23,149324,lumpsum,471992,Delhi,Noida,T30,26-35,Female,19.7,UPI,Verified
INV000941,2024-02-23,120841,sip,8584,Rajasthan,Udaipur,B30,26-35,Male,7.2,Cheque,Verified
INV000952,2024-02-23,120506,lumpsum,36310,Telangana,Hyderabad,T30,46-55,Male,65.9,Cheque,Verified
INV002512,2024-02-23,118632,lumpsum,358798,Rajasthan,Jaipur,T30,46-55,Male,74.6,Mandate,Verified
INV000014,2024-02-23,118635,sip,5357,Tamil Nadu,Chennai,T30,18-25,Male,4.3,Mandate,Verified
INV000939,2024-02-23,120506,sip,2526,Karnataka,Bangalore,T30,26-35,Male,19.6,Net Banking,Verified
INV004514,2024-02-23,119599,sip,488,Haryana,Faridabad,B30,46-55,Male,40.1,UPI,Verified
INV001723,2024-02-23,125498,redemption,193855,Tamil Nadu,Chennai,T30,26-35,Male,14.2,UPI,Verified
INV002645,2024-02-23,100016,lumpsum,153047,Haryana,Gurugram,T30,46-55,Female,67.7,Net Banking,Verified
INV000520,2024-02-23,120844,sip,2978,West Bengal,Kolkata,T30,46-55,Female,59.4,UPI,Verified
INV003250,2024-02-23,119092,sip,5515,Gujarat,Ahmedabad,T30,26-35,Male,11.3,UPI,Verified
INV000244,2024-02-23,118636,sip,5928,Telangana,Hyderabad,T30,26-35,Male,24.9,Cheque,Verified
INV003074,2024-02-23,120504,sip,2280,Haryana,Faridabad,B30,26-35,Male,8.3,Mandate,Verified
INV001166,2024-02-23,100025,sip,2292,Punjab,Chandigarh,T30,26-35,Male,21.4,UPI,Verified
INV000186,2024-02-23,120844,lumpsum,343004,Maharashtra,Mumbai,T30,18-25,Male,3.1,Mandate,Verified
INV000606,2024-02-23,125498,sip,2449,Karnataka,Mysore,B30,18-25,Male,7.8,Net Banking,Verified
INV003512,2024-02-23,119598,lumpsum,279322,Delhi,Gurugram,T30,56+,Female,31.5,Cheque,Verified
INV002594,2024-02-23,119552,sip,6974,Haryana,Gurugram,T30,26-35,Male,23.7,Net Banking,Verified
INV001842,2024-02-23,119598,sip,2302,Gujarat,Surat,T30,26-35,Male,14.4,Cheque,Verified
INV003723,2024-02-23,120503,sip,4229,Tamil Nadu,Chennai,T30,26-35,Female,10.9,Cheque,Verified
INV003042,2024-02-23,120505,sip,500,Tamil Nadu,Coimbatore,B30,46-55,Male,23.5,Mandate,Verified
INV004442,2024-02-23,120843,lumpsum,258996,Haryana,Faridabad,B30,18-25,Male,5.8,Cheque,Verified
INV001141,2024-02-23,120504,lumpsum,227237,West Bengal,Kolkata,T30,18-25,Female,3.0,Mandate,Verified
INV001284,2024-02-23,100033,redemption,460094,West Bengal,Kolkata,T30,36-45,Male,49.0,Net Banking,Verified
INV003159,2024-02-23,118636,sip,24368,Punjab,Amritsar,B30,36-45,Male,25.9,Mandate,Verified
INV003188,2024-02-23,148568,lumpsum,525441,Tamil Nadu,Coimbatore,B30,26-35,Male,11.0,Net Banking,Verified
INV003597,2024-02-23,119094,redemption,182381,Punjab,Chandigarh,T30,18-25,Male,5.6,Mandate,Verified
INV001117,2024-02-23,118636,sip,547,Punjab,Amritsar,B30,18-25,Male,3.9,Cheque,Verified
INV003141,2024-02-23,118633,lumpsum,21127,Maharashtra,Pune,T30,36-45,Female,40.1,Mandate,Verified
INV002381,2024-02-23,119120,lumpsum,440883,Karnataka,Mysore,B30,36-45,Male,23.1,Mandate,Pending
INV004642,2024-02-23,100025,sip,2817,Uttar Pradesh,Kanpur,B30,46-55,Male,31.9,Cheque,Verified
INV002524,2024-02-23,148569,redemption,445563,Rajasthan,Udaipur,B30,46-55,Male,72.9,UPI,Verified
INV001792,2024-02-23,119092,sip,3318,Gujarat,Ahmedabad,T30,26-35,Female,18.8,Mandate,Verified
INV001264,2024-02-23,120505,lumpsum,225708,Madhya Pradesh,Indore,T30,26-35,Female,12.0,UPI,Verified
INV003947,2024-02-23,148567,redemption,312740,Delhi,Noida,T30,26-35,Male,12.9,Mandate,Verified
INV000477,2024-02-23,120844,redemption,155907,Uttar Pradesh,Lucknow,T30,18-25,Female,5.3,UPI,Verified
INV000377,2024-02-23,100016,sip,467,Karnataka,Bangalore,T30,26-35,Male,19.8,UPI,Verified
INV004654,2024-02-23,100016,lumpsum,26628,Haryana,Gurugram,T30,46-55,Female,95.0,UPI,Verified
INV003359,2024-02-23,119598,lumpsum,273513,Gujarat,Ahmedabad,T30,26-35,Male,18.4,Net Banking,Verified
INV003784,2024-02-23,120843,sip,2061,Telangana,Hyderabad,T30,56+,Female,8.2,Net Banking,Verified
INV003694,2024-02-23,119094,sip,9705,Madhya Pradesh,Bhopal,B30,26-35,Female,24.1,UPI,Verified
INV001762,2024-02-23,118636,lumpsum,136417,Punjab,Amritsar,B30,18-25,Female,7.5,UPI,Verified
INV003563,2024-02-23,101206,sip,1966,Haryana,Gurugram,T30,46-55,Male,41.8,Mandate,Verified
INV001079,2024-02-23,120507,sip,550,West Bengal,Kolkata,T30,26-35,Male,10.1,Cheque,Verified
INV000990,2024-02-23,119093,sip,2208,West Bengal,Kolkata,T30,56+,Male,32.4,Net Banking,Verified
INV001764,2024-02-23,148569,sip,3569,Rajasthan,Udaipur,B30,46-55,Female,28.1,UPI,Verified
INV003803,2024-02-23,148568,lumpsum,167838,Rajasthan,Jaipur,T30,26-35,Male,10.8,Cheque,Verified
INV002252,2024-02-23,149324,sip,6607,Maharashtra,Pune,T30,36-45,Female,46.4,Net Banking,Pending
INV000270,2024-02-23,120503,sip,2871,Maharashtra,Mumbai,T30,18-25,Male,7.6,Net Banking,Verified
INV001355,2024-02-23,120841,lumpsum,247346,Tamil Nadu,Chennai,T30,46-55,Female,89.8,Cheque,Verified
INV000017,2024-02-23,120505,lumpsum,89132,Gujarat,Surat,T30,46-55,Female,31.5,Cheque,Verified
INV001043,2024-02-24,100033,sip,2452,Haryana,Gurugram,T30,18-25,Male,7.8,Cheque,Verified
INV003209,2024-02-24,148567,sip,26332,Delhi,Gurugram,T30,46-55,Male,76.0,Mandate,Verified
INV001616,2024-02-24,149324,sip,56987,Tamil Nadu,Chennai,T30,26-35,Male,23.2,Net Banking,Verified
INV003672,2024-02-24,101207,sip,57230,Uttar Pradesh,Agra,B30,36-45,Male,32.5,Cheque,Verified
INV002729,2024-02-24,100033,redemption,567996,Uttar Pradesh,Kanpur,B30,26-35,Female,15.4,Net Banking,Verified
INV001738,2024-02-24,100033,sip,4348,Karnataka,Bangalore,T30,36-45,Female,41.2,Net Banking,Verified
INV003586,2024-02-24,120842,redemption,71739,Haryana,Faridabad,B30,46-55,Male,68.9,Cheque,Verified
INV003650,2024-02-24,118636,sip,2864,Telangana,Hyderabad,T30,46-55,Male,87.3,Net Banking,Verified
INV001458,2024-02-24,119598,sip,23128,Tamil Nadu,Coimbatore,B30,46-55,Male,34.9,Mandate,Verified
INV002912,2024-02-24,120503,sip,59634,Maharashtra,Mumbai,T30,26-35,Female,23.6,Mandate,Verified
INV000331,2024-02-24,101208,sip,20744,Madhya Pradesh,Indore,T30,36-45,Male,15.5,Mandate,Verified
INV003910,2024-02-24,120504,lumpsum,61430,Maharashtra,Pune,T30,26-35,Male,8.8,Cheque,Verified
INV003214,2024-02-24,120506,lumpsum,81628,Punjab,Chandigarh,T30,36-45,Male,18.2,Mandate,Verified
INV004106,2024-02-24,100025,sip,27436,Gujarat,Surat,T30,26-35,Male,16.3,Mandate,Verified
INV000598,2024-02-24,101208,lumpsum,420483,Karnataka,Bangalore,T30,26-35,Male,16.6,UPI,Verified
INV000612,2024-02-24,102887,sip,10046,Punjab,Amritsar,B30,18-25,Male,6.3,Net Banking,Verified
INV003044,2024-02-24,148569,sip,47676,West Bengal,Kolkata,T30,18-25,Female,3.2,Mandate,Verified
INV004798,2024-02-24,119093,sip,6791,Madhya Pradesh,Bhopal,B30,26-35,Male,8.4,Net Banking,Verified
INV004642,2024-02-24,120843,sip,2949,Uttar Pradesh,Kanpur,B30,46-55,Male,31.9,Mandate,Verified
INV004639,2024-02-24,101208,lumpsum,223352,Rajasthan,Jaipur,T30,18-25,Female,6.0,UPI,Pending
INV001019,2024-02-24,148568,sip,1166,Madhya Pradesh,Indore,T30,26-35,Male,10.6,UPI,Verified
INV000394,2024-02-24,118634,redemption,226056,Maharashtra,Mumbai,T30,26-35,Male,12.2,UPI,Verified
INV003891,2024-02-24,149324,sip,1812,Telangana,Hyderabad,T30,26-35,Male,21.8,UPI,Verified
INV000193,2024-02-24,100033,lumpsum,360138,Delhi,Gurugram,T30,26-35,Female,11.6,Net Banking,Verified
INV000241,2024-02-24,148568,lumpsum,120721,Telangana,Hyderabad,T30,26-35,Female,16.5,Cheque,Verified
INV003399,2024-02-24,120841,sip,12934,Telangana,Hyderabad,T30,26-35,Female,16.0,Cheque,Verified
INV000500,2024-02-24,120506,sip,26482,West Bengal,Kolkata,T30,26-35,Female,19.9,Cheque,Verified
INV002274,2024-02-24,118632,sip,4354,Tamil Nadu,Coimbatore,B30,18-25,Female,6.9,Mandate,Verified
INV004593,2024-02-24,101206,sip,3236,Punjab,Amritsar,B30,26-35,Male,13.7,Cheque,Verified
INV002445,2024-02-24,120506,sip,12273,Punjab,Chandigarh,T30,26-35,Male,9.5,Mandate,Verified
INV002771,2024-02-24,148569,lumpsum,253484,West Bengal,Kolkata,T30,36-45,Female,45.1,Cheque,Verified
INV000190,2024-02-24,119599,lumpsum,56145,Madhya Pradesh,Indore,T30,26-35,Female,8.2,UPI,Verified
INV001334,2024-02-24,119551,sip,2507,Punjab,Amritsar,B30,36-45,Male,38.6,UPI,Verified
INV004079,2024-02-24,120843,sip,2542,Karnataka,Bangalore,T30,36-45,Female,57.2,Cheque,Verified
INV004472,2024-02-24,119120,redemption,237999,West Bengal,Kolkata,T30,26-35,Female,19.1,Mandate,Verified
INV002228,2024-02-24,102887,sip,48786,Uttar Pradesh,Kanpur,B30,18-25,Male,7.7,Cheque,Verified
INV002722,2024-02-24,101208,lumpsum,75264,Delhi,Noida,T30,36-45,Female,50.9,Cheque,Verified
INV002764,2024-02-24,149323,lumpsum,150454,Madhya Pradesh,Bhopal,B30,36-45,Male,40.8,Net Banking,Verified
INV000296,2024-02-24,120507,lumpsum,356475,Madhya Pradesh,Indore,T30,26-35,Male,16.7,UPI,Verified
INV002785,2024-02-24,120506,redemption,256909,Delhi,Noida,T30,36-45,Male,20.2,UPI,Verified
INV001695,2024-02-24,120841,sip,14060,Punjab,Amritsar,B30,36-45,Male,24.0,UPI,Verified
INV003028,2024-02-24,101207,redemption,534555,Tamil Nadu,Chennai,T30,26-35,Female,12.8,Net Banking,Verified
INV004811,2024-02-24,119095,lumpsum,100444,Punjab,Amritsar,B30,26-35,Female,9.4,Mandate,Verified
INV002993,2024-02-24,118635,redemption,310664,Maharashtra,Pune,T30,46-55,Male,36.0,UPI,Verified
INV003781,2024-02-24,119120,redemption,235057,Tamil Nadu,Coimbatore,B30,26-35,Male,15.8,Net Banking,Verified
INV003336,2024-02-24,100033,sip,44849,Punjab,Amritsar,B30,46-55,Female,45.8,Cheque,Verified
INV001962,2024-02-24,125498,sip,11479,Maharashtra,Mumbai,T30,26-35,Male,13.6,UPI,Verified
INV001625,2024-02-24,101207,lumpsum,442133,Uttar Pradesh,Kanpur,B30,46-55,Female,78.2,Net Banking,Verified
INV001398,2024-02-24,119092,sip,858,Madhya Pradesh,Indore,T30,26-35,Female,18.4,Mandate,Verified
INV004252,2024-02-24,125497,redemption,447629,Haryana,Faridabad,B30,36-45,Male,58.7,Mandate,Verified
INV004956,2024-02-24,120503,sip,14461,Maharashtra,Mumbai,T30,46-55,Male,62.4,Cheque,Verified
INV002815,2024-02-24,120503,lumpsum,384215,Rajasthan,Jaipur,T30,26-35,Male,10.5,UPI,Pending
INV000448,2024-02-24,101206,redemption,252475,West Bengal,Kolkata,T30,18-25,Male,3.4,Net Banking,Verified
INV000585,2024-02-24,120507,sip,7649,Telangana,Hyderabad,T30,46-55,Female,47.0,Mandate,Verified
INV000193,2024-02-25,119551,sip,14761,Delhi,Gurugram,T30,26-35,Female,11.6,UPI,Verified
INV003304,2024-02-25,119093,sip,7267,Telangana,Hyderabad,T30,18-25,Female,4.8,UPI,Verified
INV001826,2024-02-25,118636,sip,5512,Punjab,Amritsar,B30,18-25,Male,4.7,Mandate,Verified
INV004927,2024-02-25,100016,sip,2203,Maharashtra,Nashik,B30,26-35,Male,19.5,Net Banking,Verified
INV002811,2024-02-25,100033,redemption,212382,Uttar Pradesh,Agra,B30,36-45,Male,43.7,Mandate,Verified
INV001706,2024-02-25,101207,sip,14070,West Bengal,Kolkata,T30,26-35,Male,14.2,Net Banking,Verified
INV002987,2024-02-25,100025,lumpsum,20557,West Bengal,Kolkata,T30,18-25,Male,4.4,UPI,Verified
INV003524,2024-02-25,100025,sip,492,Telangana,Hyderabad,T30,36-45,Male,12.5,Net Banking,Verified
INV001876,2024-02-25,102887,sip,1183,Delhi,Gurugram,T30,36-45,Male,13.3,Net Banking,Pending
INV004660,2024-02-25,120507,lumpsum,363454,Uttar Pradesh,Agra,B30,18-25,Male,4.9,Net Banking,Pending
INV003207,2024-02-25,101207,sip,853,Rajasthan,Jaipur,T30,46-55,Male,48.9,Mandate,Verified
INV000062,2024-02-25,119092,sip,17352,Haryana,Faridabad,B30,46-55,Male,22.9,UPI,Verified
INV000624,2024-02-25,120842,sip,26249,West Bengal,Kolkata,T30,56+,Male,79.6,UPI,Verified
INV003203,2024-02-25,148567,sip,8603,Telangana,Hyderabad,T30,26-35,Male,22.5,Net Banking,Verified
INV000457,2024-02-25,119095,sip,2608,Haryana,Faridabad,B30,26-35,Female,22.3,Mandate,Verified
INV004134,2024-02-25,118636,sip,4265,West Bengal,Kolkata,T30,36-45,Male,24.4,Mandate,Verified
INV004865,2024-02-25,102887,lumpsum,192394,Maharashtra,Nashik,B30,56+,Male,77.2,UPI,Pending
INV000310,2024-02-25,125497,sip,4794,Delhi,Noida,T30,36-45,Male,58.4,Net Banking,Verified
INV000764,2024-02-25,102885,sip,20259,Punjab,Chandigarh,T30,26-35,Male,15.6,Cheque,Verified
INV000315,2024-02-25,102886,sip,8406,Telangana,Hyderabad,T30,18-25,Male,3.2,Cheque,Verified
INV004165,2024-02-25,101207,redemption,131947,West Bengal,Kolkata,T30,26-35,Male,9.3,UPI,Verified
INV003862,2024-02-25,101208,sip,7156,Madhya Pradesh,Indore,T30,26-35,Male,17.0,Cheque,Verified
INV003166,2024-02-25,119598,sip,8470,Karnataka,Bangalore,T30,26-35,Female,7.1,Cheque,Verified
INV002824,2024-02-25,118633,sip,11932,Rajasthan,Jaipur,T30,56+,Male,42.5,UPI,Verified
INV004892,2024-02-25,119552,sip,4140,West Bengal,Kolkata,T30,26-35,Female,22.7,Net Banking,Verified
INV003593,2024-02-25,119120,lumpsum,257171,Karnataka,Bangalore,T30,26-35,Female,21.6,Cheque,Verified
INV001741,2024-02-25,119598,sip,3340,Rajasthan,Udaipur,B30,36-45,Male,52.8,Net Banking,Verified
INV003103,2024-02-25,125497,sip,5456,Tamil Nadu,Coimbatore,B30,36-45,Female,55.8,Mandate,Verified
INV003288,2024-02-25,118634,lumpsum,142366,Punjab,Chandigarh,T30,56+,Male,57.9,Mandate,Pending
INV003828,2024-02-25,120843,sip,5440,Karnataka,Bangalore,T30,18-25,Male,7.6,UPI,Verified
INV000864,2024-02-25,102885,sip,6728,Tamil Nadu,Chennai,T30,26-35,Female,24.9,Net Banking,Verified
INV003573,2024-02-25,102887,sip,26359,Gujarat,Surat,T30,36-45,Male,51.8,Net Banking,Verified
INV002633,2024-02-25,119092,sip,14022,Karnataka,Bangalore,T30,26-35,Female,8.1,UPI,Pending
INV003403,2024-02-25,120507,sip,12142,Madhya Pradesh,Bhopal,B30,18-25,Male,6.3,UPI,Verified
INV001912,2024-02-25,100025,lumpsum,258309,Haryana,Gurugram,T30,26-35,Male,10.4,Cheque,Verified
INV000267,2024-02-25,120841,sip,1698,Telangana,Hyderabad,T30,26-35,Male,17.7,UPI,Verified
INV001762,2024-02-25,125497,redemption,73857,Punjab,Amritsar,B30,18-25,Female,7.5,UPI,Verified
INV004869,2024-02-25,119093,sip,2799,West Bengal,Kolkata,T30,26-35,Male,9.7,Cheque,Verified
INV003757,2024-02-25,102887,sip,15260,Uttar Pradesh,Agra,B30,18-25,Male,3.7,Net Banking,Verified
INV001752,2024-02-25,119552,sip,15021,Rajasthan,Udaipur,B30,26-35,Female,13.4,UPI,Verified
INV004248,2024-02-25,100016,sip,1045,West Bengal,Kolkata,T30,46-55,Male,89.3,Net Banking,Verified
INV002282,2024-02-25,119598,lumpsum,127208,West Bengal,Kolkata,T30,36-45,Male,53.7,Net Banking,Verified
INV004265,2024-02-25,119092,sip,26788,Punjab,Amritsar,B30,18-25,Male,7.6,Cheque,Verified
INV001466,2024-02-25,119094,sip,21926,Delhi,Noida,T30,46-55,Female,20.3,UPI,Verified
INV002587,2024-02-25,148568,lumpsum,464482,West Bengal,Kolkata,T30,18-25,Male,7.2,UPI,Verified
INV001031,2024-02-25,119552,sip,10097,Delhi,New Delhi,T30,36-45,Female,23.0,Cheque,Verified
INV004802,2024-02-25,100025,sip,3354,Uttar Pradesh,Kanpur,B30,26-35,Male,20.9,Mandate,Verified
INV001806,2024-02-25,118636,sip,4519,Telangana,Hyderabad,T30,36-45,Male,32.6,UPI,Verified
INV003709,2024-02-25,149324,lumpsum,110418,Uttar Pradesh,Agra,B30,46-55,Female,21.0,Net Banking,Verified
INV002832,2024-02-25,120504,redemption,281337,Uttar Pradesh,Lucknow,T30,26-35,Male,15.9,Mandate,Verified
INV002223,2024-02-25,119598,redemption,453210,Karnataka,Bangalore,T30,36-45,Female,40.7,UPI,Verified
INV000755,2024-02-25,101206,redemption,300906,Uttar Pradesh,Agra,B30,26-35,Female,13.1,Cheque,Verified
INV004673,2024-02-25,101206,redemption,214747,Maharashtra,Pune,T30,36-45,Female,39.7,Cheque,Verified
INV000735,2024-02-25,149322,sip,4482,Maharashtra,Pune,T30,36-45,Male,57.7,Net Banking,Pending
INV000885,2024-02-25,119551,sip,1801,Gujarat,Ahmedabad,T30,26-35,Male,12.3,Net Banking,Verified
INV004850,2024-02-25,119598,lumpsum,256335,Madhya Pradesh,Bhopal,B30,56+,Male,34.8,Mandate,Verified
INV000881,2024-02-25,119552,sip,20695,Uttar Pradesh,Agra,B30,26-35,Male,17.1,UPI,Verified
INV002692,2024-02-25,125498,lumpsum,317701,West Bengal,Kolkata,T30,26-35,Male,16.7,UPI,Verified
INV004308,2024-02-25,119093,redemption,160205,Gujarat,Surat,T30,26-35,Female,11.1,UPI,Verified
INV001299,2024-02-26,120506,sip,13830,Haryana,Faridabad,B30,26-35,Male,19.9,Net Banking,Verified
INV003316,2024-02-26,125498,sip,3042,Punjab,Chandigarh,T30,36-45,Male,22.9,Mandate,Verified
INV004239,2024-02-26,149322,sip,56309,Karnataka,Bangalore,T30,18-25,Female,6.3,Net Banking,Pending
INV001321,2024-02-26,125498,sip,542,Telangana,Hyderabad,T30,46-55,Male,74.1,Cheque,Verified
INV003310,2024-02-26,149322,sip,4421,Telangana,Hyderabad,T30,26-35,Male,8.0,Mandate,Verified
INV000738,2024-02-26,101208,redemption,337554,Punjab,Amritsar,B30,26-35,Male,12.1,Cheque,Verified
INV001768,2024-02-26,148568,lumpsum,135777,Madhya Pradesh,Bhopal,B30,26-35,Female,14.1,Cheque,Verified
INV001037,2024-02-26,119551,sip,1743,Haryana,Faridabad,B30,36-45,Female,41.8,Mandate,Verified
INV003527,2024-02-26,119598,lumpsum,112678,Telangana,Hyderabad,T30,36-45,Female,26.2,Net Banking,Verified
INV003554,2024-02-26,120507,lumpsum,247611,Rajasthan,Jaipur,T30,26-35,Female,15.6,Net Banking,Pending
INV000994,2024-02-26,119093,lumpsum,433180,Maharashtra,Pune,T30,26-35,Female,6.1,Mandate,Verified
INV001150,2024-02-26,125497,lumpsum,410080,Tamil Nadu,Coimbatore,B30,26-35,Female,19.5,Net Banking,Verified
INV000823,2024-02-26,125498,sip,7329,Madhya Pradesh,Bhopal,B30,46-55,Male,41.5,Net Banking,Verified
INV001850,2024-02-26,101208,sip,902,Uttar Pradesh,Kanpur,B30,26-35,Male,17.1,UPI,Pending
INV001065,2024-02-26,149322,sip,1903,Haryana,Gurugram,T30,56+,Female,37.2,Cheque,Verified
INV000669,2024-02-26,118632,sip,902,Madhya Pradesh,Indore,T30,36-45,Male,25.2,Net Banking,Verified
INV000761,2024-02-26,100016,sip,13570,Rajasthan,Udaipur,B30,18-25,Female,7.5,Net Banking,Verified
INV000557,2024-02-26,120844,sip,575,West Bengal,Kolkata,T30,26-35,Male,10.3,Mandate,Verified
INV003603,2024-02-26,120505,sip,961,Madhya Pradesh,Indore,T30,36-45,Male,52.4,Mandate,Verified
INV004483,2024-02-26,120843,lumpsum,236309,Tamil Nadu,Chennai,T30,46-55,Female,72.3,UPI,Verified
INV001158,2024-02-26,119092,sip,1148,Karnataka,Mysore,B30,18-25,Male,6.4,Mandate,Verified
INV000559,2024-02-26,100016,lumpsum,476386,Madhya Pradesh,Indore,T30,26-35,Male,6.1,UPI,Verified
INV002886,2024-02-26,148567,sip,12060,Tamil Nadu,Chennai,T30,18-25,Female,7.1,Net Banking,Verified
INV000708,2024-02-26,119551,sip,1166,Delhi,Noida,T30,26-35,Female,13.5,UPI,Verified
INV003531,2024-02-26,120844,lumpsum,61411,Delhi,Gurugram,T30,36-45,Male,41.9,Mandate,Verified
INV000592,2024-02-26,102887,sip,5316,Maharashtra,Mumbai,T30,26-35,Male,21.2,Mandate,Verified
INV004250,2024-02-26,120841,lumpsum,527006,Haryana,Gurugram,T30,26-35,Female,6.4,Net Banking,Verified
INV001902,2024-02-26,118633,redemption,114584,Punjab,Chandigarh,T30,46-55,Female,22.2,UPI,Verified
INV001652,2024-02-26,118636,redemption,57851,Tamil Nadu,Chennai,T30,26-35,Female,12.7,Cheque,Verified
INV003336,2024-02-26,120507,sip,25966,Punjab,Amritsar,B30,46-55,Female,45.8,Cheque,Verified
INV003868,2024-02-26,120844,sip,2763,Gujarat,Surat,T30,36-45,Male,25.8,Net Banking,Verified
INV004279,2024-02-26,125498,sip,42778,Gujarat,Ahmedabad,T30,36-45,Male,35.7,Net Banking,Verified
INV000745,2024-02-26,120505,lumpsum,158025,Punjab,Chandigarh,T30,26-35,Female,13.2,Cheque,Verified
INV000950,2024-02-26,118635,sip,2126,Punjab,Amritsar,B30,36-45,Male,33.1,Mandate,Verified
INV004141,2024-02-26,118635,redemption,138770,Telangana,Hyderabad,T30,36-45,Female,45.8,Net Banking,Verified
INV003899,2024-02-26,120507,sip,9642,Haryana,Gurugram,T30,36-45,Female,21.3,Net Banking,Verified
INV003097,2024-02-26,120843,lumpsum,483216,Punjab,Chandigarh,T30,26-35,Male,21.5,UPI,Verified
INV004874,2024-02-26,120843,sip,455,Tamil Nadu,Coimbatore,B30,46-55,Male,35.2,Mandate,Verified
INV004605,2024-02-26,101207,lumpsum,398968,Maharashtra,Nashik,B30,36-45,Male,17.8,Net Banking,Pending
INV002144,2024-02-26,102887,sip,17810,Maharashtra,Pune,T30,18-25,Male,3.2,Net Banking,Verified
INV001396,2024-02-26,120841,lumpsum,67764,Rajasthan,Jaipur,T30,26-35,Female,10.6,Net Banking,Verified
INV002349,2024-02-26,119120,lumpsum,168699,Punjab,Amritsar,B30,26-35,Female,9.6,Mandate,Verified
INV002070,2024-02-26,119092,redemption,267173,Telangana,Hyderabad,T30,36-45,Male,40.3,Net Banking,Verified
INV003193,2024-02-26,118632,sip,438,Rajasthan,Jaipur,T30,36-45,Male,40.4,UPI,Pending
INV004523,2024-02-26,148568,sip,1958,Haryana,Gurugram,T30,26-35,Female,13.5,Net Banking,Verified
INV002039,2024-02-26,102886,lumpsum,483765,Madhya Pradesh,Bhopal,B30,46-55,Male,17.3,Net Banking,Verified
INV000105,2024-02-26,100016,lumpsum,198069,Punjab,Chandigarh,T30,56+,Male,41.4,Mandate,Verified
INV003645,2024-02-26,118635,sip,3471,Punjab,Amritsar,B30,26-35,Male,13.4,Net Banking,Verified
INV002570,2024-02-26,119093,lumpsum,318646,Punjab,Chandigarh,T30,36-45,Male,55.3,Net Banking,Verified
INV004560,2024-02-26,118635,sip,2455,Tamil Nadu,Coimbatore,B30,36-45,Male,42.7,Net Banking,Verified
INV001383,2024-02-26,119552,sip,2642,Maharashtra,Pune,T30,26-35,Male,18.6,Cheque,Verified
INV000427,2024-02-26,120842,lumpsum,399400,Punjab,Amritsar,B30,56+,Female,18.6,Net Banking,Verified
INV002045,2024-02-26,119552,sip,887,Rajasthan,Jaipur,T30,18-25,Female,3.8,Cheque,Verified
INV000517,2024-02-26,119095,sip,1653,Punjab,Amritsar,B30,36-45,Female,31.8,Mandate,Verified
INV001970,2024-02-26,101208,lumpsum,310253,Gujarat,Surat,T30,36-45,Male,55.1,UPI,Verified
INV004917,2024-02-26,149322,lumpsum,44716,Uttar Pradesh,Kanpur,B30,26-35,Male,18.3,UPI,Verified
INV001970,2024-02-26,102887,sip,2469,Gujarat,Surat,T30,36-45,Male,55.1,UPI,Verified
INV003144,2024-02-26,149323,redemption,157231,Haryana,Gurugram,T30,36-45,Female,38.0,UPI,Verified
INV001943,2024-02-26,119093,sip,995,West Bengal,Kolkata,T30,56+,Female,28.3,Net Banking,Verified
INV002648,2024-02-26,101206,lumpsum,445665,Punjab,Chandigarh,T30,36-45,Male,57.1,Mandate,Verified
INV002565,2024-02-26,119095,sip,3100,Rajasthan,Jaipur,T30,26-35,Male,10.0,Mandate,Verified
INV004636,2024-02-26,118632,sip,5619,Uttar Pradesh,Kanpur,B30,18-25,Female,5.0,UPI,Verified
INV001342,2024-02-26,100025,lumpsum,44093,West Bengal,Kolkata,T30,26-35,Female,15.5,Cheque,Verified
INV000051,2024-02-27,148567,sip,8151,Haryana,Gurugram,T30,36-45,Male,21.0,Net Banking,Verified
INV003147,2024-02-27,102886,sip,10619,West Bengal,Kolkata,T30,26-35,Male,18.9,UPI,Verified
INV003340,2024-02-27,119599,lumpsum,250922,Madhya Pradesh,Indore,T30,26-35,Male,22.5,Mandate,Verified
INV004552,2024-02-27,149323,lumpsum,197695,Telangana,Hyderabad,T30,36-45,Female,42.8,UPI,Verified
INV001022,2024-02-27,119120,redemption,16485,Karnataka,Mysore,B30,36-45,Male,19.6,Cheque,Verified
INV002286,2024-02-27,119093,lumpsum,230977,Tamil Nadu,Coimbatore,B30,18-25,Male,5.9,Net Banking,Verified
INV000710,2024-02-27,125497,sip,10037,Delhi,Noida,T30,26-35,Male,6.1,Mandate,Verified
INV000388,2024-02-27,119551,sip,2479,Maharashtra,Nashik,B30,36-45,Male,33.6,Cheque,Verified
INV001905,2024-02-27,149322,redemption,287299,Tamil Nadu,Chennai,T30,26-35,Male,19.2,UPI,Verified
INV002184,2024-02-27,149324,sip,50426,Uttar Pradesh,Agra,B30,36-45,Female,38.1,Net Banking,Verified
INV002399,2024-02-27,148568,redemption,90033,Gujarat,Ahmedabad,T30,46-55,Female,34.7,Net Banking,Pending
INV002643,2024-02-27,148568,sip,16771,Telangana,Hyderabad,T30,36-45,Male,29.2,Mandate,Verified
INV004837,2024-02-27,120505,sip,14205,Punjab,Amritsar,B30,18-25,Male,5.7,Net Banking,Verified
INV000346,2024-02-27,118636,lumpsum,433700,Haryana,Faridabad,B30,26-35,Male,22.0,Cheque,Verified
INV003077,2024-02-27,149323,redemption,208026,Tamil Nadu,Coimbatore,B30,18-25,Female,4.6,UPI,Verified
INV003451,2024-02-27,119092,sip,933,Punjab,Amritsar,B30,18-25,Female,5.2,Cheque,Verified
INV004320,2024-02-27,120505,sip,1697,Delhi,Gurugram,T30,26-35,Female,8.1,Net Banking,Verified
INV001706,2024-02-27,148567,lumpsum,186496,West Bengal,Kolkata,T30,26-35,Male,14.2,Mandate,Verified
INV003656,2024-02-27,119120,sip,10722,Rajasthan,Udaipur,B30,36-45,Female,58.5,UPI,Verified
INV003283,2024-02-27,102887,sip,2817,Delhi,New Delhi,T30,56+,Female,45.7,UPI,Verified
INV002792,2024-02-27,148569,sip,13076,Gujarat,Surat,T30,18-25,Male,3.6,UPI,Verified
INV002567,2024-02-27,102886,sip,583,Madhya Pradesh,Indore,T30,36-45,Male,20.3,Net Banking,Verified
INV001804,2024-02-27,118632,sip,15333,Punjab,Amritsar,B30,26-35,Male,20.1,Mandate,Verified
INV002182,2024-02-27,120841,lumpsum,287809,Madhya Pradesh,Bhopal,B30,36-45,Male,54.3,Net Banking,Verified
INV004531,2024-02-27,119598,sip,57957,Haryana,Gurugram,T30,26-35,Male,8.4,Cheque,Verified
INV000399,2024-02-27,119551,sip,10394,Karnataka,Bangalore,T30,26-35,Male,14.3,Net Banking,Verified
INV001079,2024-02-27,149322,redemption,175311,West Bengal,Kolkata,T30,26-35,Male,10.1,Mandate,Verified
INV003219,2024-02-27,120506,sip,1167,Maharashtra,Pune,T30,46-55,Male,57.8,Net Banking,Pending
INV001442,2024-02-27,102885,redemption,343420,Uttar Pradesh,Lucknow,T30,26-35,Male,16.2,UPI,Verified
INV003359,2024-02-27,120504,redemption,165945,Gujarat,Ahmedabad,T30,26-35,Male,18.4,UPI,Verified
INV001514,2024-02-27,118636,sip,17737,Delhi,Gurugram,T30,46-55,Male,75.8,UPI,Verified
INV000628,2024-02-27,118634,sip,56382,Gujarat,Surat,T30,56+,Male,57.9,Mandate,Verified
INV000625,2024-02-27,100033,lumpsum,22643,Rajasthan,Jaipur,T30,46-55,Female,19.7,Mandate,Verified
INV003203,2024-02-27,120507,sip,561,Telangana,Hyderabad,T30,26-35,Male,22.5,Cheque,Verified
INV003912,2024-02-27,148567,sip,1171,West Bengal,Kolkata,T30,26-35,Male,8.5,UPI,Verified
INV003693,2024-02-27,101208,sip,17472,Madhya Pradesh,Bhopal,B30,36-45,Male,25.2,UPI,Verified
INV000786,2024-02-27,148567,sip,5684,Madhya Pradesh,Bhopal,B30,26-35,Male,17.9,UPI,Verified
INV002997,2024-02-27,120507,sip,11841,West Bengal,Kolkata,T30,26-35,Male,23.7,Mandate,Verified
INV004748,2024-02-27,101206,sip,2722,Delhi,Noida,T30,26-35,Male,12.6,Net Banking,Verified
INV003398,2024-02-27,102887,sip,589,Karnataka,Bangalore,T30,36-45,Male,42.0,Mandate,Verified
INV004986,2024-02-27,118634,sip,5980,Madhya Pradesh,Bhopal,B30,26-35,Male,12.3,Cheque,Verified
INV001866,2024-02-27,120844,sip,8788,Telangana,Hyderabad,T30,36-45,Female,33.9,UPI,Verified
INV004997,2024-02-27,120841,sip,29811,Tamil Nadu,Coimbatore,B30,36-45,Female,54.3,UPI,Verified
INV000227,2024-02-27,148567,lumpsum,329688,Haryana,Gurugram,T30,36-45,Male,29.1,Cheque,Verified
INV001875,2024-02-27,120507,redemption,134107,Karnataka,Mysore,B30,56+,Female,64.4,Cheque,Verified
INV001414,2024-02-27,118636,sip,1876,Gujarat,Ahmedabad,T30,18-25,Male,4.8,Cheque,Pending
INV001312,2024-02-27,100025,sip,11908,Delhi,Noida,T30,26-35,Male,6.9,Net Banking,Verified
INV000563,2024-02-27,120842,sip,5187,Uttar Pradesh,Lucknow,T30,26-35,Male,15.5,Cheque,Verified
INV004545,2024-02-27,101207,sip,8355,Madhya Pradesh,Indore,T30,26-35,Male,12.8,UPI,Verified
INV000030,2024-02-27,119093,sip,13303,Delhi,Noida,T30,18-25,Female,5.1,Net Banking,Verified
INV003610,2024-02-27,118632,sip,2265,Delhi,Gurugram,T30,26-35,Male,16.9,Net Banking,Pending
INV002572,2024-02-27,101207,lumpsum,337835,Rajasthan,Jaipur,T30,56+,Male,19.5,Cheque,Verified
INV002430,2024-02-27,119598,redemption,373750,Madhya Pradesh,Bhopal,B30,26-35,Male,16.2,UPI,Verified
INV004565,2024-02-27,101206,redemption,343460,Gujarat,Surat,T30,26-35,Male,9.2,UPI,Verified
INV000507,2024-02-27,125498,sip,5980,Gujarat,Ahmedabad,T30,36-45,Male,44.1,Net Banking,Verified
INV002937,2024-02-27,119120,sip,58251,Rajasthan,Jaipur,T30,56+,Male,64.5,Cheque,Pending
INV003289,2024-02-27,101208,redemption,231440,Uttar Pradesh,Lucknow,T30,26-35,Male,11.2,Mandate,Verified
INV001128,2024-02-27,118635,lumpsum,128770,West Bengal,Kolkata,T30,36-45,Female,43.2,Mandate,Verified
INV000869,2024-02-27,120504,sip,5386,West Bengal,Kolkata,T30,26-35,Female,12.1,Net Banking,Verified
INV001123,2024-02-27,120841,lumpsum,184636,Uttar Pradesh,Lucknow,T30,26-35,Male,23.9,Cheque,Verified
INV000986,2024-02-28,120504,sip,27246,Tamil Nadu,Coimbatore,B30,26-35,Male,24.2,Cheque,Verified
INV004517,2024-02-28,120506,lumpsum,296327,West Bengal,Kolkata,T30,46-55,Female,68.5,Net Banking,Pending
INV003592,2024-02-28,119120,redemption,580964,Madhya Pradesh,Indore,T30,56+,Female,27.6,Net Banking,Verified
INV002284,2024-02-28,149324,sip,1145,Karnataka,Bangalore,T30,36-45,Male,55.3,UPI,Verified
INV004677,2024-02-28,101206,sip,8507,Punjab,Amritsar,B30,26-35,Male,6.2,Cheque,Verified
INV001748,2024-02-28,120504,lumpsum,277936,Gujarat,Ahmedabad,T30,36-45,Female,16.2,Mandate,Verified
INV004028,2024-02-28,120842,redemption,406172,Rajasthan,Jaipur,T30,18-25,Male,3.3,Mandate,Verified
INV001372,2024-02-28,120504,sip,2728,Haryana,Faridabad,B30,56+,Male,46.7,Net Banking,Verified
INV000143,2024-02-28,119551,sip,53566,Haryana,Gurugram,T30,26-35,Male,23.8,Net Banking,Verified
INV004874,2024-02-28,118633,lumpsum,424342,Tamil Nadu,Coimbatore,B30,46-55,Male,35.2,Mandate,Verified
INV002052,2024-02-28,119552,sip,8317,Uttar Pradesh,Lucknow,T30,36-45,Male,50.8,Mandate,Verified
INV001547,2024-02-28,119120,sip,24580,Tamil Nadu,Coimbatore,B30,36-45,Male,55.7,Mandate,Verified
INV002852,2024-02-28,102885,lumpsum,104478,West Bengal,Kolkata,T30,46-55,Male,69.5,UPI,Verified
INV000586,2024-02-28,102886,lumpsum,249909,West Bengal,Kolkata,T30,36-45,Male,43.8,Net Banking,Verified
INV002738,2024-02-28,119093,sip,2573,Haryana,Faridabad,B30,36-45,Male,38.7,Net Banking,Verified
INV003655,2024-02-28,101208,sip,484,Madhya Pradesh,Bhopal,B30,36-45,Female,24.9,Net Banking,Verified
INV003063,2024-02-28,119092,sip,552,Maharashtra,Mumbai,T30,36-45,Female,45.0,Mandate,Verified
INV002632,2024-02-28,119599,sip,494,Tamil Nadu,Chennai,T30,26-35,Female,14.1,Net Banking,Pending
INV002738,2024-02-28,120505,lumpsum,314843,Haryana,Faridabad,B30,36-45,Male,38.7,UPI,Verified
INV004201,2024-02-28,101208,redemption,351919,Telangana,Hyderabad,T30,36-45,Male,20.2,UPI,Verified
INV003484,2024-02-28,120504,sip,8293,Madhya Pradesh,Bhopal,B30,26-35,Female,7.1,Mandate,Verified
INV000718,2024-02-28,120503,sip,570,Delhi,Gurugram,T30,26-35,Male,10.8,Cheque,Verified
INV004915,2024-02-28,148569,sip,2134,Uttar Pradesh,Kanpur,B30,26-35,Male,9.6,Cheque,Verified
INV001833,2024-02-28,119599,sip,21064,Karnataka,Bangalore,T30,36-45,Female,28.4,Cheque,Verified
INV000484,2024-02-28,100033,sip,44058,Uttar Pradesh,Agra,B30,26-35,Male,21.7,Net Banking,Pending
INV003342,2024-02-28,125498,lumpsum,445548,Tamil Nadu,Chennai,T30,56+,Male,32.8,Mandate,Verified
INV004781,2024-02-28,119095,sip,17696,Haryana,Faridabad,B30,18-25,Female,5.7,Net Banking,Verified
INV004632,2024-02-28,119551,sip,807,Punjab,Chandigarh,T30,26-35,Male,18.0,Cheque,Verified
INV000404,2024-02-28,100033,redemption,59015,Telangana,Hyderabad,T30,36-45,Female,35.5,Mandate,Verified
INV001615,2024-02-28,118635,sip,2097,Tamil Nadu,Chennai,T30,26-35,Male,15.7,Cheque,Verified
INV004364,2024-02-28,102887,redemption,401930,West Bengal,Kolkata,T30,36-45,Male,30.6,Net Banking,Verified
INV001343,2024-02-28,149323,sip,2128,Gujarat,Surat,T30,18-25,Female,6.9,Cheque,Verified
INV003005,2024-02-28,118634,sip,1869,Punjab,Amritsar,B30,26-35,Male,24.5,Net Banking,Verified
INV001627,2024-02-28,120844,sip,1155,Uttar Pradesh,Agra,B30,26-35,Male,15.9,Net Banking,Pending
INV001739,2024-02-28,101206,sip,8852,West Bengal,Kolkata,T30,36-45,Female,45.5,Mandate,Verified
INV000536,2024-02-28,120505,sip,7500,Delhi,New Delhi,T30,36-45,Female,29.6,Mandate,Verified
INV002101,2024-02-28,120841,redemption,129587,Uttar Pradesh,Lucknow,T30,26-35,Male,14.7,Cheque,Verified
INV000602,2024-02-28,120506,lumpsum,129601,West Bengal,Kolkata,T30,18-25,Male,8.0,Mandate,Verified
INV004989,2024-02-28,119599,lumpsum,56909,Karnataka,Bangalore,T30,26-35,Male,6.4,Mandate,Verified
INV000441,2024-02-28,119094,lumpsum,387062,Tamil Nadu,Chennai,T30,26-35,Female,8.3,Mandate,Verified
INV000215,2024-02-28,101208,sip,2729,Maharashtra,Nashik,B30,26-35,Female,18.3,UPI,Verified
INV004408,2024-02-28,148568,lumpsum,332797,Punjab,Amritsar,B30,26-35,Male,23.5,UPI,Verified
INV001163,2024-02-28,119551,sip,6922,Karnataka,Mysore,B30,26-35,Male,10.2,Mandate,Verified
INV004413,2024-02-28,120506,sip,17651,Maharashtra,Mumbai,T30,26-35,Male,14.7,UPI,Verified
INV003298,2024-02-28,118634,sip,4179,Gujarat,Surat,T30,26-35,Male,12.4,Mandate,Verified
INV003787,2024-02-28,118635,sip,12407,Karnataka,Mysore,B30,46-55,Male,29.3,UPI,Verified
INV004131,2024-02-28,120506,lumpsum,327418,Uttar Pradesh,Kanpur,B30,26-35,Male,10.3,Cheque,Verified
INV003957,2024-02-28,119598,redemption,197501,Delhi,Noida,T30,36-45,Male,30.9,Mandate,Verified
INV000056,2024-02-28,118636,sip,16592,Haryana,Faridabad,B30,26-35,Female,22.5,Cheque,Verified
INV003036,2024-02-28,120844,lumpsum,15512,Telangana,Hyderabad,T30,26-35,Male,18.2,Net Banking,Verified
INV003659,2024-02-28,148569,redemption,429318,Madhya Pradesh,Bhopal,B30,56+,Male,27.4,Mandate,Verified
INV000862,2024-02-28,100025,sip,908,Uttar Pradesh,Agra,B30,26-35,Female,24.4,Mandate,Verified
INV004929,2024-02-28,118634,sip,55441,Telangana,Hyderabad,T30,36-45,Female,56.8,Cheque,Verified
INV001433,2024-02-28,125497,redemption,525193,West Bengal,Kolkata,T30,26-35,Male,10.9,UPI,Verified
INV003105,2024-02-28,125497,sip,45355,Rajasthan,Jaipur,T30,18-25,Female,6.0,Cheque,Verified
INV004932,2024-02-28,149324,redemption,49573,Tamil Nadu,Chennai,T30,26-35,Female,21.1,Net Banking,Verified
INV003984,2024-02-28,148569,sip,53695,Uttar Pradesh,Agra,B30,56+,Female,30.1,Mandate,Verified
INV003231,2024-02-28,118632,redemption,379193,Haryana,Gurugram,T30,26-35,Male,9.1,Mandate,Verified
INV001384,2024-02-28,119599,sip,41043,Maharashtra,Mumbai,T30,26-35,Female,16.0,Cheque,Verified
INV000293,2024-02-28,119599,lumpsum,149327,Karnataka,Mysore,B30,26-35,Female,19.3,Mandate,Verified
INV002676,2024-02-28,102886,sip,808,Delhi,Gurugram,T30,46-55,Male,81.0,Mandate,Verified
INV000200,2024-02-28,149324,sip,8347,Rajasthan,Udaipur,B30,18-25,Male,4.0,UPI,Verified
INV003675,2024-02-28,119599,sip,509,West Bengal,Kolkata,T30,56+,Male,63.9,Mandate,Verified
INV003521,2024-02-28,149324,sip,21965,Rajasthan,Jaipur,T30,46-55,Male,95.4,Mandate,Verified
INV002095,2024-02-28,148569,redemption,361399,Punjab,Amritsar,B30,26-35,Male,9.2,Cheque,Verified
INV002133,2024-02-29,120843,sip,1650,Rajasthan,Udaipur,B30,26-35,Male,23.0,Net Banking,Verified
INV002761,2024-02-29,101206,lumpsum,9801,Rajasthan,Jaipur,T30,26-35,Male,14.9,Mandate,Verified
INV003058,2024-02-29,120844,sip,11487,Karnataka,Mysore,B30,36-45,Male,46.2,Net Banking,Verified
INV003450,2024-02-29,149323,sip,6767,Maharashtra,Nashik,B30,18-25,Female,4.2,Mandate,Verified
INV001230,2024-02-29,120505,sip,5364,Gujarat,Surat,T30,46-55,Male,96.9,UPI,Verified
INV002085,2024-02-29,120507,sip,42655,Telangana,Hyderabad,T30,56+,Female,12.5,Mandate,Verified
INV002110,2024-02-29,120504,lumpsum,147528,Haryana,Faridabad,B30,26-35,Female,20.8,UPI,Verified
INV004854,2024-02-29,120506,sip,4965,Rajasthan,Udaipur,B30,18-25,Female,3.5,UPI,Verified
INV001483,2024-02-29,118635,sip,7659,Rajasthan,Jaipur,T30,36-45,Male,38.8,UPI,Verified
INV002641,2024-02-29,118633,lumpsum,55060,Maharashtra,Nashik,B30,56+,Male,27.1,UPI,Verified
INV003436,2024-02-29,148567,redemption,184392,Maharashtra,Mumbai,T30,36-45,Female,54.4,Mandate,Verified
INV002656,2024-02-29,119093,lumpsum,226598,Tamil Nadu,Coimbatore,B30,26-35,Male,9.6,Mandate,Pending
INV002564,2024-02-29,101207,redemption,330487,Maharashtra,Pune,T30,18-25,Male,5.6,UPI,Verified
INV004228,2024-02-29,102886,sip,2946,Madhya Pradesh,Bhopal,B30,26-35,Female,18.0,UPI,Verified
INV004169,2024-02-29,119120,lumpsum,376179,Rajasthan,Udaipur,B30,26-35,Female,20.4,UPI,Pending
INV004211,2024-02-29,119552,lumpsum,119465,Tamil Nadu,Chennai,T30,56+,Male,40.3,UPI,Verified
INV004220,2024-02-29,102887,sip,517,Uttar Pradesh,Agra,B30,26-35,Female,15.1,Cheque,Verified
INV004857,2024-02-29,100016,lumpsum,330814,Delhi,Noida,T30,26-35,Male,15.3,Cheque,Verified
INV004822,2024-02-29,120843,redemption,263698,Rajasthan,Udaipur,B30,26-35,Male,14.8,Mandate,Verified
INV001692,2024-02-29,100025,redemption,50100,Rajasthan,Jaipur,T30,26-35,Male,11.7,Mandate,Pending
INV004024,2024-02-29,119095,sip,8426,Telangana,Hyderabad,T30,36-45,Male,23.1,Mandate,Verified
INV000789,2024-02-29,119552,sip,8774,Gujarat,Surat,T30,56+,Male,47.7,Net Banking,Verified
INV001544,2024-02-29,102885,sip,20533,Uttar Pradesh,Kanpur,B30,18-25,Female,5.9,UPI,Verified
INV003734,2024-02-29,119095,sip,6552,Tamil Nadu,Coimbatore,B30,56+,Male,70.3,Mandate,Pending
INV004665,2024-02-29,120503,sip,11606,Madhya Pradesh,Bhopal,B30,36-45,Male,17.1,UPI,Verified
INV003395,2024-02-29,118635,lumpsum,330044,Gujarat,Ahmedabad,T30,36-45,Male,39.2,Net Banking,Verified
INV000085,2024-02-29,119599,sip,8466,Gujarat,Surat,T30,26-35,Female,14.6,Mandate,Verified
INV002332,2024-02-29,120843,sip,16934,Punjab,Chandigarh,T30,26-35,Female,13.4,UPI,Verified
INV000719,2024-02-29,119551,sip,2393,Tamil Nadu,Coimbatore,B30,18-25,Male,6.8,Mandate,Verified
INV003979,2024-02-29,118633,sip,1864,Madhya Pradesh,Indore,T30,36-45,Male,44.4,Net Banking,Pending
INV002979,2024-02-29,118635,sip,2087,Punjab,Chandigarh,T30,36-45,Female,56.2,Net Banking,Verified
INV003736,2024-02-29,100016,sip,11149,Karnataka,Mysore,B30,18-25,Male,4.9,UPI,Verified
INV002598,2024-02-29,101206,sip,9880,Uttar Pradesh,Lucknow,T30,26-35,Male,14.6,Net Banking,Verified
INV004627,2024-02-29,148568,redemption,523963,West Bengal,Kolkata,T30,36-45,Male,47.7,Cheque,Verified
INV000671,2024-02-29,119551,sip,11252,Uttar Pradesh,Agra,B30,36-45,Female,15.3,Mandate,Verified
INV000031,2024-02-29,118636,redemption,90549,Madhya Pradesh,Indore,T30,36-45,Male,27.3,Cheque,Pending
INV001137,2024-02-29,118632,sip,529,West Bengal,Kolkata,T30,56+,Female,55.8,Mandate,Verified
INV001182,2024-02-29,120844,lumpsum,447124,Punjab,Amritsar,B30,26-35,Male,9.1,Mandate,Pending
INV003783,2024-02-29,102887,redemption,521063,Madhya Pradesh,Indore,T30,18-25,Male,3.5,Net Banking,Verified
INV004990,2024-02-29,149324,lumpsum,380449,Maharashtra,Nashik,B30,26-35,Female,9.5,Cheque,Verified
INV000451,2024-02-29,118634,lumpsum,224227,Madhya Pradesh,Indore,T30,46-55,Male,23.4,Mandate,Verified
INV000467,2024-02-29,148568,sip,28989,Karnataka,Bangalore,T30,18-25,Female,7.1,Net Banking,Verified
INV000470,2024-02-29,149323,sip,20617,Madhya Pradesh,Bhopal,B30,26-35,Male,17.8,UPI,Verified
INV003806,2024-02-29,118636,sip,2151,Karnataka,Bangalore,T30,26-35,Male,14.7,UPI,Verified
INV004299,2024-02-29,101207,sip,7448,Telangana,Hyderabad,T30,26-35,Female,23.1,UPI,Verified
INV002975,2024-02-29,102887,sip,15028,Rajasthan,Udaipur,B30,26-35,Male,15.1,Mandate,Verified
INV002046,2024-02-29,119095,sip,29942,Madhya Pradesh,Bhopal,B30,26-35,Male,20.8,Cheque,Verified
INV001217,2024-02-29,101206,sip,3463,Rajasthan,Jaipur,T30,26-35,Male,21.5,UPI,Verified
INV004891,2024-02-29,100025,lumpsum,273035,Telangana,Hyderabad,T30,46-55,Female,83.5,Net Banking,Verified
INV003487,2024-02-29,149322,sip,3056,Gujarat,Ahmedabad,T30,26-35,Female,12.0,Cheque,Verified
INV004274,2024-02-29,119095,sip,545,Rajasthan,Udaipur,B30,26-35,Male,20.4,Net Banking,Verified
INV001037,2024-02-29,120505,sip,7256,Haryana,Faridabad,B30,36-45,Female,41.8,Cheque,Verified
INV002741,2024-02-29,119552,sip,993,West Bengal,Kolkata,T30,26-35,Male,19.9,Net Banking,Pending
INV000109,2024-02-29,148569,sip,2595,Karnataka,Bangalore,T30,26-35,Female,15.0,Net Banking,Verified
INV001261,2024-02-29,119094,redemption,474118,Rajasthan,Jaipur,T30,46-55,Male,50.0,Net Banking,Verified
INV003640,2024-02-29,119093,sip,5555,Gujarat,Ahmedabad,T30,26-35,Male,14.0,Mandate,Verified
INV004293,2024-02-29,119120,sip,1843,Rajasthan,Jaipur,T30,36-45,Male,54.9,Mandate,Verified
INV001035,2024-02-29,101207,sip,7351,Telangana,Hyderabad,T30,26-35,Male,8.4,Cheque,Verified
INV001318,2024-02-29,100016,sip,20922,Telangana,Hyderabad,T30,36-45,Male,59.3,Mandate,Verified
INV001549,2024-02-29,119094,sip,8422,Haryana,Gurugram,T30,36-45,Male,19.5,Cheque,Verified
INV000423,2024-03-01,118634,sip,8468,Delhi,Gurugram,T30,26-35,Female,6.2,Net Banking,Verified
INV000879,2024-03-01,119120,sip,2298,Gujarat,Surat,T30,36-45,Male,59.0,Net Banking,Verified
INV001993,2024-03-01,118636,sip,13924,Uttar Pradesh,Agra,B30,36-45,Female,44.2,Mandate,Verified
INV000279,2024-03-01,101207,sip,1629,Gujarat,Ahmedabad,T30,26-35,Male,12.4,UPI,Verified
INV003362,2024-03-01,119598,redemption,129675,Karnataka,Bangalore,T30,36-45,Female,22.6,Cheque,Verified
INV003403,2024-03-01,101206,sip,16812,Madhya Pradesh,Bhopal,B30,18-25,Male,6.3,Net Banking,Pending
INV003644,2024-03-01,101207,lumpsum,313751,Gujarat,Ahmedabad,T30,26-35,Female,8.2,UPI,Verified
INV002956,2024-03-01,125498,lumpsum,289520,Gujarat,Surat,T30,36-45,Female,53.7,UPI,Verified
INV001527,2024-03-01,119551,sip,1824,Delhi,Gurugram,T30,26-35,Male,23.4,Mandate,Verified
INV000606,2024-03-01,149324,lumpsum,435956,Karnataka,Mysore,B30,18-25,Male,7.8,Net Banking,Verified
INV000809,2024-03-01,120507,sip,8230,Tamil Nadu,Chennai,T30,56+,Male,59.1,Mandate,Verified
INV004600,2024-03-01,100033,lumpsum,92811,West Bengal,Kolkata,T30,46-55,Female,35.5,Net Banking,Verified
INV003389,2024-03-01,119120,lumpsum,310950,Telangana,Hyderabad,T30,26-35,Male,22.3,Mandate,Verified
INV003404,2024-03-01,120506,sip,25031,Tamil Nadu,Chennai,T30,36-45,Male,26.8,Net Banking,Verified
INV004790,2024-03-01,102887,lumpsum,313552,Tamil Nadu,Coimbatore,B30,18-25,Male,3.4,Mandate,Verified
INV000407,2024-03-01,119599,sip,28171,Tamil Nadu,Coimbatore,B30,36-45,Male,32.8,Net Banking,Verified
INV000392,2024-03-01,119094,sip,9517,Gujarat,Surat,T30,26-35,Female,16.6,UPI,Verified
INV000695,2024-03-01,102887,sip,487,Gujarat,Surat,T30,36-45,Male,48.0,Mandate,Verified
INV000493,2024-03-01,101206,sip,517,Punjab,Chandigarh,T30,18-25,Male,4.2,Cheque,Verified
INV003352,2024-03-01,125498,sip,9603,Maharashtra,Mumbai,T30,36-45,Male,59.3,Mandate,Verified
INV000314,2024-03-01,119551,sip,2438,West Bengal,Kolkata,T30,26-35,Male,20.5,UPI,Verified
INV002244,2024-03-01,102885,lumpsum,108195,Maharashtra,Mumbai,T30,36-45,Male,49.4,Cheque,Verified
INV000861,2024-03-01,120843,redemption,306304,Uttar Pradesh,Lucknow,T30,18-25,Male,4.2,Cheque,Verified
INV004318,2024-03-01,119095,sip,2490,Tamil Nadu,Coimbatore,B30,56+,Female,54.7,Cheque,Verified
INV000242,2024-03-01,119552,redemption,44049,Maharashtra,Nashik,B30,36-45,Male,40.2,Mandate,Verified
INV000332,2024-03-01,119599,lumpsum,511864,Telangana,Hyderabad,T30,36-45,Female,12.9,UPI,Verified
INV000243,2024-03-01,102885,sip,6124,Punjab,Chandigarh,T30,26-35,Male,21.5,Cheque,Verified
INV003741,2024-03-01,148568,sip,14479,Madhya Pradesh,Bhopal,B30,36-45,Male,30.3,Mandate,Verified
INV000893,2024-03-01,125498,sip,2594,Punjab,Chandigarh,T30,46-55,Male,35.3,UPI,Verified
INV002235,2024-03-01,102886,lumpsum,342397,Uttar Pradesh,Agra,B30,36-45,Female,32.1,Cheque,Verified
INV004071,2024-03-01,119095,sip,59694,Gujarat,Ahmedabad,T30,36-45,Female,22.2,Cheque,Pending
INV002206,2024-03-01,148569,sip,46119,Tamil Nadu,Chennai,T30,18-25,Male,7.7,Cheque,Verified
INV001562,2024-03-01,119093,sip,2970,Delhi,Noida,T30,26-35,Male,7.0,UPI,Verified
INV002610,2024-03-01,101206,lumpsum,200775,Tamil Nadu,Coimbatore,B30,36-45,Female,31.7,Mandate,Verified
INV001230,2024-03-01,119095,sip,16004,Gujarat,Surat,T30,46-55,Male,96.9,Mandate,Verified
INV002617,2024-03-01,119093,redemption,33308,Maharashtra,Nashik,B30,26-35,Male,13.9,Mandate,Verified
INV001922,2024-03-01,120505,redemption,51182,West Bengal,Kolkata,T30,18-25,Male,5.5,Cheque,Verified
INV002769,2024-03-01,100025,lumpsum,277270,Maharashtra,Pune,T30,18-25,Female,4.5,Net Banking,Verified
INV004529,2024-03-01,120844,lumpsum,24538,Uttar Pradesh,Kanpur,B30,18-25,Male,6.3,UPI,Verified
INV004519,2024-03-01,149324,sip,4655,Tamil Nadu,Coimbatore,B30,18-25,Female,6.2,UPI,Verified
INV004968,2024-03-01,100025,sip,17065,Delhi,Noida,T30,26-35,Male,22.2,Mandate,Verified
INV000124,2024-03-01,119095,lumpsum,115540,Punjab,Amritsar,B30,36-45,Female,46.2,UPI,Verified
INV003967,2024-03-01,120506,lumpsum,281177,Tamil Nadu,Coimbatore,B30,46-55,Male,79.9,Mandate,Verified
INV000051,2024-03-01,120504,redemption,513580,Haryana,Gurugram,T30,36-45,Male,21.0,UPI,Verified
INV002205,2024-03-01,102885,sip,991,Gujarat,Surat,T30,26-35,Female,10.9,UPI,Verified
INV004876,2024-03-01,149324,sip,23405,Karnataka,Bangalore,T30,18-25,Male,7.1,UPI,Pending
INV002640,2024-03-01,149324,redemption,22722,Haryana,Faridabad,B30,56+,Female,50.5,Cheque,Verified
INV001222,2024-03-01,120504,sip,2602,Delhi,Noida,T30,26-35,Female,14.9,Mandate,Verified
INV003903,2024-03-01,102886,lumpsum,501761,Karnataka,Mysore,B30,18-25,Female,6.6,Net Banking,Pending
INV000955,2024-03-01,119552,lumpsum,243486,Gujarat,Surat,T30,26-35,Male,6.7,UPI,Verified
INV002761,2024-03-01,119598,sip,10121,Rajasthan,Jaipur,T30,26-35,Male,14.9,UPI,Verified
INV002911,2024-03-01,100016,lumpsum,6678,Gujarat,Surat,T30,26-35,Male,24.1,UPI,Verified
INV002207,2024-03-01,119095,redemption,213858,Madhya Pradesh,Indore,T30,26-35,Female,6.6,UPI,Verified
INV002216,2024-03-01,120505,sip,2197,Maharashtra,Mumbai,T30,46-55,Male,26.5,Mandate,Verified
INV003934,2024-03-01,125498,sip,546,Delhi,Gurugram,T30,26-35,Male,24.1,Cheque,Verified
INV004011,2024-03-01,101208,sip,40353,Punjab,Amritsar,B30,18-25,Female,5.0,Net Banking,Verified
INV000032,2024-03-01,120843,sip,14929,Delhi,Noida,T30,36-45,Male,21.8,UPI,Verified
INV002630,2024-03-01,118636,lumpsum,96515,Punjab,Amritsar,B30,36-45,Male,19.6,UPI,Verified
INV004504,2024-03-01,120844,sip,55447,Telangana,Hyderabad,T30,46-55,Male,46.3,Cheque,Verified
INV003089,2024-03-01,119094,sip,9936,Uttar Pradesh,Agra,B30,26-35,Male,14.1,UPI,Verified
INV002315,2024-03-01,125498,sip,15749,Haryana,Faridabad,B30,18-25,Male,6.4,Mandate,Verified
INV003547,2024-03-01,101207,sip,2221,Telangana,Hyderabad,T30,26-35,Male,17.1,UPI,Verified
INV003985,2024-03-01,120506,sip,2697,Tamil Nadu,Coimbatore,B30,18-25,Male,4.3,Net Banking,Verified
INV003302,2024-03-02,120842,sip,14977,Uttar Pradesh,Lucknow,T30,18-25,Male,3.0,UPI,Verified
INV002334,2024-03-02,119599,redemption,240370,Gujarat,Surat,T30,56+,Male,40.4,Mandate,Verified
INV002283,2024-03-02,120844,lumpsum,177346,Karnataka,Bangalore,T30,26-35,Female,14.5,Mandate,Pending
INV002180,2024-03-02,101206,sip,1804,Delhi,Gurugram,T30,18-25,Male,5.1,Mandate,Verified
INV000460,2024-03-02,120842,sip,3465,Delhi,Noida,T30,36-45,Male,47.1,Net Banking,Verified
INV004872,2024-03-02,119120,sip,1057,West Bengal,Kolkata,T30,26-35,Male,13.8,Net Banking,Verified
INV001943,2024-03-02,118632,sip,2517,West Bengal,Kolkata,T30,56+,Female,28.3,Cheque,Verified
INV000791,2024-03-02,101207,redemption,288385,Madhya Pradesh,Bhopal,B30,26-35,Male,18.4,Net Banking,Verified
INV000352,2024-03-02,101206,sip,5609,Tamil Nadu,Chennai,T30,46-55,Male,21.1,Cheque,Verified
INV003393,2024-03-02,149323,sip,28898,Delhi,New Delhi,T30,26-35,Male,17.1,Net Banking,Pending
INV003959,2024-03-02,148569,lumpsum,320312,Haryana,Gurugram,T30,46-55,Male,81.1,UPI,Verified
INV001959,2024-03-02,118635,lumpsum,241187,Tamil Nadu,Chennai,T30,18-25,Female,4.7,Mandate,Verified
INV004075,2024-03-02,102885,sip,5960,Rajasthan,Jaipur,T30,36-45,Male,56.5,Cheque,Verified
INV000586,2024-03-02,120844,sip,2783,West Bengal,Kolkata,T30,36-45,Male,43.8,Net Banking,Verified
INV003602,2024-03-02,119093,sip,1880,Maharashtra,Nashik,B30,46-55,Male,75.4,UPI,Verified
INV001679,2024-03-02,120503,redemption,274911,Haryana,Faridabad,B30,36-45,Female,46.7,Net Banking,Verified
INV004026,2024-03-02,148567,sip,20848,Haryana,Faridabad,B30,26-35,Female,8.3,Net Banking,Verified
INV003910,2024-03-02,102887,sip,11287,Maharashtra,Pune,T30,26-35,Male,8.8,Cheque,Verified
INV003155,2024-03-02,120841,lumpsum,414830,Rajasthan,Jaipur,T30,36-45,Male,50.9,Cheque,Verified
INV000754,2024-03-02,118632,sip,6376,West Bengal,Kolkata,T30,26-35,Male,8.0,Mandate,Verified
INV000589,2024-03-02,148569,lumpsum,505227,Uttar Pradesh,Kanpur,B30,18-25,Female,6.3,Cheque,Verified
INV002671,2024-03-02,120843,lumpsum,359805,Madhya Pradesh,Indore,T30,18-25,Male,6.3,Net Banking,Verified
INV000478,2024-03-02,120842,sip,990,Gujarat,Surat,T30,36-45,Female,16.5,UPI,Verified
INV001264,2024-03-02,118636,sip,15423,Madhya Pradesh,Indore,T30,26-35,Female,12.0,Net Banking,Verified
INV003684,2024-03-02,118636,sip,9535,Karnataka,Bangalore,T30,36-45,Male,42.9,Cheque,Pending
INV000624,2024-03-02,149322,sip,4550,West Bengal,Kolkata,T30,56+,Male,79.6,Net Banking,Verified
INV002594,2024-03-02,102885,redemption,288663,Haryana,Gurugram,T30,26-35,Male,23.7,Net Banking,Verified
INV003380,2024-03-02,149324,sip,509,Delhi,Noida,T30,36-45,Male,21.0,Mandate,Verified
INV000717,2024-03-02,119094,lumpsum,417969,Tamil Nadu,Chennai,T30,46-55,Male,44.9,Net Banking,Verified
INV003277,2024-03-02,118636,lumpsum,207110,Rajasthan,Jaipur,T30,18-25,Male,3.3,UPI,Verified
INV004410,2024-03-02,102886,sip,453,Tamil Nadu,Chennai,T30,36-45,Male,45.5,Net Banking,Verified
INV000776,2024-03-02,120841,lumpsum,477270,Rajasthan,Jaipur,T30,26-35,Male,12.4,Mandate,Verified
INV000396,2024-03-02,118635,sip,1064,Rajasthan,Jaipur,T30,46-55,Male,38.5,Net Banking,Verified
INV004980,2024-03-02,118636,lumpsum,307872,Punjab,Amritsar,B30,36-45,Female,36.6,Cheque,Verified
INV003420,2024-03-02,102885,sip,2159,Haryana,Faridabad,B30,36-45,Male,47.2,Mandate,Verified
INV004963,2024-03-02,119598,lumpsum,189578,Delhi,Noida,T30,36-45,Female,59.6,UPI,Verified
INV000256,2024-03-02,102885,sip,1989,Delhi,New Delhi,T30,36-45,Male,14.0,Mandate,Pending
INV002915,2024-03-02,102887,sip,4257,West Bengal,Kolkata,T30,18-25,Male,7.7,Mandate,Pending
INV002606,2024-03-02,100025,sip,2727,Telangana,Hyderabad,T30,26-35,Female,8.1,Net Banking,Verified
INV003211,2024-03-02,119093,redemption,368068,Uttar Pradesh,Lucknow,T30,36-45,Male,55.1,UPI,Verified
INV002914,2024-03-02,101207,redemption,385754,Rajasthan,Udaipur,B30,18-25,Male,7.4,Cheque,Verified
INV004191,2024-03-02,119552,sip,3064,Maharashtra,Nashik,B30,26-35,Female,19.5,UPI,Verified
INV002568,2024-03-02,118636,sip,7096,Uttar Pradesh,Lucknow,T30,26-35,Female,7.3,Net Banking,Verified
INV001126,2024-03-02,119599,redemption,424631,Rajasthan,Jaipur,T30,26-35,Female,22.6,Net Banking,Verified
INV004785,2024-03-02,119599,sip,2411,Punjab,Amritsar,B30,26-35,Female,14.5,Net Banking,Verified
INV001398,2024-03-02,118635,lumpsum,128165,Madhya Pradesh,Indore,T30,26-35,Female,18.4,Mandate,Verified
INV000230,2024-03-02,119094,sip,11192,Haryana,Faridabad,B30,18-25,Male,3.3,Mandate,Verified
INV003242,2024-03-02,118636,lumpsum,110127,Punjab,Chandigarh,T30,26-35,Female,18.1,Cheque,Verified
INV004160,2024-03-02,120843,sip,55497,Uttar Pradesh,Kanpur,B30,18-25,Male,3.9,UPI,Verified
INV000472,2024-03-02,148568,sip,41483,Uttar Pradesh,Lucknow,T30,46-55,Male,70.1,Net Banking,Verified
INV002607,2024-03-02,119599,lumpsum,354957,Rajasthan,Udaipur,B30,36-45,Male,57.5,UPI,Verified
INV000265,2024-03-02,125498,lumpsum,168814,Madhya Pradesh,Bhopal,B30,36-45,Male,14.1,UPI,Verified
INV001643,2024-03-02,119599,sip,848,Punjab,Amritsar,B30,36-45,Male,28.4,Cheque,Verified
INV003467,2024-03-02,149324,lumpsum,556090,Madhya Pradesh,Indore,T30,46-55,Female,89.7,Cheque,Verified
INV003404,2024-03-02,148568,sip,12852,Tamil Nadu,Chennai,T30,36-45,Male,26.8,Cheque,Verified
INV002393,2024-03-02,119598,redemption,57944,Madhya Pradesh,Bhopal,B30,26-35,Female,15.2,UPI,Verified
INV003951,2024-03-02,100025,sip,913,Uttar Pradesh,Lucknow,T30,18-25,Male,7.8,Mandate,Verified
INV001950,2024-03-02,119095,redemption,252649,Maharashtra,Pune,T30,26-35,Female,6.0,Cheque,Verified
INV003828,2024-03-03,120505,sip,9221,Karnataka,Bangalore,T30,18-25,Male,7.6,Cheque,Verified
INV001614,2024-03-03,102887,sip,2290,Punjab,Amritsar,B30,18-25,Male,4.6,Mandate,Verified
INV001535,2024-03-03,149322,sip,46732,Rajasthan,Udaipur,B30,56+,Male,74.1,Cheque,Verified
INV004511,2024-03-03,148567,lumpsum,147587,Gujarat,Ahmedabad,T30,46-55,Female,43.6,Cheque,Verified
INV003911,2024-03-03,102886,sip,12585,Telangana,Hyderabad,T30,36-45,Male,21.5,UPI,Verified
INV001569,2024-03-03,148568,sip,2584,Punjab,Chandigarh,T30,46-55,Male,50.1,Mandate,Verified
INV000828,2024-03-03,120843,sip,854,Maharashtra,Nashik,B30,26-35,Female,17.1,Cheque,Verified
INV003439,2024-03-03,125498,sip,17331,West Bengal,Kolkata,T30,18-25,Female,3.9,UPI,Verified
INV003903,2024-03-03,119598,sip,583,Karnataka,Mysore,B30,18-25,Female,6.6,Net Banking,Verified
INV000739,2024-03-03,148567,sip,9875,Uttar Pradesh,Agra,B30,46-55,Female,97.0,Mandate,Verified
INV000637,2024-03-03,119551,lumpsum,359934,Punjab,Chandigarh,T30,26-35,Male,13.9,UPI,Verified
INV000873,2024-03-03,118635,sip,2688,Uttar Pradesh,Lucknow,T30,26-35,Male,8.9,Cheque,Verified
INV001038,2024-03-03,125498,lumpsum,472193,West Bengal,Kolkata,T30,26-35,Male,24.4,Mandate,Verified
INV000372,2024-03-03,101207,sip,6869,Gujarat,Surat,T30,36-45,Male,12.4,UPI,Verified
INV001170,2024-03-03,119598,sip,14193,Karnataka,Mysore,B30,36-45,Male,34.6,Mandate,Verified
INV000097,2024-03-03,149323,lumpsum,189598,Karnataka,Mysore,B30,18-25,Male,6.0,UPI,Verified
INV001882,2024-03-03,100033,lumpsum,396256,Rajasthan,Udaipur,B30,26-35,Male,22.9,Net Banking,Verified
INV001407,2024-03-03,118632,redemption,139095,Rajasthan,Udaipur,B30,26-35,Female,22.2,UPI,Verified
INV002650,2024-03-03,102887,redemption,239667,Telangana,Hyderabad,T30,26-35,Male,13.7,Mandate,Verified
INV003095,2024-03-03,125497,sip,2217,Madhya Pradesh,Bhopal,B30,18-25,Male,5.1,UPI,Verified
INV002200,2024-03-03,102887,sip,3598,Madhya Pradesh,Indore,T30,26-35,Male,23.1,Net Banking,Verified
INV001276,2024-03-03,118632,redemption,227211,Rajasthan,Jaipur,T30,56+,Male,46.2,UPI,Verified
INV001943,2024-03-03,102887,lumpsum,532316,West Bengal,Kolkata,T30,56+,Female,28.3,Cheque,Verified
INV002543,2024-03-03,120843,redemption,301263,Madhya Pradesh,Indore,T30,18-25,Female,7.7,Net Banking,Pending
INV004146,2024-03-03,125497,sip,21625,Uttar Pradesh,Agra,B30,56+,Male,40.7,Mandate,Verified
INV004925,2024-03-03,120841,sip,3410,Maharashtra,Pune,T30,18-25,Female,5.4,Mandate,Verified
INV001926,2024-03-03,120842,lumpsum,251744,Uttar Pradesh,Agra,B30,46-55,Female,26.9,Cheque,Verified
INV000011,2024-03-03,102887,sip,59280,West Bengal,Kolkata,T30,26-35,Male,9.6,Cheque,Verified
INV000418,2024-03-03,101206,sip,6617,Rajasthan,Jaipur,T30,26-35,Female,13.6,UPI,Verified
INV004032,2024-03-03,119093,redemption,303093,West Bengal,Kolkata,T30,46-55,Male,55.5,Cheque,Verified
INV001784,2024-03-03,148568,lumpsum,251127,Madhya Pradesh,Bhopal,B30,26-35,Male,15.5,Cheque,Verified
INV001845,2024-03-03,102886,redemption,287683,Uttar Pradesh,Agra,B30,26-35,Female,14.8,Net Banking,Verified
INV004574,2024-03-03,102885,lumpsum,159707,Maharashtra,Mumbai,T30,36-45,Male,54.3,UPI,Verified
INV004220,2024-03-03,148568,lumpsum,152570,Uttar Pradesh,Agra,B30,26-35,Female,15.1,Cheque,Verified
INV004048,2024-03-03,120843,redemption,330391,Delhi,New Delhi,T30,26-35,Male,13.0,Cheque,Verified
INV002364,2024-03-03,100025,lumpsum,142557,Rajasthan,Jaipur,T30,46-55,Male,51.3,Net Banking,Verified
INV003904,2024-03-03,120504,redemption,310642,Karnataka,Bangalore,T30,46-55,Male,67.6,Net Banking,Verified
INV002905,2024-03-03,101208,sip,27143,Tamil Nadu,Chennai,T30,36-45,Female,32.4,UPI,Verified
INV000327,2024-03-03,101208,sip,531,Uttar Pradesh,Kanpur,B30,26-35,Male,9.2,UPI,Verified
INV004876,2024-03-03,118636,sip,551,Karnataka,Bangalore,T30,18-25,Male,7.1,UPI,Verified
INV004963,2024-03-03,149322,sip,6950,Delhi,Noida,T30,36-45,Female,59.6,Net Banking,Verified
INV003407,2024-03-03,148568,sip,2194,West Bengal,Kolkata,T30,26-35,Male,6.7,Mandate,Pending
INV002751,2024-03-03,119598,redemption,285955,Delhi,New Delhi,T30,36-45,Male,45.4,UPI,Verified
INV002951,2024-03-03,125498,sip,2955,Karnataka,Bangalore,T30,36-45,Male,58.6,Net Banking,Verified
INV000694,2024-03-03,125498,redemption,192133,Rajasthan,Jaipur,T30,46-55,Male,50.6,Mandate,Pending
INV002540,2024-03-03,120843,sip,5160,Uttar Pradesh,Agra,B30,26-35,Male,10.8,Cheque,Pending
INV000169,2024-03-03,118634,lumpsum,66489,Rajasthan,Jaipur,T30,26-35,Male,6.9,Net Banking,Verified
INV000314,2024-03-03,102885,sip,2079,West Bengal,Kolkata,T30,26-35,Male,20.5,Cheque,Verified
INV002348,2024-03-03,148568,lumpsum,399107,Uttar Pradesh,Agra,B30,26-35,Male,13.4,Mandate,Pending
INV003956,2024-03-03,119095,redemption,227662,Punjab,Amritsar,B30,36-45,Male,32.3,Net Banking,Verified
INV003214,2024-03-03,119598,lumpsum,533023,Punjab,Chandigarh,T30,36-45,Male,18.2,Net Banking,Verified
INV002249,2024-03-03,119599,sip,496,Karnataka,Bangalore,T30,36-45,Male,19.6,UPI,Verified
INV000315,2024-03-03,100025,sip,1189,Telangana,Hyderabad,T30,18-25,Male,3.2,Cheque,Verified
INV001295,2024-03-03,101208,sip,2256,Madhya Pradesh,Indore,T30,36-45,Male,30.8,UPI,Verified
INV003864,2024-03-03,119092,sip,2314,Gujarat,Ahmedabad,T30,36-45,Female,49.8,Mandate,Verified
INV001549,2024-03-03,149324,redemption,460166,Haryana,Gurugram,T30,36-45,Male,19.5,Cheque,Verified
INV004627,2024-03-03,120842,sip,11402,West Bengal,Kolkata,T30,36-45,Male,47.7,UPI,Verified
INV002138,2024-03-03,118635,redemption,163566,Karnataka,Bangalore,T30,46-55,Female,78.2,UPI,Verified
INV000683,2024-03-03,119120,lumpsum,169349,Maharashtra,Mumbai,T30,26-35,Female,17.4,Mandate,Verified
INV003970,2024-03-03,101206,redemption,382059,Telangana,Hyderabad,T30,18-25,Male,4.1,Net Banking,Verified
INV001831,2024-03-03,119599,sip,27569,Madhya Pradesh,Indore,T30,18-25,Female,4.3,Cheque,Verified
INV001605,2024-03-04,120844,lumpsum,381697,Uttar Pradesh,Kanpur,B30,26-35,Female,12.4,Net Banking,Verified
INV001603,2024-03-04,120506,sip,4860,Uttar Pradesh,Agra,B30,46-55,Female,53.9,UPI,Verified
INV000644,2024-03-04,118635,sip,7149,West Bengal,Kolkata,T30,26-35,Male,9.1,Mandate,Verified
INV003017,2024-03-04,100016,sip,3193,West Bengal,Kolkata,T30,56+,Male,75.3,Cheque,Verified
INV000668,2024-03-04,120841,redemption,41867,Telangana,Hyderabad,T30,18-25,Male,4.8,Mandate,Verified
INV004962,2024-03-04,118635,sip,11681,Uttar Pradesh,Agra,B30,18-25,Male,6.7,Net Banking,Verified
INV004443,2024-03-04,119094,sip,1887,Maharashtra,Nashik,B30,26-35,Female,13.0,Net Banking,Verified
INV001849,2024-03-04,120504,redemption,376901,Gujarat,Ahmedabad,T30,36-45,Female,49.3,UPI,Verified
INV002037,2024-03-04,120844,sip,2261,Delhi,New Delhi,T30,56+,Male,22.0,Cheque,Verified
INV001342,2024-03-04,149322,sip,50588,West Bengal,Kolkata,T30,26-35,Female,15.5,Net Banking,Pending
INV001055,2024-03-04,125497,lumpsum,59484,Haryana,Gurugram,T30,26-35,Female,17.6,Net Banking,Verified
INV002418,2024-03-04,125498,redemption,283870,Haryana,Faridabad,B30,36-45,Male,34.0,Mandate,Verified
INV003901,2024-03-04,119598,redemption,42491,Delhi,Gurugram,T30,46-55,Male,45.4,Mandate,Verified
INV002287,2024-03-04,101207,sip,6152,Madhya Pradesh,Bhopal,B30,46-55,Male,64.1,Net Banking,Verified
INV000259,2024-03-04,119094,sip,996,Tamil Nadu,Coimbatore,B30,36-45,Male,17.2,Cheque,Verified
INV000856,2024-03-04,119552,redemption,206193,Madhya Pradesh,Indore,T30,26-35,Male,24.8,Cheque,Verified
INV002090,2024-03-04,120505,redemption,255570,Maharashtra,Mumbai,T30,26-35,Male,23.7,Net Banking,Verified
INV004116,2024-03-04,119094,sip,5657,Gujarat,Ahmedabad,T30,36-45,Male,59.4,UPI,Verified
INV004134,2024-03-04,120843,lumpsum,42451,West Bengal,Kolkata,T30,36-45,Male,24.4,Mandate,Verified
INV004860,2024-03-04,118636,sip,2086,Punjab,Amritsar,B30,46-55,Male,47.7,Mandate,Verified
INV002111,2024-03-04,149322,sip,2179,Telangana,Hyderabad,T30,36-45,Female,29.2,Cheque,Pending
INV003438,2024-03-04,101208,sip,6042,Delhi,Noida,T30,26-35,Female,19.6,UPI,Verified
INV003755,2024-03-04,118635,lumpsum,538480,Punjab,Chandigarh,T30,46-55,Male,42.7,UPI,Verified
INV001346,2024-03-04,120507,sip,508,Gujarat,Surat,T30,18-25,Male,5.7,Net Banking,Verified
INV000572,2024-03-04,102885,sip,2576,Gujarat,Surat,T30,36-45,Female,28.9,Mandate,Verified
INV004162,2024-03-04,119095,sip,7599,Haryana,Faridabad,B30,18-25,Male,5.1,Cheque,Verified
INV000573,2024-03-04,119552,sip,43675,Madhya Pradesh,Bhopal,B30,56+,Female,38.5,Cheque,Verified
INV004534,2024-03-04,119598,lumpsum,285242,Maharashtra,Nashik,B30,26-35,Male,8.8,Cheque,Verified
INV000215,2024-03-04,125498,sip,822,Maharashtra,Nashik,B30,26-35,Female,18.3,Mandate,Verified
INV001735,2024-03-04,100033,sip,577,Maharashtra,Pune,T30,56+,Male,41.9,UPI,Verified
INV003426,2024-03-04,100016,sip,1115,Karnataka,Bangalore,T30,46-55,Male,27.8,Cheque,Verified
INV004860,2024-03-04,118632,lumpsum,95145,Punjab,Amritsar,B30,46-55,Male,47.7,Mandate,Verified
INV001456,2024-03-04,125498,sip,4326,Punjab,Chandigarh,T30,36-45,Male,36.3,Mandate,Verified
INV004271,2024-03-04,100016,redemption,237981,Maharashtra,Mumbai,T30,18-25,Male,3.2,Cheque,Verified
INV002037,2024-03-04,118634,sip,48735,Delhi,New Delhi,T30,56+,Male,22.0,Cheque,Verified
INV003372,2024-03-04,100033,sip,3289,Karnataka,Mysore,B30,36-45,Female,38.1,UPI,Verified
INV000752,2024-03-04,120844,sip,15019,Punjab,Chandigarh,T30,46-55,Male,32.7,Mandate,Verified
INV001811,2024-03-04,119552,sip,22928,Punjab,Amritsar,B30,18-25,Male,7.8,Net Banking,Verified
INV004996,2024-03-04,119552,sip,49177,Delhi,New Delhi,T30,46-55,Male,87.8,UPI,Verified
INV002779,2024-03-04,101207,lumpsum,534856,Uttar Pradesh,Lucknow,T30,26-35,Male,10.4,Cheque,Verified
INV003235,2024-03-04,148567,redemption,346620,Haryana,Faridabad,B30,56+,Male,19.0,Cheque,Verified
INV001674,2024-03-04,119598,lumpsum,367102,Delhi,Noida,T30,26-35,Male,12.0,Cheque,Pending
INV001210,2024-03-04,120842,sip,2041,Uttar Pradesh,Agra,B30,36-45,Male,25.5,Cheque,Verified
INV003573,2024-03-04,149323,sip,28343,Gujarat,Surat,T30,36-45,Male,51.8,Mandate,Verified
INV001210,2024-03-04,120844,sip,2425,Uttar Pradesh,Agra,B30,36-45,Male,25.5,UPI,Verified
INV001219,2024-03-04,102886,sip,26510,West Bengal,Kolkata,T30,26-35,Male,18.4,Net Banking,Verified
INV004449,2024-03-04,118636,sip,2695,Maharashtra,Pune,T30,36-45,Male,16.6,Mandate,Verified
INV000460,2024-03-04,148569,sip,2506,Delhi,Noida,T30,36-45,Male,47.1,UPI,Verified
INV003766,2024-03-04,119093,sip,2783,West Bengal,Kolkata,T30,36-45,Male,52.3,Net Banking,Verified
INV001521,2024-03-04,120843,sip,2385,Haryana,Faridabad,B30,18-25,Male,4.9,Net Banking,Pending
INV004869,2024-03-04,120503,redemption,393032,West Bengal,Kolkata,T30,26-35,Male,9.7,UPI,Verified
INV004456,2024-03-04,118636,sip,452,West Bengal,Kolkata,T30,26-35,Female,7.0,Cheque,Verified
INV004669,2024-03-04,118635,lumpsum,333774,Punjab,Chandigarh,T30,26-35,Male,8.6,Net Banking,Pending
INV001034,2024-03-04,118636,sip,44384,Maharashtra,Pune,T30,26-35,Male,20.4,Net Banking,Verified
INV001449,2024-03-05,149324,sip,8203,Gujarat,Ahmedabad,T30,36-45,Male,45.2,Mandate,Verified
INV003204,2024-03-05,102886,redemption,304613,West Bengal,Kolkata,T30,18-25,Male,6.7,Mandate,Verified
INV001510,2024-03-05,120841,sip,4902,Gujarat,Surat,T30,26-35,Male,15.4,Mandate,Verified
INV000650,2024-03-05,148567,sip,12481,Karnataka,Mysore,B30,26-35,Male,22.8,Net Banking,Verified
INV002989,2024-03-05,118634,sip,8924,Haryana,Faridabad,B30,46-55,Male,16.3,Net Banking,Verified
INV002360,2024-03-05,119094,sip,28563,Maharashtra,Mumbai,T30,26-35,Male,11.6,Mandate,Verified
INV000434,2024-03-05,119093,sip,2353,Gujarat,Surat,T30,46-55,Male,28.1,Mandate,Verified
INV002989,2024-03-05,118632,redemption,270272,Haryana,Faridabad,B30,46-55,Male,16.3,Net Banking,Verified
INV002718,2024-03-05,119552,redemption,408296,Telangana,Hyderabad,T30,36-45,Male,15.6,UPI,Verified
INV003781,2024-03-05,118635,redemption,443034,Tamil Nadu,Coimbatore,B30,26-35,Male,15.8,Net Banking,Pending
INV001972,2024-03-05,101207,redemption,140114,Uttar Pradesh,Kanpur,B30,18-25,Male,4.6,Net Banking,Verified
INV001560,2024-03-05,120843,lumpsum,278483,Punjab,Amritsar,B30,26-35,Male,22.5,Cheque,Verified
INV001356,2024-03-05,148567,sip,1097,Gujarat,Ahmedabad,T30,26-35,Male,19.7,UPI,Verified
INV000777,2024-03-05,119599,sip,404,Uttar Pradesh,Lucknow,T30,26-35,Male,15.7,Net Banking,Verified
INV004711,2024-03-05,120843,sip,2691,Rajasthan,Udaipur,B30,56+,Male,70.9,Net Banking,Verified
INV001687,2024-03-05,119599,sip,8786,West Bengal,Kolkata,T30,26-35,Male,7.6,Mandate,Verified
INV004864,2024-03-05,100033,sip,24606,Punjab,Amritsar,B30,26-35,Female,10.5,Net Banking,Verified
INV000811,2024-03-05,100016,lumpsum,77179,Haryana,Faridabad,B30,36-45,Female,34.5,Mandate,Verified
INV004861,2024-03-05,120844,sip,906,Telangana,Hyderabad,T30,18-25,Male,3.6,Cheque,Verified
INV000280,2024-03-05,119552,sip,59301,Punjab,Amritsar,B30,26-35,Female,22.9,Cheque,Verified
INV001696,2024-03-05,102885,sip,5101,West Bengal,Kolkata,T30,56+,Female,55.8,UPI,Verified
INV000969,2024-03-05,118635,redemption,295677,Uttar Pradesh,Lucknow,T30,18-25,Male,6.2,Cheque,Verified
INV002071,2024-03-05,102886,redemption,259194,Punjab,Chandigarh,T30,56+,Male,61.1,Cheque,Verified
INV001476,2024-03-05,118634,redemption,310212,Rajasthan,Jaipur,T30,36-45,Male,38.1,Net Banking,Verified
INV003462,2024-03-05,148568,sip,40631,Rajasthan,Jaipur,T30,26-35,Female,24.3,Cheque,Verified
INV001228,2024-03-05,120506,redemption,92775,Karnataka,Bangalore,T30,36-45,Female,29.8,Net Banking,Verified
INV000255,2024-03-05,118633,sip,1651,Haryana,Gurugram,T30,26-35,Female,19.9,Cheque,Verified
INV003417,2024-03-05,120842,sip,2384,Karnataka,Mysore,B30,26-35,Male,17.6,Cheque,Verified
INV001480,2024-03-05,125497,sip,956,West Bengal,Kolkata,T30,18-25,Male,3.1,Mandate,Verified
INV003444,2024-03-05,101207,sip,3485,Telangana,Hyderabad,T30,36-45,Female,41.4,Cheque,Verified
INV004814,2024-03-05,120507,sip,17904,Karnataka,Bangalore,T30,18-25,Female,7.8,Net Banking,Verified
INV000890,2024-03-05,101206,redemption,166186,Karnataka,Bangalore,T30,26-35,Male,13.5,UPI,Verified
INV003813,2024-03-05,101208,sip,26266,Rajasthan,Udaipur,B30,36-45,Male,23.6,Cheque,Verified
INV002224,2024-03-05,120507,sip,2015,Rajasthan,Udaipur,B30,26-35,Male,21.4,UPI,Verified
INV001496,2024-03-05,101207,lumpsum,544906,West Bengal,Kolkata,T30,18-25,Male,4.5,Cheque,Verified
INV004891,2024-03-05,101207,sip,3143,Telangana,Hyderabad,T30,46-55,Female,83.5,Mandate,Verified
INV000410,2024-03-05,118634,sip,2164,Rajasthan,Jaipur,T30,18-25,Female,5.3,Mandate,Verified
INV002195,2024-03-05,100025,sip,8189,Telangana,Hyderabad,T30,26-35,Male,24.5,Net Banking,Verified
INV003336,2024-03-05,118636,sip,5121,Punjab,Amritsar,B30,46-55,Female,45.8,Cheque,Verified
INV003882,2024-03-05,119552,sip,1944,Maharashtra,Nashik,B30,36-45,Male,51.6,Mandate,Verified
INV002277,2024-03-05,102887,sip,8525,Haryana,Gurugram,T30,26-35,Female,10.3,Net Banking,Verified
INV004342,2024-03-05,120504,lumpsum,414680,Tamil Nadu,Coimbatore,B30,46-55,Female,22.1,UPI,Verified
INV003972,2024-03-05,148567,sip,26801,Uttar Pradesh,Agra,B30,26-35,Male,10.2,UPI,Verified
INV004643,2024-03-05,118636,sip,2796,Delhi,Noida,T30,26-35,Female,12.4,UPI,Verified
INV001636,2024-03-05,118633,sip,2109,Rajasthan,Udaipur,B30,18-25,Male,6.0,Net Banking,Verified
INV003670,2024-03-05,120506,sip,1012,Punjab,Chandigarh,T30,36-45,Male,38.4,Cheque,Verified
INV001500,2024-03-05,119599,sip,591,Maharashtra,Pune,T30,26-35,Female,6.5,Net Banking,Verified
INV001644,2024-03-05,120844,lumpsum,78327,Madhya Pradesh,Bhopal,B30,18-25,Female,6.7,UPI,Verified
INV001208,2024-03-05,118636,lumpsum,246807,Gujarat,Ahmedabad,T30,56+,Male,18.7,UPI,Verified
INV001210,2024-03-05,118632,redemption,504784,Uttar Pradesh,Agra,B30,36-45,Male,25.5,Cheque,Verified
INV004908,2024-03-05,120506,sip,15427,Rajasthan,Jaipur,T30,18-25,Male,6.1,Mandate,Verified
INV002758,2024-03-05,118634,redemption,344346,Delhi,Gurugram,T30,26-35,Male,7.3,UPI,Verified
INV001422,2024-03-05,120842,sip,910,Punjab,Amritsar,B30,36-45,Male,38.6,Cheque,Pending
INV000105,2024-03-05,118634,sip,6831,Punjab,Chandigarh,T30,56+,Male,41.4,Mandate,Verified
INV002155,2024-03-05,119093,lumpsum,313049,Telangana,Hyderabad,T30,56+,Male,26.2,Mandate,Verified
INV004040,2024-03-05,119552,redemption,64400,Gujarat,Ahmedabad,T30,36-45,Male,54.3,Cheque,Verified
INV000062,2024-03-05,102885,sip,7322,Haryana,Faridabad,B30,46-55,Male,22.9,Mandate,Verified
INV000609,2024-03-05,102887,lumpsum,173643,Tamil Nadu,Coimbatore,B30,18-25,Male,3.9,Cheque,Verified
INV004204,2024-03-05,120503,lumpsum,201776,Tamil Nadu,Chennai,T30,36-45,Male,51.7,UPI,Verified
INV002696,2024-03-05,100033,sip,22007,Punjab,Amritsar,B30,18-25,Male,7.1,Cheque,Verified
INV001885,2024-03-05,148569,sip,2641,Karnataka,Bangalore,T30,26-35,Male,18.8,Cheque,Pending
INV001519,2024-03-05,101207,sip,10717,Gujarat,Ahmedabad,T30,46-55,Female,38.8,UPI,Verified
INV004483,2024-03-05,101207,sip,1758,Tamil Nadu,Chennai,T30,46-55,Female,72.3,Cheque,Verified
INV002506,2024-03-05,102886,sip,1053,Karnataka,Bangalore,T30,18-25,Female,3.2,Net Banking,Verified
INV002501,2024-03-05,119094,redemption,169066,Gujarat,Ahmedabad,T30,26-35,Female,24.8,UPI,Verified
INV003844,2024-03-06,125498,sip,9312,Maharashtra,Nashik,B30,26-35,Female,15.9,UPI,Verified
INV000499,2024-03-06,119599,sip,22230,Delhi,New Delhi,T30,36-45,Female,59.5,UPI,Verified
INV001746,2024-03-06,119092,sip,8411,Rajasthan,Udaipur,B30,26-35,Male,11.2,Net Banking,Verified
INV003724,2024-03-06,125497,sip,805,Punjab,Amritsar,B30,56+,Male,52.5,Mandate,Verified
INV000652,2024-03-06,101208,lumpsum,461128,Delhi,Gurugram,T30,26-35,Male,8.0,Net Banking,Verified
INV002219,2024-03-06,149324,sip,1115,Karnataka,Mysore,B30,26-35,Male,6.9,UPI,Verified
INV000129,2024-03-06,102887,sip,23158,Punjab,Amritsar,B30,26-35,Female,21.4,Mandate,Verified
INV004287,2024-03-06,102886,lumpsum,25338,Gujarat,Surat,T30,26-35,Female,18.1,Net Banking,Verified
INV004076,2024-03-06,120507,sip,5279,Madhya Pradesh,Indore,T30,26-35,Male,15.7,Cheque,Verified
INV002884,2024-03-06,148569,lumpsum,91530,West Bengal,Kolkata,T30,18-25,Male,7.3,Mandate,Verified
INV004607,2024-03-06,118636,sip,17184,Telangana,Hyderabad,T30,26-35,Female,7.0,Cheque,Verified
INV002585,2024-03-06,100025,lumpsum,459087,Uttar Pradesh,Lucknow,T30,18-25,Male,3.2,Net Banking,Verified
INV004847,2024-03-06,120842,sip,10238,Maharashtra,Pune,T30,26-35,Female,7.0,Mandate,Verified
INV001331,2024-03-06,100016,sip,2343,Gujarat,Ahmedabad,T30,26-35,Male,17.5,Net Banking,Verified
INV004415,2024-03-06,148569,sip,2674,Tamil Nadu,Chennai,T30,26-35,Male,6.3,Mandate,Verified
INV000369,2024-03-06,120504,sip,1613,Delhi,Gurugram,T30,26-35,Male,20.7,UPI,Verified
INV001928,2024-03-06,101206,redemption,342394,Telangana,Hyderabad,T30,46-55,Female,29.2,Net Banking,Verified
INV000259,2024-03-06,119599,lumpsum,323331,Tamil Nadu,Coimbatore,B30,36-45,Male,17.2,UPI,Verified
INV002379,2024-03-06,120507,sip,4954,Madhya Pradesh,Bhopal,B30,26-35,Male,15.6,Cheque,Verified
INV001614,2024-03-06,119093,lumpsum,216677,Punjab,Amritsar,B30,18-25,Male,4.6,Mandate,Verified
INV003763,2024-03-06,102887,redemption,35558,Haryana,Faridabad,B30,26-35,Female,19.1,Mandate,Verified
INV001831,2024-03-06,119095,lumpsum,400680,Madhya Pradesh,Indore,T30,18-25,Female,4.3,Cheque,Verified
INV003909,2024-03-06,120841,lumpsum,551189,Haryana,Gurugram,T30,46-55,Male,29.1,Mandate,Verified
INV000736,2024-03-06,100033,sip,2194,Haryana,Faridabad,B30,36-45,Female,39.4,Net Banking,Verified
INV000344,2024-03-06,149323,lumpsum,243426,Madhya Pradesh,Bhopal,B30,36-45,Male,56.7,Cheque,Verified
INV001400,2024-03-06,120503,lumpsum,86342,Tamil Nadu,Coimbatore,B30,36-45,Male,36.5,Net Banking,Verified
INV003134,2024-03-06,125498,sip,2984,Telangana,Hyderabad,T30,36-45,Female,41.3,Net Banking,Verified
INV000893,2024-03-06,100025,lumpsum,226089,Punjab,Chandigarh,T30,46-55,Male,35.3,Mandate,Verified
INV001662,2024-03-06,118632,lumpsum,319464,Delhi,Gurugram,T30,36-45,Male,45.6,Mandate,Pending
INV000011,2024-03-06,118633,sip,7578,West Bengal,Kolkata,T30,26-35,Male,9.6,Cheque,Verified
INV002242,2024-03-06,118636,sip,22430,Gujarat,Ahmedabad,T30,26-35,Male,22.2,Mandate,Verified
INV000316,2024-03-06,119093,sip,1663,Karnataka,Bangalore,T30,46-55,Female,39.5,Net Banking,Verified
INV003794,2024-03-06,118636,lumpsum,327499,Gujarat,Ahmedabad,T30,26-35,Male,22.1,Cheque,Verified
INV000578,2024-03-06,148568,redemption,398327,Maharashtra,Nashik,B30,26-35,Male,10.9,Mandate,Verified
INV003832,2024-03-06,119599,sip,4223,Karnataka,Mysore,B30,46-55,Male,34.4,Cheque,Verified
INV000162,2024-03-06,119095,sip,1679,Haryana,Gurugram,T30,26-35,Female,25.0,Net Banking,Verified
INV004972,2024-03-06,118635,sip,8783,Uttar Pradesh,Lucknow,T30,18-25,Male,4.0,Cheque,Verified
INV000704,2024-03-06,119120,sip,2918,Gujarat,Ahmedabad,T30,18-25,Male,4.5,UPI,Verified
INV002574,2024-03-06,120507,lumpsum,57666,Maharashtra,Nashik,B30,26-35,Male,11.1,Mandate,Verified
INV001733,2024-03-06,148567,lumpsum,45430,Tamil Nadu,Coimbatore,B30,36-45,Female,29.5,UPI,Verified
INV001902,2024-03-06,148568,lumpsum,356121,Punjab,Chandigarh,T30,46-55,Female,22.2,Mandate,Verified
INV002825,2024-03-06,149322,sip,4790,Delhi,New Delhi,T30,36-45,Male,52.4,Mandate,Verified
INV001245,2024-03-06,119095,sip,16991,Haryana,Faridabad,B30,46-55,Female,44.0,UPI,Pending
INV003124,2024-03-06,120844,lumpsum,164732,West Bengal,Kolkata,T30,36-45,Male,28.8,Net Banking,Verified
INV003693,2024-03-06,125497,sip,7232,Madhya Pradesh,Bhopal,B30,36-45,Male,25.2,Net Banking,Verified
INV002270,2024-03-06,125498,sip,46513,Madhya Pradesh,Indore,T30,46-55,Female,23.9,UPI,Verified
INV003515,2024-03-06,120841,sip,2460,West Bengal,Kolkata,T30,26-35,Male,16.3,Mandate,Verified
INV000450,2024-03-06,102885,sip,21149,West Bengal,Kolkata,T30,26-35,Female,18.4,Cheque,Verified
INV000631,2024-03-06,149322,sip,8003,Delhi,Noida,T30,36-45,Female,48.6,UPI,Verified
INV000991,2024-03-06,118635,sip,15888,Madhya Pradesh,Bhopal,B30,46-55,Male,59.1,Cheque,Verified
INV002195,2024-03-06,120841,sip,14739,Telangana,Hyderabad,T30,26-35,Male,24.5,Mandate,Verified
INV004288,2024-03-06,148568,sip,8545,Punjab,Amritsar,B30,18-25,Female,6.1,Mandate,Verified
INV001274,2024-03-06,100033,sip,2786,Maharashtra,Mumbai,T30,36-45,Female,55.7,Cheque,Verified
INV002588,2024-03-06,148568,lumpsum,522599,West Bengal,Kolkata,T30,18-25,Male,5.5,Mandate,Verified
INV004489,2024-03-06,148568,sip,13678,Haryana,Faridabad,B30,26-35,Male,15.2,UPI,Verified
INV004896,2024-03-06,120505,sip,902,Uttar Pradesh,Agra,B30,18-25,Female,3.5,Cheque,Pending
INV003425,2024-03-06,100016,sip,1841,Gujarat,Surat,T30,26-35,Female,14.5,Net Banking,Verified
INV002319,2024-03-06,101206,redemption,10497,Karnataka,Mysore,B30,26-35,Male,8.7,Mandate,Verified
INV001174,2024-03-06,148568,lumpsum,217941,Maharashtra,Nashik,B30,36-45,Male,12.7,UPI,Verified
INV000359,2024-03-06,118634,sip,2857,Tamil Nadu,Chennai,T30,18-25,Male,3.1,Net Banking,Verified
INV002761,2024-03-06,120505,sip,2328,Rajasthan,Jaipur,T30,26-35,Male,14.9,Net Banking,Verified
INV001337,2024-03-06,119120,sip,2109,Tamil Nadu,Chennai,T30,26-35,Male,10.0,UPI,Verified
INV004377,2024-03-06,120507,sip,2039,Haryana,Faridabad,B30,18-25,Male,6.1,Mandate,Verified
INV000575,2024-03-06,101208,redemption,349238,Punjab,Amritsar,B30,26-35,Female,16.4,Net Banking,Verified
INV000758,2024-03-06,148568,redemption,88234,Delhi,New Delhi,T30,56+,Male,61.5,Cheque,Verified
INV004268,2024-03-06,100025,lumpsum,206751,Delhi,Gurugram,T30,26-35,Female,10.1,Net Banking,Verified
INV002475,2024-03-06,120507,sip,13470,Delhi,New Delhi,T30,26-35,Male,14.4,UPI,Verified
INV000505,2024-03-06,120505,sip,967,Rajasthan,Jaipur,T30,36-45,Male,40.9,UPI,Verified
INV003537,2024-03-06,149323,lumpsum,44751,Punjab,Amritsar,B30,18-25,Male,3.7,Cheque,Verified
INV004336,2024-03-06,120844,sip,42432,West Bengal,Kolkata,T30,46-55,Female,35.0,Mandate,Verified
INV000726,2024-03-07,119598,lumpsum,97513,Punjab,Chandigarh,T30,26-35,Male,21.1,Net Banking,Verified
INV004635,2024-03-07,119092,sip,2371,Punjab,Chandigarh,T30,18-25,Male,4.4,Mandate,Verified
INV000527,2024-03-07,148569,lumpsum,417377,Telangana,Hyderabad,T30,26-35,Male,12.1,Cheque,Verified
INV000636,2024-03-07,100025,lumpsum,136286,Delhi,Noida,T30,46-55,Male,79.6,Mandate,Verified
INV001290,2024-03-07,125498,sip,2957,Tamil Nadu,Chennai,T30,36-45,Female,26.4,UPI,Verified
INV003045,2024-03-07,120506,sip,16435,Telangana,Hyderabad,T30,26-35,Male,12.2,UPI,Verified
INV003146,2024-03-07,119094,lumpsum,56233,Rajasthan,Udaipur,B30,26-35,Male,20.2,Cheque,Verified
INV002476,2024-03-07,120505,sip,14078,Telangana,Hyderabad,T30,36-45,Female,58.6,Net Banking,Verified
INV003239,2024-03-07,118633,sip,11749,Uttar Pradesh,Agra,B30,56+,Female,48.3,Mandate,Verified
INV000445,2024-03-07,120506,sip,941,Madhya Pradesh,Bhopal,B30,26-35,Female,24.7,Mandate,Verified
INV001280,2024-03-07,118635,sip,2339,Rajasthan,Jaipur,T30,18-25,Male,4.7,Net Banking,Verified
INV003044,2024-03-07,119599,sip,2334,West Bengal,Kolkata,T30,18-25,Female,3.2,Net Banking,Verified
INV000776,2024-03-07,125497,sip,3077,Rajasthan,Jaipur,T30,26-35,Male,12.4,UPI,Verified
INV002848,2024-03-07,101208,sip,3539,West Bengal,Kolkata,T30,46-55,Male,70.2,Cheque,Verified
INV003037,2024-03-07,120504,sip,2923,Telangana,Hyderabad,T30,18-25,Female,7.6,Net Banking,Pending
INV002601,2024-03-07,118634,redemption,426492,Tamil Nadu,Coimbatore,B30,36-45,Female,34.1,Net Banking,Verified
INV003160,2024-03-07,120844,sip,3529,Delhi,Gurugram,T30,26-35,Male,24.9,Cheque,Verified
INV000556,2024-03-07,120507,sip,9402,Rajasthan,Udaipur,B30,18-25,Male,7.2,UPI,Verified
INV003962,2024-03-07,125497,sip,2138,Haryana,Gurugram,T30,26-35,Male,20.4,Cheque,Verified
INV002400,2024-03-07,120844,sip,2768,Punjab,Chandigarh,T30,36-45,Male,15.5,Cheque,Verified
INV004038,2024-03-07,119094,sip,44178,Gujarat,Surat,T30,26-35,Female,24.6,Net Banking,Verified
INV000963,2024-03-07,119095,lumpsum,472961,Punjab,Chandigarh,T30,18-25,Male,4.9,UPI,Verified
INV002252,2024-03-07,120841,lumpsum,379542,Maharashtra,Pune,T30,36-45,Female,46.4,UPI,Verified
INV002651,2024-03-07,120842,sip,522,Haryana,Faridabad,B30,26-35,Male,12.5,UPI,Verified
INV004473,2024-03-07,101207,sip,2759,Karnataka,Mysore,B30,18-25,Male,5.6,Net Banking,Verified
INV000387,2024-03-07,119598,sip,2590,Gujarat,Surat,T30,36-45,Male,53.8,Cheque,Verified
INV002392,2024-03-07,120842,lumpsum,255465,Madhya Pradesh,Indore,T30,56+,Female,68.4,UPI,Verified
INV004826,2024-03-07,120842,lumpsum,449780,Tamil Nadu,Coimbatore,B30,26-35,Male,14.7,Mandate,Pending
INV000158,2024-03-07,102885,sip,5743,Madhya Pradesh,Bhopal,B30,36-45,Male,26.1,Mandate,Verified
INV003448,2024-03-07,148568,redemption,5644,Rajasthan,Udaipur,B30,26-35,Male,16.4,Net Banking,Verified
INV000321,2024-03-07,101208,lumpsum,299947,Maharashtra,Mumbai,T30,26-35,Male,24.2,Net Banking,Verified
INV004912,2024-03-07,119093,sip,6307,West Bengal,Kolkata,T30,18-25,Male,6.4,UPI,Verified
INV004515,2024-03-07,125497,lumpsum,87581,Rajasthan,Udaipur,B30,18-25,Female,5.2,Net Banking,Verified
INV001532,2024-03-07,120841,sip,5605,Madhya Pradesh,Bhopal,B30,36-45,Female,39.5,Net Banking,Verified
INV000811,2024-03-07,119599,lumpsum,407063,Haryana,Faridabad,B30,36-45,Female,34.5,Mandate,Verified
INV001115,2024-03-07,119552,sip,2492,Uttar Pradesh,Kanpur,B30,26-35,Male,20.7,Mandate,Verified
INV000215,2024-03-07,119093,sip,53392,Maharashtra,Nashik,B30,26-35,Female,18.3,Net Banking,Verified
INV003867,2024-03-07,120841,sip,951,Punjab,Amritsar,B30,18-25,Male,4.4,Net Banking,Verified
INV001346,2024-03-07,101206,sip,2750,Gujarat,Surat,T30,18-25,Male,5.7,Cheque,Verified
INV004563,2024-03-07,120842,lumpsum,429729,Gujarat,Surat,T30,46-55,Female,32.2,UPI,Verified
INV003975,2024-03-07,119599,lumpsum,376276,Gujarat,Ahmedabad,T30,36-45,Male,26.2,Net Banking,Verified
INV002905,2024-03-07,119092,lumpsum,196404,Tamil Nadu,Chennai,T30,36-45,Female,32.4,Cheque,Verified
INV000269,2024-03-07,119552,lumpsum,269590,Punjab,Amritsar,B30,46-55,Male,47.3,Cheque,Verified
INV004513,2024-03-07,119094,redemption,183288,Karnataka,Mysore,B30,36-45,Female,16.9,UPI,Verified
INV000092,2024-03-07,119092,lumpsum,390937,Haryana,Gurugram,T30,18-25,Female,3.7,Mandate,Verified
INV002931,2024-03-07,120503,sip,29042,Tamil Nadu,Coimbatore,B30,56+,Female,32.4,Net Banking,Pending
INV003478,2024-03-07,148568,redemption,250937,Punjab,Chandigarh,T30,26-35,Male,21.2,Net Banking,Verified
INV000595,2024-03-07,120842,sip,2306,Gujarat,Surat,T30,18-25,Male,7.6,Cheque,Pending
INV002620,2024-03-07,102885,sip,4793,Maharashtra,Nashik,B30,46-55,Female,88.5,Mandate,Verified
INV000317,2024-03-07,102887,redemption,302382,West Bengal,Kolkata,T30,36-45,Male,50.2,Net Banking,Verified
INV003526,2024-03-07,120504,sip,1180,Maharashtra,Nashik,B30,36-45,Male,24.2,Cheque,Verified
INV003643,2024-03-07,119093,sip,25045,Telangana,Hyderabad,T30,36-45,Male,48.4,Net Banking,Verified
INV004827,2024-03-07,148568,lumpsum,69410,Uttar Pradesh,Kanpur,B30,56+,Female,43.7,Net Banking,Verified
INV002915,2024-03-07,101208,sip,10702,West Bengal,Kolkata,T30,18-25,Male,7.7,Net Banking,Verified
INV001753,2024-03-07,119598,sip,13222,Rajasthan,Jaipur,T30,26-35,Male,10.0,Cheque,Verified
INV001348,2024-03-07,149324,sip,1776,Haryana,Gurugram,T30,26-35,Female,8.6,Cheque,Verified
INV001225,2024-03-07,119120,sip,58227,Karnataka,Mysore,B30,26-35,Male,16.5,Mandate,Verified
INV004950,2024-03-07,148568,sip,27763,Madhya Pradesh,Indore,T30,26-35,Male,9.8,Cheque,Verified
INV002969,2024-03-07,149324,lumpsum,282181,Karnataka,Bangalore,T30,26-35,Male,15.4,Net Banking,Verified
INV004120,2024-03-07,102887,lumpsum,195572,Telangana,Hyderabad,T30,18-25,Male,7.2,Net Banking,Verified
INV001842,2024-03-07,120842,sip,2611,Gujarat,Surat,T30,26-35,Male,14.4,Cheque,Verified
INV002245,2024-03-07,120507,sip,3048,Karnataka,Mysore,B30,26-35,Female,24.6,Cheque,Verified
INV000735,2024-03-07,120841,redemption,266553,Maharashtra,Pune,T30,36-45,Male,57.7,UPI,Verified
INV000507,2024-03-07,100016,sip,14554,Gujarat,Ahmedabad,T30,36-45,Male,44.1,Mandate,Verified
INV003070,2024-03-08,119599,sip,14040,West Bengal,Kolkata,T30,26-35,Male,23.7,UPI,Verified
INV002372,2024-03-08,149322,lumpsum,28284,Maharashtra,Pune,T30,36-45,Female,28.6,UPI,Verified
INV001683,2024-03-08,125498,sip,45167,Haryana,Gurugram,T30,26-35,Male,8.7,UPI,Verified
INV000276,2024-03-08,118636,sip,2098,Telangana,Hyderabad,T30,36-45,Female,38.3,Mandate,Pending
INV004068,2024-03-08,120841,sip,5056,West Bengal,Kolkata,T30,46-55,Male,63.0,Mandate,Verified
INV001806,2024-03-08,120506,sip,2567,Telangana,Hyderabad,T30,36-45,Male,32.6,Mandate,Verified
INV000865,2024-03-08,149323,redemption,290730,Tamil Nadu,Coimbatore,B30,26-35,Male,24.2,UPI,Verified
INV000279,2024-03-08,119598,sip,6574,Gujarat,Ahmedabad,T30,26-35,Male,12.4,UPI,Verified
INV003395,2024-03-08,102886,sip,2704,Gujarat,Ahmedabad,T30,36-45,Male,39.2,Net Banking,Verified
INV003782,2024-03-08,119092,lumpsum,432219,Tamil Nadu,Chennai,T30,36-45,Male,44.5,UPI,Pending
INV003876,2024-03-08,120507,sip,2650,Rajasthan,Udaipur,B30,18-25,Male,5.6,Net Banking,Verified
INV003675,2024-03-08,148568,sip,9280,West Bengal,Kolkata,T30,56+,Male,63.9,Cheque,Verified
INV003916,2024-03-08,118634,sip,9677,Karnataka,Mysore,B30,26-35,Male,23.6,Mandate,Verified
INV000255,2024-03-08,100016,sip,5396,Haryana,Gurugram,T30,26-35,Female,19.9,Mandate,Verified
INV000275,2024-03-08,120503,redemption,157309,Karnataka,Mysore,B30,26-35,Male,10.2,Net Banking,Verified
INV003672,2024-03-08,102886,sip,534,Uttar Pradesh,Agra,B30,36-45,Male,32.5,Mandate,Verified
INV003986,2024-03-08,118632,sip,2866,Telangana,Hyderabad,T30,36-45,Male,44.2,Net Banking,Verified
INV001135,2024-03-08,148567,redemption,509344,Haryana,Faridabad,B30,36-45,Male,35.9,Net Banking,Verified
INV004376,2024-03-08,102887,redemption,185168,West Bengal,Kolkata,T30,46-55,Female,92.6,Net Banking,Verified
INV001189,2024-03-08,119598,sip,2225,Maharashtra,Nashik,B30,56+,Male,70.1,Net Banking,Verified
INV002075,2024-03-08,120506,sip,838,Uttar Pradesh,Lucknow,T30,36-45,Female,34.4,UPI,Verified
INV004525,2024-03-08,101206,sip,10663,Haryana,Gurugram,T30,26-35,Male,11.4,Cheque,Verified
INV003529,2024-03-08,101207,sip,2102,Tamil Nadu,Chennai,T30,36-45,Female,36.6,Net Banking,Verified
INV004594,2024-03-08,101206,sip,3130,Haryana,Gurugram,T30,26-35,Female,9.8,Net Banking,Verified
INV002275,2024-03-08,118636,lumpsum,69439,Maharashtra,Mumbai,T30,18-25,Male,7.1,Mandate,Verified
INV003394,2024-03-08,149322,redemption,289226,West Bengal,Kolkata,T30,26-35,Male,14.6,UPI,Verified
INV000837,2024-03-08,120505,lumpsum,371684,Telangana,Hyderabad,T30,56+,Male,9.8,Net Banking,Verified
INV000250,2024-03-08,120505,lumpsum,107697,Maharashtra,Pune,T30,46-55,Male,41.6,Mandate,Verified
INV003539,2024-03-08,118634,lumpsum,152225,Rajasthan,Udaipur,B30,56+,Female,54.9,Cheque,Pending
INV004319,2024-03-08,101208,sip,3067,Gujarat,Surat,T30,18-25,Male,3.9,Mandate,Verified
INV000562,2024-03-08,119095,sip,5826,Gujarat,Ahmedabad,T30,36-45,Male,32.9,Cheque,Verified
INV002026,2024-03-08,120843,sip,7027,Telangana,Hyderabad,T30,26-35,Male,6.8,Net Banking,Verified
INV004321,2024-03-08,120507,sip,12164,West Bengal,Kolkata,T30,26-35,Male,16.0,UPI,Verified
INV000281,2024-03-08,100033,redemption,7967,Punjab,Chandigarh,T30,26-35,Male,20.5,Mandate,Pending
INV002171,2024-03-08,120843,sip,20830,Telangana,Hyderabad,T30,56+,Male,21.8,Cheque,Verified
INV001123,2024-03-08,119095,lumpsum,144966,Uttar Pradesh,Lucknow,T30,26-35,Male,23.9,Cheque,Verified
INV004403,2024-03-08,119095,sip,2874,West Bengal,Kolkata,T30,26-35,Male,17.6,Mandate,Verified
INV003527,2024-03-08,118632,lumpsum,413286,Telangana,Hyderabad,T30,36-45,Female,26.2,Mandate,Verified
INV000852,2024-03-08,119093,sip,6823,Maharashtra,Nashik,B30,26-35,Female,18.1,UPI,Verified
INV004889,2024-03-08,118634,sip,9178,Rajasthan,Jaipur,T30,46-55,Male,34.5,Mandate,Verified
INV003230,2024-03-08,148567,lumpsum,247090,Punjab,Amritsar,B30,18-25,Female,3.2,Net Banking,Verified
INV004002,2024-03-08,125498,lumpsum,235594,Madhya Pradesh,Bhopal,B30,56+,Male,33.1,Cheque,Verified
INV002717,2024-03-08,119552,sip,7465,Maharashtra,Nashik,B30,26-35,Female,24.8,Net Banking,Verified
INV004910,2024-03-08,120842,lumpsum,301958,Karnataka,Mysore,B30,26-35,Female,22.7,Net Banking,Verified
INV001031,2024-03-08,119120,sip,54122,Delhi,New Delhi,T30,36-45,Female,23.0,Net Banking,Verified
INV000183,2024-03-08,120506,sip,5797,Tamil Nadu,Coimbatore,B30,26-35,Male,9.8,Cheque,Verified
INV004278,2024-03-08,119095,lumpsum,100418,Punjab,Chandigarh,T30,26-35,Male,21.8,UPI,Verified
INV001350,2024-03-08,102886,redemption,134189,Madhya Pradesh,Bhopal,B30,46-55,Female,31.7,Cheque,Verified
INV004340,2024-03-08,149324,sip,4443,Karnataka,Mysore,B30,26-35,Male,17.9,UPI,Verified
INV001061,2024-03-08,102885,sip,5567,Punjab,Amritsar,B30,18-25,Male,7.4,UPI,Pending
INV001466,2024-03-08,100016,lumpsum,193402,Delhi,Noida,T30,46-55,Female,20.3,Cheque,Verified
INV002911,2024-03-08,120505,redemption,96157,Gujarat,Surat,T30,26-35,Male,24.1,Mandate,Verified
INV000912,2024-03-08,120843,lumpsum,59057,Haryana,Faridabad,B30,36-45,Male,26.7,Net Banking,Verified
INV002697,2024-03-08,101206,sip,2538,West Bengal,Kolkata,T30,26-35,Male,14.1,Net Banking,Verified
INV004027,2024-03-08,100025,lumpsum,439724,Punjab,Amritsar,B30,26-35,Male,8.7,UPI,Pending
INV001722,2024-03-08,125498,sip,47483,Delhi,Noida,T30,36-45,Female,55.0,Mandate,Verified
INV002514,2024-03-08,120841,redemption,59315,Rajasthan,Udaipur,B30,18-25,Male,7.5,Cheque,Verified
INV003210,2024-03-08,148569,sip,2895,Haryana,Faridabad,B30,36-45,Female,23.1,Net Banking,Verified
INV004679,2024-03-08,119599,sip,54961,Madhya Pradesh,Indore,T30,18-25,Female,4.0,UPI,Verified
INV003018,2024-03-08,125498,redemption,284397,Delhi,Gurugram,T30,36-45,Male,14.1,Mandate,Verified
INV002473,2024-03-08,148567,lumpsum,515413,Uttar Pradesh,Lucknow,T30,36-45,Male,41.8,UPI,Verified
INV002302,2024-03-08,101208,sip,2174,West Bengal,Kolkata,T30,26-35,Male,10.1,Cheque,Pending
INV002157,2024-03-08,119095,sip,529,Punjab,Chandigarh,T30,26-35,Male,16.9,Net Banking,Verified
INV001891,2024-03-08,148567,lumpsum,79538,West Bengal,Kolkata,T30,26-35,Male,22.2,Mandate,Verified
INV002900,2024-03-09,120503,lumpsum,405732,Haryana,Faridabad,B30,26-35,Female,14.2,Cheque,Verified
INV004530,2024-03-09,120503,lumpsum,376034,Maharashtra,Nashik,B30,36-45,Male,36.2,Cheque,Verified
INV003974,2024-03-09,119552,lumpsum,185318,Maharashtra,Nashik,B30,46-55,Male,73.6,Net Banking,Verified
INV000265,2024-03-09,119598,sip,16212,Madhya Pradesh,Bhopal,B30,36-45,Male,14.1,UPI,Verified
INV003068,2024-03-09,119599,sip,15461,Delhi,New Delhi,T30,26-35,Male,11.6,Cheque,Pending
INV000745,2024-03-09,120844,sip,5458,Punjab,Chandigarh,T30,26-35,Female,13.2,Net Banking,Verified
INV004012,2024-03-09,148567,sip,2410,Delhi,Noida,T30,46-55,Male,82.3,Cheque,Verified
INV002863,2024-03-09,120506,sip,5347,Rajasthan,Udaipur,B30,36-45,Female,49.8,Net Banking,Verified
INV001843,2024-03-09,101206,lumpsum,509062,West Bengal,Kolkata,T30,46-55,Male,51.9,UPI,Verified
INV004496,2024-03-09,119094,sip,2219,Madhya Pradesh,Indore,T30,18-25,Female,6.3,Mandate,Verified
INV003263,2024-03-09,100033,sip,21391,Tamil Nadu,Chennai,T30,26-35,Female,12.5,UPI,Verified
INV003514,2024-03-09,119093,sip,41527,Delhi,Gurugram,T30,36-45,Female,40.2,Mandate,Verified
INV004557,2024-03-09,119551,sip,58136,Maharashtra,Nashik,B30,26-35,Male,8.0,UPI,Verified
INV003314,2024-03-09,119092,sip,24253,Telangana,Hyderabad,T30,36-45,Female,25.6,Mandate,Verified
INV000227,2024-03-09,119598,sip,1180,Haryana,Gurugram,T30,36-45,Male,29.1,Mandate,Verified
INV004233,2024-03-09,125498,lumpsum,171376,Maharashtra,Nashik,B30,26-35,Female,8.7,Cheque,Verified
INV000942,2024-03-09,118635,sip,56719,Haryana,Faridabad,B30,56+,Male,70.2,Cheque,Verified
INV000480,2024-03-09,148567,sip,2255,Maharashtra,Mumbai,T30,18-25,Male,6.2,Mandate,Verified
INV003473,2024-03-09,120507,sip,531,Telangana,Hyderabad,T30,26-35,Male,16.5,UPI,Verified
INV001857,2024-03-09,120505,sip,858,Tamil Nadu,Chennai,T30,26-35,Male,24.0,UPI,Verified
INV003904,2024-03-09,119094,sip,2926,Karnataka,Bangalore,T30,46-55,Male,67.6,UPI,Verified
INV000772,2024-03-09,100016,redemption,257808,Karnataka,Bangalore,T30,56+,Female,16.1,UPI,Verified
INV004005,2024-03-09,148569,sip,7426,West Bengal,Kolkata,T30,26-35,Male,11.0,Mandate,Verified
INV000841,2024-03-09,119094,redemption,456268,Maharashtra,Mumbai,T30,36-45,Male,56.5,Mandate,Verified
INV001217,2024-03-09,102886,sip,466,Rajasthan,Jaipur,T30,26-35,Male,21.5,Cheque,Verified
INV004400,2024-03-09,119093,sip,16671,Uttar Pradesh,Agra,B30,26-35,Male,19.5,Mandate,Verified
INV000021,2024-03-09,149323,lumpsum,191049,Uttar Pradesh,Agra,B30,46-55,Male,76.8,Net Banking,Verified
INV001417,2024-03-09,102885,lumpsum,279566,West Bengal,Kolkata,T30,36-45,Female,12.3,Cheque,Pending
INV001219,2024-03-09,119120,sip,9634,West Bengal,Kolkata,T30,26-35,Male,18.4,UPI,Verified
INV000352,2024-03-09,120841,sip,1119,Tamil Nadu,Chennai,T30,46-55,Male,21.1,Mandate,Verified
INV000586,2024-03-09,119120,sip,4192,West Bengal,Kolkata,T30,36-45,Male,43.8,Net Banking,Verified
INV003720,2024-03-09,101207,sip,991,Madhya Pradesh,Bhopal,B30,36-45,Female,49.4,Mandate,Verified
INV002852,2024-03-09,118633,sip,55087,West Bengal,Kolkata,T30,46-55,Male,69.5,Mandate,Verified
INV004007,2024-03-09,118634,sip,501,Delhi,New Delhi,T30,18-25,Female,4.5,Cheque,Verified
INV002955,2024-03-09,120842,sip,7986,Tamil Nadu,Coimbatore,B30,36-45,Female,46.9,Mandate,Verified
INV003424,2024-03-09,118634,lumpsum,304850,Madhya Pradesh,Indore,T30,26-35,Female,19.7,UPI,Verified
INV000542,2024-03-09,102885,sip,5894,Haryana,Faridabad,B30,36-45,Male,20.3,Cheque,Verified
INV003289,2024-03-09,120841,sip,5486,Uttar Pradesh,Lucknow,T30,26-35,Male,11.2,Cheque,Verified
INV001735,2024-03-09,148567,redemption,538014,Maharashtra,Pune,T30,56+,Male,41.9,Mandate,Verified
INV000274,2024-03-09,102886,sip,16371,Uttar Pradesh,Kanpur,B30,26-35,Male,23.7,Net Banking,Pending
INV004476,2024-03-09,120505,sip,4727,Gujarat,Surat,T30,26-35,Male,9.3,Mandate,Verified
INV002593,2024-03-09,125497,lumpsum,113249,Madhya Pradesh,Indore,T30,36-45,Male,36.5,Mandate,Verified
INV000328,2024-03-09,101206,sip,3017,Madhya Pradesh,Bhopal,B30,26-35,Male,19.6,Cheque,Verified
INV004522,2024-03-09,119120,lumpsum,332640,Punjab,Chandigarh,T30,46-55,Female,69.1,UPI,Verified
INV004614,2024-03-09,120505,sip,2775,Delhi,New Delhi,T30,18-25,Male,7.7,UPI,Verified
INV002865,2024-03-09,149322,lumpsum,261558,Maharashtra,Pune,T30,18-25,Male,3.3,Net Banking,Verified
INV004880,2024-03-09,149323,sip,2061,Punjab,Chandigarh,T30,26-35,Male,6.3,Net Banking,Verified
INV001008,2024-03-09,120506,sip,6484,Rajasthan,Udaipur,B30,46-55,Male,85.8,UPI,Verified
INV003161,2024-03-09,118636,sip,28892,Uttar Pradesh,Kanpur,B30,36-45,Female,30.2,Mandate,Verified
INV004155,2024-03-09,149324,sip,8375,West Bengal,Kolkata,T30,36-45,Male,43.3,Net Banking,Verified
INV000698,2024-03-09,148568,sip,2147,Madhya Pradesh,Bhopal,B30,18-25,Male,7.1,UPI,Verified
INV001763,2024-03-09,148569,redemption,43871,Uttar Pradesh,Lucknow,T30,46-55,Male,42.0,Cheque,Pending
INV002326,2024-03-09,119598,lumpsum,98870,Telangana,Hyderabad,T30,36-45,Female,33.2,UPI,Verified
INV000452,2024-03-09,119092,sip,1903,Tamil Nadu,Coimbatore,B30,26-35,Male,18.1,Mandate,Verified
INV003099,2024-03-09,119551,sip,589,Gujarat,Surat,T30,36-45,Male,14.4,Net Banking,Verified
INV000213,2024-03-09,119551,sip,1720,Punjab,Chandigarh,T30,26-35,Male,19.6,UPI,Verified
INV004819,2024-03-09,149324,sip,2253,Telangana,Hyderabad,T30,26-35,Female,14.8,Cheque,Verified
INV000341,2024-03-09,119552,sip,16927,Delhi,New Delhi,T30,26-35,Male,19.6,Cheque,Verified
INV004320,2024-03-09,120841,sip,3187,Delhi,Gurugram,T30,26-35,Female,8.1,Cheque,Verified
INV002467,2024-03-09,120503,sip,50248,Punjab,Chandigarh,T30,36-45,Male,12.3,Mandate,Pending
INV003444,2024-03-09,120503,sip,8530,Telangana,Hyderabad,T30,36-45,Female,41.4,Net Banking,Verified
INV001654,2024-03-10,119120,lumpsum,136913,Uttar Pradesh,Lucknow,T30,36-45,Female,28.1,UPI,Verified
INV000317,2024-03-10,118633,sip,16609,West Bengal,Kolkata,T30,36-45,Male,50.2,Mandate,Verified
INV002734,2024-03-10,148568,lumpsum,139596,Haryana,Faridabad,B30,26-35,Female,15.8,UPI,Verified
INV002357,2024-03-10,125498,sip,4141,Delhi,Gurugram,T30,26-35,Male,7.8,Cheque,Verified
INV003395,2024-03-10,118635,redemption,106511,Gujarat,Ahmedabad,T30,36-45,Male,39.2,Mandate,Verified
INV000361,2024-03-10,125498,sip,13776,Maharashtra,Pune,T30,46-55,Male,27.1,UPI,Verified
INV003558,2024-03-10,118634,sip,2492,Uttar Pradesh,Lucknow,T30,18-25,Male,6.1,Cheque,Verified
INV001851,2024-03-10,120503,lumpsum,419847,Gujarat,Ahmedabad,T30,26-35,Male,16.2,UPI,Verified
INV004651,2024-03-10,100025,lumpsum,339790,Rajasthan,Udaipur,B30,46-55,Male,39.1,Net Banking,Verified
INV003801,2024-03-10,100025,redemption,211982,Punjab,Chandigarh,T30,26-35,Male,17.8,UPI,Verified
INV001800,2024-03-10,119092,sip,9168,Tamil Nadu,Chennai,T30,26-35,Female,12.8,Cheque,Verified
INV003810,2024-03-10,100016,lumpsum,347722,Maharashtra,Nashik,B30,26-35,Male,24.7,UPI,Verified
INV004696,2024-03-10,101206,sip,525,Tamil Nadu,Coimbatore,B30,46-55,Female,70.2,UPI,Verified
INV000986,2024-03-10,120507,lumpsum,213985,Tamil Nadu,Coimbatore,B30,26-35,Male,24.2,UPI,Verified
INV000709,2024-03-10,148569,sip,23779,Telangana,Hyderabad,T30,26-35,Female,13.6,Net Banking,Verified
INV004933,2024-03-10,100016,lumpsum,446695,Karnataka,Bangalore,T30,46-55,Female,65.3,UPI,Verified
INV003681,2024-03-10,120841,sip,499,Telangana,Hyderabad,T30,26-35,Female,17.4,Mandate,Verified
INV004993,2024-03-10,125498,lumpsum,244649,Karnataka,Bangalore,T30,36-45,Female,55.6,Cheque,Verified
INV000735,2024-03-10,101206,lumpsum,298881,Maharashtra,Pune,T30,36-45,Male,57.7,Cheque,Verified
INV003820,2024-03-10,118635,redemption,95832,Tamil Nadu,Chennai,T30,56+,Male,61.2,Net Banking,Verified
INV002529,2024-03-10,118633,lumpsum,328592,Maharashtra,Mumbai,T30,18-25,Female,5.3,UPI,Verified
INV000320,2024-03-10,119093,sip,14671,Uttar Pradesh,Kanpur,B30,26-35,Male,19.7,Cheque,Verified
INV003955,2024-03-10,118632,sip,2635,Gujarat,Ahmedabad,T30,26-35,Female,8.9,Cheque,Verified
INV002370,2024-03-10,120844,sip,2552,Delhi,Noida,T30,26-35,Male,16.6,Cheque,Verified
INV002209,2024-03-10,118633,sip,518,West Bengal,Kolkata,T30,56+,Male,9.6,Net Banking,Verified
INV003535,2024-03-10,148569,redemption,60231,Maharashtra,Nashik,B30,26-35,Male,12.5,Mandate,Verified
INV004261,2024-03-10,102886,lumpsum,40761,West Bengal,Kolkata,T30,56+,Male,49.8,Mandate,Verified
INV004117,2024-03-10,119599,lumpsum,370269,Uttar Pradesh,Kanpur,B30,18-25,Male,6.2,Net Banking,Verified
INV004117,2024-03-10,118634,redemption,46463,Uttar Pradesh,Kanpur,B30,18-25,Male,6.2,UPI,Verified
INV001161,2024-03-10,120505,sip,2365,Uttar Pradesh,Kanpur,B30,26-35,Male,13.4,Net Banking,Verified
INV001359,2024-03-10,102886,sip,26406,Haryana,Gurugram,T30,36-45,Female,41.8,Cheque,Verified
INV004719,2024-03-10,118632,sip,26719,Haryana,Gurugram,T30,46-55,Male,86.8,Net Banking,Verified
INV002786,2024-03-10,102887,lumpsum,314522,Tamil Nadu,Coimbatore,B30,26-35,Female,13.3,Net Banking,Verified
INV001784,2024-03-10,118634,sip,25773,Madhya Pradesh,Bhopal,B30,26-35,Male,15.5,Mandate,Verified
INV002129,2024-03-10,148567,sip,968,Rajasthan,Jaipur,T30,56+,Male,10.0,Cheque,Verified
INV002053,2024-03-10,119599,sip,9582,West Bengal,Kolkata,T30,26-35,Male,8.8,Mandate,Verified
INV002632,2024-03-10,119093,lumpsum,20810,Tamil Nadu,Chennai,T30,26-35,Female,14.1,Mandate,Verified
INV000643,2024-03-10,118634,sip,824,Haryana,Faridabad,B30,26-35,Female,23.5,UPI,Verified
INV003311,2024-03-10,120843,redemption,336608,Madhya Pradesh,Bhopal,B30,26-35,Male,9.5,Cheque,Verified
INV004348,2024-03-10,120504,lumpsum,377362,Delhi,New Delhi,T30,26-35,Female,13.4,Mandate,Verified
INV000962,2024-03-10,119598,sip,1104,Punjab,Chandigarh,T30,26-35,Male,24.5,Cheque,Verified
INV004252,2024-03-10,100033,lumpsum,294297,Haryana,Faridabad,B30,36-45,Male,58.7,Mandate,Pending
INV001527,2024-03-10,120504,lumpsum,89394,Delhi,Gurugram,T30,26-35,Male,23.4,Cheque,Verified
INV004508,2024-03-10,120843,lumpsum,64804,Punjab,Amritsar,B30,36-45,Female,36.5,Net Banking,Verified
INV003750,2024-03-10,148569,sip,1644,Uttar Pradesh,Kanpur,B30,26-35,Female,23.6,UPI,Verified
INV002689,2024-03-10,118634,sip,9362,Madhya Pradesh,Bhopal,B30,26-35,Male,7.4,Cheque,Verified
INV004905,2024-03-10,102887,redemption,317209,Punjab,Amritsar,B30,56+,Male,40.4,Cheque,Verified
INV004790,2024-03-10,119599,sip,9460,Tamil Nadu,Coimbatore,B30,18-25,Male,3.4,Net Banking,Verified
INV004033,2024-03-10,119552,lumpsum,277851,West Bengal,Kolkata,T30,36-45,Male,56.1,Net Banking,Verified
INV004716,2024-03-10,100025,sip,13121,Telangana,Hyderabad,T30,18-25,Male,5.4,Cheque,Verified
INV000562,2024-03-10,119095,sip,2147,Gujarat,Ahmedabad,T30,36-45,Male,32.9,Net Banking,Verified
INV001073,2024-03-10,148568,sip,1113,West Bengal,Kolkata,T30,36-45,Female,25.1,Mandate,Verified
INV003781,2024-03-10,119551,sip,12328,Tamil Nadu,Coimbatore,B30,26-35,Male,15.8,Net Banking,Verified
INV003455,2024-03-11,148568,lumpsum,76603,Tamil Nadu,Coimbatore,B30,46-55,Male,40.2,Mandate,Verified
INV003577,2024-03-11,120505,sip,22997,Punjab,Amritsar,B30,26-35,Female,22.7,Net Banking,Verified
INV002827,2024-03-11,120841,lumpsum,100551,Karnataka,Mysore,B30,36-45,Female,58.1,Mandate,Verified
INV003140,2024-03-11,119092,sip,2966,West Bengal,Kolkata,T30,26-35,Male,16.9,Mandate,Verified
INV002577,2024-03-11,120507,sip,2904,Karnataka,Mysore,B30,36-45,Female,60.0,Net Banking,Verified
INV000947,2024-03-11,102886,sip,26458,Delhi,Noida,T30,26-35,Male,11.0,Net Banking,Verified
INV003672,2024-03-11,118632,redemption,97718,Uttar Pradesh,Agra,B30,36-45,Male,32.5,Mandate,Verified
INV004303,2024-03-11,125497,sip,9471,Punjab,Chandigarh,T30,26-35,Male,24.4,Cheque,Verified
INV004810,2024-03-11,120507,redemption,430327,Telangana,Hyderabad,T30,26-35,Female,14.5,Cheque,Verified
INV001924,2024-03-11,101208,sip,10150,Karnataka,Bangalore,T30,18-25,Male,4.9,UPI,Verified
INV004825,2024-03-11,120841,sip,13500,Delhi,Noida,T30,56+,Male,15.3,Cheque,Verified
INV000580,2024-03-11,120842,sip,11033,Uttar Pradesh,Agra,B30,56+,Male,31.8,Net Banking,Verified
INV002702,2024-03-11,119552,sip,1744,Punjab,Chandigarh,T30,36-45,Male,25.4,Net Banking,Verified
INV002039,2024-03-11,120506,lumpsum,397248,Madhya Pradesh,Bhopal,B30,46-55,Male,17.3,UPI,Verified
INV003458,2024-03-11,119599,sip,12756,Gujarat,Surat,T30,36-45,Male,21.3,Net Banking,Verified
INV001720,2024-03-11,101207,sip,14889,Karnataka,Mysore,B30,36-45,Male,43.6,Mandate,Verified
INV004112,2024-03-11,120507,lumpsum,18616,Madhya Pradesh,Bhopal,B30,46-55,Male,30.0,Cheque,Verified
INV002188,2024-03-11,100033,lumpsum,156655,Rajasthan,Jaipur,T30,26-35,Male,19.1,Net Banking,Verified
INV002262,2024-03-11,119551,lumpsum,391119,Rajasthan,Udaipur,B30,26-35,Male,8.2,Mandate,Verified
INV000281,2024-03-11,118636,redemption,374732,Punjab,Chandigarh,T30,26-35,Male,20.5,UPI,Pending
INV000550,2024-03-11,119092,sip,7348,Rajasthan,Udaipur,B30,26-35,Male,6.7,Mandate,Verified
INV003537,2024-03-11,120844,sip,2563,Punjab,Amritsar,B30,18-25,Male,3.7,Cheque,Verified
INV003917,2024-03-11,100016,sip,2654,Haryana,Faridabad,B30,26-35,Male,16.0,Mandate,Verified
INV002050,2024-03-11,118632,lumpsum,361568,Tamil Nadu,Chennai,T30,18-25,Female,7.2,UPI,Verified
INV000908,2024-03-11,120844,sip,2594,Karnataka,Mysore,B30,26-35,Male,11.3,Cheque,Verified
INV003949,2024-03-11,119598,sip,12372,Madhya Pradesh,Bhopal,B30,56+,Male,54.8,UPI,Verified
INV002067,2024-03-11,119599,redemption,103723,Gujarat,Ahmedabad,T30,36-45,Female,46.2,Cheque,Verified
INV000148,2024-03-11,100033,sip,7434,Telangana,Hyderabad,T30,18-25,Female,3.5,Cheque,Pending
INV000378,2024-03-11,102887,sip,1149,Madhya Pradesh,Bhopal,B30,26-35,Male,8.7,Net Banking,Verified
INV002365,2024-03-11,148567,lumpsum,419606,Gujarat,Ahmedabad,T30,46-55,Male,76.9,Net Banking,Verified
INV004322,2024-03-11,119599,lumpsum,305864,Tamil Nadu,Chennai,T30,26-35,Female,19.8,Net Banking,Verified
INV002163,2024-03-11,119094,sip,8373,Tamil Nadu,Coimbatore,B30,26-35,Female,10.5,Cheque,Verified
INV000011,2024-03-11,118632,redemption,428390,West Bengal,Kolkata,T30,26-35,Male,9.6,Net Banking,Verified
INV002161,2024-03-11,125498,lumpsum,345664,Maharashtra,Nashik,B30,26-35,Male,11.4,UPI,Verified
INV002221,2024-03-11,120504,lumpsum,319924,Madhya Pradesh,Indore,T30,18-25,Male,5.7,Cheque,Verified
INV001352,2024-03-11,148568,sip,461,Punjab,Chandigarh,T30,26-35,Female,8.3,UPI,Verified
INV004600,2024-03-11,120506,sip,2228,West Bengal,Kolkata,T30,46-55,Female,35.5,Mandate,Verified
INV002083,2024-03-11,120504,sip,5787,Gujarat,Surat,T30,26-35,Male,21.2,Mandate,Verified
INV000030,2024-03-11,119120,sip,586,Delhi,Noida,T30,18-25,Female,5.1,Cheque,Verified
INV004989,2024-03-11,120844,lumpsum,176203,Karnataka,Bangalore,T30,26-35,Male,6.4,Net Banking,Verified
INV000587,2024-03-11,118636,redemption,435504,Punjab,Chandigarh,T30,26-35,Male,15.5,Cheque,Verified
INV002722,2024-03-11,118635,lumpsum,215618,Delhi,Noida,T30,36-45,Female,50.9,Cheque,Verified
INV001318,2024-03-11,101208,sip,438,Telangana,Hyderabad,T30,36-45,Male,59.3,Net Banking,Verified
INV004930,2024-03-11,119599,lumpsum,263953,West Bengal,Kolkata,T30,26-35,Male,15.5,Cheque,Verified
INV003075,2024-03-11,149324,sip,7028,Delhi,Gurugram,T30,46-55,Male,83.5,Net Banking,Verified
INV002748,2024-03-11,118632,sip,2337,Punjab,Amritsar,B30,26-35,Male,7.8,UPI,Verified
INV002929,2024-03-11,119093,sip,27188,West Bengal,Kolkata,T30,26-35,Male,13.0,Mandate,Verified
INV001820,2024-03-11,118636,sip,5538,Maharashtra,Mumbai,T30,36-45,Female,39.3,Cheque,Verified
INV001317,2024-03-11,119095,lumpsum,219528,Punjab,Chandigarh,T30,26-35,Female,8.9,Cheque,Verified
INV004569,2024-03-11,120844,sip,850,Tamil Nadu,Coimbatore,B30,36-45,Male,47.3,Mandate,Verified
INV003983,2024-03-11,118636,redemption,99474,Haryana,Faridabad,B30,26-35,Female,22.3,UPI,Verified
INV002740,2024-03-11,119092,lumpsum,244916,Maharashtra,Mumbai,T30,26-35,Female,24.5,Mandate,Pending
INV004428,2024-03-11,100016,sip,9958,Rajasthan,Udaipur,B30,26-35,Female,6.7,Net Banking,Verified
INV001256,2024-03-11,120841,sip,21287,West Bengal,Kolkata,T30,18-25,Male,7.0,Net Banking,Verified
INV002912,2024-03-11,125497,sip,11107,Maharashtra,Mumbai,T30,26-35,Female,23.6,UPI,Verified
INV000076,2024-03-11,119093,sip,12092,Gujarat,Ahmedabad,T30,56+,Female,67.1,UPI,Verified
INV004236,2024-03-11,120842,sip,16247,Punjab,Amritsar,B30,26-35,Female,19.0,UPI,Verified
INV001823,2024-03-11,119598,lumpsum,230304,Tamil Nadu,Coimbatore,B30,26-35,Male,17.1,Mandate,Verified
INV001505,2024-03-11,101206,sip,493,Uttar Pradesh,Lucknow,T30,26-35,Female,17.0,UPI,Verified
INV004494,2024-03-11,148567,sip,12053,Delhi,Noida,T30,26-35,Female,22.0,Net Banking,Verified
INV004248,2024-03-11,125498,sip,478,West Bengal,Kolkata,T30,46-55,Male,89.3,Mandate,Verified
INV002405,2024-03-11,118636,sip,4880,Maharashtra,Nashik,B30,18-25,Male,7.6,Mandate,Verified
INV004911,2024-03-11,118633,sip,7426,West Bengal,Kolkata,T30,26-35,Female,9.4,Net Banking,Verified
INV003635,2024-03-11,119095,sip,40131,West Bengal,Kolkata,T30,56+,Female,55.1,Cheque,Verified
INV003808,2024-03-11,101207,lumpsum,140894,Madhya Pradesh,Bhopal,B30,46-55,Female,62.5,Mandate,Verified
INV001342,2024-03-12,149323,lumpsum,364241,West Bengal,Kolkata,T30,26-35,Female,15.5,Net Banking,Verified
INV002744,2024-03-12,149324,sip,2778,Karnataka,Bangalore,T30,36-45,Male,25.9,Cheque,Verified
INV000781,2024-03-12,120842,sip,5492,Delhi,Gurugram,T30,26-35,Male,6.8,UPI,Verified
INV001190,2024-03-12,120506,sip,11016,Maharashtra,Mumbai,T30,26-35,Male,15.6,UPI,Verified
INV000309,2024-03-12,120503,redemption,137805,Delhi,Gurugram,T30,26-35,Male,18.1,Net Banking,Verified
INV000822,2024-03-12,120843,sip,403,Punjab,Amritsar,B30,26-35,Male,9.2,Cheque,Verified
INV001087,2024-03-12,102887,redemption,270591,Rajasthan,Udaipur,B30,26-35,Female,20.6,Net Banking,Verified
INV004692,2024-03-12,101206,lumpsum,512632,Madhya Pradesh,Bhopal,B30,26-35,Male,11.6,Net Banking,Pending
INV001257,2024-03-12,100016,lumpsum,315228,Punjab,Chandigarh,T30,26-35,Female,6.3,Net Banking,Verified
INV002481,2024-03-12,120505,sip,2615,West Bengal,Kolkata,T30,46-55,Male,64.1,UPI,Verified
INV001421,2024-03-12,148567,sip,5700,Telangana,Hyderabad,T30,26-35,Male,19.8,Mandate,Pending
INV000587,2024-03-12,120503,lumpsum,263150,Punjab,Chandigarh,T30,26-35,Male,15.5,Cheque,Verified
INV003682,2024-03-12,102886,lumpsum,164184,Madhya Pradesh,Indore,T30,36-45,Male,45.6,Cheque,Verified
INV000675,2024-03-12,118635,lumpsum,221581,Uttar Pradesh,Kanpur,B30,36-45,Male,27.9,Net Banking,Verified
INV004951,2024-03-12,119093,sip,5423,Karnataka,Mysore,B30,26-35,Female,7.5,Net Banking,Verified
INV000698,2024-03-12,118632,sip,882,Madhya Pradesh,Bhopal,B30,18-25,Male,7.1,Mandate,Pending
INV004330,2024-03-12,119092,sip,16573,Haryana,Faridabad,B30,46-55,Female,92.7,Cheque,Verified
INV002800,2024-03-12,148569,sip,15409,West Bengal,Kolkata,T30,36-45,Male,51.9,Net Banking,Verified
INV004625,2024-03-12,118635,sip,2137,Tamil Nadu,Coimbatore,B30,18-25,Male,6.6,UPI,Verified
INV003974,2024-03-12,149324,sip,4361,Maharashtra,Nashik,B30,46-55,Male,73.6,Cheque,Verified
INV002008,2024-03-12,119120,lumpsum,448981,Haryana,Gurugram,T30,46-55,Male,83.3,UPI,Verified
INV002830,2024-03-12,120504,sip,8182,Karnataka,Mysore,B30,56+,Male,72.2,UPI,Verified
INV004913,2024-03-12,119599,sip,24877,Rajasthan,Udaipur,B30,26-35,Male,8.6,UPI,Verified
INV003275,2024-03-12,120841,sip,2858,Uttar Pradesh,Agra,B30,26-35,Female,8.1,Cheque,Pending
INV003385,2024-03-12,102886,lumpsum,396242,Punjab,Amritsar,B30,56+,Female,65.9,Net Banking,Verified
INV003525,2024-03-12,120506,lumpsum,149626,Karnataka,Mysore,B30,36-45,Male,36.1,Cheque,Verified
INV001827,2024-03-12,119599,sip,7034,Haryana,Faridabad,B30,36-45,Female,54.3,Cheque,Verified
INV000113,2024-03-12,119094,sip,6566,Punjab,Chandigarh,T30,26-35,Female,7.3,Cheque,Pending
INV003373,2024-03-12,119551,lumpsum,122543,Gujarat,Surat,T30,56+,Male,62.9,Cheque,Verified
INV000604,2024-03-12,148568,lumpsum,377736,Karnataka,Bangalore,T30,26-35,Male,9.5,UPI,Verified
INV001561,2024-03-12,102885,lumpsum,453825,Rajasthan,Udaipur,B30,36-45,Male,39.4,Net Banking,Verified
INV001926,2024-03-12,119598,lumpsum,26974,Uttar Pradesh,Agra,B30,46-55,Female,26.9,UPI,Verified
INV000148,2024-03-12,119092,sip,2291,Telangana,Hyderabad,T30,18-25,Female,3.5,Cheque,Verified
INV002970,2024-03-12,120841,sip,27097,Telangana,Hyderabad,T30,26-35,Female,12.4,Mandate,Verified
INV001512,2024-03-12,119551,sip,58426,Haryana,Gurugram,T30,46-55,Male,49.4,Net Banking,Verified
INV000966,2024-03-12,149323,lumpsum,320128,Telangana,Hyderabad,T30,26-35,Male,22.8,UPI,Verified
INV002546,2024-03-12,101206,lumpsum,447480,Gujarat,Surat,T30,26-35,Male,19.3,Net Banking,Verified
INV000012,2024-03-12,120504,redemption,320916,Uttar Pradesh,Kanpur,B30,46-55,Male,51.6,Net Banking,Verified
INV003091,2024-03-12,120844,sip,585,Delhi,New Delhi,T30,36-45,Female,36.4,Net Banking,Verified
INV000722,2024-03-12,120504,sip,2308,Punjab,Chandigarh,T30,26-35,Female,8.1,UPI,Verified
INV003205,2024-03-12,100033,sip,8287,Punjab,Chandigarh,T30,26-35,Female,16.1,Mandate,Pending
INV002689,2024-03-12,118636,sip,5604,Madhya Pradesh,Bhopal,B30,26-35,Male,7.4,Mandate,Verified
INV003911,2024-03-12,100025,lumpsum,194182,Telangana,Hyderabad,T30,36-45,Male,21.5,Cheque,Verified
INV003647,2024-03-12,125497,sip,5652,Haryana,Faridabad,B30,56+,Male,57.2,Net Banking,Verified
INV003543,2024-03-12,120506,lumpsum,183451,Maharashtra,Nashik,B30,26-35,Male,8.3,Net Banking,Verified
INV000836,2024-03-12,101206,sip,14554,Haryana,Gurugram,T30,26-35,Male,24.4,Cheque,Pending
INV003098,2024-03-12,118632,sip,23646,Gujarat,Surat,T30,26-35,Female,9.5,Mandate,Verified
INV001701,2024-03-12,120507,sip,14377,Karnataka,Mysore,B30,26-35,Female,24.4,UPI,Pending
INV003987,2024-03-12,100025,sip,9892,Tamil Nadu,Coimbatore,B30,26-35,Female,24.1,Net Banking,Verified
INV003056,2024-03-12,118635,lumpsum,337542,Karnataka,Bangalore,T30,26-35,Female,20.6,Mandate,Verified
INV004306,2024-03-12,120841,redemption,395580,Telangana,Hyderabad,T30,26-35,Female,20.4,Net Banking,Verified
INV002558,2024-03-12,118632,sip,6906,Haryana,Faridabad,B30,26-35,Female,9.1,Mandate,Verified
INV000937,2024-03-12,120843,sip,3191,Madhya Pradesh,Indore,T30,26-35,Male,22.8,Net Banking,Verified
INV002237,2024-03-12,119095,lumpsum,206850,Uttar Pradesh,Agra,B30,46-55,Male,23.1,Net Banking,Verified
INV000891,2024-03-12,118635,sip,41568,Gujarat,Surat,T30,26-35,Male,20.9,Net Banking,Verified
INV003598,2024-03-12,118635,lumpsum,190938,Delhi,Gurugram,T30,26-35,Female,12.7,Cheque,Verified
INV000488,2024-03-12,119092,sip,15496,Karnataka,Mysore,B30,56+,Male,31.4,Net Banking,Verified
INV003450,2024-03-12,148568,sip,2585,Maharashtra,Nashik,B30,18-25,Female,4.2,UPI,Verified
INV003514,2024-03-12,119094,lumpsum,376382,Delhi,Gurugram,T30,36-45,Female,40.2,UPI,Verified
INV003267,2024-03-12,148569,sip,3420,Rajasthan,Udaipur,B30,36-45,Male,29.9,UPI,Verified
INV001399,2024-03-12,102885,sip,22894,Delhi,New Delhi,T30,26-35,Female,16.4,Cheque,Verified
INV002864,2024-03-12,101206,sip,5165,Madhya Pradesh,Bhopal,B30,26-35,Male,6.8,Mandate,Verified
INV002175,2024-03-12,125498,lumpsum,94938,Uttar Pradesh,Kanpur,B30,36-45,Male,47.8,UPI,Verified
INV000544,2024-03-12,100016,sip,13426,Madhya Pradesh,Bhopal,B30,18-25,Male,3.6,Net Banking,Verified
INV001344,2024-03-12,125498,sip,497,Rajasthan,Jaipur,T30,26-35,Male,10.0,Net Banking,Verified
INV002737,2024-03-12,119095,redemption,369579,Gujarat,Ahmedabad,T30,18-25,Female,5.4,Net Banking,Verified
INV001406,2024-03-12,101207,sip,2455,Telangana,Hyderabad,T30,46-55,Male,86.0,UPI,Verified
INV002944,2024-03-13,118633,lumpsum,230285,Karnataka,Mysore,B30,36-45,Female,28.1,Cheque,Verified
INV003018,2024-03-13,100025,sip,27835,Delhi,Gurugram,T30,36-45,Male,14.1,UPI,Verified
INV003891,2024-03-13,125497,redemption,539575,Telangana,Hyderabad,T30,26-35,Male,21.8,Net Banking,Verified
INV001092,2024-03-13,120841,lumpsum,155884,Haryana,Gurugram,T30,26-35,Male,14.9,Mandate,Verified
INV003640,2024-03-13,119551,lumpsum,428950,Gujarat,Ahmedabad,T30,26-35,Male,14.0,Mandate,Verified
INV000649,2024-03-13,119094,lumpsum,189037,Tamil Nadu,Chennai,T30,36-45,Male,27.3,Net Banking,Verified
INV000294,2024-03-13,120843,sip,415,Maharashtra,Nashik,B30,36-45,Female,30.8,UPI,Verified
INV003600,2024-03-13,120503,sip,57083,West Bengal,Kolkata,T30,56+,Female,19.3,Mandate,Verified
INV001579,2024-03-13,119092,lumpsum,387262,Karnataka,Bangalore,T30,46-55,Male,71.1,UPI,Verified
INV003287,2024-03-13,101207,redemption,21195,Delhi,New Delhi,T30,36-45,Male,54.9,Net Banking,Verified
INV003563,2024-03-13,149322,lumpsum,276102,Haryana,Gurugram,T30,46-55,Male,41.8,Mandate,Verified
INV002378,2024-03-13,149323,sip,17082,Haryana,Gurugram,T30,26-35,Male,12.1,Mandate,Verified
INV003918,2024-03-13,120507,sip,2092,Madhya Pradesh,Indore,T30,56+,Male,51.2,UPI,Verified
INV002680,2024-03-13,119599,sip,40307,West Bengal,Kolkata,T30,36-45,Male,17.4,Mandate,Verified
INV000568,2024-03-13,102886,sip,9730,Delhi,New Delhi,T30,36-45,Male,48.4,Net Banking,Verified
INV003185,2024-03-13,118632,redemption,406385,Rajasthan,Udaipur,B30,26-35,Female,23.1,Mandate,Verified
INV000635,2024-03-13,149322,sip,11827,Delhi,New Delhi,T30,18-25,Female,4.2,Net Banking,Verified
INV004040,2024-03-13,125497,lumpsum,12332,Gujarat,Ahmedabad,T30,36-45,Male,54.3,Mandate,Verified
INV000691,2024-03-13,118636,sip,597,Tamil Nadu,Chennai,T30,18-25,Female,7.8,Mandate,Verified
INV001015,2024-03-13,101208,lumpsum,473716,Haryana,Gurugram,T30,36-45,Female,21.1,UPI,Verified
INV002123,2024-03-13,120504,sip,11374,West Bengal,Kolkata,T30,26-35,Male,14.7,UPI,Verified
INV003744,2024-03-13,125498,sip,2037,Karnataka,Mysore,B30,18-25,Female,4.1,Cheque,Verified
INV003000,2024-03-13,120503,sip,2515,Delhi,Gurugram,T30,36-45,Male,32.3,Cheque,Verified
INV003735,2024-03-13,120504,lumpsum,148726,Gujarat,Ahmedabad,T30,36-45,Female,13.9,Cheque,Verified
INV001021,2024-03-13,120506,sip,8576,Maharashtra,Mumbai,T30,56+,Male,50.5,Cheque,Verified
INV001021,2024-03-13,118636,lumpsum,551508,Maharashtra,Mumbai,T30,56+,Male,50.5,UPI,Verified
INV000861,2024-03-13,100025,sip,2010,Uttar Pradesh,Lucknow,T30,18-25,Male,4.2,UPI,Pending
INV002344,2024-03-13,119092,sip,56148,Punjab,Chandigarh,T30,46-55,Female,92.9,Mandate,Verified
INV000500,2024-03-13,118636,lumpsum,118679,West Bengal,Kolkata,T30,26-35,Female,19.9,UPI,Verified
INV000643,2024-03-13,149322,sip,421,Haryana,Faridabad,B30,26-35,Female,23.5,Cheque,Verified
INV004681,2024-03-13,119120,sip,5666,Haryana,Faridabad,B30,26-35,Female,19.0,UPI,Verified
INV003491,2024-03-13,149322,sip,5452,Delhi,Noida,T30,46-55,Male,92.5,Mandate,Verified
INV001157,2024-03-13,120507,lumpsum,298397,Tamil Nadu,Coimbatore,B30,36-45,Female,23.0,Net Banking,Verified
INV001791,2024-03-13,101207,lumpsum,385706,Delhi,New Delhi,T30,26-35,Male,13.3,Mandate,Pending
INV002586,2024-03-13,120841,sip,2064,West Bengal,Kolkata,T30,26-35,Female,9.1,Mandate,Verified
INV002526,2024-03-13,119092,lumpsum,131476,Madhya Pradesh,Bhopal,B30,18-25,Female,3.5,Mandate,Pending
INV003370,2024-03-13,118635,sip,26643,Karnataka,Mysore,B30,56+,Female,54.8,Net Banking,Verified
INV004443,2024-03-13,119093,redemption,518612,Maharashtra,Nashik,B30,26-35,Female,13.0,Net Banking,Verified
INV002308,2024-03-13,119552,lumpsum,60476,Tamil Nadu,Chennai,T30,26-35,Male,19.0,Cheque,Verified
INV001711,2024-03-13,148567,sip,2111,Madhya Pradesh,Bhopal,B30,46-55,Male,99.0,UPI,Verified
INV004359,2024-03-13,119598,lumpsum,341472,Delhi,New Delhi,T30,26-35,Male,9.4,Mandate,Verified
INV004104,2024-03-13,120506,redemption,315163,Tamil Nadu,Coimbatore,B30,26-35,Male,10.5,Net Banking,Verified
INV004972,2024-03-13,102886,sip,11380,Uttar Pradesh,Lucknow,T30,18-25,Male,4.0,Mandate,Verified
INV003903,2024-03-13,118633,lumpsum,353907,Karnataka,Mysore,B30,18-25,Female,6.6,Cheque,Verified
INV001948,2024-03-13,149322,sip,22126,Tamil Nadu,Coimbatore,B30,18-25,Female,4.2,Net Banking,Verified
INV000321,2024-03-13,119092,redemption,26638,Maharashtra,Mumbai,T30,26-35,Male,24.2,Cheque,Verified
INV000265,2024-03-13,120504,sip,52540,Madhya Pradesh,Bhopal,B30,36-45,Male,14.1,Net Banking,Verified
INV004278,2024-03-13,148569,sip,3359,Punjab,Chandigarh,T30,26-35,Male,21.8,Net Banking,Verified
INV003997,2024-03-13,119598,redemption,217747,Telangana,Hyderabad,T30,36-45,Male,48.3,Mandate,Verified
INV000834,2024-03-13,119094,redemption,328185,Uttar Pradesh,Agra,B30,18-25,Female,6.6,UPI,Verified
INV004536,2024-03-13,100016,sip,5635,Telangana,Hyderabad,T30,26-35,Female,6.3,Cheque,Verified
INV004968,2024-03-13,148568,lumpsum,8746,Delhi,Noida,T30,26-35,Male,22.2,UPI,Verified
INV003245,2024-03-13,118635,sip,8822,Maharashtra,Pune,T30,26-35,Male,21.5,Mandate,Verified
INV001375,2024-03-13,149323,sip,4162,Haryana,Gurugram,T30,18-25,Male,6.3,Net Banking,Verified
INV002282,2024-03-13,118633,lumpsum,189858,West Bengal,Kolkata,T30,36-45,Male,53.7,Cheque,Verified
INV004932,2024-03-13,120507,lumpsum,440835,Tamil Nadu,Chennai,T30,26-35,Female,21.1,Mandate,Pending
INV001881,2024-03-13,119598,sip,6589,Telangana,Hyderabad,T30,26-35,Male,11.2,Cheque,Verified
INV002762,2024-03-13,120841,redemption,176280,Rajasthan,Udaipur,B30,26-35,Female,21.9,Net Banking,Verified
INV003437,2024-03-13,119599,redemption,385529,Punjab,Amritsar,B30,46-55,Female,51.0,Cheque,Verified
INV001208,2024-03-13,149324,sip,21560,Gujarat,Ahmedabad,T30,56+,Male,18.7,Cheque,Verified
INV001849,2024-03-13,101206,sip,2870,Gujarat,Ahmedabad,T30,36-45,Female,49.3,Mandate,Verified
INV002344,2024-03-13,149323,sip,56635,Punjab,Chandigarh,T30,46-55,Female,92.9,Mandate,Verified
INV003174,2024-03-13,125497,sip,13436,Tamil Nadu,Chennai,T30,26-35,Female,10.0,UPI,Verified
INV001921,2024-03-13,119093,sip,5426,Gujarat,Surat,T30,26-35,Female,13.5,UPI,Verified
INV002761,2024-03-13,100025,sip,2002,Rajasthan,Jaipur,T30,26-35,Male,14.9,Mandate,Verified
INV001597,2024-03-13,120844,lumpsum,416592,West Bengal,Kolkata,T30,36-45,Male,46.1,Net Banking,Verified
INV001946,2024-03-13,120507,sip,12040,Delhi,Noida,T30,26-35,Male,13.2,Net Banking,Verified
INV004696,2024-03-13,119095,sip,2998,Tamil Nadu,Coimbatore,B30,46-55,Female,70.2,Cheque,Verified
INV004756,2024-03-13,118636,sip,28538,Gujarat,Surat,T30,46-55,Male,41.1,Mandate,Verified
INV004567,2024-03-13,119094,sip,8630,Telangana,Hyderabad,T30,56+,Male,75.0,Cheque,Verified
INV002351,2024-03-13,148568,sip,26322,Gujarat,Ahmedabad,T30,36-45,Male,18.9,UPI,Verified
INV003079,2024-03-13,125497,lumpsum,79434,Gujarat,Surat,T30,26-35,Male,8.5,Mandate,Verified
INV000045,2024-03-13,118632,sip,896,Uttar Pradesh,Lucknow,T30,36-45,Male,26.2,UPI,Pending
INV000933,2024-03-13,148569,lumpsum,123530,Rajasthan,Jaipur,T30,36-45,Female,14.9,Mandate,Verified
INV003080,2024-03-13,125497,sip,887,Madhya Pradesh,Indore,T30,26-35,Male,20.5,Cheque,Verified
INV000428,2024-03-13,120842,lumpsum,448264,Delhi,Gurugram,T30,36-45,Male,27.2,Net Banking,Verified
INV003448,2024-03-13,120844,sip,5152,Rajasthan,Udaipur,B30,26-35,Male,16.4,Mandate,Verified
INV000085,2024-03-13,149322,sip,4441,Gujarat,Surat,T30,26-35,Female,14.6,UPI,Pending
INV004736,2024-03-13,118632,sip,2062,Tamil Nadu,Chennai,T30,36-45,Male,19.7,Cheque,Verified
INV004764,2024-03-13,119092,sip,25432,Punjab,Amritsar,B30,46-55,Female,79.4,Mandate,Verified
INV004338,2024-03-13,100025,sip,5710,Maharashtra,Mumbai,T30,46-55,Female,82.5,Mandate,Verified
INV002043,2024-03-13,101206,lumpsum,338775,Uttar Pradesh,Lucknow,T30,18-25,Male,6.7,Net Banking,Verified
INV002622,2024-03-13,118636,sip,7394,Karnataka,Mysore,B30,18-25,Female,4.0,Cheque,Verified
INV004513,2024-03-13,120844,lumpsum,330227,Karnataka,Mysore,B30,36-45,Female,16.9,Cheque,Verified
INV000804,2024-03-13,120842,lumpsum,125817,Karnataka,Mysore,B30,36-45,Male,39.7,Cheque,Verified
INV002161,2024-03-13,119120,lumpsum,298697,Maharashtra,Nashik,B30,26-35,Male,11.4,Mandate,Verified
INV001825,2024-03-14,120843,lumpsum,286534,Haryana,Faridabad,B30,26-35,Male,21.7,UPI,Verified
INV002743,2024-03-14,119095,sip,2991,Haryana,Gurugram,T30,56+,Male,49.8,Cheque,Pending
INV003224,2024-03-14,149324,sip,2201,Punjab,Amritsar,B30,26-35,Male,16.0,Cheque,Pending
INV002697,2024-03-14,100016,sip,866,West Bengal,Kolkata,T30,26-35,Male,14.1,Mandate,Verified
INV004306,2024-03-14,119094,lumpsum,424747,Telangana,Hyderabad,T30,26-35,Female,20.4,Cheque,Verified
INV003962,2024-03-14,125497,sip,45702,Haryana,Gurugram,T30,26-35,Male,20.4,Cheque,Verified
INV000070,2024-03-14,120506,sip,7939,West Bengal,Kolkata,T30,56+,Female,20.1,Net Banking,Verified
INV002689,2024-03-14,120506,sip,483,Madhya Pradesh,Bhopal,B30,26-35,Male,7.4,Cheque,Verified
INV001961,2024-03-14,119095,sip,16879,Delhi,Gurugram,T30,26-35,Male,23.4,Mandate,Verified
INV003031,2024-03-14,149323,sip,522,Karnataka,Bangalore,T30,18-25,Male,7.7,Net Banking,Pending
INV001029,2024-03-14,120843,sip,1650,Uttar Pradesh,Kanpur,B30,36-45,Male,44.2,Net Banking,Verified
INV004109,2024-03-14,100025,sip,1004,Uttar Pradesh,Lucknow,T30,56+,Female,59.8,Cheque,Verified
INV003360,2024-03-14,120506,sip,11791,Madhya Pradesh,Indore,T30,26-35,Female,19.5,Net Banking,Verified
INV000512,2024-03-14,149323,sip,2232,Punjab,Amritsar,B30,46-55,Male,82.6,Net Banking,Verified
INV001813,2024-03-14,120841,lumpsum,29214,Karnataka,Mysore,B30,36-45,Male,27.0,UPI,Verified
INV002925,2024-03-14,118632,lumpsum,7452,West Bengal,Kolkata,T30,36-45,Female,48.6,Net Banking,Verified
INV003306,2024-03-14,102887,sip,4575,Gujarat,Ahmedabad,T30,36-45,Male,14.6,Cheque,Verified
INV001978,2024-03-14,120507,sip,1195,Telangana,Hyderabad,T30,36-45,Male,15.5,Mandate,Verified
INV001160,2024-03-14,102887,redemption,318503,Karnataka,Mysore,B30,36-45,Female,13.8,UPI,Verified
INV000195,2024-03-14,125498,redemption,214751,Madhya Pradesh,Bhopal,B30,36-45,Female,56.5,Mandate,Verified
INV004845,2024-03-14,120507,lumpsum,90785,West Bengal,Kolkata,T30,18-25,Male,7.5,UPI,Verified
INV001172,2024-03-14,118633,lumpsum,408116,Tamil Nadu,Coimbatore,B30,26-35,Female,7.1,UPI,Verified
INV003998,2024-03-14,102886,sip,2309,Telangana,Hyderabad,T30,26-35,Male,12.5,Net Banking,Verified
INV003031,2024-03-14,100016,redemption,449247,Karnataka,Bangalore,T30,18-25,Male,7.7,UPI,Pending
INV001437,2024-03-14,120507,redemption,76217,Maharashtra,Nashik,B30,26-35,Female,14.3,UPI,Verified
INV000770,2024-03-14,148567,sip,49575,Maharashtra,Mumbai,T30,36-45,Male,43.0,Mandate,Verified
INV004640,2024-03-14,148568,redemption,297029,Telangana,Hyderabad,T30,36-45,Male,46.5,Net Banking,Verified
INV004826,2024-03-14,119599,lumpsum,211204,Tamil Nadu,Coimbatore,B30,26-35,Male,14.7,Cheque,Verified
INV001740,2024-03-14,102885,lumpsum,443598,Uttar Pradesh,Kanpur,B30,36-45,Female,53.9,UPI,Verified
INV003572,2024-03-14,120503,redemption,283677,Punjab,Amritsar,B30,46-55,Male,65.9,Mandate,Verified
INV000454,2024-03-14,149322,lumpsum,155736,Uttar Pradesh,Lucknow,T30,18-25,Female,6.6,Mandate,Pending
INV004123,2024-03-14,118636,sip,51881,Haryana,Gurugram,T30,36-45,Male,53.8,UPI,Pending
INV002269,2024-03-14,120504,lumpsum,66061,Punjab,Amritsar,B30,36-45,Female,49.0,UPI,Verified
INV002415,2024-03-14,119093,sip,21093,West Bengal,Kolkata,T30,36-45,Male,13.9,Net Banking,Verified
INV004379,2024-03-14,119551,lumpsum,142109,Delhi,Gurugram,T30,18-25,Male,6.0,Mandate,Verified
INV002150,2024-03-14,149324,sip,10265,Uttar Pradesh,Kanpur,B30,26-35,Female,21.5,Mandate,Verified
INV003001,2024-03-14,148567,lumpsum,89364,Haryana,Faridabad,B30,56+,Female,48.8,Net Banking,Verified
INV001101,2024-03-14,125498,redemption,144642,Madhya Pradesh,Bhopal,B30,18-25,Male,5.3,Mandate,Verified
INV003824,2024-03-14,149324,sip,2617,Telangana,Hyderabad,T30,26-35,Male,9.4,Net Banking,Verified
INV000725,2024-03-14,101206,sip,4624,Telangana,Hyderabad,T30,18-25,Male,6.9,Cheque,Verified
INV001191,2024-03-14,120503,sip,582,Telangana,Hyderabad,T30,56+,Male,37.5,Net Banking,Verified
INV002453,2024-03-14,120843,sip,853,Gujarat,Surat,T30,26-35,Female,16.1,UPI,Verified
INV000560,2024-03-14,119094,sip,1701,Punjab,Chandigarh,T30,18-25,Male,3.4,Net Banking,Verified
INV003650,2024-03-14,120506,sip,1978,Telangana,Hyderabad,T30,46-55,Male,87.3,Net Banking,Verified
INV001699,2024-03-14,120844,lumpsum,38371,Madhya Pradesh,Indore,T30,26-35,Male,24.6,Cheque,Verified
INV001679,2024-03-14,120507,sip,20591,Haryana,Faridabad,B30,36-45,Female,46.7,UPI,Pending
INV004515,2024-03-14,120844,lumpsum,383777,Rajasthan,Udaipur,B30,18-25,Female,5.2,UPI,Verified
INV000263,2024-03-14,119552,sip,2185,Madhya Pradesh,Bhopal,B30,56+,Male,21.8,UPI,Verified
INV001518,2024-03-14,148567,lumpsum,395686,Karnataka,Mysore,B30,18-25,Male,3.9,Cheque,Verified
INV004252,2024-03-14,119598,sip,3379,Haryana,Faridabad,B30,36-45,Male,58.7,UPI,Verified
INV004846,2024-03-14,119599,sip,10887,Rajasthan,Udaipur,B30,26-35,Male,9.2,Cheque,Verified
INV002824,2024-03-14,102887,sip,46916,Rajasthan,Jaipur,T30,56+,Male,42.5,Cheque,Verified
INV004744,2024-03-14,149322,redemption,107791,Telangana,Hyderabad,T30,26-35,Female,16.0,Mandate,Pending
INV001298,2024-03-14,120843,sip,3218,Delhi,Gurugram,T30,26-35,Female,24.4,Cheque,Verified
INV003221,2024-03-14,119598,lumpsum,384846,Karnataka,Mysore,B30,26-35,Male,15.8,UPI,Verified
INV004104,2024-03-14,125497,sip,7652,Tamil Nadu,Coimbatore,B30,26-35,Male,10.5,Mandate,Verified
INV002686,2024-03-14,125498,redemption,396883,Punjab,Chandigarh,T30,18-25,Male,5.7,Net Banking,Pending
INV001618,2024-03-14,119092,sip,2994,Karnataka,Bangalore,T30,56+,Female,28.0,Net Banking,Verified
INV003128,2024-03-14,100016,lumpsum,86493,Uttar Pradesh,Kanpur,B30,18-25,Female,7.7,UPI,Verified
INV004039,2024-03-14,101208,sip,29736,Gujarat,Surat,T30,46-55,Female,89.7,Mandate,Verified
INV004600,2024-03-14,118636,lumpsum,258442,West Bengal,Kolkata,T30,46-55,Female,35.5,Cheque,Verified
INV001217,2024-03-14,118633,sip,10640,Rajasthan,Jaipur,T30,26-35,Male,21.5,Net Banking,Verified
INV000335,2024-03-14,102886,lumpsum,368785,Maharashtra,Mumbai,T30,26-35,Male,11.6,Mandate,Verified
INV003732,2024-03-14,149322,sip,57631,West Bengal,Kolkata,T30,36-45,Male,56.1,Mandate,Verified
INV003783,2024-03-14,148569,redemption,111924,Madhya Pradesh,Indore,T30,18-25,Male,3.5,UPI,Verified
INV001220,2024-03-14,118634,sip,4574,Punjab,Chandigarh,T30,36-45,Male,48.3,UPI,Verified
INV001116,2024-03-14,120507,sip,4105,Haryana,Faridabad,B30,36-45,Male,17.8,UPI,Verified
INV002746,2024-03-15,100016,sip,3208,Delhi,Noida,T30,26-35,Male,23.2,Net Banking,Verified
INV000337,2024-03-15,120506,sip,5656,Haryana,Faridabad,B30,56+,Female,73.4,Cheque,Verified
INV004886,2024-03-15,101206,sip,7241,Tamil Nadu,Chennai,T30,26-35,Male,18.1,UPI,Verified
INV003554,2024-03-15,120506,lumpsum,317856,Rajasthan,Jaipur,T30,26-35,Female,15.6,Mandate,Verified
INV002967,2024-03-15,120841,sip,4464,Karnataka,Mysore,B30,18-25,Female,4.7,Mandate,Pending
INV003889,2024-03-15,120506,redemption,413742,Rajasthan,Udaipur,B30,46-55,Male,42.6,Cheque,Verified
INV004887,2024-03-15,149324,redemption,72792,Gujarat,Surat,T30,56+,Female,79.4,Cheque,Verified
INV001390,2024-03-15,101208,lumpsum,223393,Haryana,Gurugram,T30,26-35,Female,13.0,Net Banking,Verified
INV003674,2024-03-15,120842,lumpsum,275712,Uttar Pradesh,Kanpur,B30,36-45,Male,32.8,Net Banking,Verified
INV001645,2024-03-15,118632,sip,8582,Uttar Pradesh,Kanpur,B30,46-55,Male,77.5,Cheque,Verified
INV002104,2024-03-15,119551,lumpsum,250030,Maharashtra,Mumbai,T30,26-35,Female,15.0,UPI,Verified
INV000547,2024-03-15,118632,sip,464,West Bengal,Kolkata,T30,26-35,Male,16.6,Cheque,Verified
INV000615,2024-03-15,118636,sip,3598,Punjab,Amritsar,B30,36-45,Male,60.0,Mandate,Verified
INV000071,2024-03-15,119120,lumpsum,255302,Madhya Pradesh,Bhopal,B30,26-35,Female,18.2,Mandate,Pending
INV000473,2024-03-15,148567,sip,2298,Karnataka,Mysore,B30,36-45,Male,15.4,Net Banking,Verified
INV001413,2024-03-15,125497,lumpsum,140191,Karnataka,Bangalore,T30,36-45,Male,41.8,Mandate,Verified
INV002556,2024-03-15,119093,redemption,474788,Delhi,Noida,T30,26-35,Male,8.1,Net Banking,Verified
INV004222,2024-03-15,120844,lumpsum,182180,Uttar Pradesh,Kanpur,B30,26-35,Male,10.9,Mandate,Verified
INV004280,2024-03-15,101208,redemption,364210,Rajasthan,Jaipur,T30,26-35,Female,8.5,Net Banking,Verified
INV003377,2024-03-15,119552,redemption,127196,Uttar Pradesh,Agra,B30,36-45,Male,53.9,Net Banking,Verified
INV003083,2024-03-15,119094,sip,1117,Madhya Pradesh,Bhopal,B30,56+,Female,41.3,Net Banking,Verified
INV001772,2024-03-15,101207,redemption,335974,Telangana,Hyderabad,T30,36-45,Male,31.2,UPI,Pending
INV001280,2024-03-15,120844,sip,5011,Rajasthan,Jaipur,T30,18-25,Male,4.7,UPI,Verified
INV004459,2024-03-15,120503,sip,6773,Maharashtra,Pune,T30,26-35,Female,9.2,Cheque,Verified
INV004497,2024-03-15,148568,lumpsum,27438,Rajasthan,Jaipur,T30,26-35,Female,13.3,Cheque,Verified
INV002469,2024-03-15,118636,sip,46797,Tamil Nadu,Chennai,T30,26-35,Female,12.3,UPI,Pending
INV000563,2024-03-15,120506,sip,5017,Uttar Pradesh,Lucknow,T30,26-35,Male,15.5,UPI,Verified
INV004460,2024-03-15,118633,sip,468,Haryana,Gurugram,T30,26-35,Male,24.7,UPI,Verified
INV002358,2024-03-15,120507,sip,2560,Telangana,Hyderabad,T30,36-45,Female,55.6,UPI,Verified
INV000265,2024-03-15,102886,sip,991,Madhya Pradesh,Bhopal,B30,36-45,Male,14.1,Net Banking,Verified
INV001691,2024-03-15,119093,sip,2547,Maharashtra,Mumbai,T30,26-35,Male,10.3,UPI,Verified
INV003997,2024-03-15,119551,sip,22660,Telangana,Hyderabad,T30,36-45,Male,48.3,UPI,Verified
INV001570,2024-03-15,101207,sip,2438,Maharashtra,Pune,T30,26-35,Male,16.0,UPI,Verified
INV002701,2024-03-15,119551,sip,2432,Rajasthan,Jaipur,T30,26-35,Male,11.6,UPI,Verified
INV002275,2024-03-15,149323,sip,2112,Maharashtra,Mumbai,T30,18-25,Male,7.1,Mandate,Pending
INV004320,2024-03-15,120507,sip,4943,Delhi,Gurugram,T30,26-35,Female,8.1,Mandate,Verified
INV004414,2024-03-15,119598,sip,2438,Uttar Pradesh,Lucknow,T30,26-35,Male,6.6,Net Banking,Verified
INV001741,2024-03-15,120504,sip,462,Rajasthan,Udaipur,B30,36-45,Male,52.8,Cheque,Verified
INV001627,2024-03-15,120503,sip,17433,Uttar Pradesh,Agra,B30,26-35,Male,15.9,Mandate,Verified
INV003291,2024-03-15,119094,sip,2688,Gujarat,Surat,T30,36-45,Male,47.1,Mandate,Verified
INV002280,2024-03-15,119552,sip,13855,Karnataka,Mysore,B30,18-25,Male,3.5,UPI,Verified
INV001320,2024-03-15,125498,sip,16407,Punjab,Amritsar,B30,36-45,Male,31.8,Net Banking,Verified
INV001744,2024-03-15,119093,redemption,218474,Karnataka,Mysore,B30,26-35,Male,15.9,UPI,Verified
INV004635,2024-03-15,119092,sip,3552,Punjab,Chandigarh,T30,18-25,Male,4.4,UPI,Verified
INV003894,2024-03-15,119551,lumpsum,67315,Tamil Nadu,Coimbatore,B30,26-35,Male,14.9,Mandate,Verified
INV004046,2024-03-15,119551,sip,3040,Madhya Pradesh,Indore,T30,36-45,Male,53.6,Net Banking,Verified
INV004854,2024-03-15,119551,lumpsum,306565,Rajasthan,Udaipur,B30,18-25,Female,3.5,UPI,Verified
INV004849,2024-03-15,148569,sip,10491,Maharashtra,Pune,T30,46-55,Female,21.9,Cheque,Verified
INV001273,2024-03-15,120503,sip,23144,West Bengal,Kolkata,T30,36-45,Male,18.7,Mandate,Verified
INV003134,2024-03-15,101206,lumpsum,85026,Telangana,Hyderabad,T30,36-45,Female,41.3,Mandate,Verified
INV001832,2024-03-15,120503,sip,14048,Punjab,Chandigarh,T30,18-25,Male,3.8,Mandate,Verified
INV000298,2024-03-15,148568,sip,7034,Uttar Pradesh,Kanpur,B30,18-25,Male,6.3,Net Banking,Verified
INV004268,2024-03-15,118634,sip,2773,Delhi,Gurugram,T30,26-35,Female,10.1,UPI,Verified
INV003127,2024-03-15,148567,lumpsum,150148,Punjab,Amritsar,B30,46-55,Female,37.0,UPI,Verified
INV000357,2024-03-15,118635,lumpsum,180054,Rajasthan,Udaipur,B30,26-35,Male,24.5,Mandate,Verified
INV000649,2024-03-15,119551,lumpsum,498353,Tamil Nadu,Chennai,T30,36-45,Male,27.3,Mandate,Verified
INV004044,2024-03-15,100033,sip,4401,Rajasthan,Jaipur,T30,46-55,Male,82.3,Mandate,Verified
INV003989,2024-03-15,100033,redemption,50039,Maharashtra,Nashik,B30,26-35,Male,24.6,UPI,Verified
INV001837,2024-03-15,118632,sip,985,Uttar Pradesh,Agra,B30,18-25,Male,5.5,UPI,Verified
INV002545,2024-03-16,101207,sip,3521,Haryana,Faridabad,B30,36-45,Male,31.5,Cheque,Verified
INV002104,2024-03-16,118634,redemption,225680,Maharashtra,Mumbai,T30,26-35,Female,15.0,Cheque,Verified
INV002033,2024-03-16,119551,lumpsum,58213,Gujarat,Ahmedabad,T30,46-55,Male,18.9,UPI,Verified
INV000341,2024-03-16,119552,lumpsum,266336,Delhi,New Delhi,T30,26-35,Male,19.6,Cheque,Verified
INV002549,2024-03-16,149323,redemption,471085,Delhi,New Delhi,T30,26-35,Male,12.5,Cheque,Verified
INV004032,2024-03-16,119092,sip,28109,West Bengal,Kolkata,T30,46-55,Male,55.5,Mandate,Verified
INV000004,2024-03-16,101208,sip,960,Punjab,Chandigarh,T30,26-35,Male,20.0,UPI,Verified
INV003598,2024-03-16,119092,sip,4817,Delhi,Gurugram,T30,26-35,Female,12.7,Cheque,Verified
INV004836,2024-03-16,149322,sip,1137,West Bengal,Kolkata,T30,26-35,Male,8.3,Cheque,Verified
INV002693,2024-03-16,119093,lumpsum,297661,Uttar Pradesh,Kanpur,B30,26-35,Male,22.5,UPI,Verified
INV003444,2024-03-16,119092,sip,554,Telangana,Hyderabad,T30,36-45,Female,41.4,Mandate,Verified
INV001726,2024-03-16,101206,redemption,276177,Rajasthan,Udaipur,B30,26-35,Male,19.5,Mandate,Pending
INV000205,2024-03-16,102886,sip,10522,Haryana,Faridabad,B30,18-25,Male,4.4,Mandate,Verified
INV003565,2024-03-16,149323,sip,1033,Gujarat,Surat,T30,26-35,Male,12.0,UPI,Pending
INV000638,2024-03-16,149323,lumpsum,93666,Rajasthan,Udaipur,B30,26-35,Male,12.7,Cheque,Verified
INV002753,2024-03-16,118633,sip,50544,Uttar Pradesh,Lucknow,T30,26-35,Female,21.2,Cheque,Verified
INV004913,2024-03-16,125498,redemption,354645,Rajasthan,Udaipur,B30,26-35,Male,8.6,Cheque,Verified
INV003666,2024-03-16,119551,lumpsum,249002,Gujarat,Surat,T30,18-25,Male,4.3,Net Banking,Verified
INV003844,2024-03-16,149322,sip,5616,Maharashtra,Nashik,B30,26-35,Female,15.9,UPI,Verified
INV002052,2024-03-16,119598,sip,1083,Uttar Pradesh,Lucknow,T30,36-45,Male,50.8,Net Banking,Verified
INV003350,2024-03-16,119120,sip,2137,Maharashtra,Nashik,B30,46-55,Female,37.7,Mandate,Verified
INV001506,2024-03-16,102886,sip,55927,Delhi,Noida,T30,26-35,Female,16.0,UPI,Verified
INV000144,2024-03-16,120504,lumpsum,8058,Delhi,Noida,T30,26-35,Male,19.1,Mandate,Verified
INV004635,2024-03-16,101206,redemption,139861,Punjab,Chandigarh,T30,18-25,Male,4.4,Cheque,Verified
INV004228,2024-03-16,100025,sip,9013,Madhya Pradesh,Bhopal,B30,26-35,Female,18.0,Cheque,Verified
INV001943,2024-03-16,149322,sip,2203,West Bengal,Kolkata,T30,56+,Female,28.3,Mandate,Verified
INV002645,2024-03-16,101207,sip,2141,Haryana,Gurugram,T30,46-55,Female,67.7,UPI,Verified
INV000726,2024-03-16,120503,redemption,293701,Punjab,Chandigarh,T30,26-35,Male,21.1,Cheque,Verified
INV000363,2024-03-16,148568,sip,20499,Madhya Pradesh,Bhopal,B30,26-35,Male,22.6,Cheque,Verified
INV002292,2024-03-16,149323,sip,826,Rajasthan,Udaipur,B30,36-45,Male,54.1,Net Banking,Verified
INV002185,2024-03-16,148568,sip,1159,Punjab,Chandigarh,T30,26-35,Male,21.0,UPI,Verified
INV001195,2024-03-16,101206,sip,5473,Gujarat,Surat,T30,26-35,Male,6.4,Cheque,Verified
INV002408,2024-03-16,120843,sip,40640,Rajasthan,Jaipur,T30,56+,Male,56.2,Cheque,Verified
INV000776,2024-03-16,120504,sip,955,Rajasthan,Jaipur,T30,26-35,Male,12.4,Mandate,Verified
INV001822,2024-03-16,119093,sip,27797,Gujarat,Ahmedabad,T30,36-45,Male,59.6,Net Banking,Verified
INV002897,2024-03-16,101206,redemption,17203,Maharashtra,Pune,T30,26-35,Male,23.1,Mandate,Verified
INV002974,2024-03-16,120842,lumpsum,243974,Telangana,Hyderabad,T30,26-35,Female,21.9,Net Banking,Pending
INV004763,2024-03-16,119551,lumpsum,446752,Karnataka,Bangalore,T30,46-55,Female,19.6,Net Banking,Verified
INV000428,2024-03-16,119092,sip,2444,Delhi,Gurugram,T30,36-45,Male,27.2,Mandate,Verified
INV001624,2024-03-16,118635,lumpsum,155602,Uttar Pradesh,Lucknow,T30,26-35,Female,18.4,UPI,Verified
INV000289,2024-03-16,118632,redemption,310475,Delhi,Gurugram,T30,36-45,Male,54.2,Net Banking,Verified
INV002643,2024-03-16,102887,sip,841,Telangana,Hyderabad,T30,36-45,Male,29.2,UPI,Verified
INV001593,2024-03-16,118633,lumpsum,300550,Punjab,Chandigarh,T30,36-45,Female,53.2,Cheque,Verified
INV003304,2024-03-16,119092,sip,2661,Telangana,Hyderabad,T30,18-25,Female,4.8,Cheque,Verified
INV003181,2024-03-16,101207,lumpsum,265210,Karnataka,Bangalore,T30,18-25,Female,3.9,UPI,Verified
INV003469,2024-03-16,149323,lumpsum,221604,Maharashtra,Nashik,B30,26-35,Male,9.9,UPI,Verified
INV003335,2024-03-16,119095,sip,1167,Maharashtra,Pune,T30,18-25,Male,4.1,Net Banking,Verified
INV004736,2024-03-16,120843,sip,5394,Tamil Nadu,Chennai,T30,36-45,Male,19.7,Mandate,Verified
INV004361,2024-03-16,118634,lumpsum,476172,Haryana,Faridabad,B30,26-35,Female,18.4,Net Banking,Verified
INV001361,2024-03-16,119092,sip,17865,West Bengal,Kolkata,T30,26-35,Female,21.1,UPI,Pending
INV004582,2024-03-16,149323,redemption,575704,Tamil Nadu,Chennai,T30,56+,Male,67.1,UPI,Verified
INV004803,2024-03-16,101206,sip,6611,Haryana,Gurugram,T30,18-25,Female,7.7,UPI,Verified
INV002177,2024-03-16,101207,sip,5170,Haryana,Gurugram,T30,26-35,Male,13.2,Cheque,Verified
INV003979,2024-03-16,148567,lumpsum,259723,Madhya Pradesh,Indore,T30,36-45,Male,44.4,Mandate,Verified
INV002536,2024-03-16,120505,sip,10701,West Bengal,Kolkata,T30,26-35,Male,11.9,UPI,Verified
INV000968,2024-03-16,120843,sip,2592,Tamil Nadu,Chennai,T30,36-45,Female,37.1,UPI,Verified
INV000838,2024-03-16,118634,redemption,241078,Madhya Pradesh,Bhopal,B30,26-35,Male,21.9,Net Banking,Verified
INV003082,2024-03-16,101207,sip,8246,Telangana,Hyderabad,T30,26-35,Male,18.7,UPI,Verified
INV001979,2024-03-16,101207,redemption,263735,Maharashtra,Pune,T30,26-35,Male,12.2,Net Banking,Verified
INV002382,2024-03-16,149324,redemption,380270,Maharashtra,Mumbai,T30,26-35,Male,18.5,Cheque,Verified
INV002588,2024-03-16,120507,redemption,375518,West Bengal,Kolkata,T30,18-25,Male,5.5,Mandate,Verified
INV003633,2024-03-16,118633,lumpsum,313854,Madhya Pradesh,Bhopal,B30,26-35,Male,11.8,Net Banking,Verified
INV002192,2024-03-16,101206,redemption,93729,Uttar Pradesh,Lucknow,T30,18-25,Male,6.9,Cheque,Verified
INV003599,2024-03-17,101207,lumpsum,19037,Madhya Pradesh,Indore,T30,46-55,Male,43.2,Net Banking,Verified
INV000371,2024-03-17,119095,sip,800,Uttar Pradesh,Agra,B30,26-35,Male,14.6,Net Banking,Verified
INV002244,2024-03-17,102886,sip,2703,Maharashtra,Mumbai,T30,36-45,Male,49.4,Net Banking,Verified
INV004672,2024-03-17,119093,sip,21626,Rajasthan,Jaipur,T30,26-35,Male,23.9,Net Banking,Verified
INV002669,2024-03-17,148569,redemption,476348,Madhya Pradesh,Indore,T30,46-55,Male,50.4,Mandate,Verified
INV002547,2024-03-17,100025,lumpsum,187535,Haryana,Gurugram,T30,26-35,Male,7.3,Cheque,Verified
INV003163,2024-03-17,101208,redemption,6524,Punjab,Amritsar,B30,36-45,Female,47.5,UPI,Verified
INV001644,2024-03-17,119094,lumpsum,205479,Madhya Pradesh,Bhopal,B30,18-25,Female,6.7,Net Banking,Verified
INV000742,2024-03-17,119095,redemption,94344,Uttar Pradesh,Lucknow,T30,36-45,Male,27.4,Mandate,Verified
INV004005,2024-03-17,149323,sip,16193,West Bengal,Kolkata,T30,26-35,Male,11.0,UPI,Pending
INV002670,2024-03-17,119093,lumpsum,27156,Uttar Pradesh,Agra,B30,36-45,Male,48.7,Cheque,Verified
INV003569,2024-03-17,120504,lumpsum,355968,Delhi,Gurugram,T30,46-55,Male,65.1,UPI,Verified
INV002467,2024-03-17,101207,sip,4597,Punjab,Chandigarh,T30,36-45,Male,12.3,Net Banking,Verified
INV003573,2024-03-17,120844,sip,3293,Gujarat,Surat,T30,36-45,Male,51.8,Net Banking,Verified
INV003853,2024-03-17,120507,lumpsum,54321,Tamil Nadu,Coimbatore,B30,26-35,Male,16.1,Cheque,Verified
INV002389,2024-03-17,118635,sip,587,Haryana,Faridabad,B30,36-45,Male,50.8,UPI,Verified
INV002095,2024-03-17,119120,sip,5881,Punjab,Amritsar,B30,26-35,Male,9.2,Cheque,Verified
INV003191,2024-03-17,149324,sip,12997,Madhya Pradesh,Bhopal,B30,18-25,Female,6.8,Net Banking,Verified
INV002826,2024-03-17,118634,sip,1163,Haryana,Gurugram,T30,26-35,Male,20.5,Cheque,Verified
INV000869,2024-03-17,118633,lumpsum,19130,West Bengal,Kolkata,T30,26-35,Female,12.1,UPI,Pending
INV001983,2024-03-17,119552,sip,824,West Bengal,Kolkata,T30,36-45,Male,30.6,Net Banking,Verified
INV003010,2024-03-17,101206,sip,21021,Delhi,Gurugram,T30,36-45,Male,13.7,Net Banking,Verified
INV004741,2024-03-17,102887,sip,449,Telangana,Hyderabad,T30,26-35,Female,24.9,UPI,Verified
INV002232,2024-03-17,119551,sip,2753,Karnataka,Bangalore,T30,26-35,Female,16.9,Net Banking,Verified
INV003011,2024-03-17,148569,sip,7453,Gujarat,Ahmedabad,T30,18-25,Male,4.4,Net Banking,Verified
INV001171,2024-03-17,149322,sip,2176,Punjab,Chandigarh,T30,26-35,Female,22.7,UPI,Verified
INV002879,2024-03-17,149322,redemption,24029,Tamil Nadu,Coimbatore,B30,46-55,Male,26.0,Mandate,Verified
INV002659,2024-03-17,149322,sip,6855,Madhya Pradesh,Bhopal,B30,36-45,Female,56.5,Net Banking,Verified
INV003901,2024-03-17,120504,sip,48577,Delhi,Gurugram,T30,46-55,Male,45.4,Cheque,Verified
INV002001,2024-03-17,118633,sip,12130,Uttar Pradesh,Kanpur,B30,36-45,Female,38.4,Net Banking,Verified
INV000992,2024-03-17,120504,sip,472,Tamil Nadu,Coimbatore,B30,46-55,Female,83.5,Mandate,Verified
INV000440,2024-03-17,125497,sip,2174,Uttar Pradesh,Agra,B30,18-25,Male,6.7,UPI,Verified
INV002961,2024-03-17,101207,sip,521,Gujarat,Ahmedabad,T30,26-35,Male,13.0,Net Banking,Verified
INV000004,2024-03-17,118633,lumpsum,78254,Punjab,Chandigarh,T30,26-35,Male,20.0,Net Banking,Verified
INV000196,2024-03-17,120843,sip,2374,Tamil Nadu,Chennai,T30,26-35,Male,17.9,Net Banking,Verified
INV003411,2024-03-17,149322,sip,2265,Tamil Nadu,Chennai,T30,26-35,Male,14.2,Cheque,Verified
INV002134,2024-03-17,101207,sip,593,Rajasthan,Udaipur,B30,26-35,Male,24.8,UPI,Pending
INV000169,2024-03-17,120505,sip,11702,Rajasthan,Jaipur,T30,26-35,Male,6.9,Mandate,Verified
INV001506,2024-03-17,125497,sip,1834,Delhi,Noida,T30,26-35,Female,16.0,Cheque,Verified
INV000644,2024-03-17,120843,sip,2337,West Bengal,Kolkata,T30,26-35,Male,9.1,Mandate,Verified
INV003540,2024-03-17,119092,sip,14922,Telangana,Hyderabad,T30,26-35,Male,23.6,Mandate,Verified
INV000169,2024-03-17,119093,sip,17221,Rajasthan,Jaipur,T30,26-35,Male,6.9,Net Banking,Verified
INV002750,2024-03-17,148567,sip,8640,Madhya Pradesh,Bhopal,B30,36-45,Male,41.8,Net Banking,Verified
INV000834,2024-03-17,119552,sip,966,Uttar Pradesh,Agra,B30,18-25,Female,6.6,Net Banking,Verified
INV000601,2024-03-17,119095,lumpsum,328978,Rajasthan,Jaipur,T30,46-55,Male,52.6,Cheque,Verified
INV000548,2024-03-17,119095,sip,6402,Karnataka,Mysore,B30,36-45,Male,53.2,Mandate,Verified
INV000902,2024-03-17,148569,redemption,542859,Maharashtra,Mumbai,T30,26-35,Female,6.0,Cheque,Verified
INV003047,2024-03-17,119095,lumpsum,151401,Maharashtra,Mumbai,T30,46-55,Male,40.0,Net Banking,Verified
INV001139,2024-03-17,120844,redemption,126771,Gujarat,Ahmedabad,T30,36-45,Male,43.6,UPI,Verified
INV000800,2024-03-17,118635,sip,482,Delhi,New Delhi,T30,36-45,Female,58.8,UPI,Verified
INV003829,2024-03-17,101207,sip,1114,Punjab,Amritsar,B30,36-45,Male,55.6,Net Banking,Verified
INV002758,2024-03-17,120505,sip,11991,Delhi,Gurugram,T30,26-35,Male,7.3,UPI,Verified
INV004802,2024-03-17,120505,sip,17720,Uttar Pradesh,Kanpur,B30,26-35,Male,20.9,Mandate,Verified
INV003968,2024-03-17,120506,sip,12622,Maharashtra,Mumbai,T30,46-55,Female,58.7,Net Banking,Verified
INV004266,2024-03-17,149323,sip,5943,Delhi,New Delhi,T30,36-45,Male,35.9,Mandate,Verified
INV003273,2024-03-17,119598,sip,47936,Haryana,Faridabad,B30,36-45,Male,18.3,UPI,Verified
INV000061,2024-03-17,102885,sip,1111,Tamil Nadu,Chennai,T30,26-35,Female,23.3,UPI,Verified
INV002010,2024-03-17,125498,sip,50468,Uttar Pradesh,Agra,B30,56+,Male,11.6,UPI,Verified
INV000575,2024-03-17,119093,sip,558,Punjab,Amritsar,B30,26-35,Female,16.4,Cheque,Verified
INV003727,2024-03-17,120843,sip,13820,Gujarat,Surat,T30,18-25,Female,7.2,UPI,Pending
INV004022,2024-03-17,118634,sip,6829,Maharashtra,Nashik,B30,36-45,Male,21.9,Net Banking,Verified
INV002008,2024-03-17,120843,sip,407,Haryana,Gurugram,T30,46-55,Male,83.3,Cheque,Verified
INV000183,2024-03-17,120506,sip,1024,Tamil Nadu,Coimbatore,B30,26-35,Male,9.8,Cheque,Verified
INV001530,2024-03-17,120504,sip,4999,Telangana,Hyderabad,T30,26-35,Male,21.0,Mandate,Verified
INV004247,2024-03-17,120842,sip,8927,Tamil Nadu,Chennai,T30,18-25,Male,4.9,UPI,Verified
INV003135,2024-03-17,125497,lumpsum,311283,Gujarat,Ahmedabad,T30,18-25,Female,3.5,Cheque,Verified
INV000888,2024-03-17,120844,redemption,458064,Gujarat,Ahmedabad,T30,26-35,Male,21.9,Mandate,Verified
INV000448,2024-03-17,119093,lumpsum,417653,West Bengal,Kolkata,T30,18-25,Male,3.4,UPI,Verified
INV003188,2024-03-17,148568,sip,2050,Tamil Nadu,Coimbatore,B30,26-35,Male,11.0,UPI,Verified
INV001886,2024-03-17,100033,sip,8484,Haryana,Gurugram,T30,18-25,Male,7.7,UPI,Pending
INV000069,2024-03-17,120505,sip,2386,Gujarat,Ahmedabad,T30,56+,Female,35.9,Net Banking,Pending
INV001520,2024-03-17,119551,lumpsum,294090,Maharashtra,Nashik,B30,36-45,Female,29.7,Cheque,Verified
INV003492,2024-03-17,120844,sip,10745,Gujarat,Ahmedabad,T30,36-45,Male,35.2,Mandate,Verified
INV001274,2024-03-18,120503,sip,578,Maharashtra,Mumbai,T30,36-45,Female,55.7,UPI,Verified
INV003213,2024-03-18,119095,sip,15650,Uttar Pradesh,Lucknow,T30,26-35,Male,21.3,Net Banking,Verified
INV001545,2024-03-18,118634,sip,461,Madhya Pradesh,Bhopal,B30,26-35,Male,11.5,Mandate,Verified
INV002104,2024-03-18,100025,sip,1886,Maharashtra,Mumbai,T30,26-35,Female,15.0,Net Banking,Verified
INV004848,2024-03-18,120842,sip,42204,Haryana,Gurugram,T30,26-35,Male,15.6,Mandate,Verified
INV003580,2024-03-18,102885,sip,2656,Gujarat,Ahmedabad,T30,26-35,Male,22.5,Net Banking,Pending
INV001163,2024-03-18,102885,lumpsum,181577,Karnataka,Mysore,B30,26-35,Male,10.2,Cheque,Pending
INV001150,2024-03-18,102886,sip,21516,Tamil Nadu,Coimbatore,B30,26-35,Female,19.5,Net Banking,Verified
INV002230,2024-03-18,120504,sip,2870,Delhi,Noida,T30,36-45,Male,21.7,Mandate,Verified
INV001169,2024-03-18,101208,lumpsum,498514,Haryana,Gurugram,T30,36-45,Female,12.5,UPI,Verified
INV004997,2024-03-18,119092,sip,11456,Tamil Nadu,Coimbatore,B30,36-45,Female,54.3,UPI,Verified
INV002626,2024-03-18,119552,lumpsum,109311,Karnataka,Bangalore,T30,36-45,Male,29.4,Cheque,Verified
INV003906,2024-03-18,148567,sip,507,Haryana,Faridabad,B30,36-45,Male,39.7,Mandate,Verified
INV003841,2024-03-18,119551,lumpsum,76109,Karnataka,Mysore,B30,26-35,Male,15.7,Mandate,Verified
INV002434,2024-03-18,102885,sip,1750,Uttar Pradesh,Agra,B30,26-35,Male,13.8,UPI,Verified
INV001816,2024-03-18,119551,lumpsum,323348,Telangana,Hyderabad,T30,26-35,Male,9.0,Cheque,Verified
INV002523,2024-03-18,118636,lumpsum,144674,Telangana,Hyderabad,T30,46-55,Female,57.2,Cheque,Verified
INV001982,2024-03-18,120844,sip,2316,Karnataka,Mysore,B30,26-35,Male,14.9,Net Banking,Verified
INV001932,2024-03-18,101207,sip,1145,Karnataka,Bangalore,T30,36-45,Male,20.1,Mandate,Verified
INV003291,2024-03-18,118636,sip,13803,Gujarat,Surat,T30,36-45,Male,47.1,Cheque,Verified
INV003420,2024-03-18,148568,redemption,193878,Haryana,Faridabad,B30,36-45,Male,47.2,Net Banking,Verified
INV004863,2024-03-18,119599,sip,2625,Maharashtra,Mumbai,T30,26-35,Male,21.1,Net Banking,Verified
INV002576,2024-03-18,120506,sip,8984,Telangana,Hyderabad,T30,26-35,Male,20.3,Mandate,Verified
INV000255,2024-03-18,148567,sip,2699,Haryana,Gurugram,T30,26-35,Female,19.9,Net Banking,Verified
INV004043,2024-03-18,148567,redemption,189647,Punjab,Amritsar,B30,36-45,Female,39.5,UPI,Verified
INV003441,2024-03-18,148569,lumpsum,249911,West Bengal,Kolkata,T30,26-35,Male,13.5,UPI,Verified
INV001017,2024-03-18,100016,sip,12697,West Bengal,Kolkata,T30,26-35,Female,19.0,Cheque,Verified
INV004894,2024-03-18,120506,sip,16302,Telangana,Hyderabad,T30,26-35,Female,21.0,Cheque,Verified
INV004445,2024-03-18,119095,sip,8620,Delhi,Noida,T30,36-45,Male,25.7,UPI,Verified
INV004712,2024-03-18,119093,sip,21526,Uttar Pradesh,Kanpur,B30,36-45,Male,55.7,UPI,Verified
INV000310,2024-03-18,125497,lumpsum,394760,Delhi,Noida,T30,36-45,Male,58.4,Mandate,Verified
INV004544,2024-03-18,100033,lumpsum,473773,Maharashtra,Mumbai,T30,36-45,Male,52.1,Mandate,Verified
INV004899,2024-03-18,120507,sip,2349,Delhi,New Delhi,T30,36-45,Male,39.4,Mandate,Verified
INV003381,2024-03-18,102887,sip,4188,Madhya Pradesh,Indore,T30,36-45,Female,12.1,Mandate,Verified
INV003967,2024-03-18,118634,sip,843,Tamil Nadu,Coimbatore,B30,46-55,Male,79.9,Cheque,Verified
INV001086,2024-03-18,101206,lumpsum,415963,Tamil Nadu,Coimbatore,B30,56+,Male,26.6,Cheque,Verified
INV003379,2024-03-18,100016,lumpsum,107399,Uttar Pradesh,Lucknow,T30,36-45,Male,43.2,Net Banking,Verified
INV001366,2024-03-18,101206,lumpsum,19518,Maharashtra,Pune,T30,26-35,Female,13.6,Cheque,Verified
INV001656,2024-03-18,120504,sip,15315,Madhya Pradesh,Bhopal,B30,26-35,Male,19.4,UPI,Verified
INV001825,2024-03-18,120507,lumpsum,494290,Haryana,Faridabad,B30,26-35,Male,21.7,Net Banking,Verified
INV000389,2024-03-18,119092,sip,14835,Delhi,Gurugram,T30,46-55,Male,50.2,Cheque,Verified
INV003801,2024-03-18,120844,sip,413,Punjab,Chandigarh,T30,26-35,Male,17.8,Net Banking,Verified
INV000909,2024-03-18,119599,lumpsum,19420,Haryana,Gurugram,T30,46-55,Female,92.6,Cheque,Pending
INV000607,2024-03-18,119094,lumpsum,472147,Rajasthan,Jaipur,T30,56+,Male,33.9,Cheque,Verified
INV001961,2024-03-18,119598,sip,21738,Delhi,Gurugram,T30,26-35,Male,23.4,UPI,Verified
INV001952,2024-03-18,119094,sip,8304,Uttar Pradesh,Agra,B30,36-45,Male,22.1,UPI,Verified
INV003849,2024-03-18,101206,sip,41771,Karnataka,Mysore,B30,26-35,Male,7.6,UPI,Verified
INV004506,2024-03-18,118635,redemption,319592,Karnataka,Mysore,B30,46-55,Male,76.9,UPI,Verified
INV003320,2024-03-18,149324,redemption,85151,Tamil Nadu,Coimbatore,B30,56+,Male,73.7,UPI,Verified
INV001389,2024-03-18,125498,lumpsum,363639,Karnataka,Mysore,B30,46-55,Female,39.7,UPI,Verified
INV002603,2024-03-18,119552,lumpsum,431593,Haryana,Gurugram,T30,36-45,Male,28.4,UPI,Verified
INV002570,2024-03-18,101208,sip,11051,Punjab,Chandigarh,T30,36-45,Male,55.3,Mandate,Verified
INV000146,2024-03-18,119092,sip,8935,Delhi,Gurugram,T30,26-35,Male,14.1,Mandate,Verified
INV000581,2024-03-18,148568,lumpsum,91003,Tamil Nadu,Coimbatore,B30,36-45,Male,26.4,Net Banking,Verified
INV002069,2024-03-18,119095,sip,2188,West Bengal,Kolkata,T30,46-55,Male,59.0,Net Banking,Verified
INV002950,2024-03-18,101207,redemption,462936,Madhya Pradesh,Indore,T30,46-55,Female,37.4,Mandate,Verified
INV004305,2024-03-18,101208,redemption,217702,Telangana,Hyderabad,T30,36-45,Female,30.1,Net Banking,Verified
INV000818,2024-03-18,120842,sip,2031,Telangana,Hyderabad,T30,56+,Female,62.5,Net Banking,Verified
INV000280,2024-03-18,101206,sip,486,Punjab,Amritsar,B30,26-35,Female,22.9,Mandate,Verified
INV000410,2024-03-18,125497,sip,1916,Rajasthan,Jaipur,T30,18-25,Female,5.3,Net Banking,Verified
INV001467,2024-03-18,149322,lumpsum,109292,Punjab,Chandigarh,T30,36-45,Male,32.5,Net Banking,Verified
INV002977,2024-03-18,120503,sip,6537,Haryana,Faridabad,B30,36-45,Female,26.6,Cheque,Verified
INV002966,2024-03-18,120504,sip,449,Gujarat,Ahmedabad,T30,26-35,Female,18.4,Cheque,Verified
INV003086,2024-03-19,118632,redemption,151112,West Bengal,Kolkata,T30,26-35,Male,20.2,Net Banking,Verified
INV000203,2024-03-19,119094,sip,5120,Maharashtra,Nashik,B30,26-35,Male,16.0,Mandate,Verified
INV000099,2024-03-19,149324,sip,8330,Haryana,Gurugram,T30,36-45,Male,43.5,Mandate,Verified
INV001735,2024-03-19,120844,redemption,241106,Maharashtra,Pune,T30,56+,Male,41.9,UPI,Verified
INV002351,2024-03-19,119599,redemption,11684,Gujarat,Ahmedabad,T30,36-45,Male,18.9,Mandate,Verified
INV004544,2024-03-19,119599,sip,2219,Maharashtra,Mumbai,T30,36-45,Male,52.1,Net Banking,Verified
INV001013,2024-03-19,119095,sip,1757,Telangana,Hyderabad,T30,36-45,Male,40.6,Mandate,Verified
INV000128,2024-03-19,102887,sip,20477,Rajasthan,Jaipur,T30,36-45,Female,50.9,UPI,Verified
INV003049,2024-03-19,119095,lumpsum,90420,Gujarat,Ahmedabad,T30,26-35,Male,15.5,Mandate,Verified
INV001048,2024-03-19,119095,sip,1070,Delhi,New Delhi,T30,46-55,Male,46.6,Cheque,Verified
INV001771,2024-03-19,118636,sip,22539,Gujarat,Surat,T30,46-55,Male,85.9,Mandate,Verified
INV000581,2024-03-19,119120,lumpsum,51226,Tamil Nadu,Coimbatore,B30,36-45,Male,26.4,Net Banking,Verified
INV003119,2024-03-19,118635,lumpsum,108586,Karnataka,Bangalore,T30,18-25,Female,4.6,Cheque,Verified
INV000933,2024-03-19,101206,sip,24885,Rajasthan,Jaipur,T30,36-45,Female,14.9,UPI,Verified
INV004763,2024-03-19,119095,sip,8556,Karnataka,Bangalore,T30,46-55,Female,19.6,Cheque,Verified
INV000516,2024-03-19,101206,lumpsum,144165,Uttar Pradesh,Lucknow,T30,36-45,Male,27.3,Mandate,Verified
INV004851,2024-03-19,120844,sip,403,Uttar Pradesh,Lucknow,T30,26-35,Male,9.3,Net Banking,Verified
INV004463,2024-03-19,102887,lumpsum,33101,Karnataka,Bangalore,T30,26-35,Female,16.1,Mandate,Pending
INV000175,2024-03-19,119552,sip,1663,Karnataka,Bangalore,T30,26-35,Male,17.3,UPI,Verified
INV004787,2024-03-19,119092,sip,3593,Haryana,Faridabad,B30,26-35,Male,8.2,Mandate,Verified
INV000950,2024-03-19,100016,sip,13762,Punjab,Amritsar,B30,36-45,Male,33.1,Net Banking,Pending
INV001709,2024-03-19,149322,lumpsum,250921,Delhi,New Delhi,T30,36-45,Male,55.9,Net Banking,Verified
INV002872,2024-03-19,125497,sip,2805,West Bengal,Kolkata,T30,36-45,Male,47.5,Cheque,Verified
INV002859,2024-03-19,101208,lumpsum,433039,Madhya Pradesh,Indore,T30,26-35,Male,20.1,Mandate,Verified
INV004197,2024-03-19,125498,sip,2958,Maharashtra,Pune,T30,46-55,Male,62.9,Cheque,Verified
INV004742,2024-03-19,125498,sip,7377,Punjab,Chandigarh,T30,26-35,Male,16.2,Mandate,Verified
INV003616,2024-03-19,101208,sip,5974,Rajasthan,Jaipur,T30,36-45,Female,14.0,Mandate,Verified
INV002680,2024-03-19,119599,redemption,411367,West Bengal,Kolkata,T30,36-45,Male,17.4,Net Banking,Verified
INV004980,2024-03-19,119094,sip,51867,Punjab,Amritsar,B30,36-45,Female,36.6,UPI,Verified
INV003772,2024-03-19,118635,sip,2072,Punjab,Amritsar,B30,18-25,Female,6.8,Cheque,Pending
INV001853,2024-03-19,118632,sip,4755,Delhi,Noida,T30,18-25,Male,6.1,Cheque,Verified
INV000541,2024-03-19,101208,sip,14982,Telangana,Hyderabad,T30,46-55,Female,22.9,Mandate,Verified
INV003331,2024-03-19,101207,sip,6626,Karnataka,Bangalore,T30,26-35,Female,7.1,Net Banking,Verified
INV001861,2024-03-19,120504,lumpsum,308595,Haryana,Gurugram,T30,26-35,Female,19.4,UPI,Verified
INV002383,2024-03-19,119598,sip,28350,Madhya Pradesh,Bhopal,B30,18-25,Female,3.2,UPI,Verified
INV002006,2024-03-19,119598,sip,25612,Punjab,Chandigarh,T30,26-35,Male,15.3,Net Banking,Verified
INV001844,2024-03-19,102886,lumpsum,440156,West Bengal,Kolkata,T30,26-35,Female,18.8,Cheque,Verified
INV003677,2024-03-19,120844,sip,15957,Gujarat,Ahmedabad,T30,36-45,Female,23.8,Mandate,Verified
INV000706,2024-03-19,120841,sip,8590,Telangana,Hyderabad,T30,26-35,Female,7.3,Net Banking,Verified
INV004567,2024-03-19,101207,lumpsum,296790,Telangana,Hyderabad,T30,56+,Male,75.0,Mandate,Verified
INV001826,2024-03-19,149322,sip,10651,Punjab,Amritsar,B30,18-25,Male,4.7,Cheque,Verified
INV003936,2024-03-19,102887,lumpsum,102216,Punjab,Chandigarh,T30,36-45,Male,19.8,UPI,Verified
INV003206,2024-03-19,148568,lumpsum,347757,Gujarat,Ahmedabad,T30,26-35,Male,24.1,Net Banking,Verified
INV001331,2024-03-19,120842,lumpsum,33928,Gujarat,Ahmedabad,T30,26-35,Male,17.5,UPI,Verified
INV003874,2024-03-19,149323,sip,5305,Punjab,Amritsar,B30,26-35,Female,16.5,Cheque,Verified
INV002245,2024-03-19,120842,redemption,380759,Karnataka,Mysore,B30,26-35,Female,24.6,Mandate,Verified
INV001636,2024-03-19,101208,sip,5701,Rajasthan,Udaipur,B30,18-25,Male,6.0,Mandate,Verified
INV002704,2024-03-19,101206,sip,4379,Delhi,Noida,T30,36-45,Female,47.8,Mandate,Verified
INV000644,2024-03-19,118632,redemption,320140,West Bengal,Kolkata,T30,26-35,Male,9.1,UPI,Verified
INV001299,2024-03-19,100016,sip,21958,Haryana,Faridabad,B30,26-35,Male,19.9,UPI,Verified
INV000072,2024-03-19,125498,redemption,97759,Gujarat,Ahmedabad,T30,18-25,Female,6.4,UPI,Verified
INV000642,2024-03-19,120841,sip,2502,Gujarat,Surat,T30,26-35,Male,15.6,UPI,Verified
INV003214,2024-03-19,100033,sip,29245,Punjab,Chandigarh,T30,36-45,Male,18.2,Cheque,Verified
INV001457,2024-03-19,100016,sip,2252,Gujarat,Ahmedabad,T30,26-35,Male,17.7,Mandate,Verified
INV002311,2024-03-19,119120,sip,2630,Rajasthan,Udaipur,B30,36-45,Male,31.5,Mandate,Verified
INV003359,2024-03-19,120504,sip,14575,Gujarat,Ahmedabad,T30,26-35,Male,18.4,UPI,Verified
INV002836,2024-03-19,119120,sip,1649,Karnataka,Bangalore,T30,36-45,Male,25.2,Cheque,Verified
INV002792,2024-03-20,102885,lumpsum,414951,Gujarat,Surat,T30,18-25,Male,3.6,UPI,Verified
INV004109,2024-03-20,119120,sip,10989,Uttar Pradesh,Lucknow,T30,56+,Female,59.8,Cheque,Verified
INV004681,2024-03-20,119092,sip,4208,Haryana,Faridabad,B30,26-35,Female,19.0,Net Banking,Verified
INV001063,2024-03-20,148567,sip,2290,Haryana,Faridabad,B30,26-35,Male,24.1,Cheque,Verified
INV000929,2024-03-20,118635,redemption,42401,West Bengal,Kolkata,T30,36-45,Female,27.7,UPI,Verified
INV000073,2024-03-20,148569,sip,47570,Punjab,Amritsar,B30,18-25,Male,5.5,Mandate,Verified
INV001959,2024-03-20,119095,redemption,230392,Tamil Nadu,Chennai,T30,18-25,Female,4.7,Net Banking,Verified
INV002130,2024-03-20,119092,sip,20324,Maharashtra,Pune,T30,46-55,Male,22.5,Mandate,Pending
INV003653,2024-03-20,125497,redemption,243928,Punjab,Amritsar,B30,18-25,Female,3.8,Mandate,Pending
INV001205,2024-03-20,118634,sip,51165,Madhya Pradesh,Bhopal,B30,26-35,Male,24.1,Net Banking,Pending
INV004128,2024-03-20,118632,lumpsum,224200,Haryana,Faridabad,B30,18-25,Male,3.3,Cheque,Verified
INV002852,2024-03-20,149322,sip,2056,West Bengal,Kolkata,T30,46-55,Male,69.5,UPI,Verified
INV000634,2024-03-20,148568,sip,6121,Karnataka,Bangalore,T30,26-35,Female,22.7,Cheque,Verified
INV002306,2024-03-20,101208,sip,8628,Tamil Nadu,Chennai,T30,18-25,Male,3.4,UPI,Verified
INV003350,2024-03-20,120503,sip,2364,Maharashtra,Nashik,B30,46-55,Female,37.7,Cheque,Verified
INV000887,2024-03-20,120844,redemption,451292,Tamil Nadu,Coimbatore,B30,36-45,Male,53.9,Mandate,Verified
INV003445,2024-03-20,100033,sip,16187,Maharashtra,Nashik,B30,36-45,Male,40.9,Mandate,Verified
INV000339,2024-03-20,100025,sip,5041,Uttar Pradesh,Kanpur,B30,26-35,Male,22.3,Mandate,Verified
INV002284,2024-03-20,125497,lumpsum,58055,Karnataka,Bangalore,T30,36-45,Male,55.3,Net Banking,Verified
INV000405,2024-03-20,118634,sip,6805,Karnataka,Mysore,B30,56+,Female,8.6,UPI,Verified
INV002680,2024-03-20,119552,sip,52252,West Bengal,Kolkata,T30,36-45,Male,17.4,UPI,Pending
INV004203,2024-03-20,120506,sip,3191,Madhya Pradesh,Indore,T30,18-25,Male,7.9,Mandate,Verified
INV003505,2024-03-20,102885,redemption,238387,West Bengal,Kolkata,T30,56+,Female,53.5,Net Banking,Verified
INV004390,2024-03-20,118635,lumpsum,216127,Gujarat,Ahmedabad,T30,18-25,Female,6.0,Net Banking,Verified
INV001611,2024-03-20,119094,redemption,457953,West Bengal,Kolkata,T30,18-25,Female,7.4,Net Banking,Verified
INV000046,2024-03-20,119094,redemption,156933,Gujarat,Ahmedabad,T30,26-35,Female,24.5,Mandate,Verified
INV002543,2024-03-20,119093,sip,11859,Madhya Pradesh,Indore,T30,18-25,Female,7.7,UPI,Verified
INV000880,2024-03-20,149324,redemption,370366,Madhya Pradesh,Indore,T30,26-35,Male,18.4,Net Banking,Verified
INV003092,2024-03-20,125497,sip,2908,Karnataka,Mysore,B30,26-35,Male,20.0,UPI,Verified
INV000439,2024-03-20,148567,lumpsum,535321,Rajasthan,Udaipur,B30,56+,Male,23.4,Mandate,Verified
INV003939,2024-03-20,101208,sip,16620,Madhya Pradesh,Bhopal,B30,36-45,Female,58.1,UPI,Verified
INV001093,2024-03-20,102886,lumpsum,319432,West Bengal,Kolkata,T30,46-55,Female,65.2,UPI,Verified
INV003531,2024-03-20,101207,sip,22530,Delhi,Gurugram,T30,36-45,Male,41.9,Cheque,Verified
INV000643,2024-03-20,120841,sip,3355,Haryana,Faridabad,B30,26-35,Female,23.5,UPI,Verified
INV000906,2024-03-20,119599,sip,14752,Maharashtra,Mumbai,T30,26-35,Male,20.7,Net Banking,Verified
INV004301,2024-03-20,120844,sip,503,Haryana,Faridabad,B30,18-25,Male,6.2,Net Banking,Verified
INV002877,2024-03-20,119552,sip,2784,Rajasthan,Jaipur,T30,36-45,Male,56.5,UPI,Verified
INV002186,2024-03-20,120843,lumpsum,35319,Haryana,Faridabad,B30,18-25,Female,7.9,Net Banking,Verified
INV001480,2024-03-20,120844,lumpsum,196978,West Bengal,Kolkata,T30,18-25,Male,3.1,Net Banking,Verified
INV000738,2024-03-20,100033,lumpsum,31337,Punjab,Amritsar,B30,26-35,Male,12.1,Cheque,Verified
INV000445,2024-03-20,101206,sip,4627,Madhya Pradesh,Bhopal,B30,26-35,Female,24.7,UPI,Verified
INV001768,2024-03-20,120842,sip,3479,Madhya Pradesh,Bhopal,B30,26-35,Female,14.1,Cheque,Verified
INV001940,2024-03-20,119552,sip,2809,Delhi,New Delhi,T30,36-45,Male,28.4,Cheque,Verified
INV000921,2024-03-20,120503,lumpsum,110304,Rajasthan,Jaipur,T30,26-35,Male,14.6,Cheque,Verified
INV002385,2024-03-20,120504,sip,50096,Punjab,Chandigarh,T30,26-35,Male,21.9,UPI,Verified
INV001028,2024-03-20,119094,lumpsum,304531,Rajasthan,Jaipur,T30,46-55,Female,67.4,UPI,Verified
INV000098,2024-03-20,102887,redemption,46135,Telangana,Hyderabad,T30,36-45,Male,33.8,Mandate,Verified
INV001356,2024-03-20,120842,redemption,287535,Gujarat,Ahmedabad,T30,26-35,Male,19.7,Net Banking,Verified
INV000175,2024-03-20,119093,lumpsum,114609,Karnataka,Bangalore,T30,26-35,Male,17.3,Cheque,Verified
INV000968,2024-03-20,101207,lumpsum,48464,Tamil Nadu,Chennai,T30,36-45,Female,37.1,Mandate,Verified
INV004523,2024-03-20,118632,redemption,354104,Haryana,Gurugram,T30,26-35,Female,13.5,Net Banking,Verified
INV004619,2024-03-20,149324,sip,2226,Gujarat,Ahmedabad,T30,46-55,Male,47.9,UPI,Verified
INV004780,2024-03-20,101207,lumpsum,22057,Haryana,Gurugram,T30,36-45,Male,42.4,Cheque,Verified
INV003575,2024-03-20,149324,sip,7440,West Bengal,Kolkata,T30,18-25,Male,4.7,Mandate,Verified
INV002390,2024-03-20,100025,sip,3434,Uttar Pradesh,Kanpur,B30,56+,Female,24.4,Net Banking,Verified
INV000829,2024-03-20,118633,redemption,38855,West Bengal,Kolkata,T30,26-35,Female,23.1,Mandate,Verified
INV004870,2024-03-20,149322,sip,2752,Punjab,Amritsar,B30,46-55,Male,65.9,Mandate,Verified
INV002110,2024-03-20,120843,sip,21068,Haryana,Faridabad,B30,26-35,Female,20.8,UPI,Verified
INV004191,2024-03-20,119598,sip,2360,Maharashtra,Nashik,B30,26-35,Female,19.5,Mandate,Verified
INV001575,2024-03-20,120503,sip,948,Karnataka,Bangalore,T30,26-35,Male,12.0,Mandate,Verified
INV004693,2024-03-20,102885,redemption,201121,Maharashtra,Nashik,B30,36-45,Male,44.9,Mandate,Verified
INV001332,2024-03-20,148568,sip,1733,Uttar Pradesh,Agra,B30,26-35,Female,19.9,Mandate,Verified
INV001548,2024-03-20,100033,sip,9286,Delhi,New Delhi,T30,26-35,Male,24.8,UPI,Verified
INV003930,2024-03-20,119094,redemption,406317,Tamil Nadu,Chennai,T30,36-45,Male,16.2,Mandate,Verified
INV004954,2024-03-20,100025,redemption,57083,Haryana,Faridabad,B30,26-35,Female,6.6,UPI,Verified
INV001638,2024-03-20,120505,sip,8139,West Bengal,Kolkata,T30,36-45,Female,15.8,Net Banking,Verified
INV004051,2024-03-20,125497,redemption,581078,Rajasthan,Udaipur,B30,36-45,Female,28.8,UPI,Verified
INV004643,2024-03-20,118636,redemption,390588,Delhi,Noida,T30,26-35,Female,12.4,Net Banking,Verified
INV002257,2024-03-20,118635,sip,529,West Bengal,Kolkata,T30,26-35,Male,9.8,UPI,Verified
INV001465,2024-03-20,101207,sip,587,Punjab,Amritsar,B30,26-35,Male,21.0,Cheque,Verified
INV004262,2024-03-20,125497,lumpsum,46588,Uttar Pradesh,Agra,B30,26-35,Male,6.2,Cheque,Verified
INV002879,2024-03-20,102885,sip,4497,Tamil Nadu,Coimbatore,B30,46-55,Male,26.0,Mandate,Verified
INV001790,2024-03-20,100033,sip,1040,Punjab,Chandigarh,T30,46-55,Male,15.8,UPI,Pending
INV000624,2024-03-21,120841,sip,2553,West Bengal,Kolkata,T30,56+,Male,79.6,Net Banking,Verified
INV003139,2024-03-21,149323,sip,1896,Karnataka,Mysore,B30,36-45,Male,39.4,UPI,Verified
INV003059,2024-03-21,120507,sip,2251,Uttar Pradesh,Agra,B30,26-35,Male,18.4,UPI,Verified
INV003376,2024-03-21,149324,sip,5511,Delhi,New Delhi,T30,36-45,Male,44.4,Net Banking,Pending
INV003759,2024-03-21,101206,sip,3422,Haryana,Gurugram,T30,26-35,Male,6.1,Net Banking,Pending
INV004246,2024-03-21,119599,sip,1617,West Bengal,Kolkata,T30,36-45,Female,12.2,Net Banking,Verified
INV002891,2024-03-21,102887,sip,2998,Haryana,Faridabad,B30,36-45,Female,56.5,Cheque,Verified
INV000873,2024-03-21,118632,sip,2339,Uttar Pradesh,Lucknow,T30,26-35,Male,8.9,UPI,Verified
INV003233,2024-03-21,102887,sip,29274,Karnataka,Bangalore,T30,56+,Male,16.8,Mandate,Verified
INV000023,2024-03-21,120507,sip,17369,West Bengal,Kolkata,T30,46-55,Female,61.9,Mandate,Verified
INV001361,2024-03-21,149324,sip,5454,West Bengal,Kolkata,T30,26-35,Female,21.1,Cheque,Verified
INV003144,2024-03-21,120841,lumpsum,166152,Haryana,Gurugram,T30,36-45,Female,38.0,Net Banking,Verified
INV001457,2024-03-21,119094,lumpsum,356143,Gujarat,Ahmedabad,T30,26-35,Male,17.7,Mandate,Verified
INV002727,2024-03-21,120841,sip,1058,Madhya Pradesh,Bhopal,B30,26-35,Female,6.3,UPI,Verified
INV002420,2024-03-21,119552,lumpsum,217191,Karnataka,Mysore,B30,26-35,Female,6.4,Mandate,Verified
INV002473,2024-03-21,119598,lumpsum,201577,Uttar Pradesh,Lucknow,T30,36-45,Male,41.8,Net Banking,Verified
INV004265,2024-03-21,118632,lumpsum,390417,Punjab,Amritsar,B30,18-25,Male,7.6,Cheque,Pending
INV004779,2024-03-21,119551,sip,3025,West Bengal,Kolkata,T30,36-45,Female,41.0,UPI,Verified
INV001116,2024-03-21,102886,redemption,252204,Haryana,Faridabad,B30,36-45,Male,17.8,Cheque,Verified
INV000779,2024-03-21,119093,sip,4635,Gujarat,Ahmedabad,T30,36-45,Male,35.3,Net Banking,Verified
INV001886,2024-03-21,125498,sip,12781,Haryana,Gurugram,T30,18-25,Male,7.7,Mandate,Verified
INV004845,2024-03-21,148569,sip,24696,West Bengal,Kolkata,T30,18-25,Male,7.5,Net Banking,Verified
INV003239,2024-03-21,149324,sip,10207,Uttar Pradesh,Agra,B30,56+,Female,48.3,UPI,Verified
INV001211,2024-03-21,101207,redemption,188503,Telangana,Hyderabad,T30,26-35,Male,20.2,Net Banking,Verified
INV004771,2024-03-21,120843,sip,5566,Tamil Nadu,Coimbatore,B30,18-25,Male,6.6,Mandate,Pending
INV003587,2024-03-21,149323,redemption,200372,Telangana,Hyderabad,T30,26-35,Female,16.4,Cheque,Verified
INV003141,2024-03-21,149322,sip,2559,Maharashtra,Pune,T30,36-45,Female,40.1,UPI,Verified
INV003140,2024-03-21,120842,redemption,297851,West Bengal,Kolkata,T30,26-35,Male,16.9,UPI,Verified
INV002502,2024-03-21,120504,redemption,338682,Tamil Nadu,Coimbatore,B30,26-35,Male,23.6,Net Banking,Verified
INV004891,2024-03-21,149324,sip,28460,Telangana,Hyderabad,T30,46-55,Female,83.5,Net Banking,Verified
INV003040,2024-03-21,119552,sip,2433,Karnataka,Bangalore,T30,26-35,Female,15.3,Mandate,Verified
INV003100,2024-03-21,120504,sip,1114,Telangana,Hyderabad,T30,26-35,Male,16.5,Cheque,Verified
INV004700,2024-03-21,119094,lumpsum,99939,Gujarat,Ahmedabad,T30,26-35,Male,15.9,Mandate,Verified
INV000630,2024-03-21,119598,sip,13181,Uttar Pradesh,Kanpur,B30,26-35,Male,18.9,UPI,Verified
INV000972,2024-03-21,118632,lumpsum,325380,Telangana,Hyderabad,T30,18-25,Female,5.9,Mandate,Verified
INV002199,2024-03-21,100025,redemption,460485,Gujarat,Ahmedabad,T30,26-35,Male,18.6,Cheque,Verified
INV003260,2024-03-21,119551,redemption,17681,Madhya Pradesh,Indore,T30,18-25,Male,7.9,UPI,Verified
INV000095,2024-03-21,120505,lumpsum,400863,West Bengal,Kolkata,T30,18-25,Male,6.5,Cheque,Verified
INV000547,2024-03-21,118636,redemption,194759,West Bengal,Kolkata,T30,26-35,Male,16.6,Net Banking,Verified
INV000146,2024-03-21,118635,lumpsum,278960,Delhi,Gurugram,T30,26-35,Male,14.1,Mandate,Pending
INV002036,2024-03-21,119094,lumpsum,132055,Madhya Pradesh,Indore,T30,26-35,Male,23.2,Mandate,Verified
INV002116,2024-03-21,100033,lumpsum,306528,Karnataka,Bangalore,T30,18-25,Male,3.8,Mandate,Verified
INV002464,2024-03-21,119094,sip,3593,Karnataka,Bangalore,T30,26-35,Female,22.9,Cheque,Pending
INV004437,2024-03-21,125498,redemption,529497,Telangana,Hyderabad,T30,26-35,Male,13.7,Net Banking,Verified
INV002023,2024-03-21,125497,lumpsum,321330,Madhya Pradesh,Indore,T30,36-45,Female,50.5,UPI,Verified
INV002532,2024-03-21,119094,redemption,245606,Telangana,Hyderabad,T30,56+,Female,11.7,UPI,Verified
INV001006,2024-03-21,149324,sip,15642,Tamil Nadu,Coimbatore,B30,56+,Female,75.6,Mandate,Verified
INV000223,2024-03-21,120503,lumpsum,133657,West Bengal,Kolkata,T30,26-35,Male,6.3,Cheque,Verified
INV004134,2024-03-21,149322,sip,939,West Bengal,Kolkata,T30,36-45,Male,24.4,Mandate,Verified
INV002648,2024-03-21,149322,sip,9506,Punjab,Chandigarh,T30,36-45,Male,57.1,UPI,Verified
INV003659,2024-03-21,119092,lumpsum,494816,Madhya Pradesh,Bhopal,B30,56+,Male,27.4,UPI,Pending
INV001553,2024-03-21,120504,lumpsum,55845,Delhi,Noida,T30,26-35,Male,23.5,Mandate,Verified
INV000214,2024-03-21,101208,sip,13901,Madhya Pradesh,Indore,T30,26-35,Female,20.7,Net Banking,Pending
INV001504,2024-03-21,149322,sip,3380,Haryana,Faridabad,B30,36-45,Male,25.5,UPI,Verified
INV001680,2024-03-21,100025,redemption,128250,Madhya Pradesh,Indore,T30,26-35,Male,22.8,Mandate,Verified
INV001428,2024-03-21,120841,redemption,48591,Delhi,New Delhi,T30,26-35,Male,17.8,Cheque,Verified
INV004916,2024-03-21,120506,lumpsum,345338,Haryana,Faridabad,B30,26-35,Male,12.5,Mandate,Verified
INV002762,2024-03-21,118636,redemption,94174,Rajasthan,Udaipur,B30,26-35,Female,21.9,UPI,Verified
INV002748,2024-03-21,149323,redemption,377762,Punjab,Amritsar,B30,26-35,Male,7.8,Mandate,Verified
INV003645,2024-03-21,119599,lumpsum,442779,Punjab,Amritsar,B30,26-35,Male,13.4,UPI,Verified
INV002375,2024-03-21,118633,sip,2323,Haryana,Gurugram,T30,46-55,Male,64.0,UPI,Verified
INV001778,2024-03-21,148568,sip,421,Maharashtra,Mumbai,T30,26-35,Male,9.7,Cheque,Verified
INV000202,2024-03-21,149322,sip,1904,Haryana,Gurugram,T30,18-25,Male,4.1,UPI,Pending
INV002166,2024-03-21,119598,lumpsum,46396,Haryana,Gurugram,T30,36-45,Male,33.3,Mandate,Verified
INV000201,2024-03-22,148568,sip,515,Madhya Pradesh,Indore,T30,46-55,Male,87.0,Mandate,Verified
INV001017,2024-03-22,101206,sip,2274,West Bengal,Kolkata,T30,26-35,Female,19.0,UPI,Verified
INV004592,2024-03-22,120842,sip,8122,Maharashtra,Pune,T30,36-45,Male,56.6,UPI,Verified
INV002757,2024-03-22,120507,sip,8493,Madhya Pradesh,Indore,T30,18-25,Male,5.0,UPI,Verified
INV001210,2024-03-22,101207,sip,8092,Uttar Pradesh,Agra,B30,36-45,Male,25.5,Net Banking,Verified
INV003332,2024-03-22,149322,sip,500,Uttar Pradesh,Kanpur,B30,46-55,Male,83.2,Cheque,Verified
INV002327,2024-03-22,119094,sip,1196,Punjab,Amritsar,B30,26-35,Male,7.0,Mandate,Verified
INV001695,2024-03-22,119599,lumpsum,341730,Punjab,Amritsar,B30,36-45,Male,24.0,Net Banking,Pending
INV001768,2024-03-22,120503,sip,1107,Madhya Pradesh,Bhopal,B30,26-35,Female,14.1,Net Banking,Pending
INV000769,2024-03-22,119095,sip,11995,West Bengal,Kolkata,T30,36-45,Male,41.1,Cheque,Verified
INV004786,2024-03-22,119551,sip,2353,Rajasthan,Udaipur,B30,26-35,Male,10.3,Cheque,Verified
INV001226,2024-03-22,119092,redemption,583387,West Bengal,Kolkata,T30,26-35,Female,20.4,Net Banking,Verified
INV000283,2024-03-22,100016,sip,2773,West Bengal,Kolkata,T30,46-55,Male,18.1,Mandate,Verified
INV000661,2024-03-22,125497,sip,14266,Haryana,Faridabad,B30,36-45,Male,46.8,UPI,Pending
INV001708,2024-03-22,149323,redemption,415323,Haryana,Faridabad,B30,18-25,Male,7.7,Mandate,Verified
INV001034,2024-03-22,125498,sip,1164,Maharashtra,Pune,T30,26-35,Male,20.4,Net Banking,Verified
INV003022,2024-03-22,100033,sip,42099,Telangana,Hyderabad,T30,46-55,Male,60.2,Cheque,Verified
INV002720,2024-03-22,100033,sip,1102,Karnataka,Bangalore,T30,26-35,Male,19.2,Net Banking,Verified
INV003825,2024-03-22,120507,sip,11869,Telangana,Hyderabad,T30,56+,Male,69.6,Mandate,Verified
INV003775,2024-03-22,118632,redemption,123055,Maharashtra,Mumbai,T30,56+,Male,12.8,Mandate,Verified
INV002476,2024-03-22,120505,sip,27776,Telangana,Hyderabad,T30,36-45,Female,58.6,Cheque,Verified
INV000299,2024-03-22,120503,sip,6326,Delhi,Noida,T30,26-35,Male,24.4,Cheque,Verified
INV002468,2024-03-22,119598,sip,1158,West Bengal,Kolkata,T30,46-55,Male,48.8,Net Banking,Verified
INV001423,2024-03-22,120841,lumpsum,307541,Madhya Pradesh,Bhopal,B30,18-25,Female,7.7,Mandate,Verified
INV004930,2024-03-22,120842,sip,547,West Bengal,Kolkata,T30,26-35,Male,15.5,Net Banking,Verified
INV001548,2024-03-22,102886,lumpsum,370091,Delhi,New Delhi,T30,26-35,Male,24.8,Cheque,Verified
INV000778,2024-03-22,102887,sip,3432,Haryana,Faridabad,B30,26-35,Male,16.9,Net Banking,Verified
INV002243,2024-03-22,125497,sip,2405,Tamil Nadu,Coimbatore,B30,26-35,Male,7.8,UPI,Verified
INV002540,2024-03-22,149324,sip,504,Uttar Pradesh,Agra,B30,26-35,Male,10.8,Cheque,Verified
INV001461,2024-03-22,102887,sip,2167,Telangana,Hyderabad,T30,26-35,Female,13.5,Net Banking,Verified
INV000822,2024-03-22,120841,sip,12551,Punjab,Amritsar,B30,26-35,Male,9.2,Mandate,Verified
INV001588,2024-03-22,118636,sip,2330,Karnataka,Bangalore,T30,56+,Male,75.2,UPI,Verified
INV004221,2024-03-22,118633,sip,2398,Uttar Pradesh,Agra,B30,36-45,Female,59.4,Mandate,Pending
INV004476,2024-03-22,149324,redemption,114548,Gujarat,Surat,T30,26-35,Male,9.3,Net Banking,Verified
INV002217,2024-03-22,102886,sip,1049,Tamil Nadu,Coimbatore,B30,18-25,Male,7.0,UPI,Verified
INV001329,2024-03-22,120505,sip,3293,Punjab,Amritsar,B30,36-45,Female,37.2,UPI,Verified
INV004957,2024-03-22,101207,sip,1812,Delhi,New Delhi,T30,36-45,Male,51.2,Cheque,Verified
INV003806,2024-03-22,120841,sip,15287,Karnataka,Bangalore,T30,26-35,Male,14.7,Mandate,Verified
INV002258,2024-03-22,118632,lumpsum,317163,Madhya Pradesh,Bhopal,B30,36-45,Male,33.7,Net Banking,Verified
INV002928,2024-03-22,120841,redemption,204140,Tamil Nadu,Coimbatore,B30,26-35,Male,9.4,Cheque,Verified
INV001857,2024-03-22,119120,redemption,148663,Tamil Nadu,Chennai,T30,26-35,Male,24.0,Mandate,Verified
INV003601,2024-03-22,120841,redemption,404657,Haryana,Faridabad,B30,26-35,Female,17.0,Mandate,Verified
INV001304,2024-03-22,120506,sip,2164,Gujarat,Ahmedabad,T30,26-35,Male,21.8,Mandate,Verified
INV000666,2024-03-22,101206,sip,556,Maharashtra,Mumbai,T30,36-45,Male,49.7,Cheque,Pending
INV002153,2024-03-22,119551,sip,3391,Maharashtra,Nashik,B30,18-25,Female,3.5,Net Banking,Pending
INV003144,2024-03-22,101207,sip,2481,Haryana,Gurugram,T30,36-45,Female,38.0,UPI,Verified
INV000085,2024-03-22,120506,lumpsum,568417,Gujarat,Surat,T30,26-35,Female,14.6,Cheque,Verified
INV000081,2024-03-22,119552,sip,2662,Gujarat,Surat,T30,36-45,Male,31.0,Net Banking,Verified
INV000625,2024-03-22,120844,sip,10742,Rajasthan,Jaipur,T30,46-55,Female,19.7,Mandate,Verified
INV004822,2024-03-22,102886,sip,2244,Rajasthan,Udaipur,B30,26-35,Male,14.8,UPI,Verified
INV003846,2024-03-22,120841,sip,1610,Uttar Pradesh,Agra,B30,46-55,Female,44.2,UPI,Verified
INV000680,2024-03-22,118635,lumpsum,322985,Tamil Nadu,Chennai,T30,18-25,Female,4.1,Net Banking,Verified
INV000979,2024-03-22,125498,lumpsum,398144,Karnataka,Bangalore,T30,26-35,Male,24.7,UPI,Verified
INV003139,2024-03-22,119120,sip,480,Karnataka,Mysore,B30,36-45,Male,39.4,Mandate,Verified
INV000681,2024-03-22,119551,sip,538,Delhi,New Delhi,T30,26-35,Male,23.4,Cheque,Verified
INV002361,2024-03-22,119095,lumpsum,316237,Gujarat,Surat,T30,36-45,Male,59.3,Mandate,Pending
INV000460,2024-03-22,149322,sip,14292,Delhi,Noida,T30,36-45,Male,47.1,Mandate,Verified
INV001875,2024-03-22,119095,redemption,426344,Karnataka,Mysore,B30,56+,Female,64.4,UPI,Verified
INV002000,2024-03-22,125498,sip,14792,Rajasthan,Jaipur,T30,36-45,Female,57.6,Cheque,Verified
INV000222,2024-03-22,120504,redemption,152046,Maharashtra,Mumbai,T30,36-45,Male,46.7,Cheque,Pending
INV003986,2024-03-22,119094,redemption,424741,Telangana,Hyderabad,T30,36-45,Male,44.2,Net Banking,Verified
INV003626,2024-03-22,102885,redemption,176153,Madhya Pradesh,Indore,T30,26-35,Male,23.5,UPI,Verified
INV003671,2024-03-22,100016,lumpsum,412976,Haryana,Gurugram,T30,36-45,Female,22.9,UPI,Verified
INV000778,2024-03-22,120504,redemption,283479,Haryana,Faridabad,B30,26-35,Male,16.9,Cheque,Verified
INV002445,2024-03-23,102885,sip,8052,Punjab,Chandigarh,T30,26-35,Male,9.5,UPI,Verified
INV004362,2024-03-23,102885,redemption,252953,West Bengal,Kolkata,T30,26-35,Female,12.1,UPI,Verified
INV000418,2024-03-23,149322,sip,17035,Rajasthan,Jaipur,T30,26-35,Female,13.6,Net Banking,Verified
INV000609,2024-03-23,102885,lumpsum,345771,Tamil Nadu,Coimbatore,B30,18-25,Male,3.9,UPI,Verified
INV002661,2024-03-23,100016,sip,497,West Bengal,Kolkata,T30,36-45,Male,21.6,Cheque,Verified
INV003594,2024-03-23,149324,sip,25268,Madhya Pradesh,Indore,T30,18-25,Male,5.8,Cheque,Verified
INV000497,2024-03-23,120504,sip,470,Madhya Pradesh,Bhopal,B30,36-45,Male,45.7,Mandate,Verified
INV003182,2024-03-23,118632,sip,1055,Tamil Nadu,Chennai,T30,18-25,Female,4.8,Cheque,Verified
INV000826,2024-03-23,119551,sip,17874,Madhya Pradesh,Bhopal,B30,36-45,Female,44.3,UPI,Verified
INV002809,2024-03-23,100016,sip,8050,Uttar Pradesh,Agra,B30,36-45,Male,48.6,UPI,Pending
INV001226,2024-03-23,120841,lumpsum,73452,West Bengal,Kolkata,T30,26-35,Female,20.4,Net Banking,Verified
INV000864,2024-03-23,119094,sip,49204,Tamil Nadu,Chennai,T30,26-35,Female,24.9,UPI,Verified
INV004133,2024-03-23,119094,sip,13810,Maharashtra,Nashik,B30,36-45,Male,41.6,Mandate,Verified
INV003548,2024-03-23,120844,sip,5849,Karnataka,Bangalore,T30,26-35,Male,23.3,Mandate,Verified
INV002964,2024-03-23,118636,sip,2395,Rajasthan,Udaipur,B30,46-55,Male,84.1,Cheque,Verified
INV003603,2024-03-23,118635,sip,1163,Madhya Pradesh,Indore,T30,36-45,Male,52.4,Cheque,Verified
INV001790,2024-03-23,119599,sip,433,Punjab,Chandigarh,T30,46-55,Male,15.8,Net Banking,Verified
INV004267,2024-03-23,120841,redemption,281733,Gujarat,Surat,T30,46-55,Male,99.7,Mandate,Verified
INV004347,2024-03-23,120842,sip,15949,West Bengal,Kolkata,T30,36-45,Male,20.5,Cheque,Verified
INV004954,2024-03-23,119598,sip,10851,Haryana,Faridabad,B30,26-35,Female,6.6,Mandate,Verified
INV004779,2024-03-23,125498,redemption,34399,West Bengal,Kolkata,T30,36-45,Female,41.0,Cheque,Verified
INV003789,2024-03-23,125497,sip,1608,Rajasthan,Udaipur,B30,36-45,Male,29.9,UPI,Verified
INV002631,2024-03-23,118634,lumpsum,64210,Uttar Pradesh,Kanpur,B30,46-55,Female,93.8,Cheque,Pending
INV004682,2024-03-23,119551,sip,13684,Telangana,Hyderabad,T30,26-35,Female,8.7,UPI,Verified
INV001225,2024-03-23,149323,redemption,104881,Karnataka,Mysore,B30,26-35,Male,16.5,Cheque,Verified
INV003722,2024-03-23,102886,lumpsum,383848,Maharashtra,Nashik,B30,36-45,Female,50.8,Mandate,Verified
INV004633,2024-03-23,119551,redemption,358459,Telangana,Hyderabad,T30,18-25,Female,4.9,Cheque,Verified
INV002040,2024-03-23,119093,redemption,428259,Karnataka,Mysore,B30,36-45,Female,49.1,UPI,Verified
INV002735,2024-03-23,120505,sip,4932,Tamil Nadu,Coimbatore,B30,18-25,Female,7.6,UPI,Verified
INV001514,2024-03-23,119093,redemption,179209,Delhi,Gurugram,T30,46-55,Male,75.8,Mandate,Verified
INV000793,2024-03-23,102887,sip,457,West Bengal,Kolkata,T30,26-35,Female,8.4,Mandate,Verified
INV000718,2024-03-23,120507,lumpsum,349676,Delhi,Gurugram,T30,26-35,Male,10.8,Mandate,Verified
INV003157,2024-03-23,119120,sip,7101,Maharashtra,Pune,T30,36-45,Male,44.7,UPI,Verified
INV002037,2024-03-23,102887,redemption,176838,Delhi,New Delhi,T30,56+,Male,22.0,Mandate,Verified
INV004971,2024-03-23,101206,lumpsum,80613,Telangana,Hyderabad,T30,26-35,Male,21.3,UPI,Verified
INV002003,2024-03-23,118632,lumpsum,141036,Delhi,New Delhi,T30,26-35,Female,20.1,UPI,Verified
INV000192,2024-03-23,118634,sip,2432,Haryana,Faridabad,B30,26-35,Male,24.4,Mandate,Verified
INV002566,2024-03-23,119551,sip,1021,Uttar Pradesh,Kanpur,B30,26-35,Female,23.0,Mandate,Verified
INV002656,2024-03-23,118635,sip,21543,Tamil Nadu,Coimbatore,B30,26-35,Male,9.6,Net Banking,Verified
INV004866,2024-03-23,101206,redemption,236440,Madhya Pradesh,Bhopal,B30,36-45,Male,14.6,UPI,Verified
INV000495,2024-03-23,118635,sip,27404,Gujarat,Surat,T30,26-35,Female,7.6,Mandate,Verified
INV003194,2024-03-23,119092,sip,25560,Haryana,Faridabad,B30,26-35,Female,19.5,Mandate,Verified
INV004574,2024-03-23,148569,sip,17331,Maharashtra,Mumbai,T30,36-45,Male,54.3,Mandate,Verified
INV001564,2024-03-23,102887,sip,2076,Haryana,Faridabad,B30,46-55,Male,43.2,Cheque,Verified
INV001164,2024-03-23,149323,redemption,291706,Punjab,Chandigarh,T30,36-45,Male,54.4,Mandate,Pending
INV001856,2024-03-23,118632,sip,10395,Delhi,New Delhi,T30,36-45,Female,43.5,Net Banking,Verified
INV003589,2024-03-23,100033,lumpsum,136767,Maharashtra,Nashik,B30,26-35,Female,11.4,Mandate,Verified
INV003832,2024-03-23,125498,redemption,62065,Karnataka,Mysore,B30,46-55,Male,34.4,Mandate,Verified
INV000532,2024-03-23,148567,lumpsum,173452,Madhya Pradesh,Bhopal,B30,26-35,Male,9.0,Mandate,Verified
INV002429,2024-03-23,101206,sip,828,Rajasthan,Udaipur,B30,26-35,Male,11.2,Net Banking,Verified
INV002627,2024-03-23,119551,sip,7864,West Bengal,Kolkata,T30,26-35,Male,19.0,UPI,Verified
INV000989,2024-03-23,119551,sip,7835,Gujarat,Surat,T30,36-45,Male,16.1,Mandate,Verified
INV003771,2024-03-23,100016,sip,2511,Telangana,Hyderabad,T30,46-55,Male,47.6,UPI,Pending
INV004128,2024-03-23,118633,lumpsum,324099,Haryana,Faridabad,B30,18-25,Male,3.3,Mandate,Verified
INV000252,2024-03-23,120842,sip,49161,Gujarat,Surat,T30,46-55,Female,24.4,Mandate,Verified
INV004257,2024-03-23,125498,redemption,257046,Telangana,Hyderabad,T30,36-45,Male,22.0,UPI,Verified
INV003741,2024-03-23,120503,lumpsum,476194,Madhya Pradesh,Bhopal,B30,36-45,Male,30.3,Net Banking,Verified
INV003635,2024-03-23,119094,sip,1051,West Bengal,Kolkata,T30,56+,Female,55.1,Net Banking,Verified
INV000648,2024-03-23,149323,sip,2070,Uttar Pradesh,Kanpur,B30,18-25,Female,5.8,Cheque,Verified
INV002357,2024-03-23,119598,sip,6764,Delhi,Gurugram,T30,26-35,Male,7.8,Cheque,Verified
INV002262,2024-03-23,120841,sip,3328,Rajasthan,Udaipur,B30,26-35,Male,8.2,Cheque,Verified
INV000139,2024-03-24,101206,sip,6583,Punjab,Chandigarh,T30,18-25,Female,7.6,UPI,Pending
INV001845,2024-03-24,125498,sip,12343,Uttar Pradesh,Agra,B30,26-35,Female,14.8,UPI,Verified
INV004980,2024-03-24,119094,redemption,196893,Punjab,Amritsar,B30,36-45,Female,36.6,Net Banking,Pending
INV001123,2024-03-24,149322,sip,52803,Uttar Pradesh,Lucknow,T30,26-35,Male,23.9,UPI,Verified
INV004206,2024-03-24,125498,lumpsum,249193,Maharashtra,Pune,T30,26-35,Female,20.9,UPI,Pending
INV004091,2024-03-24,120842,sip,1654,Tamil Nadu,Chennai,T30,26-35,Male,7.2,UPI,Verified
INV003389,2024-03-24,118635,lumpsum,78476,Telangana,Hyderabad,T30,26-35,Male,22.3,Cheque,Verified
INV004091,2024-03-24,119092,sip,2198,Tamil Nadu,Chennai,T30,26-35,Male,7.2,Net Banking,Verified
INV004264,2024-03-24,120842,lumpsum,497710,Gujarat,Ahmedabad,T30,36-45,Female,45.2,Net Banking,Verified
INV003405,2024-03-24,149322,redemption,511756,Rajasthan,Jaipur,T30,26-35,Male,11.5,Mandate,Verified
INV004607,2024-03-24,148569,sip,2369,Telangana,Hyderabad,T30,26-35,Female,7.0,Cheque,Verified
INV004541,2024-03-24,120505,sip,2645,Madhya Pradesh,Indore,T30,26-35,Female,9.6,Net Banking,Verified
INV001221,2024-03-24,101207,lumpsum,488421,Delhi,New Delhi,T30,26-35,Female,22.4,UPI,Verified
INV004621,2024-03-24,148568,sip,7874,Punjab,Amritsar,B30,36-45,Female,16.9,UPI,Verified
INV001442,2024-03-24,100033,sip,427,Uttar Pradesh,Lucknow,T30,26-35,Male,16.2,UPI,Verified
INV000536,2024-03-24,149323,sip,11715,Delhi,New Delhi,T30,36-45,Female,29.6,Cheque,Verified
INV004256,2024-03-24,149324,sip,6967,Karnataka,Mysore,B30,26-35,Male,22.3,Net Banking,Verified
INV002583,2024-03-24,100025,sip,2355,Gujarat,Ahmedabad,T30,46-55,Male,48.5,Net Banking,Verified
INV003475,2024-03-24,118632,sip,8404,Telangana,Hyderabad,T30,26-35,Male,20.7,Cheque,Verified
INV001257,2024-03-24,119095,sip,6056,Punjab,Chandigarh,T30,26-35,Female,6.3,UPI,Verified
INV002302,2024-03-24,120841,lumpsum,342425,West Bengal,Kolkata,T30,26-35,Male,10.1,Net Banking,Pending
INV004392,2024-03-24,120507,lumpsum,418784,West Bengal,Kolkata,T30,18-25,Male,6.7,Net Banking,Verified
INV003050,2024-03-24,119092,lumpsum,487676,Maharashtra,Mumbai,T30,18-25,Male,7.2,Cheque,Verified
INV003244,2024-03-24,148567,sip,8011,Telangana,Hyderabad,T30,26-35,Female,21.1,Cheque,Verified
INV002350,2024-03-24,120506,lumpsum,532670,Tamil Nadu,Chennai,T30,26-35,Male,23.0,Cheque,Verified
INV002772,2024-03-24,119599,lumpsum,142403,Haryana,Faridabad,B30,26-35,Male,14.7,Mandate,Verified
INV004163,2024-03-24,119094,sip,16925,Uttar Pradesh,Agra,B30,46-55,Male,96.4,Cheque,Verified
INV001077,2024-03-24,119093,lumpsum,243925,Uttar Pradesh,Lucknow,T30,26-35,Male,6.4,Mandate,Verified
INV003082,2024-03-24,100033,sip,12935,Telangana,Hyderabad,T30,26-35,Male,18.7,Net Banking,Verified
INV003677,2024-03-24,118634,lumpsum,270055,Gujarat,Ahmedabad,T30,36-45,Female,23.8,Cheque,Verified
INV001402,2024-03-24,102887,redemption,201563,Tamil Nadu,Chennai,T30,26-35,Male,15.2,Mandate,Pending
INV002277,2024-03-24,119092,sip,590,Haryana,Gurugram,T30,26-35,Female,10.3,Cheque,Verified
INV004463,2024-03-24,120844,lumpsum,249638,Karnataka,Bangalore,T30,26-35,Female,16.1,Cheque,Verified
INV001073,2024-03-24,100016,sip,1636,West Bengal,Kolkata,T30,36-45,Female,25.1,Cheque,Verified
INV000072,2024-03-24,118636,sip,870,Gujarat,Ahmedabad,T30,18-25,Female,6.4,Mandate,Verified
INV003524,2024-03-24,120842,sip,3173,Telangana,Hyderabad,T30,36-45,Male,12.5,UPI,Verified
INV001046,2024-03-24,119551,lumpsum,378428,Delhi,Noida,T30,26-35,Male,14.9,Cheque,Pending
INV004447,2024-03-24,120504,sip,2090,West Bengal,Kolkata,T30,36-45,Female,53.4,Cheque,Verified
INV001715,2024-03-24,120507,sip,563,Gujarat,Surat,T30,18-25,Male,7.7,Net Banking,Verified
INV003780,2024-03-24,149324,sip,5346,Haryana,Faridabad,B30,26-35,Male,10.1,Net Banking,Verified
INV001073,2024-03-24,120506,sip,804,West Bengal,Kolkata,T30,36-45,Female,25.1,UPI,Verified
INV000556,2024-03-24,119093,sip,56730,Rajasthan,Udaipur,B30,18-25,Male,7.2,UPI,Pending
INV001092,2024-03-24,149322,sip,5805,Haryana,Gurugram,T30,26-35,Male,14.9,Cheque,Verified
INV001342,2024-03-24,148567,lumpsum,88622,West Bengal,Kolkata,T30,26-35,Female,15.5,Net Banking,Verified
INV001638,2024-03-24,118634,sip,3494,West Bengal,Kolkata,T30,36-45,Female,15.8,Cheque,Pending
INV001635,2024-03-24,120842,redemption,120684,Tamil Nadu,Chennai,T30,26-35,Male,18.6,Cheque,Verified
INV002098,2024-03-24,120841,redemption,54380,Gujarat,Ahmedabad,T30,26-35,Male,15.6,Net Banking,Verified
INV001093,2024-03-24,101208,redemption,496499,West Bengal,Kolkata,T30,46-55,Female,65.2,Cheque,Verified
INV004579,2024-03-24,101207,sip,863,Rajasthan,Jaipur,T30,26-35,Male,18.7,Mandate,Verified
INV003901,2024-03-24,118634,sip,3014,Delhi,Gurugram,T30,46-55,Male,45.4,Mandate,Verified
INV001077,2024-03-24,119093,sip,25670,Uttar Pradesh,Lucknow,T30,26-35,Male,6.4,UPI,Verified
INV004534,2024-03-24,120503,redemption,116921,Maharashtra,Nashik,B30,26-35,Male,8.8,Cheque,Verified
INV004449,2024-03-24,101206,sip,5553,Maharashtra,Pune,T30,36-45,Male,16.6,UPI,Verified
INV002699,2024-03-24,119552,sip,13035,Gujarat,Surat,T30,18-25,Female,6.1,Net Banking,Verified
INV002381,2024-03-24,101207,sip,13184,Karnataka,Mysore,B30,36-45,Male,23.1,Cheque,Verified
INV001740,2024-03-24,119094,sip,8616,Uttar Pradesh,Kanpur,B30,36-45,Female,53.9,Net Banking,Verified
INV004911,2024-03-24,120507,redemption,168290,West Bengal,Kolkata,T30,26-35,Female,9.4,Net Banking,Verified
INV002018,2024-03-24,125498,sip,4809,Uttar Pradesh,Agra,B30,26-35,Female,18.0,Cheque,Verified
INV003762,2024-03-25,148569,lumpsum,33274,Telangana,Hyderabad,T30,36-45,Male,39.4,UPI,Verified
INV002407,2024-03-25,119092,redemption,465537,West Bengal,Kolkata,T30,36-45,Male,35.9,Mandate,Verified
INV004279,2024-03-25,101207,sip,7544,Gujarat,Ahmedabad,T30,36-45,Male,35.7,Cheque,Verified
INV001711,2024-03-25,148568,sip,2082,Madhya Pradesh,Bhopal,B30,46-55,Male,99.0,Cheque,Verified
INV004078,2024-03-25,100025,sip,9976,Delhi,Noida,T30,18-25,Male,3.8,UPI,Verified
INV004079,2024-03-25,149324,sip,48043,Karnataka,Bangalore,T30,36-45,Female,57.2,Cheque,Verified
INV004890,2024-03-25,102885,sip,5562,Telangana,Hyderabad,T30,18-25,Female,5.8,Cheque,Verified
INV004631,2024-03-25,120843,sip,5135,Tamil Nadu,Chennai,T30,36-45,Female,20.2,UPI,Verified
INV003117,2024-03-25,102886,sip,25785,Tamil Nadu,Chennai,T30,18-25,Female,6.7,Net Banking,Verified
INV000122,2024-03-25,119551,sip,46110,Madhya Pradesh,Bhopal,B30,36-45,Male,50.0,UPI,Verified
INV004116,2024-03-25,118633,sip,27635,Gujarat,Ahmedabad,T30,36-45,Male,59.4,Cheque,Verified
INV002668,2024-03-25,119551,lumpsum,142626,Delhi,Gurugram,T30,26-35,Male,9.8,Cheque,Verified
INV003409,2024-03-25,118632,sip,43864,Karnataka,Mysore,B30,46-55,Male,44.2,Mandate,Verified
INV000623,2024-03-25,119092,lumpsum,125211,Tamil Nadu,Chennai,T30,46-55,Male,48.9,Cheque,Verified
INV003710,2024-03-25,120844,sip,10319,Rajasthan,Udaipur,B30,26-35,Male,19.6,Net Banking,Verified
INV003695,2024-03-25,102885,redemption,354367,Karnataka,Bangalore,T30,36-45,Male,31.0,Cheque,Pending
INV001490,2024-03-25,118634,lumpsum,35777,Uttar Pradesh,Kanpur,B30,36-45,Female,43.8,Cheque,Verified
INV000511,2024-03-25,149322,sip,3145,Punjab,Chandigarh,T30,46-55,Male,88.7,UPI,Verified
INV004305,2024-03-25,119094,lumpsum,443071,Telangana,Hyderabad,T30,36-45,Female,30.1,Mandate,Verified
INV003947,2024-03-25,102885,redemption,309290,Delhi,Noida,T30,26-35,Male,12.9,Cheque,Pending
INV003570,2024-03-25,101206,sip,10002,Delhi,New Delhi,T30,26-35,Male,12.3,Net Banking,Verified
INV004875,2024-03-25,120843,redemption,60836,West Bengal,Kolkata,T30,26-35,Male,25.0,Net Banking,Verified
INV000040,2024-03-25,119094,lumpsum,236631,Karnataka,Mysore,B30,26-35,Male,14.7,UPI,Verified
INV001724,2024-03-25,119094,redemption,546722,Madhya Pradesh,Indore,T30,26-35,Female,11.9,Cheque,Verified
INV002177,2024-03-25,118634,redemption,213979,Haryana,Gurugram,T30,26-35,Male,13.2,Cheque,Verified
INV004137,2024-03-25,119095,sip,47835,West Bengal,Kolkata,T30,18-25,Female,6.2,Net Banking,Verified
INV003192,2024-03-25,119095,lumpsum,164734,Uttar Pradesh,Lucknow,T30,26-35,Male,22.2,Net Banking,Verified
INV001940,2024-03-25,120503,redemption,367264,Delhi,New Delhi,T30,36-45,Male,28.4,UPI,Verified
INV002286,2024-03-25,100025,sip,9852,Tamil Nadu,Coimbatore,B30,18-25,Male,5.9,UPI,Verified
INV001816,2024-03-25,101206,lumpsum,123568,Telangana,Hyderabad,T30,26-35,Male,9.0,Mandate,Verified
INV003808,2024-03-25,119551,redemption,125121,Madhya Pradesh,Bhopal,B30,46-55,Female,62.5,Net Banking,Verified
INV001689,2024-03-25,118636,sip,5667,Haryana,Faridabad,B30,36-45,Male,40.4,Net Banking,Verified
INV002987,2024-03-25,120504,lumpsum,429063,West Bengal,Kolkata,T30,18-25,Male,4.4,Cheque,Verified
INV000612,2024-03-25,119598,sip,3254,Punjab,Amritsar,B30,18-25,Male,6.3,Mandate,Verified
INV000906,2024-03-25,119552,sip,8824,Maharashtra,Mumbai,T30,26-35,Male,20.7,Net Banking,Verified
INV001921,2024-03-25,120503,sip,1056,Gujarat,Surat,T30,26-35,Female,13.5,Net Banking,Verified
INV003434,2024-03-25,100016,sip,490,Gujarat,Surat,T30,18-25,Male,5.9,UPI,Verified
INV004240,2024-03-25,125497,sip,2947,Maharashtra,Mumbai,T30,18-25,Male,7.1,UPI,Verified
INV004124,2024-03-25,119552,redemption,406060,Maharashtra,Nashik,B30,56+,Male,76.4,UPI,Verified
INV002689,2024-03-25,118636,redemption,328185,Madhya Pradesh,Bhopal,B30,26-35,Male,7.4,Net Banking,Verified
INV000463,2024-03-25,118635,redemption,48688,Gujarat,Ahmedabad,T30,26-35,Male,8.9,Mandate,Verified
INV002494,2024-03-25,101206,sip,8822,Delhi,Noida,T30,46-55,Male,40.0,Net Banking,Verified
INV002485,2024-03-25,120503,sip,1116,Karnataka,Mysore,B30,46-55,Female,70.2,Net Banking,Verified
INV003842,2024-03-25,149322,redemption,380282,Maharashtra,Pune,T30,36-45,Male,34.3,Net Banking,Verified
INV004384,2024-03-25,149324,sip,52661,Delhi,Noida,T30,26-35,Male,12.1,Net Banking,Verified
INV001583,2024-03-25,120504,redemption,283134,Delhi,Gurugram,T30,18-25,Male,3.1,Cheque,Verified
INV000278,2024-03-25,118636,sip,599,Rajasthan,Jaipur,T30,26-35,Male,22.1,UPI,Verified
INV000546,2024-03-25,119094,redemption,286934,Karnataka,Mysore,B30,26-35,Male,9.5,Mandate,Verified
INV000384,2024-03-25,120842,redemption,139035,Tamil Nadu,Coimbatore,B30,18-25,Female,6.5,Cheque,Verified
INV000236,2024-03-25,118636,sip,17905,Karnataka,Bangalore,T30,36-45,Male,26.2,Net Banking,Verified
INV003102,2024-03-25,120505,sip,11874,Maharashtra,Pune,T30,18-25,Male,4.3,Mandate,Verified
INV000393,2024-03-25,148567,lumpsum,167086,Maharashtra,Mumbai,T30,36-45,Male,53.1,Cheque,Verified
INV004024,2024-03-25,101207,sip,540,Telangana,Hyderabad,T30,36-45,Male,23.1,Cheque,Verified
INV001576,2024-03-25,149324,redemption,445230,Delhi,Noida,T30,46-55,Female,46.5,UPI,Verified
INV003622,2024-03-25,120505,sip,22445,Telangana,Hyderabad,T30,26-35,Female,11.3,Mandate,Verified
INV001834,2024-03-25,120506,redemption,271976,Gujarat,Ahmedabad,T30,26-35,Male,11.4,UPI,Verified
INV003065,2024-03-25,119599,sip,24932,Uttar Pradesh,Kanpur,B30,46-55,Male,27.9,UPI,Verified
INV000585,2024-03-25,118632,lumpsum,177339,Telangana,Hyderabad,T30,46-55,Female,47.0,Cheque,Verified
INV004407,2024-03-25,119093,sip,947,Punjab,Chandigarh,T30,18-25,Male,7.7,Mandate,Verified
INV002188,2024-03-25,100016,lumpsum,138732,Rajasthan,Jaipur,T30,26-35,Male,19.1,Cheque,Verified
INV004706,2024-03-25,119598,redemption,386414,Punjab,Chandigarh,T30,56+,Male,11.1,Net Banking,Pending
INV001378,2024-03-25,125498,lumpsum,66781,Delhi,Noida,T30,36-45,Male,21.1,Cheque,Verified
INV001351,2024-03-25,119599,lumpsum,35299,Uttar Pradesh,Kanpur,B30,26-35,Male,8.5,UPI,Verified
INV001834,2024-03-25,101207,redemption,58222,Gujarat,Ahmedabad,T30,26-35,Male,11.4,Cheque,Verified
INV000875,2024-03-25,120503,redemption,402660,Gujarat,Surat,T30,46-55,Female,71.8,Net Banking,Verified
INV003301,2024-03-26,120503,sip,7801,Rajasthan,Udaipur,B30,26-35,Male,14.2,UPI,Verified
INV001440,2024-03-26,120506,lumpsum,370105,West Bengal,Kolkata,T30,26-35,Male,11.3,Net Banking,Verified
INV001744,2024-03-26,119120,sip,2369,Karnataka,Mysore,B30,26-35,Male,15.9,Mandate,Verified
INV003906,2024-03-26,118633,sip,28905,Haryana,Faridabad,B30,36-45,Male,39.7,Mandate,Verified
INV000204,2024-03-26,101208,lumpsum,340212,Punjab,Chandigarh,T30,36-45,Male,17.7,Net Banking,Verified
INV001706,2024-03-26,149324,sip,27774,West Bengal,Kolkata,T30,26-35,Male,14.2,Cheque,Pending
INV003554,2024-03-26,120843,sip,7161,Rajasthan,Jaipur,T30,26-35,Female,15.6,Net Banking,Verified
INV003772,2024-03-26,102885,sip,1909,Punjab,Amritsar,B30,18-25,Female,6.8,Cheque,Verified
INV001298,2024-03-26,149324,lumpsum,303631,Delhi,Gurugram,T30,26-35,Female,24.4,UPI,Verified
INV004640,2024-03-26,100016,sip,567,Telangana,Hyderabad,T30,36-45,Male,46.5,Net Banking,Verified
INV000460,2024-03-26,119551,redemption,327258,Delhi,Noida,T30,36-45,Male,47.1,UPI,Verified
INV000128,2024-03-26,100025,redemption,296030,Rajasthan,Jaipur,T30,36-45,Female,50.9,Mandate,Verified
INV001289,2024-03-26,119598,sip,54277,Telangana,Hyderabad,T30,36-45,Male,31.3,UPI,Verified
INV002518,2024-03-26,125498,sip,5614,Karnataka,Bangalore,T30,36-45,Male,39.4,Mandate,Verified
INV001370,2024-03-26,120507,sip,415,Tamil Nadu,Coimbatore,B30,26-35,Male,7.5,Mandate,Pending
INV003373,2024-03-26,102887,lumpsum,295159,Gujarat,Surat,T30,56+,Male,62.9,Net Banking,Verified
INV003065,2024-03-26,119120,lumpsum,165838,Uttar Pradesh,Kanpur,B30,46-55,Male,27.9,UPI,Verified
INV002664,2024-03-26,101206,sip,1177,Karnataka,Bangalore,T30,26-35,Male,17.3,UPI,Verified
INV001070,2024-03-26,120507,lumpsum,234680,Tamil Nadu,Coimbatore,B30,26-35,Male,11.9,UPI,Pending
INV003028,2024-03-26,119094,redemption,74858,Tamil Nadu,Chennai,T30,26-35,Female,12.8,Net Banking,Verified
INV003853,2024-03-26,119094,sip,15401,Tamil Nadu,Coimbatore,B30,26-35,Male,16.1,Cheque,Verified
INV002590,2024-03-26,120504,sip,6266,West Bengal,Kolkata,T30,36-45,Male,45.1,UPI,Verified
INV000964,2024-03-26,118634,redemption,101125,Haryana,Faridabad,B30,26-35,Male,6.7,Net Banking,Verified
INV004131,2024-03-26,120842,sip,2206,Uttar Pradesh,Kanpur,B30,26-35,Male,10.3,Cheque,Verified
INV002798,2024-03-26,119092,lumpsum,378691,Tamil Nadu,Coimbatore,B30,26-35,Female,24.5,Mandate,Verified
INV003536,2024-03-26,118635,lumpsum,86348,Maharashtra,Nashik,B30,36-45,Male,36.9,UPI,Verified
INV003633,2024-03-26,119551,sip,54884,Madhya Pradesh,Bhopal,B30,26-35,Male,11.8,Cheque,Verified
INV001481,2024-03-26,120505,sip,6910,Telangana,Hyderabad,T30,26-35,Male,23.4,Cheque,Verified
INV003213,2024-03-26,101206,sip,4965,Uttar Pradesh,Lucknow,T30,26-35,Male,21.3,UPI,Verified
INV004967,2024-03-26,100033,sip,1684,Telangana,Hyderabad,T30,26-35,Male,14.3,UPI,Verified
INV003700,2024-03-26,120503,sip,3322,Maharashtra,Nashik,B30,46-55,Male,42.6,Cheque,Verified
INV002828,2024-03-26,118634,lumpsum,478764,West Bengal,Kolkata,T30,26-35,Male,21.8,Net Banking,Verified
INV000644,2024-03-26,118632,sip,498,West Bengal,Kolkata,T30,26-35,Male,9.1,Cheque,Verified
INV002280,2024-03-26,148567,sip,887,Karnataka,Mysore,B30,18-25,Male,3.5,Mandate,Verified
INV002402,2024-03-26,119551,redemption,15355,Uttar Pradesh,Lucknow,T30,46-55,Male,55.5,Cheque,Verified
INV003532,2024-03-26,101208,sip,22359,Punjab,Amritsar,B30,36-45,Female,18.8,Cheque,Pending
INV003680,2024-03-26,100025,redemption,314050,Karnataka,Mysore,B30,26-35,Male,21.3,Cheque,Verified
INV004233,2024-03-26,101207,lumpsum,193976,Maharashtra,Nashik,B30,26-35,Female,8.7,Mandate,Verified
INV000370,2024-03-26,120506,sip,9630,Delhi,Noida,T30,26-35,Female,12.4,Mandate,Verified
INV004542,2024-03-26,120504,lumpsum,321494,Maharashtra,Pune,T30,36-45,Male,53.7,Mandate,Verified
INV004717,2024-03-26,119095,lumpsum,195627,Maharashtra,Nashik,B30,36-45,Female,12.6,Mandate,Verified
INV002706,2024-03-26,101206,sip,14518,Haryana,Faridabad,B30,46-55,Female,22.8,Cheque,Verified
INV001658,2024-03-26,120506,lumpsum,371156,Rajasthan,Jaipur,T30,36-45,Female,48.4,Cheque,Pending
INV000972,2024-03-26,118635,lumpsum,113830,Telangana,Hyderabad,T30,18-25,Female,5.9,UPI,Verified
INV000163,2024-03-26,118633,sip,1920,Uttar Pradesh,Kanpur,B30,46-55,Male,70.4,Mandate,Verified
INV004582,2024-03-26,100033,sip,8199,Tamil Nadu,Chennai,T30,56+,Male,67.1,Mandate,Verified
INV000252,2024-03-26,118633,sip,9126,Gujarat,Surat,T30,46-55,Female,24.4,Cheque,Verified
INV000495,2024-03-26,102886,sip,6423,Gujarat,Surat,T30,26-35,Female,7.6,UPI,Verified
INV003541,2024-03-26,119094,redemption,325275,Punjab,Chandigarh,T30,26-35,Female,10.5,UPI,Verified
INV004696,2024-03-26,125497,sip,46088,Tamil Nadu,Coimbatore,B30,46-55,Female,70.2,UPI,Verified
INV004992,2024-03-26,102885,sip,2481,Rajasthan,Udaipur,B30,26-35,Male,11.1,Mandate,Verified
INV002939,2024-03-26,102887,lumpsum,163479,Rajasthan,Udaipur,B30,18-25,Male,3.1,UPI,Verified
INV000252,2024-03-26,120505,redemption,158757,Gujarat,Surat,T30,46-55,Female,24.4,Mandate,Verified
INV003117,2024-03-26,101206,redemption,265017,Tamil Nadu,Chennai,T30,18-25,Female,6.7,Mandate,Pending
INV001130,2024-03-26,120505,sip,5713,Rajasthan,Jaipur,T30,18-25,Female,3.2,Net Banking,Verified
INV004763,2024-03-26,120504,lumpsum,31111,Karnataka,Bangalore,T30,46-55,Female,19.6,Net Banking,Verified
INV002619,2024-03-26,120507,lumpsum,375359,Gujarat,Ahmedabad,T30,18-25,Male,3.4,Mandate,Verified
INV004407,2024-03-26,102886,redemption,91767,Punjab,Chandigarh,T30,18-25,Male,7.7,Net Banking,Pending
INV003705,2024-03-26,118635,lumpsum,412481,Telangana,Hyderabad,T30,26-35,Male,8.0,Net Banking,Verified
INV004276,2024-03-27,119094,lumpsum,431014,Punjab,Amritsar,B30,26-35,Male,13.4,UPI,Verified
INV002363,2024-03-27,119095,sip,9886,Punjab,Chandigarh,T30,26-35,Male,12.7,Mandate,Verified
INV000341,2024-03-27,119598,sip,8789,Delhi,New Delhi,T30,26-35,Male,19.6,Cheque,Verified
INV000044,2024-03-27,120841,lumpsum,122875,Karnataka,Mysore,B30,36-45,Male,34.9,Net Banking,Verified
INV003647,2024-03-27,149324,sip,5418,Haryana,Faridabad,B30,56+,Male,57.2,Mandate,Verified
INV002012,2024-03-27,125498,sip,27236,Telangana,Hyderabad,T30,36-45,Male,38.4,UPI,Verified
INV003344,2024-03-27,119092,sip,5880,Haryana,Gurugram,T30,36-45,Female,52.5,Mandate,Verified
INV003525,2024-03-27,149324,redemption,223094,Karnataka,Mysore,B30,36-45,Male,36.1,UPI,Verified
INV003338,2024-03-27,119092,redemption,410003,Haryana,Faridabad,B30,46-55,Male,69.2,Mandate,Verified
INV000699,2024-03-27,120504,sip,17918,Rajasthan,Jaipur,T30,18-25,Male,7.7,Mandate,Verified
INV000319,2024-03-27,118636,sip,1105,Maharashtra,Mumbai,T30,56+,Male,74.8,Net Banking,Verified
INV002466,2024-03-27,118633,sip,2823,Madhya Pradesh,Indore,T30,36-45,Male,36.9,Mandate,Verified
INV002008,2024-03-27,148568,sip,24705,Haryana,Gurugram,T30,46-55,Male,83.3,Cheque,Verified
INV001709,2024-03-27,120505,sip,960,Delhi,New Delhi,T30,36-45,Male,55.9,Mandate,Pending
INV003580,2024-03-27,120505,sip,8139,Gujarat,Ahmedabad,T30,26-35,Male,22.5,Cheque,Verified
INV000146,2024-03-27,148569,sip,4509,Delhi,Gurugram,T30,26-35,Male,14.1,Net Banking,Verified
INV000909,2024-03-27,101207,redemption,306280,Haryana,Gurugram,T30,46-55,Female,92.6,Mandate,Verified
INV002001,2024-03-27,119094,sip,2488,Uttar Pradesh,Kanpur,B30,36-45,Female,38.4,UPI,Verified
INV001437,2024-03-27,119551,lumpsum,45740,Maharashtra,Nashik,B30,26-35,Female,14.3,Cheque,Verified
INV000454,2024-03-27,101208,redemption,46212,Uttar Pradesh,Lucknow,T30,18-25,Female,6.6,Mandate,Verified
INV003531,2024-03-27,100033,lumpsum,396463,Delhi,Gurugram,T30,36-45,Male,41.9,Net Banking,Verified
INV003101,2024-03-27,148567,sip,10637,Tamil Nadu,Chennai,T30,26-35,Female,24.8,Cheque,Verified
INV000210,2024-03-27,125498,lumpsum,421858,Rajasthan,Jaipur,T30,26-35,Male,9.1,UPI,Verified
INV000593,2024-03-27,119092,sip,4587,Telangana,Hyderabad,T30,56+,Male,50.2,Cheque,Verified
INV004364,2024-03-27,119092,lumpsum,364118,West Bengal,Kolkata,T30,36-45,Male,30.6,Net Banking,Verified
INV000344,2024-03-27,118632,lumpsum,542423,Madhya Pradesh,Bhopal,B30,36-45,Male,56.7,Cheque,Verified
INV003045,2024-03-27,148567,lumpsum,270668,Telangana,Hyderabad,T30,26-35,Male,12.2,Cheque,Verified
INV004914,2024-03-27,118635,lumpsum,484880,Karnataka,Mysore,B30,26-35,Female,13.4,Mandate,Verified
INV000131,2024-03-27,119551,lumpsum,325259,Telangana,Hyderabad,T30,36-45,Female,16.8,Mandate,Verified
INV001363,2024-03-27,120842,sip,10843,Karnataka,Mysore,B30,56+,Male,29.4,UPI,Verified
INV001923,2024-03-27,120504,sip,2954,Gujarat,Surat,T30,18-25,Female,4.0,UPI,Verified
INV001783,2024-03-27,149324,redemption,509091,Madhya Pradesh,Bhopal,B30,36-45,Female,52.6,Cheque,Verified
INV001531,2024-03-27,120507,lumpsum,299018,Haryana,Gurugram,T30,26-35,Female,14.8,Cheque,Pending
INV004237,2024-03-27,119095,lumpsum,330484,Haryana,Faridabad,B30,36-45,Male,14.1,Mandate,Verified
INV000439,2024-03-27,102886,lumpsum,79874,Rajasthan,Udaipur,B30,56+,Male,23.4,UPI,Verified
INV003366,2024-03-27,118633,sip,1866,Madhya Pradesh,Bhopal,B30,18-25,Male,3.3,Mandate,Verified
INV001291,2024-03-27,120504,sip,499,Uttar Pradesh,Lucknow,T30,46-55,Male,89.1,UPI,Verified
INV003648,2024-03-27,119551,sip,1669,Haryana,Faridabad,B30,46-55,Male,74.1,UPI,Verified
INV001183,2024-03-27,120504,sip,1837,West Bengal,Kolkata,T30,46-55,Male,79.9,Mandate,Verified
INV004229,2024-03-27,120507,sip,7030,Telangana,Hyderabad,T30,36-45,Female,59.1,Net Banking,Verified
INV002750,2024-03-27,120506,sip,24386,Madhya Pradesh,Bhopal,B30,36-45,Male,41.8,UPI,Verified
INV003320,2024-03-27,102885,lumpsum,503828,Tamil Nadu,Coimbatore,B30,56+,Male,73.7,UPI,Verified
INV003016,2024-03-27,100016,sip,6880,Madhya Pradesh,Bhopal,B30,26-35,Male,12.7,Mandate,Verified
INV000545,2024-03-27,120507,sip,22309,Telangana,Hyderabad,T30,26-35,Male,23.6,Mandate,Pending
INV000048,2024-03-27,120507,sip,7116,Rajasthan,Jaipur,T30,36-45,Female,15.0,Mandate,Verified
INV000426,2024-03-27,120505,lumpsum,346952,West Bengal,Kolkata,T30,18-25,Male,3.6,Net Banking,Pending
INV001238,2024-03-27,149324,sip,820,Haryana,Gurugram,T30,26-35,Male,17.9,Mandate,Verified
INV000512,2024-03-27,120505,sip,4441,Punjab,Amritsar,B30,46-55,Male,82.6,UPI,Verified
INV000754,2024-03-27,118632,sip,1144,West Bengal,Kolkata,T30,26-35,Male,8.0,UPI,Verified
INV004151,2024-03-27,119095,sip,2471,Karnataka,Mysore,B30,26-35,Male,21.6,Net Banking,Verified
INV000014,2024-03-27,101206,sip,5964,Tamil Nadu,Chennai,T30,18-25,Male,4.3,Net Banking,Verified
INV003359,2024-03-27,120842,redemption,10158,Gujarat,Ahmedabad,T30,26-35,Male,18.4,Cheque,Verified
INV002600,2024-03-27,120842,lumpsum,240977,Madhya Pradesh,Bhopal,B30,36-45,Female,54.1,Net Banking,Verified
INV002327,2024-03-27,119093,sip,1975,Punjab,Amritsar,B30,26-35,Male,7.0,Net Banking,Verified
INV000608,2024-03-27,119092,sip,11829,Haryana,Gurugram,T30,46-55,Male,83.5,UPI,Verified
INV004364,2024-03-27,101207,sip,8129,West Bengal,Kolkata,T30,36-45,Male,30.6,UPI,Verified
INV000326,2024-03-27,149324,lumpsum,462338,Madhya Pradesh,Bhopal,B30,26-35,Female,11.0,Cheque,Verified
INV004808,2024-03-27,120842,lumpsum,95362,Uttar Pradesh,Kanpur,B30,36-45,Male,47.0,UPI,Verified
INV000652,2024-03-27,101207,lumpsum,80931,Delhi,Gurugram,T30,26-35,Male,8.0,Net Banking,Verified
INV000012,2024-03-27,120844,sip,5553,Uttar Pradesh,Kanpur,B30,46-55,Male,51.6,UPI,Verified
INV004834,2024-03-27,125498,sip,29083,Delhi,New Delhi,T30,26-35,Male,20.0,Mandate,Verified
INV004360,2024-03-27,119552,lumpsum,158758,Madhya Pradesh,Bhopal,B30,26-35,Female,15.9,UPI,Verified
INV003124,2024-03-27,119092,sip,2675,West Bengal,Kolkata,T30,36-45,Male,28.8,Cheque,Verified
INV000047,2024-03-27,102887,sip,4916,Haryana,Faridabad,B30,36-45,Male,23.6,UPI,Verified
INV002804,2024-03-27,149322,sip,448,Madhya Pradesh,Indore,T30,36-45,Male,39.9,Cheque,Verified
INV002294,2024-03-28,149324,lumpsum,231639,Haryana,Gurugram,T30,26-35,Male,22.3,Mandate,Verified
INV000576,2024-03-28,119093,lumpsum,50946,Delhi,New Delhi,T30,46-55,Male,79.7,Mandate,Verified
INV000947,2024-03-28,148569,redemption,402049,Delhi,Noida,T30,26-35,Male,11.0,Net Banking,Verified
INV003404,2024-03-28,119599,lumpsum,34015,Tamil Nadu,Chennai,T30,36-45,Male,26.8,Net Banking,Verified
INV001721,2024-03-28,120844,sip,2945,Punjab,Amritsar,B30,26-35,Male,10.8,Net Banking,Verified
INV001956,2024-03-28,120504,lumpsum,25993,Rajasthan,Jaipur,T30,26-35,Male,22.1,Net Banking,Pending
INV001958,2024-03-28,120844,lumpsum,189182,Gujarat,Surat,T30,36-45,Male,57.7,Cheque,Verified
INV002091,2024-03-28,100025,sip,534,Karnataka,Bangalore,T30,18-25,Male,6.5,Mandate,Verified
INV002809,2024-03-28,118632,sip,2179,Uttar Pradesh,Agra,B30,36-45,Male,48.6,Mandate,Verified
INV001998,2024-03-28,102885,sip,533,Haryana,Faridabad,B30,26-35,Male,19.2,Mandate,Verified
INV002197,2024-03-28,118634,sip,2977,Delhi,Noida,T30,18-25,Male,6.3,UPI,Verified
INV004797,2024-03-28,102887,sip,2213,Gujarat,Ahmedabad,T30,56+,Male,18.9,Cheque,Verified
INV002211,2024-03-28,149323,sip,4388,Gujarat,Surat,T30,26-35,Male,11.3,Mandate,Verified
INV000622,2024-03-28,101208,sip,8241,Haryana,Faridabad,B30,26-35,Male,18.0,UPI,Pending
INV001400,2024-03-28,120504,sip,29552,Tamil Nadu,Coimbatore,B30,36-45,Male,36.5,Mandate,Verified
INV002107,2024-03-28,119092,sip,17920,Telangana,Hyderabad,T30,26-35,Male,18.2,UPI,Verified
INV002571,2024-03-28,118634,sip,2828,Delhi,New Delhi,T30,36-45,Female,32.1,Cheque,Verified
INV000929,2024-03-28,148568,sip,59602,West Bengal,Kolkata,T30,36-45,Female,27.7,Cheque,Verified
INV003223,2024-03-28,102886,sip,8829,Tamil Nadu,Coimbatore,B30,26-35,Male,15.4,Net Banking,Verified
INV003310,2024-03-28,119095,lumpsum,355947,Telangana,Hyderabad,T30,26-35,Male,8.0,Mandate,Verified
INV003591,2024-03-28,119095,sip,539,Haryana,Faridabad,B30,26-35,Female,8.8,Cheque,Verified
INV000175,2024-03-28,120505,lumpsum,19687,Karnataka,Bangalore,T30,26-35,Male,17.3,UPI,Verified
INV000830,2024-03-28,148569,lumpsum,226790,Tamil Nadu,Chennai,T30,36-45,Female,43.0,Cheque,Verified
INV000926,2024-03-28,101208,sip,41870,Delhi,New Delhi,T30,36-45,Male,46.1,Net Banking,Verified
INV002913,2024-03-28,148568,lumpsum,225718,Delhi,New Delhi,T30,56+,Male,28.5,Mandate,Verified
INV001402,2024-03-28,120841,sip,6076,Tamil Nadu,Chennai,T30,26-35,Male,15.2,Cheque,Verified
INV000908,2024-03-28,119093,sip,9967,Karnataka,Mysore,B30,26-35,Male,11.3,UPI,Verified
INV000038,2024-03-28,120844,lumpsum,437237,West Bengal,Kolkata,T30,56+,Female,22.4,UPI,Verified
INV002838,2024-03-28,100025,sip,1824,West Bengal,Kolkata,T30,56+,Female,71.9,Net Banking,Verified
INV004505,2024-03-28,102886,redemption,41023,Punjab,Amritsar,B30,26-35,Male,7.8,Net Banking,Verified
INV002295,2024-03-28,120843,lumpsum,451159,Telangana,Hyderabad,T30,26-35,Female,17.9,UPI,Verified
INV003892,2024-03-28,100025,sip,2494,Punjab,Amritsar,B30,46-55,Male,24.4,Net Banking,Verified
INV000609,2024-03-28,118632,sip,802,Tamil Nadu,Coimbatore,B30,18-25,Male,3.9,Net Banking,Pending
INV004087,2024-03-28,118635,lumpsum,20474,Uttar Pradesh,Lucknow,T30,18-25,Male,5.5,Net Banking,Verified
INV001304,2024-03-28,118632,lumpsum,68368,Gujarat,Ahmedabad,T30,26-35,Male,21.8,UPI,Verified
INV003085,2024-03-28,119598,lumpsum,105183,Delhi,Gurugram,T30,36-45,Female,29.2,UPI,Verified
INV002351,2024-03-28,148568,lumpsum,7313,Gujarat,Ahmedabad,T30,36-45,Male,18.9,Net Banking,Verified
INV002011,2024-03-28,120507,sip,13083,Tamil Nadu,Chennai,T30,36-45,Male,41.1,Net Banking,Verified
INV001463,2024-03-28,100016,sip,587,Maharashtra,Nashik,B30,36-45,Male,54.5,Net Banking,Verified
INV002304,2024-03-28,118635,sip,1138,Karnataka,Mysore,B30,46-55,Male,57.7,Net Banking,Verified
INV001629,2024-03-28,120507,sip,2899,Madhya Pradesh,Indore,T30,26-35,Male,15.0,UPI,Verified
INV004739,2024-03-28,120507,sip,5801,Delhi,Gurugram,T30,18-25,Male,3.2,UPI,Verified
INV000775,2024-03-28,120844,redemption,321426,Gujarat,Surat,T30,26-35,Male,15.1,Mandate,Verified
INV001501,2024-03-28,120842,sip,9224,Punjab,Amritsar,B30,26-35,Male,11.3,Cheque,Verified
INV003602,2024-03-28,120505,lumpsum,183625,Maharashtra,Nashik,B30,46-55,Male,75.4,UPI,Verified
INV001832,2024-03-28,119095,sip,6086,Punjab,Chandigarh,T30,18-25,Male,3.8,Cheque,Verified
INV000123,2024-03-28,118632,sip,52944,Punjab,Chandigarh,T30,46-55,Male,73.3,UPI,Verified
INV001590,2024-03-28,120505,sip,8474,Rajasthan,Jaipur,T30,36-45,Male,46.1,Net Banking,Verified
INV004270,2024-03-28,119094,sip,2509,Rajasthan,Udaipur,B30,18-25,Male,5.7,Cheque,Verified
INV001823,2024-03-28,118632,redemption,469545,Tamil Nadu,Coimbatore,B30,26-35,Male,17.1,Mandate,Verified
INV001287,2024-03-28,101208,redemption,194555,Telangana,Hyderabad,T30,36-45,Female,19.1,Net Banking,Verified
INV002367,2024-03-28,148567,redemption,314930,Telangana,Hyderabad,T30,26-35,Male,13.9,Cheque,Verified
INV000071,2024-03-28,148569,sip,15285,Madhya Pradesh,Bhopal,B30,26-35,Female,18.2,Mandate,Verified
INV003020,2024-03-28,149322,sip,24919,Delhi,Gurugram,T30,56+,Male,77.6,Net Banking,Verified
INV001837,2024-03-28,118633,sip,21785,Uttar Pradesh,Agra,B30,18-25,Male,5.5,Cheque,Pending
INV003377,2024-03-28,148567,lumpsum,241259,Uttar Pradesh,Agra,B30,36-45,Male,53.9,Mandate,Verified
INV002375,2024-03-28,119598,sip,2677,Haryana,Gurugram,T30,46-55,Male,64.0,Mandate,Verified
INV004716,2024-03-28,119120,sip,544,Telangana,Hyderabad,T30,18-25,Male,5.4,UPI,Verified
INV003737,2024-03-28,101206,lumpsum,166202,Punjab,Chandigarh,T30,18-25,Male,4.4,Cheque,Verified
INV004365,2024-03-28,118632,sip,28188,Delhi,Gurugram,T30,26-35,Male,19.4,Mandate,Verified
INV000134,2024-03-28,118636,sip,1057,Punjab,Chandigarh,T30,36-45,Female,50.2,Net Banking,Pending
INV001238,2024-03-29,148569,sip,27881,Haryana,Gurugram,T30,26-35,Male,17.9,Cheque,Verified
INV001230,2024-03-29,101208,sip,23778,Gujarat,Surat,T30,46-55,Male,96.9,Mandate,Verified
INV000751,2024-03-29,118635,sip,4682,Uttar Pradesh,Kanpur,B30,36-45,Male,17.7,Net Banking,Verified
INV000957,2024-03-29,102887,redemption,453579,Madhya Pradesh,Bhopal,B30,36-45,Male,38.2,UPI,Verified
INV002182,2024-03-29,125498,sip,54671,Madhya Pradesh,Bhopal,B30,36-45,Male,54.3,Net Banking,Verified
INV003215,2024-03-29,102886,sip,2537,Gujarat,Surat,T30,26-35,Female,20.9,Mandate,Verified
INV003120,2024-03-29,119095,redemption,288390,Punjab,Amritsar,B30,26-35,Male,19.1,Net Banking,Verified
INV002796,2024-03-29,149324,lumpsum,188140,Telangana,Hyderabad,T30,36-45,Male,48.8,UPI,Verified
INV004119,2024-03-29,120506,sip,59518,Uttar Pradesh,Kanpur,B30,26-35,Female,13.0,Cheque,Verified
INV004271,2024-03-29,120844,sip,21575,Maharashtra,Mumbai,T30,18-25,Male,3.2,Mandate,Verified
INV004654,2024-03-29,125498,sip,26737,Haryana,Gurugram,T30,46-55,Female,95.0,Net Banking,Verified
INV003929,2024-03-29,102887,lumpsum,289624,Uttar Pradesh,Agra,B30,56+,Male,28.0,Mandate,Verified
INV001646,2024-03-29,100016,sip,2236,Karnataka,Bangalore,T30,26-35,Male,18.9,Mandate,Verified
INV001195,2024-03-29,101208,sip,42054,Gujarat,Surat,T30,26-35,Male,6.4,Net Banking,Verified
INV000349,2024-03-29,120506,lumpsum,316971,Maharashtra,Mumbai,T30,18-25,Female,3.8,Cheque,Pending
INV002119,2024-03-29,148567,sip,6776,Tamil Nadu,Coimbatore,B30,26-35,Female,11.8,Cheque,Verified
INV002566,2024-03-29,118636,lumpsum,12414,Uttar Pradesh,Kanpur,B30,26-35,Female,23.0,Net Banking,Verified
INV004118,2024-03-29,119599,lumpsum,396232,Punjab,Chandigarh,T30,36-45,Male,26.2,Cheque,Verified
INV004735,2024-03-29,118636,lumpsum,417238,Uttar Pradesh,Kanpur,B30,36-45,Male,19.2,Net Banking,Verified
INV004163,2024-03-29,120506,lumpsum,183031,Uttar Pradesh,Agra,B30,46-55,Male,96.4,Cheque,Verified
INV001299,2024-03-29,101208,sip,8374,Haryana,Faridabad,B30,26-35,Male,19.9,Net Banking,Verified
INV000205,2024-03-29,100033,sip,7479,Haryana,Faridabad,B30,18-25,Male,4.4,Net Banking,Pending
INV002422,2024-03-29,120844,lumpsum,318873,Tamil Nadu,Chennai,T30,36-45,Male,20.5,UPI,Verified
INV000263,2024-03-29,119092,sip,11036,Madhya Pradesh,Bhopal,B30,56+,Male,21.8,Cheque,Verified
INV002511,2024-03-29,148568,sip,4132,Rajasthan,Jaipur,T30,36-45,Male,45.5,Mandate,Verified
INV001595,2024-03-29,100016,lumpsum,157424,Gujarat,Ahmedabad,T30,56+,Male,78.5,Mandate,Verified
INV002454,2024-03-29,118634,lumpsum,208754,Uttar Pradesh,Agra,B30,36-45,Male,37.5,Mandate,Verified
INV002097,2024-03-29,120842,sip,17656,Uttar Pradesh,Agra,B30,46-55,Male,64.5,Mandate,Verified
INV004212,2024-03-29,100016,sip,1124,Uttar Pradesh,Kanpur,B30,36-45,Male,41.5,Cheque,Verified
INV001712,2024-03-29,119120,sip,9278,West Bengal,Kolkata,T30,18-25,Male,6.2,Cheque,Verified
INV000071,2024-03-29,125497,sip,46027,Madhya Pradesh,Bhopal,B30,26-35,Female,18.2,Mandate,Verified
INV004489,2024-03-29,120505,lumpsum,71706,Haryana,Faridabad,B30,26-35,Male,15.2,Mandate,Pending
INV003554,2024-03-29,120506,lumpsum,222146,Rajasthan,Jaipur,T30,26-35,Female,15.6,Mandate,Verified
INV003097,2024-03-29,125498,sip,53466,Punjab,Chandigarh,T30,26-35,Male,21.5,UPI,Verified
INV000575,2024-03-29,101207,sip,598,Punjab,Amritsar,B30,26-35,Female,16.4,Net Banking,Verified
INV001944,2024-03-29,118635,sip,13781,Telangana,Hyderabad,T30,18-25,Male,4.4,Net Banking,Verified
INV003767,2024-03-29,119093,sip,20116,Madhya Pradesh,Bhopal,B30,36-45,Female,13.6,Net Banking,Verified
INV003190,2024-03-29,149322,sip,43331,Punjab,Chandigarh,T30,26-35,Female,19.6,UPI,Verified
INV003084,2024-03-29,102887,sip,13059,Haryana,Gurugram,T30,18-25,Female,6.3,Mandate,Verified
INV001021,2024-03-29,118633,sip,4178,Maharashtra,Mumbai,T30,56+,Male,50.5,Net Banking,Verified
INV003526,2024-03-29,148567,lumpsum,253844,Maharashtra,Nashik,B30,36-45,Male,24.2,Mandate,Verified
INV004223,2024-03-29,119120,lumpsum,174197,Uttar Pradesh,Agra,B30,36-45,Female,49.3,Cheque,Verified
INV003342,2024-03-29,125498,lumpsum,113877,Tamil Nadu,Chennai,T30,56+,Male,32.8,Mandate,Verified
INV003735,2024-03-29,125498,sip,2745,Gujarat,Ahmedabad,T30,36-45,Female,13.9,Cheque,Verified
INV002705,2024-03-29,119095,lumpsum,409342,Uttar Pradesh,Lucknow,T30,46-55,Female,90.6,Cheque,Pending
INV002687,2024-03-29,102887,sip,863,Delhi,New Delhi,T30,36-45,Male,25.9,UPI,Verified
INV004962,2024-03-29,149324,sip,2779,Uttar Pradesh,Agra,B30,18-25,Male,6.7,UPI,Verified
INV002262,2024-03-29,120506,redemption,260934,Rajasthan,Udaipur,B30,26-35,Male,8.2,Cheque,Verified
INV001208,2024-03-29,120506,sip,423,Gujarat,Ahmedabad,T30,56+,Male,18.7,UPI,Verified
INV001067,2024-03-29,119598,sip,938,Haryana,Gurugram,T30,26-35,Male,16.6,Mandate,Verified
INV002087,2024-03-29,118635,sip,40054,Delhi,Gurugram,T30,26-35,Male,24.8,UPI,Verified
INV002585,2024-03-29,102887,sip,7875,Uttar Pradesh,Lucknow,T30,18-25,Male,3.2,Net Banking,Verified
INV001462,2024-03-29,118633,redemption,331654,Gujarat,Surat,T30,26-35,Male,19.4,Mandate,Verified
INV003769,2024-03-29,101207,lumpsum,45958,Gujarat,Ahmedabad,T30,46-55,Female,74.8,UPI,Verified
INV003555,2024-03-29,119551,sip,9892,Karnataka,Mysore,B30,26-35,Male,18.6,Net Banking,Verified
INV001192,2024-03-29,118635,redemption,258677,Telangana,Hyderabad,T30,26-35,Male,8.1,Net Banking,Verified
INV001387,2024-03-29,102887,sip,16308,Tamil Nadu,Chennai,T30,36-45,Male,37.4,Cheque,Verified
INV000002,2024-03-29,149322,sip,2830,Maharashtra,Pune,T30,46-55,Male,24.0,Mandate,Verified
INV002734,2024-03-29,101206,sip,405,Haryana,Faridabad,B30,26-35,Female,15.8,Mandate,Verified
INV003655,2024-03-29,119093,sip,25371,Madhya Pradesh,Bhopal,B30,36-45,Female,24.9,Mandate,Verified
INV003809,2024-03-29,119120,sip,1100,Tamil Nadu,Coimbatore,B30,36-45,Male,45.3,Cheque,Verified
INV001945,2024-03-29,102885,redemption,419654,Gujarat,Ahmedabad,T30,26-35,Male,8.0,Mandate,Verified
INV001828,2024-03-30,100016,sip,22118,Gujarat,Surat,T30,36-45,Male,27.7,Net Banking,Verified
INV004608,2024-03-30,100025,redemption,425012,Karnataka,Bangalore,T30,26-35,Female,23.3,Net Banking,Verified
INV001660,2024-03-30,119095,sip,8688,Karnataka,Bangalore,T30,18-25,Female,6.4,Mandate,Verified
INV002420,2024-03-30,120504,sip,24322,Karnataka,Mysore,B30,26-35,Female,6.4,Net Banking,Verified
INV004189,2024-03-30,120843,sip,21871,Tamil Nadu,Coimbatore,B30,26-35,Male,23.1,Net Banking,Verified
INV002315,2024-03-30,100025,sip,577,Haryana,Faridabad,B30,18-25,Male,6.4,UPI,Verified
INV000707,2024-03-30,119551,redemption,343246,Karnataka,Mysore,B30,36-45,Female,46.6,Net Banking,Verified
INV000947,2024-03-30,100016,lumpsum,378804,Delhi,Noida,T30,26-35,Male,11.0,UPI,Verified
INV002738,2024-03-30,102885,sip,41003,Haryana,Faridabad,B30,36-45,Male,38.7,Cheque,Verified
INV000759,2024-03-30,120507,redemption,417436,Gujarat,Ahmedabad,T30,26-35,Male,7.6,Cheque,Verified
INV003815,2024-03-30,120844,sip,5395,Gujarat,Surat,T30,36-45,Male,38.7,UPI,Verified
INV003795,2024-03-30,120842,sip,11364,West Bengal,Kolkata,T30,18-25,Male,7.6,Cheque,Verified
INV004264,2024-03-30,119551,lumpsum,47545,Gujarat,Ahmedabad,T30,36-45,Female,45.2,UPI,Verified
INV004352,2024-03-30,148569,redemption,51242,Punjab,Chandigarh,T30,18-25,Female,5.8,Cheque,Verified
INV001441,2024-03-30,118632,sip,5014,Karnataka,Mysore,B30,36-45,Male,56.6,Net Banking,Verified
INV000108,2024-03-30,148567,lumpsum,384678,Uttar Pradesh,Agra,B30,36-45,Male,26.2,Cheque,Verified
INV004345,2024-03-30,102886,lumpsum,105727,West Bengal,Kolkata,T30,36-45,Female,33.3,UPI,Verified
INV002051,2024-03-30,120843,sip,487,Gujarat,Ahmedabad,T30,46-55,Female,56.2,Cheque,Verified
INV003958,2024-03-30,101208,redemption,203714,Haryana,Faridabad,B30,18-25,Male,6.6,Cheque,Verified
INV001760,2024-03-30,102885,sip,14337,Haryana,Faridabad,B30,46-55,Male,77.0,Cheque,Verified
INV001326,2024-03-30,119094,lumpsum,209726,Rajasthan,Udaipur,B30,46-55,Male,54.9,Mandate,Pending
INV000049,2024-03-30,102885,sip,14874,Maharashtra,Nashik,B30,36-45,Male,23.8,Mandate,Verified
INV002932,2024-03-30,148569,redemption,493483,Haryana,Gurugram,T30,36-45,Female,28.4,Net Banking,Verified
INV004258,2024-03-30,119120,sip,8977,Gujarat,Ahmedabad,T30,36-45,Male,56.6,Cheque,Verified
INV004202,2024-03-30,102886,sip,4991,West Bengal,Kolkata,T30,36-45,Female,56.9,Net Banking,Verified
INV003460,2024-03-30,148567,redemption,168435,Delhi,New Delhi,T30,26-35,Male,14.6,Mandate,Verified
INV001250,2024-03-30,120504,sip,3113,Rajasthan,Udaipur,B30,26-35,Male,25.0,Cheque,Verified
INV001672,2024-03-30,100016,sip,4818,Maharashtra,Pune,T30,18-25,Male,5.4,Net Banking,Pending
INV003147,2024-03-30,120841,redemption,41536,West Bengal,Kolkata,T30,26-35,Male,18.9,Cheque,Verified
INV000165,2024-03-30,119095,sip,2305,Punjab,Chandigarh,T30,36-45,Female,18.8,Mandate,Verified
INV003964,2024-03-30,118635,redemption,433820,Punjab,Chandigarh,T30,26-35,Male,16.7,Mandate,Verified
INV001565,2024-03-30,118635,lumpsum,250405,West Bengal,Kolkata,T30,26-35,Female,7.7,Cheque,Verified
INV004324,2024-03-30,118635,redemption,306017,Madhya Pradesh,Indore,T30,36-45,Male,42.4,UPI,Verified
INV003247,2024-03-30,101207,sip,2443,Madhya Pradesh,Indore,T30,46-55,Female,93.1,Net Banking,Verified
INV002191,2024-03-30,120841,sip,45906,West Bengal,Kolkata,T30,26-35,Male,9.0,Cheque,Verified
INV001947,2024-03-30,102887,sip,2015,Maharashtra,Pune,T30,36-45,Male,43.4,Mandate,Verified
INV002635,2024-03-30,148569,lumpsum,439656,Telangana,Hyderabad,T30,18-25,Male,3.8,Net Banking,Verified
INV002557,2024-03-30,119599,sip,21573,West Bengal,Kolkata,T30,26-35,Female,18.2,UPI,Verified
INV003779,2024-03-30,120841,sip,2424,Delhi,New Delhi,T30,26-35,Male,21.9,Net Banking,Verified
INV003676,2024-03-30,102886,lumpsum,6053,Maharashtra,Pune,T30,26-35,Male,11.8,Cheque,Verified
INV004870,2024-03-30,119092,redemption,451995,Punjab,Amritsar,B30,46-55,Male,65.9,Cheque,Verified
INV001773,2024-03-30,100025,sip,8484,Punjab,Chandigarh,T30,26-35,Male,21.4,UPI,Verified
INV003449,2024-03-30,102887,redemption,338316,Gujarat,Ahmedabad,T30,56+,Male,10.0,Net Banking,Verified
INV002659,2024-03-30,102885,redemption,228187,Madhya Pradesh,Bhopal,B30,36-45,Female,56.5,Cheque,Verified
INV002735,2024-03-30,119093,redemption,143696,Tamil Nadu,Coimbatore,B30,18-25,Female,7.6,Mandate,Verified
INV002625,2024-03-30,119092,sip,2630,Karnataka,Bangalore,T30,46-55,Female,99.3,Cheque,Verified
INV004804,2024-03-30,149322,redemption,278916,Maharashtra,Mumbai,T30,36-45,Male,44.1,Cheque,Verified
INV001168,2024-03-30,119092,sip,23984,West Bengal,Kolkata,T30,46-55,Male,50.9,Net Banking,Verified
INV001937,2024-03-30,148567,sip,10643,Haryana,Gurugram,T30,18-25,Male,7.8,Mandate,Verified
INV000415,2024-03-30,119120,sip,3458,Maharashtra,Pune,T30,36-45,Female,20.3,Mandate,Verified
INV001399,2024-03-30,118633,redemption,29084,Delhi,New Delhi,T30,26-35,Female,16.4,Net Banking,Verified
INV002387,2024-03-30,119095,redemption,61526,Telangana,Hyderabad,T30,26-35,Male,13.1,UPI,Verified
INV004828,2024-03-30,101207,lumpsum,59100,Gujarat,Surat,T30,56+,Female,58.3,Mandate,Verified
INV004451,2024-03-30,149324,sip,8083,Madhya Pradesh,Bhopal,B30,56+,Male,78.6,Cheque,Verified
INV000469,2024-03-30,149323,sip,1621,Tamil Nadu,Coimbatore,B30,18-25,Male,4.7,Cheque,Verified
INV003534,2024-03-30,120842,sip,4210,Madhya Pradesh,Indore,T30,46-55,Male,75.7,UPI,Verified
INV004434,2024-03-30,119551,sip,7940,Gujarat,Surat,T30,46-55,Male,17.7,Net Banking,Verified
INV001350,2024-03-30,120844,sip,41596,Madhya Pradesh,Bhopal,B30,46-55,Female,31.7,Mandate,Verified
INV003403,2024-03-30,120505,sip,2674,Madhya Pradesh,Bhopal,B30,18-25,Male,6.3,UPI,Verified
INV002737,2024-03-30,149324,sip,434,Gujarat,Ahmedabad,T30,18-25,Female,5.4,Net Banking,Verified
INV002061,2024-03-30,120507,sip,5610,West Bengal,Kolkata,T30,26-35,Male,14.2,Cheque,Verified
INV004308,2024-03-30,120844,lumpsum,235684,Gujarat,Surat,T30,26-35,Female,11.1,Mandate,Verified
INV003334,2024-03-30,102885,lumpsum,324038,Maharashtra,Pune,T30,56+,Male,25.2,Mandate,Verified
INV004281,2024-03-30,120843,sip,5663,Rajasthan,Jaipur,T30,26-35,Female,15.9,Mandate,Verified
INV001180,2024-03-30,100025,sip,20176,Telangana,Hyderabad,T30,26-35,Male,10.5,Mandate,Verified
INV002702,2024-03-30,102885,lumpsum,166526,Punjab,Chandigarh,T30,36-45,Male,25.4,UPI,Verified
INV001614,2024-03-30,100033,sip,993,Punjab,Amritsar,B30,18-25,Male,4.6,Net Banking,Verified
INV004574,2024-03-30,119598,sip,27547,Maharashtra,Mumbai,T30,36-45,Male,54.3,Cheque,Verified
INV004829,2024-03-30,148569,sip,589,Madhya Pradesh,Indore,T30,26-35,Male,21.8,Mandate,Verified
INV003840,2024-03-30,119095,sip,3583,Rajasthan,Jaipur,T30,36-45,Male,54.6,Net Banking,Verified
INV003692,2024-03-30,120843,sip,4375,Uttar Pradesh,Lucknow,T30,26-35,Male,23.1,Cheque,Verified
INV001462,2024-03-31,100016,sip,2511,Gujarat,Surat,T30,26-35,Male,19.4,UPI,Verified
INV003647,2024-03-31,119120,lumpsum,362563,Haryana,Faridabad,B30,56+,Male,57.2,Cheque,Verified
INV003558,2024-03-31,119598,sip,9246,Uttar Pradesh,Lucknow,T30,18-25,Male,6.1,Mandate,Verified
INV000340,2024-03-31,120507,sip,1647,Delhi,Gurugram,T30,26-35,Female,21.4,Mandate,Verified
INV001369,2024-03-31,119599,lumpsum,350145,Gujarat,Ahmedabad,T30,46-55,Male,83.8,UPI,Verified
INV000052,2024-03-31,119120,sip,4335,Tamil Nadu,Coimbatore,B30,26-35,Male,19.1,Mandate,Verified
INV003608,2024-03-31,101207,sip,8928,West Bengal,Kolkata,T30,46-55,Male,59.6,Cheque,Verified
INV002567,2024-03-31,149322,sip,4360,Madhya Pradesh,Indore,T30,36-45,Male,20.3,UPI,Verified
INV003643,2024-03-31,118632,redemption,453288,Telangana,Hyderabad,T30,36-45,Male,48.4,Cheque,Verified
INV004978,2024-03-31,149324,sip,1871,Uttar Pradesh,Lucknow,T30,46-55,Male,34.3,Mandate,Verified
INV001175,2024-03-31,118635,sip,2090,Punjab,Chandigarh,T30,36-45,Male,33.5,Mandate,Verified
INV002177,2024-03-31,101208,sip,5198,Haryana,Gurugram,T30,26-35,Male,13.2,Net Banking,Verified
INV004279,2024-03-31,119120,sip,8670,Gujarat,Ahmedabad,T30,36-45,Male,35.7,Mandate,Verified
INV002652,2024-03-31,101206,lumpsum,265230,Gujarat,Surat,T30,36-45,Male,40.6,Mandate,Verified
INV003543,2024-03-31,120507,lumpsum,378668,Maharashtra,Nashik,B30,26-35,Male,8.3,Net Banking,Verified
INV002269,2024-03-31,120504,redemption,273238,Punjab,Amritsar,B30,36-45,Female,49.0,Mandate,Verified
INV004989,2024-03-31,120503,sip,2361,Karnataka,Bangalore,T30,26-35,Male,6.4,Cheque,Verified
INV001508,2024-03-31,119120,redemption,253102,Tamil Nadu,Coimbatore,B30,46-55,Male,63.3,Net Banking,Verified
INV001266,2024-03-31,102885,lumpsum,542879,Madhya Pradesh,Indore,T30,46-55,Male,74.2,Mandate,Verified
INV000319,2024-03-31,149322,sip,903,Maharashtra,Mumbai,T30,56+,Male,74.8,Cheque,Verified
INV002704,2024-03-31,102885,redemption,137499,Delhi,Noida,T30,36-45,Female,47.8,Mandate,Verified
INV001540,2024-03-31,100025,sip,25654,Maharashtra,Pune,T30,26-35,Female,17.3,UPI,Verified
INV004947,2024-03-31,120841,sip,2587,Telangana,Hyderabad,T30,26-35,Female,19.7,Net Banking,Verified
INV001238,2024-03-31,120504,lumpsum,531224,Haryana,Gurugram,T30,26-35,Male,17.9,Mandate,Pending
INV000238,2024-03-31,102885,lumpsum,123893,Telangana,Hyderabad,T30,36-45,Male,26.3,Mandate,Verified
INV001670,2024-03-31,148569,sip,2052,West Bengal,Kolkata,T30,26-35,Male,16.5,Mandate,Verified
INV000486,2024-03-31,120843,redemption,99944,Madhya Pradesh,Indore,T30,26-35,Female,12.6,UPI,Pending
INV000109,2024-03-31,120842,sip,27561,Karnataka,Bangalore,T30,26-35,Female,15.0,UPI,Verified
INV002167,2024-03-31,101208,sip,4858,Rajasthan,Jaipur,T30,26-35,Female,8.7,Cheque,Pending
INV001312,2024-03-31,119552,sip,2265,Delhi,Noida,T30,26-35,Male,6.9,Cheque,Verified
INV001792,2024-03-31,125497,sip,7944,Gujarat,Ahmedabad,T30,26-35,Female,18.8,Cheque,Verified
INV003108,2024-03-31,118633,redemption,408636,Gujarat,Ahmedabad,T30,26-35,Female,15.5,Net Banking,Verified
INV002315,2024-03-31,118633,sip,457,Haryana,Faridabad,B30,18-25,Male,6.4,Mandate,Pending
INV003211,2024-03-31,125498,redemption,292574,Uttar Pradesh,Lucknow,T30,36-45,Male,55.1,UPI,Verified
INV003873,2024-03-31,119095,sip,12340,Telangana,Hyderabad,T30,36-45,Female,37.2,UPI,Verified
INV002826,2024-03-31,102886,sip,2137,Haryana,Gurugram,T30,26-35,Male,20.5,UPI,Pending
INV000900,2024-03-31,120844,sip,2252,Tamil Nadu,Coimbatore,B30,26-35,Male,6.2,UPI,Verified
INV001508,2024-03-31,148568,lumpsum,247687,Tamil Nadu,Coimbatore,B30,46-55,Male,63.3,Cheque,Verified
INV002399,2024-03-31,119092,lumpsum,277531,Gujarat,Ahmedabad,T30,46-55,Female,34.7,Mandate,Verified
INV003051,2024-03-31,119095,sip,10726,Haryana,Faridabad,B30,36-45,Male,40.2,UPI,Verified
INV002558,2024-03-31,118636,sip,14094,Haryana,Faridabad,B30,26-35,Female,9.1,UPI,Verified
INV002335,2024-03-31,125497,redemption,269914,Punjab,Amritsar,B30,26-35,Male,19.3,Cheque,Verified
INV004749,2024-03-31,100016,sip,5464,Karnataka,Bangalore,T30,56+,Male,45.5,Mandate,Verified
INV002060,2024-03-31,102887,lumpsum,499220,Madhya Pradesh,Indore,T30,36-45,Male,31.8,Cheque,Verified
INV000295,2024-03-31,102887,redemption,185926,Rajasthan,Jaipur,T30,56+,Male,76.0,UPI,Verified
INV001390,2024-03-31,120504,lumpsum,115810,Haryana,Gurugram,T30,26-35,Female,13.0,Cheque,Verified
INV004231,2024-03-31,120507,sip,55431,West Bengal,Kolkata,T30,56+,Male,17.5,Mandate,Verified
INV003487,2024-03-31,119598,lumpsum,105127,Gujarat,Ahmedabad,T30,26-35,Female,12.0,UPI,Verified
INV000482,2024-03-31,149324,sip,1701,Maharashtra,Mumbai,T30,26-35,Male,7.6,UPI,Verified
INV000986,2024-03-31,100025,sip,48678,Tamil Nadu,Coimbatore,B30,26-35,Male,24.2,UPI,Verified
INV002218,2024-03-31,149324,sip,27589,Punjab,Amritsar,B30,36-45,Male,52.7,Net Banking,Pending
INV003610,2024-03-31,120503,lumpsum,110462,Delhi,Gurugram,T30,26-35,Male,16.9,UPI,Verified
INV003848,2024-03-31,120841,sip,2692,Telangana,Hyderabad,T30,26-35,Male,24.0,Cheque,Verified
INV001332,2024-03-31,100025,lumpsum,23911,Uttar Pradesh,Agra,B30,26-35,Female,19.9,UPI,Verified
INV002830,2024-03-31,100033,sip,8735,Karnataka,Mysore,B30,56+,Male,72.2,Cheque,Verified
INV000288,2024-03-31,120506,lumpsum,438448,Telangana,Hyderabad,T30,26-35,Male,10.1,Net Banking,Pending
INV000535,2024-03-31,120503,lumpsum,134712,Tamil Nadu,Coimbatore,B30,36-45,Male,18.7,Net Banking,Verified
INV002485,2024-03-31,119095,redemption,201677,Karnataka,Mysore,B30,46-55,Female,70.2,Cheque,Verified
INV002964,2024-04-01,119551,sip,8185,Rajasthan,Udaipur,B30,46-55,Male,84.1,Mandate,Verified
INV000675,2024-04-01,100016,redemption,371165,Uttar Pradesh,Kanpur,B30,36-45,Male,27.9,Cheque,Pending
INV001755,2024-04-01,100033,lumpsum,267502,Rajasthan,Udaipur,B30,36-45,Male,28.7,Cheque,Verified
INV003828,2024-04-01,118632,sip,8696,Karnataka,Bangalore,T30,18-25,Male,7.6,Mandate,Verified
INV003656,2024-04-01,148568,sip,801,Rajasthan,Udaipur,B30,36-45,Female,58.5,UPI,Verified
INV004177,2024-04-01,118633,redemption,147605,Tamil Nadu,Coimbatore,B30,26-35,Male,14.7,Net Banking,Verified
INV002036,2024-04-01,101206,sip,2770,Madhya Pradesh,Indore,T30,26-35,Male,23.2,UPI,Verified
INV003218,2024-04-01,118635,redemption,477191,Tamil Nadu,Chennai,T30,18-25,Male,6.0,Cheque,Verified
INV000312,2024-04-01,125498,sip,27713,Gujarat,Ahmedabad,T30,18-25,Male,7.1,UPI,Verified
INV003812,2024-04-01,118634,redemption,373501,Haryana,Faridabad,B30,18-25,Female,3.6,Cheque,Pending
INV003110,2024-04-01,149324,sip,1086,Rajasthan,Jaipur,T30,26-35,Male,9.0,Net Banking,Verified
INV004099,2024-04-01,120503,sip,13117,West Bengal,Kolkata,T30,26-35,Male,22.6,UPI,Verified
INV002157,2024-04-01,119599,sip,3547,Punjab,Chandigarh,T30,26-35,Male,16.9,Mandate,Verified
INV004184,2024-04-01,148569,sip,1039,Karnataka,Bangalore,T30,26-35,Male,9.9,UPI,Verified
INV001757,2024-04-01,148567,sip,1113,Telangana,Hyderabad,T30,46-55,Male,87.3,UPI,Verified
INV000123,2024-04-01,148568,lumpsum,297338,Punjab,Chandigarh,T30,46-55,Male,73.3,Cheque,Verified
INV002351,2024-04-01,118636,redemption,82624,Gujarat,Ahmedabad,T30,36-45,Male,18.9,Mandate,Verified
INV001418,2024-04-01,118634,lumpsum,264315,Delhi,Noida,T30,36-45,Male,39.2,UPI,Verified
INV004567,2024-04-01,119552,redemption,373103,Telangana,Hyderabad,T30,56+,Male,75.0,Net Banking,Verified
INV003981,2024-04-01,120505,sip,29822,Haryana,Faridabad,B30,46-55,Male,46.7,UPI,Verified
INV002294,2024-04-01,118634,sip,15047,Haryana,Gurugram,T30,26-35,Male,22.3,UPI,Verified
INV001386,2024-04-01,102885,lumpsum,274865,Tamil Nadu,Coimbatore,B30,18-25,Male,7.5,Mandate,Verified
INV000328,2024-04-01,125498,sip,2036,Madhya Pradesh,Bhopal,B30,26-35,Male,19.6,Cheque,Verified
INV004051,2024-04-01,148567,sip,2424,Rajasthan,Udaipur,B30,36-45,Female,28.8,Mandate,Verified
INV002464,2024-04-01,120503,sip,11044,Karnataka,Bangalore,T30,26-35,Female,22.9,Cheque,Verified
INV001456,2024-04-01,125497,sip,3518,Punjab,Chandigarh,T30,36-45,Male,36.3,Net Banking,Verified
INV001002,2024-04-01,119092,sip,1043,Telangana,Hyderabad,T30,36-45,Male,52.5,Net Banking,Verified
INV002001,2024-04-01,118635,redemption,302496,Uttar Pradesh,Kanpur,B30,36-45,Female,38.4,Mandate,Verified
INV004017,2024-04-01,120505,sip,1199,West Bengal,Kolkata,T30,36-45,Male,36.7,UPI,Verified
INV002235,2024-04-01,120503,sip,2505,Uttar Pradesh,Agra,B30,36-45,Female,32.1,UPI,Verified
INV002608,2024-04-01,118633,sip,880,Uttar Pradesh,Agra,B30,36-45,Female,22.2,UPI,Verified
INV000759,2024-04-01,100016,redemption,249608,Gujarat,Ahmedabad,T30,26-35,Male,7.6,Cheque,Verified
INV001538,2024-04-01,100033,lumpsum,70354,Madhya Pradesh,Bhopal,B30,18-25,Female,3.1,UPI,Verified
INV001529,2024-04-01,120507,sip,514,Haryana,Faridabad,B30,56+,Male,72.6,Mandate,Verified
INV002890,2024-04-01,102886,sip,4561,Rajasthan,Jaipur,T30,36-45,Female,49.2,Cheque,Verified
INV003828,2024-04-01,118636,redemption,83113,Karnataka,Bangalore,T30,18-25,Male,7.6,Mandate,Verified
INV003611,2024-04-01,119094,sip,2711,Uttar Pradesh,Kanpur,B30,18-25,Male,4.8,Mandate,Verified
INV000244,2024-04-01,119599,sip,437,Telangana,Hyderabad,T30,26-35,Male,24.9,Mandate,Verified
INV003308,2024-04-01,101208,redemption,201884,Telangana,Hyderabad,T30,56+,Male,58.2,UPI,Verified
INV001395,2024-04-01,101206,sip,1769,Telangana,Hyderabad,T30,56+,Male,53.5,UPI,Verified
INV000061,2024-04-01,101208,sip,402,Tamil Nadu,Chennai,T30,26-35,Female,23.3,UPI,Verified
INV001472,2024-04-01,119094,lumpsum,55543,West Bengal,Kolkata,T30,18-25,Male,5.4,Mandate,Verified
INV004692,2024-04-01,120504,sip,419,Madhya Pradesh,Bhopal,B30,26-35,Male,11.6,Cheque,Pending
INV000854,2024-04-01,120505,sip,5013,Karnataka,Bangalore,T30,46-55,Female,79.7,Cheque,Verified
INV000822,2024-04-01,125498,redemption,106786,Punjab,Amritsar,B30,26-35,Male,9.2,UPI,Verified
INV003391,2024-04-01,101208,redemption,221065,West Bengal,Kolkata,T30,26-35,Male,20.2,Net Banking,Verified
INV001963,2024-04-01,120843,sip,1166,Maharashtra,Nashik,B30,26-35,Male,10.3,Mandate,Verified
INV000968,2024-04-01,101208,redemption,66515,Tamil Nadu,Chennai,T30,36-45,Female,37.1,UPI,Pending
INV003196,2024-04-01,119093,sip,8507,West Bengal,Kolkata,T30,26-35,Female,20.1,Cheque,Verified
INV000483,2024-04-01,102886,sip,2358,Haryana,Gurugram,T30,18-25,Male,7.7,Net Banking,Verified
INV002956,2024-04-01,149324,redemption,440119,Gujarat,Surat,T30,36-45,Female,53.7,Cheque,Verified
INV000216,2024-04-02,148569,redemption,43359,Karnataka,Mysore,B30,26-35,Male,21.9,Net Banking,Verified
INV003671,2024-04-02,102887,lumpsum,186589,Haryana,Gurugram,T30,36-45,Female,22.9,UPI,Verified
INV004743,2024-04-02,101206,redemption,43142,Maharashtra,Nashik,B30,36-45,Male,18.7,Net Banking,Verified
INV001880,2024-04-02,119120,lumpsum,417838,Madhya Pradesh,Bhopal,B30,26-35,Male,23.0,Net Banking,Verified
INV000101,2024-04-02,120843,sip,2880,Madhya Pradesh,Indore,T30,26-35,Male,20.8,Mandate,Verified
INV004661,2024-04-02,101206,redemption,408781,Maharashtra,Nashik,B30,26-35,Male,9.8,Cheque,Verified
INV001562,2024-04-02,149323,sip,2255,Delhi,Noida,T30,26-35,Male,7.0,UPI,Verified
INV004850,2024-04-02,118633,sip,14621,Madhya Pradesh,Bhopal,B30,56+,Male,34.8,Mandate,Verified
INV002684,2024-04-02,149324,redemption,299537,Delhi,New Delhi,T30,36-45,Female,56.2,Net Banking,Verified
INV002265,2024-04-02,149322,redemption,129114,Rajasthan,Jaipur,T30,18-25,Female,3.8,UPI,Verified
INV004334,2024-04-02,118632,sip,1803,Punjab,Amritsar,B30,26-35,Female,6.6,Cheque,Verified
INV003964,2024-04-02,118635,sip,1019,Punjab,Chandigarh,T30,26-35,Male,16.7,Cheque,Verified
INV001048,2024-04-02,120505,redemption,174404,Delhi,New Delhi,T30,46-55,Male,46.6,Cheque,Verified
INV002155,2024-04-02,148567,sip,2576,Telangana,Hyderabad,T30,56+,Male,26.2,Net Banking,Verified
INV002106,2024-04-02,120507,sip,5758,Uttar Pradesh,Lucknow,T30,26-35,Male,20.8,Cheque,Verified
INV003761,2024-04-02,102886,sip,8986,Karnataka,Mysore,B30,46-55,Male,61.2,Cheque,Verified
INV004771,2024-04-02,125498,sip,12649,Tamil Nadu,Coimbatore,B30,18-25,Male,6.6,UPI,Verified
INV003255,2024-04-02,102887,sip,22613,Delhi,Gurugram,T30,46-55,Female,77.7,UPI,Verified
INV004142,2024-04-02,148569,sip,2232,West Bengal,Kolkata,T30,26-35,Male,12.0,Cheque,Verified
INV002597,2024-04-02,102887,sip,5214,West Bengal,Kolkata,T30,26-35,Male,12.0,Cheque,Verified
INV003260,2024-04-02,101207,sip,2285,Madhya Pradesh,Indore,T30,18-25,Male,7.9,Net Banking,Verified
INV002369,2024-04-02,119092,sip,29393,Madhya Pradesh,Bhopal,B30,36-45,Male,33.6,UPI,Pending
INV000518,2024-04-02,101206,redemption,119203,Uttar Pradesh,Agra,B30,26-35,Male,11.9,Mandate,Verified
INV001873,2024-04-02,120842,sip,51815,Telangana,Hyderabad,T30,36-45,Female,38.9,Net Banking,Verified
INV001597,2024-04-02,119094,lumpsum,480853,West Bengal,Kolkata,T30,36-45,Male,46.1,Mandate,Verified
INV004591,2024-04-02,118636,redemption,414404,Tamil Nadu,Chennai,T30,26-35,Male,7.8,Cheque,Verified
INV001672,2024-04-02,148568,sip,16819,Maharashtra,Pune,T30,18-25,Male,5.4,UPI,Verified
INV003047,2024-04-02,100033,sip,3362,Maharashtra,Mumbai,T30,46-55,Male,40.0,UPI,Verified
INV003525,2024-04-02,119093,sip,1126,Karnataka,Mysore,B30,36-45,Male,36.1,Mandate,Verified
INV001160,2024-04-02,148568,sip,9387,Karnataka,Mysore,B30,36-45,Female,13.8,UPI,Verified
INV002471,2024-04-02,120505,sip,2133,Punjab,Chandigarh,T30,18-25,Male,3.1,Cheque,Verified
INV003913,2024-04-02,120844,sip,6600,Telangana,Hyderabad,T30,36-45,Male,51.7,Cheque,Pending
INV002452,2024-04-02,120504,sip,2533,Uttar Pradesh,Kanpur,B30,18-25,Male,5.1,Mandate,Pending
INV003583,2024-04-02,120841,sip,2783,Maharashtra,Nashik,B30,18-25,Male,4.9,Mandate,Verified
INV004434,2024-04-02,118636,redemption,364334,Gujarat,Surat,T30,46-55,Male,17.7,UPI,Verified
INV002776,2024-04-02,118634,lumpsum,346475,Tamil Nadu,Coimbatore,B30,18-25,Male,5.8,UPI,Verified
INV003317,2024-04-02,149323,sip,2598,Delhi,New Delhi,T30,18-25,Male,6.6,Net Banking,Verified
INV004830,2024-04-02,148569,sip,15847,Gujarat,Ahmedabad,T30,26-35,Male,15.1,Mandate,Verified
INV000413,2024-04-02,120507,sip,2271,Haryana,Gurugram,T30,36-45,Female,49.8,Cheque,Verified
INV002054,2024-04-02,118634,sip,7864,Telangana,Hyderabad,T30,26-35,Male,17.8,Cheque,Verified
INV002531,2024-04-02,120843,sip,4368,Rajasthan,Udaipur,B30,36-45,Female,50.4,Net Banking,Pending
INV000330,2024-04-02,119093,redemption,185595,Madhya Pradesh,Bhopal,B30,26-35,Female,11.9,Net Banking,Pending
INV001416,2024-04-02,120504,sip,59441,Haryana,Faridabad,B30,18-25,Male,7.9,Mandate,Verified
INV002471,2024-04-02,125497,sip,2214,Punjab,Chandigarh,T30,18-25,Male,3.1,Mandate,Verified
INV002343,2024-04-02,118635,sip,3026,Punjab,Amritsar,B30,26-35,Male,22.1,Net Banking,Verified
INV002187,2024-04-02,120504,sip,1967,Tamil Nadu,Chennai,T30,36-45,Male,15.0,Cheque,Verified
INV001051,2024-04-02,125497,sip,10660,Haryana,Gurugram,T30,26-35,Male,8.2,Cheque,Verified
INV004665,2024-04-02,120507,sip,7691,Madhya Pradesh,Bhopal,B30,36-45,Male,17.1,Cheque,Verified
INV001545,2024-04-02,118633,sip,25409,Madhya Pradesh,Bhopal,B30,26-35,Male,11.5,Cheque,Verified
INV003325,2024-04-02,119095,lumpsum,525850,Haryana,Faridabad,B30,26-35,Male,17.3,Net Banking,Verified
INV004241,2024-04-02,119093,sip,14028,Maharashtra,Mumbai,T30,36-45,Male,18.9,Net Banking,Verified
INV001934,2024-04-02,119094,lumpsum,284502,West Bengal,Kolkata,T30,46-55,Female,77.4,Cheque,Verified
INV000392,2024-04-02,149322,sip,400,Gujarat,Surat,T30,26-35,Female,16.6,UPI,Verified
INV001828,2024-04-02,120507,sip,4456,Gujarat,Surat,T30,36-45,Male,27.7,Net Banking,Verified
INV000087,2024-04-02,119093,redemption,414914,Rajasthan,Jaipur,T30,36-45,Male,56.2,Net Banking,Verified
INV004723,2024-04-02,100016,sip,7402,Gujarat,Surat,T30,26-35,Male,23.0,Net Banking,Verified
INV001764,2024-04-02,120843,sip,2679,Rajasthan,Udaipur,B30,46-55,Female,28.1,Net Banking,Verified
INV004754,2024-04-02,101208,sip,7075,Telangana,Hyderabad,T30,36-45,Female,51.5,UPI,Verified
INV002818,2024-04-02,118635,sip,2081,Haryana,Gurugram,T30,46-55,Female,50.2,UPI,Verified
INV004406,2024-04-02,120841,sip,5655,Rajasthan,Jaipur,T30,36-45,Male,12.2,Net Banking,Verified
INV001396,2024-04-03,118633,lumpsum,513208,Rajasthan,Jaipur,T30,26-35,Female,10.6,Net Banking,Verified
INV001681,2024-04-03,102886,sip,3015,West Bengal,Kolkata,T30,26-35,Male,8.5,Net Banking,Verified
INV000949,2024-04-03,101208,sip,5414,Tamil Nadu,Coimbatore,B30,26-35,Male,11.2,Cheque,Verified
INV003717,2024-04-03,101207,sip,5218,Tamil Nadu,Coimbatore,B30,26-35,Female,20.8,Cheque,Verified
INV002727,2024-04-03,118636,sip,965,Madhya Pradesh,Bhopal,B30,26-35,Female,6.3,Cheque,Verified
INV004646,2024-04-03,120841,sip,48389,Madhya Pradesh,Indore,T30,18-25,Female,5.5,Net Banking,Verified
INV001762,2024-04-03,120504,sip,15780,Punjab,Amritsar,B30,18-25,Female,7.5,Net Banking,Verified
INV004774,2024-04-03,102886,redemption,361365,Tamil Nadu,Coimbatore,B30,36-45,Male,21.8,UPI,Verified
INV002395,2024-04-03,148567,sip,4961,West Bengal,Kolkata,T30,26-35,Male,13.0,Net Banking,Verified
INV003263,2024-04-03,119094,lumpsum,84195,Tamil Nadu,Chennai,T30,26-35,Female,12.5,Net Banking,Verified
INV002598,2024-04-03,120506,sip,11171,Uttar Pradesh,Lucknow,T30,26-35,Male,14.6,Mandate,Pending
INV003764,2024-04-03,118635,redemption,108982,Tamil Nadu,Coimbatore,B30,46-55,Female,16.0,UPI,Verified
INV002275,2024-04-03,120504,sip,551,Maharashtra,Mumbai,T30,18-25,Male,7.1,Mandate,Verified
INV004691,2024-04-03,102885,lumpsum,206058,Delhi,Noida,T30,26-35,Male,14.5,Cheque,Verified
INV002725,2024-04-03,102887,sip,15007,Rajasthan,Udaipur,B30,46-55,Female,49.2,UPI,Verified
INV002325,2024-04-03,120503,redemption,292783,Rajasthan,Udaipur,B30,36-45,Male,48.8,UPI,Verified
INV004378,2024-04-03,120842,sip,552,Tamil Nadu,Chennai,T30,26-35,Female,23.2,UPI,Verified
INV000148,2024-04-03,102885,sip,20390,Telangana,Hyderabad,T30,18-25,Female,3.5,Mandate,Verified
INV003174,2024-04-03,119120,sip,2231,Tamil Nadu,Chennai,T30,26-35,Female,10.0,Cheque,Verified
INV001415,2024-04-03,119598,lumpsum,278391,Haryana,Gurugram,T30,56+,Male,33.1,Mandate,Verified
INV000601,2024-04-03,102885,sip,429,Rajasthan,Jaipur,T30,46-55,Male,52.6,UPI,Verified
INV002085,2024-04-03,149324,sip,12358,Telangana,Hyderabad,T30,56+,Female,12.5,Mandate,Verified
INV004321,2024-04-03,120507,sip,26613,West Bengal,Kolkata,T30,26-35,Male,16.0,Cheque,Verified
INV003557,2024-04-03,120503,sip,860,Karnataka,Bangalore,T30,46-55,Female,81.8,UPI,Verified
INV003289,2024-04-03,125498,lumpsum,306082,Uttar Pradesh,Lucknow,T30,26-35,Male,11.2,Mandate,Verified
INV003815,2024-04-03,102885,sip,1934,Gujarat,Surat,T30,36-45,Male,38.7,UPI,Verified
INV000043,2024-04-03,118636,lumpsum,358320,Madhya Pradesh,Indore,T30,26-35,Male,23.7,UPI,Verified
INV002214,2024-04-03,102885,lumpsum,381090,Delhi,Gurugram,T30,36-45,Female,50.5,Net Banking,Verified
INV004442,2024-04-03,100016,sip,2597,Haryana,Faridabad,B30,18-25,Male,5.8,UPI,Verified
INV000841,2024-04-03,120844,sip,10809,Maharashtra,Mumbai,T30,36-45,Male,56.5,UPI,Verified
INV002395,2024-04-03,125498,sip,28841,West Bengal,Kolkata,T30,26-35,Male,13.0,Mandate,Verified
INV002369,2024-04-03,119551,sip,53446,Madhya Pradesh,Bhopal,B30,36-45,Male,33.6,UPI,Verified
INV002687,2024-04-03,148567,sip,25052,Delhi,New Delhi,T30,36-45,Male,25.9,UPI,Verified
INV004177,2024-04-03,120844,sip,871,Tamil Nadu,Coimbatore,B30,26-35,Male,14.7,Net Banking,Verified
INV002258,2024-04-03,120841,sip,2956,Madhya Pradesh,Bhopal,B30,36-45,Male,33.7,Cheque,Verified
INV002631,2024-04-03,119095,redemption,97093,Uttar Pradesh,Kanpur,B30,46-55,Female,93.8,Cheque,Verified
INV002357,2024-04-03,120503,sip,27308,Delhi,Gurugram,T30,26-35,Male,7.8,Net Banking,Verified
INV002178,2024-04-03,120843,sip,2155,Gujarat,Ahmedabad,T30,36-45,Female,33.8,UPI,Verified
INV001835,2024-04-03,120504,sip,590,Delhi,Noida,T30,26-35,Female,13.2,Net Banking,Verified
INV001870,2024-04-03,149322,sip,2628,Madhya Pradesh,Indore,T30,26-35,Male,19.3,Mandate,Verified
INV004463,2024-04-03,120844,sip,57773,Karnataka,Bangalore,T30,26-35,Female,16.1,Mandate,Verified
INV003309,2024-04-03,120843,sip,10427,Delhi,New Delhi,T30,26-35,Male,20.0,Net Banking,Verified
INV002917,2024-04-03,100025,sip,1031,Maharashtra,Pune,T30,18-25,Male,6.4,UPI,Verified
INV001182,2024-04-03,149324,sip,20014,Punjab,Amritsar,B30,26-35,Male,9.1,Net Banking,Verified
INV004130,2024-04-03,120506,redemption,14799,Punjab,Amritsar,B30,36-45,Male,57.9,Cheque,Pending
INV002402,2024-04-03,119095,lumpsum,408494,Uttar Pradesh,Lucknow,T30,46-55,Male,55.5,Cheque,Verified
INV002417,2024-04-03,120507,lumpsum,208860,Tamil Nadu,Coimbatore,B30,26-35,Male,16.8,Cheque,Verified
INV003111,2024-04-03,119598,lumpsum,111715,Delhi,Gurugram,T30,18-25,Female,5.9,Cheque,Verified
INV003650,2024-04-03,125498,sip,2280,Telangana,Hyderabad,T30,46-55,Male,87.3,Net Banking,Verified
INV004896,2024-04-03,100016,lumpsum,171288,Uttar Pradesh,Agra,B30,18-25,Female,3.5,UPI,Verified
INV000586,2024-04-03,120844,lumpsum,114578,West Bengal,Kolkata,T30,36-45,Male,43.8,Net Banking,Verified
INV001383,2024-04-03,120503,sip,2201,Maharashtra,Pune,T30,26-35,Male,18.6,Mandate,Verified
INV004036,2024-04-03,118636,lumpsum,33885,Uttar Pradesh,Agra,B30,56+,Female,51.7,Net Banking,Verified
INV002353,2024-04-03,120843,redemption,222379,West Bengal,Kolkata,T30,46-55,Male,40.5,Cheque,Verified
INV001227,2024-04-03,120842,redemption,404584,Tamil Nadu,Coimbatore,B30,36-45,Male,58.3,Net Banking,Verified
INV004067,2024-04-03,100025,redemption,267777,Delhi,Gurugram,T30,26-35,Male,8.5,Cheque,Verified
INV000520,2024-04-03,125497,sip,3038,West Bengal,Kolkata,T30,46-55,Female,59.4,UPI,Verified
INV002066,2024-04-03,119599,lumpsum,119422,West Bengal,Kolkata,T30,26-35,Female,23.3,Mandate,Verified
INV002519,2024-04-03,120503,sip,48999,Gujarat,Ahmedabad,T30,56+,Male,29.7,Cheque,Verified
INV002428,2024-04-03,148567,redemption,355773,Gujarat,Ahmedabad,T30,56+,Female,38.0,UPI,Verified
INV004428,2024-04-04,119092,sip,3357,Rajasthan,Udaipur,B30,26-35,Female,6.7,Cheque,Verified
INV003097,2024-04-04,149323,lumpsum,412982,Punjab,Chandigarh,T30,26-35,Male,21.5,Cheque,Pending
INV002591,2024-04-04,120507,lumpsum,192934,Gujarat,Ahmedabad,T30,18-25,Male,3.7,UPI,Verified
INV000430,2024-04-04,119598,redemption,322027,Punjab,Amritsar,B30,18-25,Male,3.3,Mandate,Verified
INV004445,2024-04-04,120503,sip,4403,Delhi,Noida,T30,36-45,Male,25.7,UPI,Verified
INV003570,2024-04-04,120843,sip,2414,Delhi,New Delhi,T30,26-35,Male,12.3,Mandate,Verified
INV003908,2024-04-04,120503,redemption,317112,Tamil Nadu,Coimbatore,B30,26-35,Female,13.8,Cheque,Verified
INV003495,2024-04-04,101208,lumpsum,32362,West Bengal,Kolkata,T30,26-35,Female,22.9,Mandate,Verified
INV001310,2024-04-04,102885,sip,544,Telangana,Hyderabad,T30,46-55,Male,83.6,Net Banking,Verified
INV003859,2024-04-04,100033,sip,2632,Karnataka,Bangalore,T30,36-45,Male,28.5,Cheque,Verified
INV000461,2024-04-04,102887,sip,41765,Punjab,Chandigarh,T30,36-45,Male,26.9,UPI,Verified
INV000737,2024-04-04,119120,sip,51805,Madhya Pradesh,Indore,T30,26-35,Female,10.0,Mandate,Verified
INV000604,2024-04-04,118635,lumpsum,447641,Karnataka,Bangalore,T30,26-35,Male,9.5,Mandate,Verified
INV002054,2024-04-04,100016,sip,2508,Telangana,Hyderabad,T30,26-35,Male,17.8,Net Banking,Verified
INV002468,2024-04-04,120504,sip,26802,West Bengal,Kolkata,T30,46-55,Male,48.8,Net Banking,Verified
INV004802,2024-04-04,118632,redemption,162226,Uttar Pradesh,Kanpur,B30,26-35,Male,20.9,Cheque,Verified
INV001626,2024-04-04,149323,sip,592,Maharashtra,Mumbai,T30,26-35,Male,16.8,UPI,Verified
INV004547,2024-04-04,119599,sip,563,Madhya Pradesh,Bhopal,B30,36-45,Female,42.8,Mandate,Pending
INV003116,2024-04-04,120506,sip,538,Rajasthan,Udaipur,B30,26-35,Female,8.7,Mandate,Verified
INV003404,2024-04-04,119095,sip,1905,Tamil Nadu,Chennai,T30,36-45,Male,26.8,Mandate,Verified
INV003673,2024-04-04,101206,sip,6744,Maharashtra,Mumbai,T30,26-35,Male,23.5,Net Banking,Verified
INV001031,2024-04-04,149322,sip,28272,Delhi,New Delhi,T30,36-45,Female,23.0,UPI,Verified
INV000592,2024-04-04,119552,sip,570,Maharashtra,Mumbai,T30,26-35,Male,21.2,Cheque,Verified
INV003844,2024-04-04,149323,sip,582,Maharashtra,Nashik,B30,26-35,Female,15.9,UPI,Verified
INV004153,2024-04-04,102885,sip,17786,Uttar Pradesh,Agra,B30,46-55,Male,96.3,Mandate,Verified
INV003030,2024-04-04,149322,lumpsum,348072,Karnataka,Mysore,B30,18-25,Male,3.1,UPI,Verified
INV000230,2024-04-04,120842,lumpsum,323831,Haryana,Faridabad,B30,18-25,Male,3.3,UPI,Verified
INV002360,2024-04-04,120504,sip,20710,Maharashtra,Mumbai,T30,26-35,Male,11.6,Cheque,Verified
INV004070,2024-04-04,120843,lumpsum,356983,Maharashtra,Pune,T30,26-35,Male,13.8,Net Banking,Verified
INV002107,2024-04-04,119551,sip,29386,Telangana,Hyderabad,T30,26-35,Male,18.2,UPI,Verified
INV004232,2024-04-04,119095,sip,565,Tamil Nadu,Chennai,T30,26-35,Male,19.0,Net Banking,Verified
INV004674,2024-04-04,119551,redemption,309124,Madhya Pradesh,Bhopal,B30,56+,Male,76.8,Cheque,Pending
INV001806,2024-04-04,102886,sip,2367,Telangana,Hyderabad,T30,36-45,Male,32.6,Mandate,Verified
INV002232,2024-04-04,119095,sip,8487,Karnataka,Bangalore,T30,26-35,Female,16.9,Mandate,Verified
INV000094,2024-04-04,120504,sip,555,West Bengal,Kolkata,T30,18-25,Male,3.7,Cheque,Verified
INV003913,2024-04-04,118632,sip,576,Telangana,Hyderabad,T30,36-45,Male,51.7,UPI,Verified
INV004521,2024-04-04,119551,lumpsum,139758,Gujarat,Ahmedabad,T30,18-25,Male,7.9,UPI,Verified
INV003904,2024-04-04,120505,sip,6976,Karnataka,Bangalore,T30,46-55,Male,67.6,UPI,Verified
INV004163,2024-04-04,149323,sip,29849,Uttar Pradesh,Agra,B30,46-55,Male,96.4,Cheque,Verified
INV003192,2024-04-04,100033,redemption,126794,Uttar Pradesh,Lucknow,T30,26-35,Male,22.2,Net Banking,Verified
INV002329,2024-04-04,100016,lumpsum,7964,Madhya Pradesh,Indore,T30,56+,Male,51.2,Cheque,Verified
INV000117,2024-04-04,148569,sip,2624,Karnataka,Bangalore,T30,26-35,Female,15.6,UPI,Verified
INV000281,2024-04-04,149324,sip,942,Punjab,Chandigarh,T30,26-35,Male,20.5,Mandate,Verified
INV004276,2024-04-04,118633,redemption,481267,Punjab,Amritsar,B30,26-35,Male,13.4,Net Banking,Verified
INV003815,2024-04-04,101207,sip,5902,Gujarat,Surat,T30,36-45,Male,38.7,Cheque,Verified
INV004649,2024-04-04,119599,lumpsum,225573,Karnataka,Bangalore,T30,36-45,Male,48.4,Net Banking,Verified
INV000928,2024-04-04,149322,lumpsum,125540,Tamil Nadu,Coimbatore,B30,18-25,Female,6.2,UPI,Verified
INV002984,2024-04-04,119599,redemption,258973,Delhi,Gurugram,T30,26-35,Male,18.1,UPI,Verified
INV004357,2024-04-04,118632,sip,564,Delhi,Gurugram,T30,46-55,Female,55.6,UPI,Verified
INV002856,2024-04-04,149323,sip,46288,Telangana,Hyderabad,T30,26-35,Male,13.2,Net Banking,Verified
INV001138,2024-04-04,119599,sip,6195,Haryana,Faridabad,B30,46-55,Female,81.3,Cheque,Verified
INV001190,2024-04-04,120844,sip,469,Maharashtra,Mumbai,T30,26-35,Male,15.6,Cheque,Verified
INV001334,2024-04-04,118633,sip,3351,Punjab,Amritsar,B30,36-45,Male,38.6,Cheque,Verified
INV003700,2024-04-04,125497,sip,5020,Maharashtra,Nashik,B30,46-55,Male,42.6,UPI,Verified
INV001938,2024-04-04,148568,lumpsum,192620,Karnataka,Mysore,B30,26-35,Male,17.4,Net Banking,Verified
INV001679,2024-04-05,148567,lumpsum,113028,Haryana,Faridabad,B30,36-45,Female,46.7,Cheque,Verified
INV001481,2024-04-05,120504,sip,29931,Telangana,Hyderabad,T30,26-35,Male,23.4,UPI,Pending
INV000934,2024-04-05,149322,lumpsum,23503,Delhi,Gurugram,T30,56+,Male,37.4,Mandate,Verified
INV004801,2024-04-05,119095,sip,6725,Uttar Pradesh,Lucknow,T30,26-35,Male,13.2,UPI,Verified
INV001497,2024-04-05,119094,redemption,287532,Maharashtra,Mumbai,T30,36-45,Male,56.8,UPI,Verified
INV002795,2024-04-05,100033,sip,3347,Maharashtra,Pune,T30,18-25,Female,4.5,Cheque,Pending
INV000893,2024-04-05,118633,sip,1198,Punjab,Chandigarh,T30,46-55,Male,35.3,Cheque,Verified
INV000041,2024-04-05,118634,lumpsum,197824,Karnataka,Mysore,B30,46-55,Male,25.0,Cheque,Verified
INV000467,2024-04-05,100016,sip,1955,Karnataka,Bangalore,T30,18-25,Female,7.1,Net Banking,Verified
INV000131,2024-04-05,125498,sip,13703,Telangana,Hyderabad,T30,36-45,Female,16.8,Mandate,Verified
INV003082,2024-04-05,119094,redemption,131377,Telangana,Hyderabad,T30,26-35,Male,18.7,UPI,Verified
INV002037,2024-04-05,148569,lumpsum,437174,Delhi,New Delhi,T30,56+,Male,22.0,Mandate,Verified
INV002178,2024-04-05,119092,lumpsum,224687,Gujarat,Ahmedabad,T30,36-45,Female,33.8,UPI,Verified
INV000827,2024-04-05,125498,sip,2412,Maharashtra,Pune,T30,36-45,Male,28.8,UPI,Pending
INV000811,2024-04-05,120507,lumpsum,414707,Haryana,Faridabad,B30,36-45,Female,34.5,UPI,Verified
INV003999,2024-04-05,119092,redemption,178287,Haryana,Faridabad,B30,26-35,Female,21.2,UPI,Verified
INV003740,2024-04-05,102886,sip,2727,Karnataka,Bangalore,T30,56+,Female,16.2,Net Banking,Verified
INV004424,2024-04-05,120841,sip,6663,Delhi,New Delhi,T30,46-55,Female,90.1,UPI,Verified
INV004295,2024-04-05,120844,sip,17635,Karnataka,Bangalore,T30,36-45,Male,50.6,Cheque,Verified
INV003271,2024-04-05,119551,sip,1804,West Bengal,Kolkata,T30,18-25,Male,4.8,UPI,Verified
INV004822,2024-04-05,119598,lumpsum,185853,Rajasthan,Udaipur,B30,26-35,Male,14.8,Net Banking,Verified
INV001336,2024-04-05,149324,lumpsum,164499,Tamil Nadu,Coimbatore,B30,18-25,Male,5.0,UPI,Verified
INV002353,2024-04-05,119552,lumpsum,182245,West Bengal,Kolkata,T30,46-55,Male,40.5,Net Banking,Verified
INV001963,2024-04-05,119094,lumpsum,536873,Maharashtra,Nashik,B30,26-35,Male,10.3,Cheque,Verified
INV001206,2024-04-05,102885,sip,11217,Delhi,Noida,T30,26-35,Male,11.7,Net Banking,Verified
INV000768,2024-04-05,148569,lumpsum,44827,Delhi,Noida,T30,56+,Male,12.2,UPI,Pending
INV002542,2024-04-05,120844,lumpsum,69888,Telangana,Hyderabad,T30,26-35,Female,15.9,Net Banking,Verified
INV002787,2024-04-05,118634,sip,2281,Uttar Pradesh,Kanpur,B30,18-25,Male,4.8,UPI,Verified
INV004630,2024-04-05,119599,sip,27709,Madhya Pradesh,Bhopal,B30,26-35,Female,6.3,UPI,Verified
INV003387,2024-04-05,118632,lumpsum,261280,Gujarat,Ahmedabad,T30,36-45,Male,15.4,Net Banking,Pending
INV000311,2024-04-05,120843,lumpsum,106892,Punjab,Amritsar,B30,36-45,Male,29.2,UPI,Verified
INV003475,2024-04-05,120841,sip,7248,Telangana,Hyderabad,T30,26-35,Male,20.7,Cheque,Verified
INV003814,2024-04-05,101207,sip,2794,Rajasthan,Udaipur,B30,36-45,Female,12.5,Mandate,Verified
INV001379,2024-04-05,119552,sip,5855,Punjab,Amritsar,B30,56+,Female,74.3,Mandate,Verified
INV002121,2024-04-05,148569,sip,2838,Madhya Pradesh,Bhopal,B30,18-25,Female,3.5,Mandate,Verified
INV000023,2024-04-05,148568,sip,46056,West Bengal,Kolkata,T30,46-55,Female,61.9,Net Banking,Verified
INV004358,2024-04-05,149323,sip,2803,Tamil Nadu,Coimbatore,B30,26-35,Male,6.5,Cheque,Verified
INV001155,2024-04-05,119552,lumpsum,40120,Telangana,Hyderabad,T30,26-35,Female,16.7,UPI,Verified
INV004475,2024-04-05,120507,sip,14321,Punjab,Amritsar,B30,26-35,Male,18.2,Cheque,Verified
INV001636,2024-04-05,118636,sip,7483,Rajasthan,Udaipur,B30,18-25,Male,6.0,Mandate,Verified
INV000953,2024-04-05,148568,sip,15383,Haryana,Faridabad,B30,56+,Male,23.1,UPI,Verified
INV001701,2024-04-05,149322,redemption,331519,Karnataka,Mysore,B30,26-35,Female,24.4,UPI,Verified
INV002434,2024-04-05,102886,sip,7675,Uttar Pradesh,Agra,B30,26-35,Male,13.8,Net Banking,Verified
INV000047,2024-04-05,119599,redemption,86386,Haryana,Faridabad,B30,36-45,Male,23.6,UPI,Pending
INV003571,2024-04-05,102885,redemption,395601,Haryana,Faridabad,B30,36-45,Male,53.1,Mandate,Verified
INV000957,2024-04-05,101208,redemption,201303,Madhya Pradesh,Bhopal,B30,36-45,Male,38.2,Net Banking,Verified
INV002860,2024-04-05,148567,sip,5708,Madhya Pradesh,Indore,T30,46-55,Male,18.9,UPI,Verified
INV004641,2024-04-05,149324,lumpsum,250321,Haryana,Faridabad,B30,56+,Male,42.4,Net Banking,Verified
INV001692,2024-04-05,101208,lumpsum,44163,Rajasthan,Jaipur,T30,26-35,Male,11.7,Net Banking,Verified
INV002863,2024-04-05,120842,sip,45968,Rajasthan,Udaipur,B30,36-45,Female,49.8,Net Banking,Verified
INV001569,2024-04-05,118632,sip,5725,Punjab,Chandigarh,T30,46-55,Male,50.1,Net Banking,Verified
INV002473,2024-04-05,119552,lumpsum,138667,Uttar Pradesh,Lucknow,T30,36-45,Male,41.8,Cheque,Verified
INV001839,2024-04-05,149324,lumpsum,423304,Punjab,Chandigarh,T30,26-35,Male,18.6,Mandate,Verified
INV002968,2024-04-05,100016,sip,8541,West Bengal,Kolkata,T30,36-45,Female,16.2,Net Banking,Verified
INV002271,2024-04-05,100016,sip,4740,Tamil Nadu,Chennai,T30,46-55,Female,75.9,Mandate,Verified
INV000657,2024-04-05,100033,sip,43832,Tamil Nadu,Coimbatore,B30,26-35,Female,11.4,Cheque,Verified
INV002930,2024-04-05,119551,sip,29067,West Bengal,Kolkata,T30,36-45,Male,54.0,UPI,Verified
INV002746,2024-04-05,120507,lumpsum,278342,Delhi,Noida,T30,26-35,Male,23.2,Mandate,Verified
INV003503,2024-04-05,118634,redemption,448045,Karnataka,Mysore,B30,36-45,Male,26.3,Mandate,Verified
INV000888,2024-04-05,101206,sip,28335,Gujarat,Ahmedabad,T30,26-35,Male,21.9,UPI,Verified
INV004190,2024-04-05,149323,sip,7128,Gujarat,Surat,T30,46-55,Male,38.9,Cheque,Verified
INV001784,2024-04-05,120507,lumpsum,190715,Madhya Pradesh,Bhopal,B30,26-35,Male,15.5,Net Banking,Verified
INV001737,2024-04-05,120842,sip,24277,Telangana,Hyderabad,T30,26-35,Female,10.1,Cheque,Verified
INV004351,2024-04-05,120506,redemption,58120,Karnataka,Bangalore,T30,18-25,Male,6.3,Cheque,Verified
INV004856,2024-04-05,119094,sip,3286,Maharashtra,Mumbai,T30,36-45,Male,54.3,Mandate,Verified
INV001134,2024-04-05,119552,lumpsum,425066,Uttar Pradesh,Agra,B30,36-45,Female,46.6,Mandate,Verified
INV001424,2024-04-05,120505,sip,16754,Haryana,Gurugram,T30,26-35,Male,18.9,UPI,Verified
INV002640,2024-04-05,100033,sip,413,Haryana,Faridabad,B30,56+,Female,50.5,Net Banking,Verified
INV001858,2024-04-05,119120,sip,2221,Punjab,Amritsar,B30,36-45,Male,16.6,Net Banking,Verified
INV002724,2024-04-05,120504,lumpsum,58100,Rajasthan,Udaipur,B30,36-45,Male,26.3,UPI,Verified
INV003689,2024-04-05,101207,redemption,223066,Haryana,Gurugram,T30,46-55,Male,79.9,Cheque,Verified
INV002594,2024-04-05,119095,sip,20169,Haryana,Gurugram,T30,26-35,Male,23.7,Mandate,Verified
INV001123,2024-04-05,120844,sip,1038,Uttar Pradesh,Lucknow,T30,26-35,Male,23.9,UPI,Verified
INV003795,2024-04-05,119094,redemption,303778,West Bengal,Kolkata,T30,18-25,Male,7.6,Net Banking,Verified
INV001194,2024-04-05,125498,lumpsum,317000,Karnataka,Bangalore,T30,18-25,Male,7.7,Mandate,Verified
INV000052,2024-04-05,119092,sip,1018,Tamil Nadu,Coimbatore,B30,26-35,Male,19.1,Mandate,Verified
INV003271,2024-04-05,125498,sip,486,West Bengal,Kolkata,T30,18-25,Male,4.8,UPI,Verified
INV001622,2024-04-06,100025,sip,25750,Delhi,New Delhi,T30,36-45,Male,21.8,Net Banking,Verified
INV001646,2024-04-06,119551,sip,2993,Karnataka,Bangalore,T30,26-35,Male,18.9,Net Banking,Verified
INV003045,2024-04-06,120503,sip,546,Telangana,Hyderabad,T30,26-35,Male,12.2,Cheque,Verified
INV002508,2024-04-06,118635,sip,2069,West Bengal,Kolkata,T30,46-55,Male,60.8,Net Banking,Verified
INV001014,2024-04-06,119092,sip,22831,Punjab,Chandigarh,T30,18-25,Female,6.9,Mandate,Verified
INV001395,2024-04-06,119598,lumpsum,218988,Telangana,Hyderabad,T30,56+,Male,53.5,Net Banking,Verified
INV001342,2024-04-06,149323,sip,2218,West Bengal,Kolkata,T30,26-35,Female,15.5,Net Banking,Verified
INV004664,2024-04-06,148567,sip,5204,Karnataka,Bangalore,T30,26-35,Male,18.6,UPI,Verified
INV002533,2024-04-06,119552,sip,418,Haryana,Faridabad,B30,46-55,Male,73.5,Cheque,Verified
INV002276,2024-04-06,149323,lumpsum,536754,Telangana,Hyderabad,T30,46-55,Male,88.0,Mandate,Pending
INV003964,2024-04-06,120503,sip,2509,Punjab,Chandigarh,T30,26-35,Male,16.7,UPI,Verified
INV003507,2024-04-06,148568,redemption,198546,Karnataka,Bangalore,T30,26-35,Female,22.5,Cheque,Pending
INV001721,2024-04-06,120842,sip,7234,Punjab,Amritsar,B30,26-35,Male,10.8,Cheque,Verified
INV004521,2024-04-06,100016,lumpsum,441720,Gujarat,Ahmedabad,T30,18-25,Male,7.9,UPI,Verified
INV003162,2024-04-06,125498,redemption,410840,West Bengal,Kolkata,T30,18-25,Male,4.1,Cheque,Verified
INV002656,2024-04-06,149324,sip,49648,Tamil Nadu,Coimbatore,B30,26-35,Male,9.6,Cheque,Verified
INV003411,2024-04-06,101208,redemption,154767,Tamil Nadu,Chennai,T30,26-35,Male,14.2,Net Banking,Verified
INV001813,2024-04-06,102885,lumpsum,446254,Karnataka,Mysore,B30,36-45,Male,27.0,UPI,Verified
INV000980,2024-04-06,119599,redemption,415272,West Bengal,Kolkata,T30,18-25,Female,7.3,UPI,Verified
INV001188,2024-04-06,102885,lumpsum,310181,Delhi,New Delhi,T30,18-25,Male,7.9,Cheque,Verified
INV000777,2024-04-06,125497,sip,14772,Uttar Pradesh,Lucknow,T30,26-35,Male,15.7,Mandate,Verified
INV002883,2024-04-06,120504,sip,46922,West Bengal,Kolkata,T30,26-35,Female,12.5,Cheque,Verified
INV002368,2024-04-06,118633,sip,2674,Telangana,Hyderabad,T30,26-35,Male,13.7,Net Banking,Verified
INV001544,2024-04-06,119551,redemption,134381,Uttar Pradesh,Kanpur,B30,18-25,Female,5.9,Mandate,Verified
INV004230,2024-04-06,148569,lumpsum,489141,Karnataka,Bangalore,T30,18-25,Female,7.4,Cheque,Verified
INV000390,2024-04-06,120504,sip,47062,Karnataka,Bangalore,T30,26-35,Male,24.9,Net Banking,Pending
INV004184,2024-04-06,119551,sip,27478,Karnataka,Bangalore,T30,26-35,Male,9.9,Mandate,Verified
INV003033,2024-04-06,149323,sip,561,Gujarat,Ahmedabad,T30,36-45,Male,17.3,Mandate,Verified
INV000751,2024-04-06,120507,sip,5548,Uttar Pradesh,Kanpur,B30,36-45,Male,17.7,Cheque,Verified
INV003553,2024-04-06,119551,sip,5625,Punjab,Amritsar,B30,36-45,Male,33.0,Cheque,Verified
INV003956,2024-04-06,100025,sip,20880,Punjab,Amritsar,B30,36-45,Male,32.3,UPI,Verified
INV004490,2024-04-06,119551,sip,42319,Madhya Pradesh,Indore,T30,18-25,Female,3.9,Net Banking,Verified
INV000864,2024-04-06,125498,lumpsum,260813,Tamil Nadu,Chennai,T30,26-35,Female,24.9,UPI,Verified
INV002217,2024-04-06,120507,lumpsum,491580,Tamil Nadu,Coimbatore,B30,18-25,Male,7.0,UPI,Verified
INV000320,2024-04-06,119598,redemption,177314,Uttar Pradesh,Kanpur,B30,26-35,Male,19.7,Cheque,Verified
INV004050,2024-04-06,100016,lumpsum,176485,West Bengal,Kolkata,T30,26-35,Male,15.5,Mandate,Verified
INV002770,2024-04-06,125497,sip,8788,West Bengal,Kolkata,T30,36-45,Female,21.5,Cheque,Verified
INV002162,2024-04-06,120504,sip,7846,Madhya Pradesh,Indore,T30,46-55,Male,40.2,UPI,Verified
INV002312,2024-04-06,125497,sip,23335,Delhi,Noida,T30,18-25,Female,5.5,Cheque,Verified
INV003940,2024-04-06,120504,sip,44073,West Bengal,Kolkata,T30,36-45,Male,21.6,Cheque,Verified
INV000450,2024-04-06,119551,redemption,411962,West Bengal,Kolkata,T30,26-35,Female,18.4,Cheque,Verified
INV004477,2024-04-06,119092,sip,7336,Delhi,Gurugram,T30,46-55,Female,88.3,Net Banking,Verified
INV001081,2024-04-06,148569,lumpsum,188059,Gujarat,Ahmedabad,T30,18-25,Male,7.6,UPI,Verified
INV000214,2024-04-06,102887,sip,23103,Madhya Pradesh,Indore,T30,26-35,Female,20.7,Mandate,Verified
INV000499,2024-04-06,119599,sip,42903,Delhi,New Delhi,T30,36-45,Female,59.5,UPI,Verified
INV003320,2024-04-06,120507,sip,590,Tamil Nadu,Coimbatore,B30,56+,Male,73.7,Cheque,Verified
INV003295,2024-04-06,101208,sip,2976,Gujarat,Ahmedabad,T30,26-35,Male,20.8,Cheque,Verified
INV003902,2024-04-06,120507,redemption,148496,Karnataka,Mysore,B30,26-35,Male,23.1,Cheque,Verified
INV003203,2024-04-06,149322,sip,2545,Telangana,Hyderabad,T30,26-35,Male,22.5,UPI,Verified
INV000708,2024-04-06,119599,lumpsum,157771,Delhi,Noida,T30,26-35,Female,13.5,Net Banking,Pending
INV001317,2024-04-06,100016,lumpsum,355581,Punjab,Chandigarh,T30,26-35,Female,8.9,UPI,Verified
INV000556,2024-04-06,149323,sip,4590,Rajasthan,Udaipur,B30,18-25,Male,7.2,Net Banking,Verified
INV001465,2024-04-07,149322,sip,801,Punjab,Amritsar,B30,26-35,Male,21.0,Mandate,Verified
INV003560,2024-04-07,119093,sip,24553,Rajasthan,Udaipur,B30,26-35,Male,22.5,UPI,Verified
INV002997,2024-04-07,118633,redemption,201544,West Bengal,Kolkata,T30,26-35,Male,23.7,Net Banking,Verified
INV001218,2024-04-07,119599,lumpsum,127292,Madhya Pradesh,Bhopal,B30,36-45,Male,21.1,UPI,Verified
INV004530,2024-04-07,102885,sip,59560,Maharashtra,Nashik,B30,36-45,Male,36.2,Net Banking,Verified
INV003898,2024-04-07,119599,sip,53110,Madhya Pradesh,Indore,T30,26-35,Male,6.2,Net Banking,Verified
INV004513,2024-04-07,149323,sip,6190,Karnataka,Mysore,B30,36-45,Female,16.9,Cheque,Verified
INV004885,2024-04-07,120507,lumpsum,184643,Punjab,Amritsar,B30,26-35,Male,11.7,Mandate,Verified
INV002318,2024-04-07,118635,lumpsum,312558,Tamil Nadu,Chennai,T30,36-45,Male,21.1,Net Banking,Verified
INV004527,2024-04-07,119092,lumpsum,14894,West Bengal,Kolkata,T30,36-45,Male,39.6,Net Banking,Verified
INV000012,2024-04-07,119094,sip,9594,Uttar Pradesh,Kanpur,B30,46-55,Male,51.6,Mandate,Verified
INV004881,2024-04-07,101206,sip,2367,Delhi,New Delhi,T30,18-25,Male,3.8,UPI,Verified
INV004070,2024-04-07,102887,redemption,453133,Maharashtra,Pune,T30,26-35,Male,13.8,Cheque,Verified
INV004028,2024-04-07,125498,sip,1910,Rajasthan,Jaipur,T30,18-25,Male,3.3,Cheque,Verified
INV004979,2024-04-07,149324,lumpsum,192774,Punjab,Chandigarh,T30,26-35,Male,21.5,Mandate,Verified
INV002158,2024-04-07,148568,sip,2360,Madhya Pradesh,Indore,T30,26-35,Male,14.5,UPI,Verified
INV004823,2024-04-07,149323,sip,2642,Rajasthan,Jaipur,T30,36-45,Female,52.6,Net Banking,Verified
INV002310,2024-04-07,120504,redemption,21335,Tamil Nadu,Coimbatore,B30,26-35,Female,15.6,Mandate,Verified
INV003908,2024-04-07,100033,lumpsum,343142,Tamil Nadu,Coimbatore,B30,26-35,Female,13.8,Cheque,Verified
INV004843,2024-04-07,119094,sip,2050,Haryana,Faridabad,B30,56+,Male,49.8,Cheque,Pending
INV002124,2024-04-07,100033,redemption,435639,Tamil Nadu,Coimbatore,B30,18-25,Male,5.0,Mandate,Verified
INV003916,2024-04-07,120843,lumpsum,525790,Karnataka,Mysore,B30,26-35,Male,23.6,Net Banking,Verified
INV000103,2024-04-07,148568,sip,1194,Punjab,Chandigarh,T30,26-35,Female,18.2,Mandate,Verified
INV002700,2024-04-07,125497,sip,2207,Tamil Nadu,Coimbatore,B30,26-35,Male,8.1,UPI,Verified
INV001050,2024-04-07,120503,lumpsum,159787,Telangana,Hyderabad,T30,36-45,Female,38.9,Cheque,Verified
INV000086,2024-04-07,101208,sip,28195,Karnataka,Mysore,B30,18-25,Female,4.1,Mandate,Verified
INV001643,2024-04-07,119552,sip,2771,Punjab,Amritsar,B30,36-45,Male,28.4,Net Banking,Verified
INV002188,2024-04-07,149323,sip,2532,Rajasthan,Jaipur,T30,26-35,Male,19.1,UPI,Pending
INV002798,2024-04-07,118636,lumpsum,254589,Tamil Nadu,Coimbatore,B30,26-35,Female,24.5,Cheque,Verified
INV002318,2024-04-07,120841,sip,16558,Tamil Nadu,Chennai,T30,36-45,Male,21.1,Mandate,Verified
INV000977,2024-04-07,120506,sip,8678,Karnataka,Mysore,B30,56+,Male,22.5,Mandate,Verified
INV000033,2024-04-07,119095,lumpsum,183387,Delhi,New Delhi,T30,36-45,Female,12.4,UPI,Verified
INV004085,2024-04-07,149323,sip,8563,Maharashtra,Pune,T30,36-45,Female,34.5,Cheque,Verified
INV002507,2024-04-07,148567,sip,16200,Tamil Nadu,Chennai,T30,26-35,Female,12.7,Cheque,Verified
INV001157,2024-04-07,120503,sip,8210,Tamil Nadu,Coimbatore,B30,36-45,Female,23.0,Net Banking,Verified
INV004792,2024-04-07,120507,lumpsum,381169,Tamil Nadu,Chennai,T30,26-35,Male,20.5,Cheque,Verified
INV000469,2024-04-07,120843,sip,1636,Tamil Nadu,Coimbatore,B30,18-25,Male,4.7,UPI,Verified
INV000238,2024-04-07,125497,sip,59081,Telangana,Hyderabad,T30,36-45,Male,26.3,UPI,Pending
INV003734,2024-04-07,119095,sip,8109,Tamil Nadu,Coimbatore,B30,56+,Male,70.3,Mandate,Verified
INV004562,2024-04-07,101206,sip,2222,Telangana,Hyderabad,T30,26-35,Female,19.0,Net Banking,Verified
INV003829,2024-04-07,102886,sip,2812,Punjab,Amritsar,B30,36-45,Male,55.6,Cheque,Verified
INV002548,2024-04-07,120843,redemption,199739,Haryana,Gurugram,T30,26-35,Male,21.3,Net Banking,Verified
INV002450,2024-04-07,120506,sip,5285,West Bengal,Kolkata,T30,36-45,Female,14.5,UPI,Pending
INV001739,2024-04-07,148568,sip,2633,West Bengal,Kolkata,T30,36-45,Female,45.5,UPI,Verified
INV003712,2024-04-07,119094,redemption,65563,Maharashtra,Pune,T30,46-55,Male,82.6,Net Banking,Verified
INV001883,2024-04-07,125498,sip,535,Maharashtra,Pune,T30,46-55,Male,69.3,Mandate,Verified
INV003743,2024-04-07,119093,sip,10003,West Bengal,Kolkata,T30,46-55,Male,79.9,Net Banking,Verified
INV000723,2024-04-07,119095,lumpsum,399282,Madhya Pradesh,Indore,T30,46-55,Female,31.4,Mandate,Verified
INV000428,2024-04-07,120843,sip,1091,Delhi,Gurugram,T30,36-45,Male,27.2,Mandate,Verified
INV002958,2024-04-07,119094,sip,24357,Punjab,Amritsar,B30,26-35,Male,10.3,UPI,Verified
INV004142,2024-04-07,120841,sip,53227,West Bengal,Kolkata,T30,26-35,Male,12.0,Cheque,Verified
INV000825,2024-04-07,149323,sip,2169,Madhya Pradesh,Bhopal,B30,18-25,Female,5.5,Cheque,Pending
INV003712,2024-04-07,149322,sip,2322,Maharashtra,Pune,T30,46-55,Male,82.6,Net Banking,Verified
INV000458,2024-04-07,120503,lumpsum,328998,Rajasthan,Udaipur,B30,56+,Male,18.9,Mandate,Verified
INV000646,2024-04-07,100025,lumpsum,316929,Uttar Pradesh,Lucknow,T30,26-35,Female,23.9,UPI,Verified
INV002958,2024-04-07,148568,redemption,77888,Punjab,Amritsar,B30,26-35,Male,10.3,Net Banking,Pending
INV000804,2024-04-07,119092,redemption,371649,Karnataka,Mysore,B30,36-45,Male,39.7,Cheque,Verified
INV000500,2024-04-07,119094,lumpsum,210992,West Bengal,Kolkata,T30,26-35,Female,19.9,UPI,Pending
INV002668,2024-04-07,149323,redemption,270962,Delhi,Gurugram,T30,26-35,Male,9.8,UPI,Verified
INV001367,2024-04-07,100025,lumpsum,81636,Maharashtra,Nashik,B30,36-45,Male,32.2,Mandate,Verified
INV002743,2024-04-07,120844,redemption,442488,Haryana,Gurugram,T30,56+,Male,49.8,Cheque,Verified
INV004818,2024-04-07,119551,lumpsum,372784,Maharashtra,Pune,T30,26-35,Male,23.5,Mandate,Verified
INV001737,2024-04-07,102886,sip,554,Telangana,Hyderabad,T30,26-35,Female,10.1,UPI,Verified
INV002045,2024-04-07,119598,redemption,160642,Rajasthan,Jaipur,T30,18-25,Female,3.8,UPI,Verified
INV003325,2024-04-07,120843,sip,2528,Haryana,Faridabad,B30,26-35,Male,17.3,Net Banking,Verified
INV003745,2024-04-07,120503,sip,2310,West Bengal,Kolkata,T30,36-45,Male,17.8,UPI,Verified
INV004738,2024-04-07,100033,sip,26536,Uttar Pradesh,Kanpur,B30,56+,Female,52.6,Net Banking,Verified
INV004673,2024-04-07,119599,sip,56526,Maharashtra,Pune,T30,36-45,Female,39.7,Net Banking,Verified
INV000853,2024-04-07,148567,lumpsum,324844,Punjab,Chandigarh,T30,26-35,Female,8.0,Cheque,Verified
INV002884,2024-04-08,120507,sip,5071,West Bengal,Kolkata,T30,18-25,Male,7.3,Mandate,Verified
INV003202,2024-04-08,118634,sip,2727,Maharashtra,Pune,T30,46-55,Male,48.9,Mandate,Verified
INV001485,2024-04-08,102885,sip,6205,Rajasthan,Jaipur,T30,56+,Female,24.4,Mandate,Verified
INV002602,2024-04-08,100025,lumpsum,143645,Gujarat,Surat,T30,56+,Female,45.7,UPI,Verified
INV004381,2024-04-08,119094,sip,446,West Bengal,Kolkata,T30,46-55,Female,27.2,Mandate,Verified
INV000719,2024-04-08,119552,sip,45093,Tamil Nadu,Coimbatore,B30,18-25,Male,6.8,Mandate,Verified
INV002282,2024-04-08,101207,redemption,464921,West Bengal,Kolkata,T30,36-45,Male,53.7,Net Banking,Verified
INV001397,2024-04-08,149323,sip,5368,Delhi,New Delhi,T30,26-35,Male,20.8,Cheque,Verified
INV004848,2024-04-08,100016,sip,818,Haryana,Gurugram,T30,26-35,Male,15.6,Net Banking,Verified
INV002604,2024-04-08,101208,sip,3328,Maharashtra,Mumbai,T30,36-45,Female,25.5,UPI,Pending
INV004703,2024-04-08,118634,redemption,217626,Gujarat,Ahmedabad,T30,56+,Female,45.6,Cheque,Verified
INV003564,2024-04-08,118632,sip,575,Telangana,Hyderabad,T30,18-25,Male,6.8,Net Banking,Verified
INV001829,2024-04-08,119120,redemption,316313,Punjab,Chandigarh,T30,26-35,Male,22.7,Net Banking,Verified
INV004038,2024-04-08,102887,sip,57449,Gujarat,Surat,T30,26-35,Female,24.6,Mandate,Verified
INV001491,2024-04-08,120505,sip,24181,Tamil Nadu,Chennai,T30,56+,Male,78.5,Net Banking,Verified
INV000195,2024-04-08,120505,sip,525,Madhya Pradesh,Bhopal,B30,36-45,Female,56.5,Net Banking,Verified
INV004302,2024-04-08,119120,redemption,361998,Karnataka,Mysore,B30,46-55,Male,63.4,Mandate,Verified
INV004653,2024-04-08,100033,lumpsum,493510,Rajasthan,Jaipur,T30,46-55,Female,32.2,Cheque,Verified
INV002917,2024-04-08,119094,sip,4799,Maharashtra,Pune,T30,18-25,Male,6.4,Net Banking,Verified
INV003353,2024-04-08,100016,sip,5505,Rajasthan,Udaipur,B30,26-35,Female,13.3,Cheque,Verified
INV000460,2024-04-08,119120,sip,10261,Delhi,Noida,T30,36-45,Male,47.1,Cheque,Verified
INV000033,2024-04-08,119095,lumpsum,420147,Delhi,New Delhi,T30,36-45,Female,12.4,Net Banking,Verified
INV000979,2024-04-08,119093,sip,8106,Karnataka,Bangalore,T30,26-35,Male,24.7,Mandate,Verified
INV002245,2024-04-08,101207,sip,3505,Karnataka,Mysore,B30,26-35,Female,24.6,UPI,Verified
INV002107,2024-04-08,125497,sip,2821,Telangana,Hyderabad,T30,26-35,Male,18.2,Cheque,Verified
INV002968,2024-04-08,120844,sip,41568,West Bengal,Kolkata,T30,36-45,Female,16.2,Net Banking,Verified
INV002349,2024-04-08,120842,sip,522,Punjab,Amritsar,B30,26-35,Female,9.6,Cheque,Verified
INV001109,2024-04-08,101208,redemption,292543,Delhi,Noida,T30,26-35,Male,18.4,UPI,Verified
INV004616,2024-04-08,119095,lumpsum,345795,West Bengal,Kolkata,T30,26-35,Female,18.1,Mandate,Pending
INV002002,2024-04-08,118632,lumpsum,68109,Gujarat,Ahmedabad,T30,36-45,Female,28.4,Cheque,Verified
INV003984,2024-04-08,118633,sip,15744,Uttar Pradesh,Agra,B30,56+,Female,30.1,UPI,Verified
INV003594,2024-04-08,149324,redemption,221126,Madhya Pradesh,Indore,T30,18-25,Male,5.8,Cheque,Verified
INV001606,2024-04-08,119551,sip,22655,Punjab,Amritsar,B30,26-35,Female,23.4,Net Banking,Verified
INV000796,2024-04-08,118636,redemption,110375,Madhya Pradesh,Indore,T30,18-25,Male,5.0,Cheque,Verified
INV002881,2024-04-08,120504,sip,54738,Uttar Pradesh,Agra,B30,26-35,Female,11.4,UPI,Verified
INV000959,2024-04-08,148569,lumpsum,119491,Haryana,Faridabad,B30,46-55,Male,33.9,Mandate,Verified
INV004813,2024-04-08,148568,redemption,64668,West Bengal,Kolkata,T30,26-35,Male,13.9,Mandate,Verified
INV000267,2024-04-08,118634,sip,13610,Telangana,Hyderabad,T30,26-35,Male,17.7,Cheque,Verified
INV002891,2024-04-08,125497,sip,54485,Haryana,Faridabad,B30,36-45,Female,56.5,Net Banking,Verified
INV003195,2024-04-08,120507,sip,506,Uttar Pradesh,Lucknow,T30,36-45,Female,54.3,Mandate,Verified
INV004341,2024-04-08,148568,sip,2167,Tamil Nadu,Coimbatore,B30,18-25,Male,7.5,Cheque,Verified
INV002859,2024-04-08,100033,sip,2070,Madhya Pradesh,Indore,T30,26-35,Male,20.1,Mandate,Verified
INV001987,2024-04-08,120503,sip,2355,Tamil Nadu,Coimbatore,B30,18-25,Male,7.2,Net Banking,Verified
INV000909,2024-04-08,118633,sip,4281,Haryana,Gurugram,T30,46-55,Female,92.6,Cheque,Verified
INV001793,2024-04-08,119599,sip,6744,Karnataka,Mysore,B30,36-45,Female,22.5,Net Banking,Verified
INV000340,2024-04-08,102886,sip,3439,Delhi,Gurugram,T30,26-35,Female,21.4,Net Banking,Verified
INV003734,2024-04-08,149322,sip,2226,Tamil Nadu,Coimbatore,B30,56+,Male,70.3,Cheque,Verified
INV002200,2024-04-08,119599,sip,1090,Madhya Pradesh,Indore,T30,26-35,Male,23.1,Net Banking,Verified
INV000234,2024-04-08,118633,sip,50799,Tamil Nadu,Coimbatore,B30,26-35,Male,23.8,Cheque,Verified
INV003369,2024-04-08,120843,redemption,215837,Delhi,Noida,T30,26-35,Male,21.4,Mandate,Verified
INV001288,2024-04-08,102885,sip,47631,Telangana,Hyderabad,T30,26-35,Male,21.8,Net Banking,Verified
INV001386,2024-04-08,101207,redemption,88201,Tamil Nadu,Coimbatore,B30,18-25,Male,7.5,Mandate,Verified
INV002304,2024-04-08,149323,sip,4104,Karnataka,Mysore,B30,46-55,Male,57.7,Cheque,Verified
INV000548,2024-04-08,100016,redemption,447555,Karnataka,Mysore,B30,36-45,Male,53.2,UPI,Verified
INV003790,2024-04-08,125497,lumpsum,459153,Maharashtra,Pune,T30,26-35,Male,10.5,Cheque,Verified
INV003000,2024-04-08,148567,sip,2374,Delhi,Gurugram,T30,36-45,Male,32.3,UPI,Verified
INV002797,2024-04-08,125498,sip,489,Madhya Pradesh,Indore,T30,36-45,Male,54.3,Net Banking,Verified
INV003134,2024-04-08,100033,lumpsum,478597,Telangana,Hyderabad,T30,36-45,Female,41.3,Net Banking,Pending
INV002447,2024-04-08,120506,lumpsum,453004,Telangana,Hyderabad,T30,26-35,Male,21.3,UPI,Verified
INV002286,2024-04-08,149322,lumpsum,409565,Tamil Nadu,Coimbatore,B30,18-25,Male,5.9,Mandate,Verified
INV003772,2024-04-08,119120,sip,7551,Punjab,Amritsar,B30,18-25,Female,6.8,Mandate,Verified
INV004243,2024-04-08,119551,sip,405,Punjab,Amritsar,B30,36-45,Female,38.7,Mandate,Verified
INV000278,2024-04-08,149323,redemption,92541,Rajasthan,Jaipur,T30,26-35,Male,22.1,Cheque,Verified
INV004114,2024-04-08,120844,sip,8213,Tamil Nadu,Coimbatore,B30,26-35,Male,9.4,Net Banking,Verified
INV003945,2024-04-08,148568,lumpsum,219364,Gujarat,Ahmedabad,T30,46-55,Female,48.3,Net Banking,Verified
INV003726,2024-04-08,120506,sip,523,Tamil Nadu,Coimbatore,B30,26-35,Male,24.1,Mandate,Verified
INV002614,2024-04-08,149323,redemption,190814,Punjab,Chandigarh,T30,36-45,Male,13.2,Net Banking,Verified
INV000907,2024-04-08,125497,sip,6328,Karnataka,Bangalore,T30,46-55,Female,64.5,Mandate,Verified
INV000731,2024-04-08,100033,lumpsum,197640,Rajasthan,Jaipur,T30,18-25,Male,7.1,Net Banking,Verified
INV001163,2024-04-08,120503,lumpsum,315702,Karnataka,Mysore,B30,26-35,Male,10.2,Mandate,Verified
INV002108,2024-04-08,100025,sip,46665,Gujarat,Ahmedabad,T30,46-55,Male,35.0,UPI,Verified
INV003563,2024-04-08,119598,sip,1045,Haryana,Gurugram,T30,46-55,Male,41.8,Mandate,Verified
INV004099,2024-04-08,118633,redemption,374566,West Bengal,Kolkata,T30,26-35,Male,22.6,Mandate,Verified
INV004110,2024-04-09,120843,sip,22718,West Bengal,Kolkata,T30,18-25,Male,5.5,Net Banking,Verified
INV003715,2024-04-09,118633,lumpsum,258649,Punjab,Amritsar,B30,18-25,Male,5.8,Mandate,Verified
INV000889,2024-04-09,102886,sip,2257,Maharashtra,Mumbai,T30,18-25,Male,6.2,Cheque,Verified
INV000749,2024-04-09,125498,redemption,155561,Uttar Pradesh,Kanpur,B30,36-45,Male,36.1,Cheque,Verified
INV003417,2024-04-09,100033,sip,3476,Karnataka,Mysore,B30,26-35,Male,17.6,UPI,Verified
INV002295,2024-04-09,148567,sip,45149,Telangana,Hyderabad,T30,26-35,Female,17.9,Net Banking,Verified
INV002171,2024-04-09,120844,sip,12631,Telangana,Hyderabad,T30,56+,Male,21.8,Net Banking,Verified
INV003110,2024-04-09,118635,redemption,502027,Rajasthan,Jaipur,T30,26-35,Male,9.0,Cheque,Verified
INV001155,2024-04-09,119095,sip,2612,Telangana,Hyderabad,T30,26-35,Female,16.7,Net Banking,Verified
INV001650,2024-04-09,118634,sip,11336,Madhya Pradesh,Indore,T30,36-45,Male,38.1,UPI,Verified
INV003159,2024-04-09,119551,lumpsum,414748,Punjab,Amritsar,B30,36-45,Male,25.9,Cheque,Verified
INV000862,2024-04-09,120507,sip,44310,Uttar Pradesh,Agra,B30,26-35,Female,24.4,Cheque,Verified
INV000315,2024-04-09,119095,sip,12078,Telangana,Hyderabad,T30,18-25,Male,3.2,Mandate,Verified
INV002035,2024-04-09,118634,sip,58146,Tamil Nadu,Chennai,T30,36-45,Male,12.2,Cheque,Verified
INV003897,2024-04-09,119120,sip,11982,Tamil Nadu,Coimbatore,B30,26-35,Male,24.0,Net Banking,Verified
INV002590,2024-04-09,118635,sip,13597,West Bengal,Kolkata,T30,36-45,Male,45.1,Net Banking,Pending
INV000249,2024-04-09,149324,sip,57518,Punjab,Amritsar,B30,26-35,Male,13.4,UPI,Verified
INV002319,2024-04-09,119599,sip,3512,Karnataka,Mysore,B30,26-35,Male,8.7,Cheque,Verified
INV000095,2024-04-09,100016,lumpsum,525882,West Bengal,Kolkata,T30,18-25,Male,6.5,Cheque,Verified
INV002705,2024-04-09,119094,lumpsum,269843,Uttar Pradesh,Lucknow,T30,46-55,Female,90.6,UPI,Verified
INV003835,2024-04-09,120505,sip,997,Delhi,Noida,T30,36-45,Female,58.3,UPI,Pending
INV002404,2024-04-09,149323,sip,43070,Madhya Pradesh,Bhopal,B30,18-25,Female,7.5,Cheque,Pending
INV003014,2024-04-09,149322,sip,58580,Karnataka,Bangalore,T30,26-35,Female,12.3,Mandate,Verified
INV004146,2024-04-09,100033,lumpsum,466993,Uttar Pradesh,Agra,B30,56+,Male,40.7,Mandate,Verified
INV004466,2024-04-09,119552,sip,2413,Gujarat,Surat,T30,18-25,Female,3.7,UPI,Verified
INV001206,2024-04-09,120841,lumpsum,476784,Delhi,Noida,T30,26-35,Male,11.7,Cheque,Verified
INV001822,2024-04-09,119598,sip,914,Gujarat,Ahmedabad,T30,36-45,Male,59.6,Mandate,Verified
INV001202,2024-04-09,149323,sip,7555,Karnataka,Bangalore,T30,26-35,Male,11.3,Cheque,Verified
INV003311,2024-04-09,100016,sip,2266,Madhya Pradesh,Bhopal,B30,26-35,Male,9.5,UPI,Verified
INV001434,2024-04-09,120841,sip,17975,Maharashtra,Mumbai,T30,46-55,Male,92.6,Mandate,Verified
INV004739,2024-04-09,118632,lumpsum,329759,Delhi,Gurugram,T30,18-25,Male,3.2,Net Banking,Verified
INV001822,2024-04-09,100025,lumpsum,357526,Gujarat,Ahmedabad,T30,36-45,Male,59.6,UPI,Verified
INV004823,2024-04-09,102885,sip,22267,Rajasthan,Jaipur,T30,36-45,Female,52.6,Mandate,Verified
INV000140,2024-04-09,120503,sip,1050,Punjab,Amritsar,B30,56+,Male,74.0,UPI,Verified
INV001320,2024-04-09,120505,sip,23700,Punjab,Amritsar,B30,36-45,Male,31.8,UPI,Verified
INV001320,2024-04-09,101208,lumpsum,148438,Punjab,Amritsar,B30,36-45,Male,31.8,Net Banking,Pending
INV003238,2024-04-09,148567,sip,54602,Telangana,Hyderabad,T30,26-35,Male,24.1,Net Banking,Verified
INV003638,2024-04-09,125497,sip,23586,West Bengal,Kolkata,T30,56+,Male,27.1,Net Banking,Verified
INV002737,2024-04-09,120841,redemption,375927,Gujarat,Ahmedabad,T30,18-25,Female,5.4,Cheque,Verified
INV003220,2024-04-09,102886,lumpsum,224294,Madhya Pradesh,Bhopal,B30,26-35,Male,7.6,UPI,Pending
INV003748,2024-04-09,120505,sip,2051,Madhya Pradesh,Indore,T30,46-55,Male,66.4,UPI,Verified
INV003286,2024-04-09,120506,sip,1150,Tamil Nadu,Chennai,T30,36-45,Female,41.2,Cheque,Verified
INV001115,2024-04-09,119551,sip,12519,Uttar Pradesh,Kanpur,B30,26-35,Male,20.7,Cheque,Verified
INV000374,2024-04-09,119552,redemption,183733,West Bengal,Kolkata,T30,18-25,Female,4.1,Mandate,Verified
INV004631,2024-04-09,125497,sip,9293,Tamil Nadu,Chennai,T30,36-45,Female,20.2,Cheque,Verified
INV004151,2024-04-09,118635,sip,1733,Karnataka,Mysore,B30,26-35,Male,21.6,Cheque,Pending
INV001716,2024-04-09,101208,sip,2073,Haryana,Gurugram,T30,36-45,Male,45.0,UPI,Verified
INV000204,2024-04-09,102886,lumpsum,178374,Punjab,Chandigarh,T30,36-45,Male,17.7,Net Banking,Verified
INV001999,2024-04-09,148569,sip,1754,Rajasthan,Udaipur,B30,18-25,Male,5.8,Net Banking,Verified
INV001104,2024-04-09,120843,redemption,179745,Haryana,Gurugram,T30,26-35,Male,14.9,UPI,Verified
INV001015,2024-04-09,120844,lumpsum,411498,Haryana,Gurugram,T30,36-45,Female,21.1,Net Banking,Verified
INV002207,2024-04-09,149322,sip,58720,Madhya Pradesh,Indore,T30,26-35,Female,6.6,UPI,Verified
INV001218,2024-04-09,120504,sip,2426,Madhya Pradesh,Bhopal,B30,36-45,Male,21.1,Mandate,Verified
INV003502,2024-04-09,120506,lumpsum,238770,Punjab,Amritsar,B30,56+,Female,20.5,Mandate,Verified
INV002546,2024-04-09,148568,sip,2427,Gujarat,Surat,T30,26-35,Male,19.3,Cheque,Verified
INV004969,2024-04-09,149324,sip,13219,Karnataka,Bangalore,T30,36-45,Male,40.2,Cheque,Pending
INV000602,2024-04-09,149324,lumpsum,280701,West Bengal,Kolkata,T30,18-25,Male,8.0,Cheque,Verified
INV003824,2024-04-09,118635,lumpsum,311962,Telangana,Hyderabad,T30,26-35,Male,9.4,Net Banking,Verified
INV001223,2024-04-09,119551,lumpsum,393909,Punjab,Amritsar,B30,56+,Male,46.0,Cheque,Verified
INV004914,2024-04-09,101207,sip,7905,Karnataka,Mysore,B30,26-35,Female,13.4,Cheque,Verified
INV000290,2024-04-10,149322,sip,2480,Punjab,Chandigarh,T30,26-35,Male,17.9,Cheque,Verified
INV000625,2024-04-10,118634,redemption,294562,Rajasthan,Jaipur,T30,46-55,Female,19.7,Mandate,Verified
INV004174,2024-04-10,148567,sip,51823,Rajasthan,Udaipur,B30,18-25,Male,4.7,UPI,Verified
INV004739,2024-04-10,118636,sip,59814,Delhi,Gurugram,T30,18-25,Male,3.2,UPI,Verified
INV003048,2024-04-10,119598,redemption,525045,Rajasthan,Jaipur,T30,26-35,Female,20.6,UPI,Verified
INV002828,2024-04-10,101207,sip,5328,West Bengal,Kolkata,T30,26-35,Male,21.8,Mandate,Verified
INV003272,2024-04-10,125498,sip,46404,Uttar Pradesh,Kanpur,B30,26-35,Male,21.8,UPI,Verified
INV002149,2024-04-10,125497,lumpsum,301364,Tamil Nadu,Coimbatore,B30,26-35,Male,21.8,Cheque,Verified
INV002596,2024-04-10,120843,sip,1757,Maharashtra,Pune,T30,26-35,Male,16.2,Cheque,Verified
INV001183,2024-04-10,120503,sip,2604,West Bengal,Kolkata,T30,46-55,Male,79.9,Net Banking,Verified
INV001506,2024-04-10,125498,redemption,236123,Delhi,Noida,T30,26-35,Female,16.0,Cheque,Verified
INV000530,2024-04-10,149323,sip,13875,West Bengal,Kolkata,T30,18-25,Male,5.3,Cheque,Verified
INV001482,2024-04-10,125497,sip,2630,Madhya Pradesh,Indore,T30,46-55,Female,87.0,Mandate,Verified
INV001671,2024-04-10,119093,sip,1641,Punjab,Chandigarh,T30,56+,Male,31.2,Net Banking,Verified
INV004769,2024-04-10,148567,sip,585,Punjab,Amritsar,B30,46-55,Female,25.3,Net Banking,Verified
INV001785,2024-04-10,119120,sip,915,Karnataka,Mysore,B30,26-35,Male,14.5,Mandate,Verified
INV004256,2024-04-10,120503,sip,427,Karnataka,Mysore,B30,26-35,Male,22.3,Cheque,Verified
INV000446,2024-04-10,148567,sip,8542,Rajasthan,Jaipur,T30,26-35,Female,23.8,Net Banking,Verified
INV001672,2024-04-10,102885,redemption,276591,Maharashtra,Pune,T30,18-25,Male,5.4,Cheque,Verified
INV001789,2024-04-10,148568,lumpsum,343120,Gujarat,Surat,T30,18-25,Male,4.4,UPI,Pending
INV001923,2024-04-10,119598,redemption,226525,Gujarat,Surat,T30,18-25,Female,4.0,Mandate,Verified
INV003463,2024-04-10,118633,redemption,56807,Uttar Pradesh,Kanpur,B30,26-35,Male,14.1,Cheque,Verified
INV003352,2024-04-10,118633,redemption,254675,Maharashtra,Mumbai,T30,36-45,Male,59.3,Mandate,Verified
INV001260,2024-04-10,120504,sip,15438,Delhi,Gurugram,T30,26-35,Male,23.4,UPI,Verified
INV003570,2024-04-10,119120,redemption,492873,Delhi,New Delhi,T30,26-35,Male,12.3,Cheque,Verified
INV003304,2024-04-10,118634,lumpsum,396379,Telangana,Hyderabad,T30,18-25,Female,4.8,Net Banking,Verified
INV000495,2024-04-10,102885,sip,21556,Gujarat,Surat,T30,26-35,Female,7.6,Net Banking,Verified
INV001538,2024-04-10,120505,lumpsum,175442,Madhya Pradesh,Bhopal,B30,18-25,Female,3.1,Mandate,Verified
INV001493,2024-04-10,118634,redemption,18129,Karnataka,Mysore,B30,18-25,Female,3.2,Mandate,Verified
INV001972,2024-04-10,120844,sip,2190,Uttar Pradesh,Kanpur,B30,18-25,Male,4.6,Net Banking,Verified
INV004925,2024-04-10,119095,sip,6225,Maharashtra,Pune,T30,18-25,Female,5.4,Mandate,Verified
INV000487,2024-04-10,125497,sip,9708,Telangana,Hyderabad,T30,36-45,Male,41.7,Cheque,Verified
INV002318,2024-04-10,118636,lumpsum,66426,Tamil Nadu,Chennai,T30,36-45,Male,21.1,Cheque,Verified
INV000547,2024-04-10,120842,sip,2827,West Bengal,Kolkata,T30,26-35,Male,16.6,Net Banking,Verified
INV000496,2024-04-10,125497,sip,1719,Maharashtra,Mumbai,T30,36-45,Male,14.3,Net Banking,Verified
INV004600,2024-04-10,118633,redemption,125168,West Bengal,Kolkata,T30,46-55,Female,35.5,Mandate,Verified
INV001810,2024-04-10,101207,lumpsum,200271,Uttar Pradesh,Kanpur,B30,26-35,Female,10.1,Mandate,Verified
INV002749,2024-04-10,119094,lumpsum,118324,West Bengal,Kolkata,T30,46-55,Female,58.7,Mandate,Verified
INV003481,2024-04-10,119093,sip,47070,Punjab,Chandigarh,T30,46-55,Male,90.9,Net Banking,Verified
INV000228,2024-04-10,118632,sip,24772,Karnataka,Bangalore,T30,26-35,Male,7.2,UPI,Verified
INV002429,2024-04-10,119552,sip,2043,Rajasthan,Udaipur,B30,26-35,Male,11.2,Mandate,Verified
INV001587,2024-04-10,119598,sip,2663,Punjab,Chandigarh,T30,26-35,Male,22.3,UPI,Verified
INV001262,2024-04-10,102885,redemption,316379,Karnataka,Bangalore,T30,26-35,Male,14.0,UPI,Verified
INV004692,2024-04-10,119598,sip,4957,Madhya Pradesh,Bhopal,B30,26-35,Male,11.6,Cheque,Verified
INV004367,2024-04-10,120841,sip,2331,Karnataka,Mysore,B30,26-35,Female,8.3,Net Banking,Verified
INV004533,2024-04-10,119599,lumpsum,306087,Gujarat,Ahmedabad,T30,36-45,Male,51.5,Net Banking,Verified
INV000933,2024-04-10,119093,lumpsum,210708,Rajasthan,Jaipur,T30,36-45,Female,14.9,Mandate,Verified
INV001890,2024-04-10,120843,sip,406,Madhya Pradesh,Bhopal,B30,26-35,Male,21.9,Cheque,Verified
INV001422,2024-04-10,118636,sip,9559,Punjab,Amritsar,B30,36-45,Male,38.6,Net Banking,Verified
INV004367,2024-04-10,148569,sip,8247,Karnataka,Mysore,B30,26-35,Female,8.3,UPI,Verified
INV001210,2024-04-10,118632,sip,7325,Uttar Pradesh,Agra,B30,36-45,Male,25.5,Net Banking,Verified
INV004376,2024-04-10,120841,lumpsum,24310,West Bengal,Kolkata,T30,46-55,Female,92.6,UPI,Verified
INV004128,2024-04-10,120506,lumpsum,294365,Haryana,Faridabad,B30,18-25,Male,3.3,Cheque,Verified
INV001558,2024-04-10,149323,sip,1159,West Bengal,Kolkata,T30,56+,Female,23.8,Mandate,Verified
INV004698,2024-04-10,149323,sip,26613,Gujarat,Surat,T30,36-45,Female,39.2,Net Banking,Verified
INV003533,2024-04-10,120506,redemption,434618,Telangana,Hyderabad,T30,56+,Female,11.4,UPI,Verified
INV002006,2024-04-10,100016,sip,1830,Punjab,Chandigarh,T30,26-35,Male,15.3,Cheque,Verified
INV000884,2024-04-10,149324,sip,1133,Delhi,Gurugram,T30,18-25,Female,6.4,Mandate,Verified
INV001712,2024-04-10,102885,sip,4061,West Bengal,Kolkata,T30,18-25,Male,6.2,Mandate,Verified
INV002234,2024-04-10,148567,sip,50787,Rajasthan,Jaipur,T30,26-35,Male,24.5,Mandate,Verified
INV000674,2024-04-10,119599,lumpsum,38622,Rajasthan,Udaipur,B30,26-35,Female,12.5,Net Banking,Verified
INV001039,2024-04-10,120844,sip,4921,Gujarat,Surat,T30,36-45,Male,12.8,Net Banking,Verified
INV003451,2024-04-10,125497,sip,594,Punjab,Amritsar,B30,18-25,Female,5.2,Net Banking,Verified
INV002692,2024-04-10,101206,redemption,381920,West Bengal,Kolkata,T30,26-35,Male,16.7,Mandate,Verified
INV004619,2024-04-10,120506,sip,56903,Gujarat,Ahmedabad,T30,46-55,Male,47.9,Cheque,Verified
INV003297,2024-04-10,125497,lumpsum,456522,Madhya Pradesh,Bhopal,B30,36-45,Female,16.3,Cheque,Verified
INV002036,2024-04-10,101207,lumpsum,380578,Madhya Pradesh,Indore,T30,26-35,Male,23.2,Net Banking,Verified
INV001361,2024-04-10,119552,lumpsum,416738,West Bengal,Kolkata,T30,26-35,Female,21.1,Mandate,Verified
INV004910,2024-04-10,119095,lumpsum,396160,Karnataka,Mysore,B30,26-35,Female,22.7,Net Banking,Verified
INV001971,2024-04-11,148568,sip,16034,Gujarat,Ahmedabad,T30,26-35,Male,21.0,Cheque,Verified
INV000720,2024-04-11,148568,redemption,126693,Gujarat,Ahmedabad,T30,18-25,Female,5.8,Cheque,Verified
INV002705,2024-04-11,100033,sip,8323,Uttar Pradesh,Lucknow,T30,46-55,Female,90.6,UPI,Verified
INV001567,2024-04-11,125498,redemption,249039,West Bengal,Kolkata,T30,36-45,Male,12.2,Cheque,Verified
INV001314,2024-04-11,119552,sip,54675,Gujarat,Ahmedabad,T30,26-35,Female,19.2,Net Banking,Verified
INV001348,2024-04-11,119120,sip,10194,Haryana,Gurugram,T30,26-35,Female,8.6,Net Banking,Verified
INV003173,2024-04-11,120507,sip,2839,Gujarat,Surat,T30,18-25,Male,7.1,Net Banking,Verified
INV003670,2024-04-11,120842,lumpsum,368969,Punjab,Chandigarh,T30,36-45,Male,38.4,Net Banking,Verified
INV000004,2024-04-11,119095,sip,20602,Punjab,Chandigarh,T30,26-35,Male,20.0,Net Banking,Verified
INV002400,2024-04-11,102887,sip,431,Punjab,Chandigarh,T30,36-45,Male,15.5,Mandate,Verified
INV003910,2024-04-11,100033,lumpsum,474317,Maharashtra,Pune,T30,26-35,Male,8.8,UPI,Verified
INV001689,2024-04-11,118636,sip,5082,Haryana,Faridabad,B30,36-45,Male,40.4,UPI,Verified
INV002218,2024-04-11,119092,sip,14188,Punjab,Amritsar,B30,36-45,Male,52.7,Cheque,Verified
INV004869,2024-04-11,119552,lumpsum,275148,West Bengal,Kolkata,T30,26-35,Male,9.7,Cheque,Verified
INV000180,2024-04-11,119095,lumpsum,391062,Tamil Nadu,Coimbatore,B30,46-55,Female,24.7,UPI,Verified
INV002525,2024-04-11,102886,sip,5215,Tamil Nadu,Coimbatore,B30,18-25,Male,4.5,Net Banking,Verified
INV001982,2024-04-11,149323,sip,27101,Karnataka,Mysore,B30,26-35,Male,14.9,UPI,Pending
INV004447,2024-04-11,100016,sip,21507,West Bengal,Kolkata,T30,36-45,Female,53.4,UPI,Verified
INV001945,2024-04-11,148569,sip,2845,Gujarat,Ahmedabad,T30,26-35,Male,8.0,Cheque,Verified
INV003176,2024-04-11,120842,sip,55478,Haryana,Gurugram,T30,46-55,Male,51.6,UPI,Verified
INV002954,2024-04-11,120841,sip,544,Delhi,New Delhi,T30,26-35,Female,6.0,UPI,Verified
INV003862,2024-04-11,100033,sip,1833,Madhya Pradesh,Indore,T30,26-35,Male,17.0,UPI,Pending
INV004804,2024-04-11,149323,sip,8418,Maharashtra,Mumbai,T30,36-45,Male,44.1,UPI,Verified
INV001790,2024-04-11,120841,lumpsum,19218,Punjab,Chandigarh,T30,46-55,Male,15.8,Cheque,Verified
INV003151,2024-04-11,125498,sip,9435,Tamil Nadu,Coimbatore,B30,56+,Female,69.5,Net Banking,Verified
INV004855,2024-04-11,148567,sip,14380,Madhya Pradesh,Bhopal,B30,36-45,Female,49.4,UPI,Verified
INV002486,2024-04-11,119552,lumpsum,95179,Gujarat,Surat,T30,56+,Male,16.2,Mandate,Verified
INV003589,2024-04-11,120506,redemption,340429,Maharashtra,Nashik,B30,26-35,Female,11.4,UPI,Verified
INV001962,2024-04-11,119599,sip,2434,Maharashtra,Mumbai,T30,26-35,Male,13.6,Cheque,Verified
INV001195,2024-04-11,118634,sip,8752,Gujarat,Surat,T30,26-35,Male,6.4,Mandate,Verified
INV004812,2024-04-11,102887,lumpsum,67947,Punjab,Amritsar,B30,18-25,Male,4.4,Net Banking,Verified
INV001695,2024-04-11,120842,sip,3090,Punjab,Amritsar,B30,36-45,Male,24.0,Net Banking,Verified
INV002249,2024-04-11,119599,lumpsum,155742,Karnataka,Bangalore,T30,36-45,Male,19.6,Cheque,Verified
INV003023,2024-04-11,120506,sip,546,Gujarat,Ahmedabad,T30,26-35,Female,13.6,Net Banking,Verified
INV004033,2024-04-11,119551,sip,28163,West Bengal,Kolkata,T30,36-45,Male,56.1,UPI,Verified
INV002705,2024-04-11,101208,redemption,59295,Uttar Pradesh,Lucknow,T30,46-55,Female,90.6,UPI,Verified
INV001650,2024-04-11,118632,lumpsum,175792,Madhya Pradesh,Indore,T30,36-45,Male,38.1,Cheque,Verified
INV002974,2024-04-11,100025,lumpsum,176787,Telangana,Hyderabad,T30,26-35,Female,21.9,UPI,Verified
INV001329,2024-04-11,119552,lumpsum,286122,Punjab,Amritsar,B30,36-45,Female,37.2,Mandate,Verified
INV003600,2024-04-11,119120,sip,2815,West Bengal,Kolkata,T30,56+,Female,19.3,Net Banking,Verified
INV004718,2024-04-11,119093,lumpsum,226893,Delhi,New Delhi,T30,56+,Male,52.4,Mandate,Verified
INV003014,2024-04-11,119094,sip,27942,Karnataka,Bangalore,T30,26-35,Female,12.3,UPI,Verified
INV002232,2024-04-11,149324,sip,528,Karnataka,Bangalore,T30,26-35,Female,16.9,Cheque,Verified
INV004384,2024-04-11,119551,sip,5523,Delhi,Noida,T30,26-35,Male,12.1,UPI,Verified
INV004294,2024-04-11,120843,lumpsum,439688,Punjab,Chandigarh,T30,56+,Female,76.0,UPI,Verified
INV003785,2024-04-11,125497,sip,28831,Karnataka,Bangalore,T30,36-45,Male,28.2,Cheque,Verified
INV003018,2024-04-11,100016,sip,2370,Delhi,Gurugram,T30,36-45,Male,14.1,Net Banking,Verified
INV003756,2024-04-11,120843,lumpsum,103333,Telangana,Hyderabad,T30,26-35,Male,6.9,UPI,Verified
INV002811,2024-04-11,102885,lumpsum,256258,Uttar Pradesh,Agra,B30,36-45,Male,43.7,Cheque,Verified
INV002287,2024-04-11,119094,lumpsum,35271,Madhya Pradesh,Bhopal,B30,46-55,Male,64.1,Cheque,Verified
INV003203,2024-04-11,118633,sip,12085,Telangana,Hyderabad,T30,26-35,Male,22.5,Net Banking,Verified
INV004414,2024-04-11,119551,sip,1136,Uttar Pradesh,Lucknow,T30,26-35,Male,6.6,Mandate,Verified
INV002597,2024-04-11,118636,lumpsum,185634,West Bengal,Kolkata,T30,26-35,Male,12.0,UPI,Verified
INV001088,2024-04-11,148567,sip,13524,Tamil Nadu,Coimbatore,B30,26-35,Male,15.3,Net Banking,Verified
INV002228,2024-04-11,102885,lumpsum,277468,Uttar Pradesh,Kanpur,B30,18-25,Male,7.7,Mandate,Verified
INV002245,2024-04-11,125498,lumpsum,318613,Karnataka,Mysore,B30,26-35,Female,24.6,Net Banking,Pending
INV000765,2024-04-11,149322,sip,1778,Telangana,Hyderabad,T30,18-25,Male,4.6,Cheque,Pending
INV000010,2024-04-11,120506,sip,2855,Maharashtra,Pune,T30,36-45,Male,13.6,Mandate,Verified
INV001531,2024-04-11,101208,sip,3178,Haryana,Gurugram,T30,26-35,Female,14.8,UPI,Verified
INV002910,2024-04-11,125498,sip,15265,Haryana,Faridabad,B30,26-35,Female,22.0,Mandate,Verified
INV001395,2024-04-11,100025,lumpsum,394828,Telangana,Hyderabad,T30,56+,Male,53.5,Cheque,Verified
INV002920,2024-04-11,102887,lumpsum,174387,Punjab,Chandigarh,T30,36-45,Male,19.5,Mandate,Pending
INV000724,2024-04-11,119599,sip,880,Uttar Pradesh,Kanpur,B30,46-55,Male,78.7,Cheque,Verified
INV000011,2024-04-11,102887,sip,15632,West Bengal,Kolkata,T30,26-35,Male,9.6,UPI,Verified
INV004524,2024-04-11,149323,lumpsum,282250,Gujarat,Surat,T30,18-25,Male,4.3,Net Banking,Verified
INV003874,2024-04-11,101206,sip,5520,Punjab,Amritsar,B30,26-35,Female,16.5,Cheque,Verified
INV004864,2024-04-11,102887,sip,2126,Punjab,Amritsar,B30,26-35,Female,10.5,Mandate,Pending
INV003543,2024-04-11,120505,redemption,277564,Maharashtra,Nashik,B30,26-35,Male,8.3,Mandate,Verified
INV003686,2024-04-11,120844,sip,2110,Gujarat,Surat,T30,18-25,Male,3.8,UPI,Verified
INV004592,2024-04-11,119120,lumpsum,161395,Maharashtra,Pune,T30,36-45,Male,56.6,Cheque,Verified
INV002153,2024-04-12,148567,sip,8426,Maharashtra,Nashik,B30,18-25,Female,3.5,Cheque,Verified
INV002957,2024-04-12,102887,sip,5573,Tamil Nadu,Chennai,T30,26-35,Male,15.5,Mandate,Verified
INV003435,2024-04-12,101208,redemption,55117,Maharashtra,Nashik,B30,26-35,Female,17.8,Net Banking,Verified
INV002471,2024-04-12,148568,lumpsum,35446,Punjab,Chandigarh,T30,18-25,Male,3.1,Mandate,Verified
INV001844,2024-04-12,101208,redemption,62966,West Bengal,Kolkata,T30,26-35,Female,18.8,Cheque,Verified
INV002272,2024-04-12,119599,lumpsum,14565,Maharashtra,Pune,T30,18-25,Male,5.3,Cheque,Verified
INV004542,2024-04-12,120503,sip,6726,Maharashtra,Pune,T30,36-45,Male,53.7,Net Banking,Verified
INV001734,2024-04-12,119551,sip,893,Karnataka,Bangalore,T30,36-45,Female,16.3,Cheque,Verified
INV000350,2024-04-12,125497,sip,862,Uttar Pradesh,Lucknow,T30,46-55,Male,32.0,Mandate,Verified
INV000678,2024-04-12,119095,sip,818,Gujarat,Surat,T30,26-35,Male,19.1,Mandate,Verified
INV002953,2024-04-12,118636,sip,5355,Tamil Nadu,Coimbatore,B30,46-55,Male,62.4,Mandate,Pending
INV001359,2024-04-12,120842,sip,48956,Haryana,Gurugram,T30,36-45,Female,41.8,UPI,Verified
INV003830,2024-04-12,149324,redemption,252242,Punjab,Amritsar,B30,26-35,Male,17.6,Mandate,Verified
INV000150,2024-04-12,118634,lumpsum,107223,Karnataka,Mysore,B30,18-25,Male,3.5,Net Banking,Verified
INV003213,2024-04-12,118633,lumpsum,26398,Uttar Pradesh,Lucknow,T30,26-35,Male,21.3,UPI,Verified
INV003976,2024-04-12,120844,sip,1182,Telangana,Hyderabad,T30,46-55,Male,18.9,Net Banking,Verified
INV000121,2024-04-12,120842,lumpsum,542470,Telangana,Hyderabad,T30,18-25,Male,7.8,Net Banking,Verified
INV004329,2024-04-12,119551,sip,20058,Haryana,Gurugram,T30,18-25,Female,7.5,UPI,Verified
INV000232,2024-04-12,119552,sip,7200,Uttar Pradesh,Agra,B30,26-35,Male,15.7,Mandate,Verified
INV002891,2024-04-12,118636,sip,17413,Haryana,Faridabad,B30,36-45,Female,56.5,Net Banking,Verified
INV003661,2024-04-12,148567,lumpsum,159801,Delhi,Noida,T30,18-25,Female,6.4,Mandate,Verified
INV000004,2024-04-12,149322,redemption,290902,Punjab,Chandigarh,T30,26-35,Male,20.0,Net Banking,Verified
INV004974,2024-04-12,119552,sip,29138,Gujarat,Ahmedabad,T30,56+,Female,62.6,UPI,Verified
INV003307,2024-04-12,118632,sip,1173,Rajasthan,Udaipur,B30,18-25,Male,7.1,Cheque,Verified
INV003469,2024-04-12,120841,sip,3315,Maharashtra,Nashik,B30,26-35,Male,9.9,UPI,Verified
INV000988,2024-04-12,119092,lumpsum,337942,Rajasthan,Jaipur,T30,36-45,Male,28.7,UPI,Verified
INV003716,2024-04-12,119093,sip,10806,Uttar Pradesh,Kanpur,B30,36-45,Male,37.7,Mandate,Verified
INV004080,2024-04-12,120503,lumpsum,291048,Punjab,Amritsar,B30,26-35,Female,18.7,Mandate,Verified
INV003916,2024-04-12,102885,redemption,268578,Karnataka,Mysore,B30,26-35,Male,23.6,Net Banking,Verified
INV001484,2024-04-12,118632,sip,876,Tamil Nadu,Chennai,T30,36-45,Male,13.1,Net Banking,Verified
INV004943,2024-04-12,102887,sip,12733,Telangana,Hyderabad,T30,26-35,Male,8.8,Net Banking,Verified
INV001585,2024-04-12,119599,sip,17011,Telangana,Hyderabad,T30,36-45,Male,28.3,UPI,Verified
INV001099,2024-04-12,149324,redemption,131560,Haryana,Gurugram,T30,26-35,Female,18.9,Mandate,Verified
INV003404,2024-04-12,119094,sip,1945,Tamil Nadu,Chennai,T30,36-45,Male,26.8,Net Banking,Verified
INV001063,2024-04-12,100016,redemption,470452,Haryana,Faridabad,B30,26-35,Male,24.1,Net Banking,Verified
INV004062,2024-04-12,119092,sip,5321,Delhi,Noida,T30,36-45,Female,39.9,Cheque,Verified
INV003040,2024-04-12,125498,redemption,71353,Karnataka,Bangalore,T30,26-35,Female,15.3,Mandate,Verified
INV000814,2024-04-12,120842,sip,22764,Delhi,New Delhi,T30,26-35,Male,17.8,Mandate,Verified
INV001005,2024-04-12,101207,sip,2703,Karnataka,Bangalore,T30,46-55,Male,84.6,Mandate,Verified
INV000283,2024-04-12,125498,redemption,333881,West Bengal,Kolkata,T30,46-55,Male,18.1,Mandate,Verified
INV000446,2024-04-12,149323,sip,5476,Rajasthan,Jaipur,T30,26-35,Female,23.8,Net Banking,Pending
INV003809,2024-04-12,148568,lumpsum,58215,Tamil Nadu,Coimbatore,B30,36-45,Male,45.3,Net Banking,Verified
INV001088,2024-04-12,125497,lumpsum,372378,Tamil Nadu,Coimbatore,B30,26-35,Male,15.3,Mandate,Verified
INV002198,2024-04-12,119598,lumpsum,274122,Delhi,Gurugram,T30,36-45,Female,43.3,Cheque,Verified
INV002095,2024-04-12,120841,sip,2476,Punjab,Amritsar,B30,26-35,Male,9.2,Mandate,Verified
INV001197,2024-04-12,119093,redemption,230235,West Bengal,Kolkata,T30,36-45,Female,29.6,Cheque,Verified
INV004922,2024-04-12,149322,sip,13230,Haryana,Gurugram,T30,56+,Male,28.2,Mandate,Verified
INV001005,2024-04-12,100016,lumpsum,319954,Karnataka,Bangalore,T30,46-55,Male,84.6,Net Banking,Verified
INV004232,2024-04-12,100033,redemption,196797,Tamil Nadu,Chennai,T30,26-35,Male,19.0,UPI,Verified
INV001929,2024-04-12,149322,lumpsum,308791,Rajasthan,Jaipur,T30,56+,Male,60.1,Cheque,Verified
INV004372,2024-04-12,120504,sip,2604,Haryana,Faridabad,B30,26-35,Female,22.9,Cheque,Verified
INV000693,2024-04-12,119095,sip,3263,Haryana,Faridabad,B30,26-35,Male,11.0,UPI,Verified
INV003494,2024-04-12,100025,redemption,173164,Punjab,Chandigarh,T30,26-35,Female,18.6,Net Banking,Verified
INV001342,2024-04-12,100016,lumpsum,300845,West Bengal,Kolkata,T30,26-35,Female,15.5,UPI,Verified
INV000055,2024-04-12,100025,sip,27583,Karnataka,Bangalore,T30,26-35,Male,13.5,UPI,Verified
INV000527,2024-04-12,118636,lumpsum,85719,Telangana,Hyderabad,T30,26-35,Male,12.1,Cheque,Verified
INV004310,2024-04-12,118634,redemption,303099,Telangana,Hyderabad,T30,36-45,Male,18.3,Mandate,Verified
INV004694,2024-04-12,148569,lumpsum,69708,Gujarat,Surat,T30,26-35,Male,9.9,UPI,Pending
INV004931,2024-04-12,118634,sip,959,Punjab,Chandigarh,T30,26-35,Male,21.7,Net Banking,Verified
INV000604,2024-04-12,148567,sip,48021,Karnataka,Bangalore,T30,26-35,Male,9.5,Net Banking,Verified
INV000191,2024-04-12,102887,sip,2220,Karnataka,Bangalore,T30,26-35,Male,23.1,Mandate,Verified
INV001496,2024-04-12,118633,redemption,518720,West Bengal,Kolkata,T30,18-25,Male,4.5,Cheque,Verified
INV002982,2024-04-12,148569,sip,7054,Gujarat,Surat,T30,36-45,Male,22.1,Net Banking,Verified
INV001037,2024-04-12,120504,sip,11297,Haryana,Faridabad,B30,36-45,Female,41.8,UPI,Verified
INV003661,2024-04-12,119120,sip,24615,Delhi,Noida,T30,18-25,Female,6.4,Cheque,Verified
INV000437,2024-04-12,100016,sip,2855,Telangana,Hyderabad,T30,26-35,Female,6.1,Net Banking,Verified
INV002645,2024-04-12,149323,lumpsum,174593,Haryana,Gurugram,T30,46-55,Female,67.7,UPI,Verified
INV002215,2024-04-12,118636,redemption,59164,Madhya Pradesh,Bhopal,B30,18-25,Male,3.4,Net Banking,Verified
INV000732,2024-04-12,148569,lumpsum,194861,Haryana,Faridabad,B30,46-55,Female,40.8,Cheque,Verified
INV001019,2024-04-12,120505,sip,20587,Madhya Pradesh,Indore,T30,26-35,Male,10.6,UPI,Verified
INV000397,2024-04-12,102887,sip,2496,Gujarat,Ahmedabad,T30,36-45,Female,25.4,Cheque,Verified
INV002632,2024-04-12,100016,sip,4708,Tamil Nadu,Chennai,T30,26-35,Female,14.1,Net Banking,Verified
INV000363,2024-04-12,120505,sip,1117,Madhya Pradesh,Bhopal,B30,26-35,Male,22.6,Net Banking,Verified
INV000172,2024-04-12,119095,sip,59407,Delhi,Noida,T30,36-45,Male,53.2,Net Banking,Verified
INV001064,2024-04-12,120506,sip,29549,West Bengal,Kolkata,T30,46-55,Male,67.9,Mandate,Verified
INV004437,2024-04-12,120842,redemption,161689,Telangana,Hyderabad,T30,26-35,Male,13.7,Mandate,Verified
INV004497,2024-04-13,120842,redemption,291707,Rajasthan,Jaipur,T30,26-35,Female,13.3,Mandate,Verified
INV003515,2024-04-13,120507,sip,2785,West Bengal,Kolkata,T30,26-35,Male,16.3,Cheque,Verified
INV002389,2024-04-13,119599,sip,2765,Haryana,Faridabad,B30,36-45,Male,50.8,Mandate,Verified
INV000928,2024-04-13,118633,sip,981,Tamil Nadu,Coimbatore,B30,18-25,Female,6.2,UPI,Verified
INV001561,2024-04-13,118636,sip,2070,Rajasthan,Udaipur,B30,36-45,Male,39.4,UPI,Verified
INV003359,2024-04-13,100025,lumpsum,77193,Gujarat,Ahmedabad,T30,26-35,Male,18.4,Net Banking,Verified
INV004239,2024-04-13,102885,redemption,330686,Karnataka,Bangalore,T30,18-25,Female,6.3,Cheque,Verified
INV004748,2024-04-13,119552,sip,7039,Delhi,Noida,T30,26-35,Male,12.6,Mandate,Verified
INV003689,2024-04-13,120507,sip,53655,Haryana,Gurugram,T30,46-55,Male,79.9,Mandate,Verified
INV001115,2024-04-13,100025,sip,2278,Uttar Pradesh,Kanpur,B30,26-35,Male,20.7,Mandate,Verified
INV003404,2024-04-13,119599,sip,2614,Tamil Nadu,Chennai,T30,36-45,Male,26.8,Mandate,Verified
INV002827,2024-04-13,101207,sip,10239,Karnataka,Mysore,B30,36-45,Female,58.1,Mandate,Verified
INV004063,2024-04-13,119095,sip,1631,Haryana,Gurugram,T30,36-45,Male,19.3,Mandate,Verified
INV004138,2024-04-13,120841,sip,908,Madhya Pradesh,Indore,T30,36-45,Male,18.2,Cheque,Verified
INV004868,2024-04-13,120843,sip,53894,Karnataka,Bangalore,T30,36-45,Male,49.4,Cheque,Verified
INV003996,2024-04-13,120842,redemption,271129,Karnataka,Bangalore,T30,36-45,Female,39.8,UPI,Verified
INV003683,2024-04-13,120504,sip,15104,Telangana,Hyderabad,T30,26-35,Female,21.0,Net Banking,Verified
INV001185,2024-04-13,120842,lumpsum,328309,Haryana,Faridabad,B30,26-35,Female,22.5,Mandate,Pending
INV002899,2024-04-13,120843,redemption,38143,Punjab,Amritsar,B30,18-25,Male,7.6,Net Banking,Verified
INV001182,2024-04-13,149323,sip,12588,Punjab,Amritsar,B30,26-35,Male,9.1,Mandate,Verified
INV000456,2024-04-13,120506,sip,2650,Karnataka,Mysore,B30,26-35,Male,17.2,Net Banking,Verified
INV001999,2024-04-13,120503,redemption,558252,Rajasthan,Udaipur,B30,18-25,Male,5.8,UPI,Verified
INV002342,2024-04-13,101207,sip,835,Maharashtra,Mumbai,T30,26-35,Male,15.8,Net Banking,Pending
INV003134,2024-04-13,149324,redemption,85804,Telangana,Hyderabad,T30,36-45,Female,41.3,Net Banking,Verified
INV002850,2024-04-13,119599,sip,7962,Uttar Pradesh,Lucknow,T30,46-55,Male,76.5,Mandate,Verified
INV002286,2024-04-13,119551,sip,2879,Tamil Nadu,Coimbatore,B30,18-25,Male,5.9,UPI,Verified
INV003771,2024-04-13,102887,lumpsum,303901,Telangana,Hyderabad,T30,46-55,Male,47.6,Cheque,Verified
INV001375,2024-04-13,119094,sip,8104,Haryana,Gurugram,T30,18-25,Male,6.3,Cheque,Verified
INV002015,2024-04-13,120844,sip,402,Delhi,New Delhi,T30,26-35,Female,11.1,Net Banking,Verified
INV003487,2024-04-13,102886,sip,21728,Gujarat,Ahmedabad,T30,26-35,Female,12.0,UPI,Verified
INV001472,2024-04-13,119093,lumpsum,449196,West Bengal,Kolkata,T30,18-25,Male,5.4,Cheque,Verified
INV004560,2024-04-13,101207,sip,1190,Tamil Nadu,Coimbatore,B30,36-45,Male,42.7,UPI,Verified
INV002116,2024-04-13,120841,lumpsum,122273,Karnataka,Bangalore,T30,18-25,Male,3.8,UPI,Verified
INV004767,2024-04-13,120843,sip,5904,Uttar Pradesh,Kanpur,B30,26-35,Female,12.7,Net Banking,Verified
INV004672,2024-04-13,120843,lumpsum,402674,Rajasthan,Jaipur,T30,26-35,Male,23.9,Net Banking,Verified
INV002100,2024-04-13,118635,lumpsum,501484,Delhi,Noida,T30,26-35,Male,22.5,Cheque,Verified
INV003529,2024-04-13,119120,lumpsum,162332,Tamil Nadu,Chennai,T30,36-45,Female,36.6,UPI,Verified
INV000446,2024-04-13,101206,sip,9769,Rajasthan,Jaipur,T30,26-35,Female,23.8,Net Banking,Verified
INV004956,2024-04-13,119599,lumpsum,40000,Maharashtra,Mumbai,T30,46-55,Male,62.4,UPI,Verified
INV002515,2024-04-13,148568,lumpsum,417157,West Bengal,Kolkata,T30,56+,Female,73.9,Net Banking,Verified
INV003678,2024-04-13,149324,lumpsum,185214,Gujarat,Ahmedabad,T30,26-35,Male,6.6,UPI,Verified
INV000765,2024-04-13,120507,lumpsum,412476,Telangana,Hyderabad,T30,18-25,Male,4.6,Mandate,Verified
INV002477,2024-04-13,100016,sip,800,West Bengal,Kolkata,T30,46-55,Female,72.4,Net Banking,Verified
INV001585,2024-04-13,148569,sip,1731,Telangana,Hyderabad,T30,36-45,Male,28.3,UPI,Verified
INV001455,2024-04-13,118635,sip,2692,Madhya Pradesh,Indore,T30,36-45,Male,26.8,Mandate,Verified
INV003429,2024-04-13,125497,sip,1960,Telangana,Hyderabad,T30,26-35,Male,16.0,Net Banking,Verified
INV004769,2024-04-13,119094,redemption,296076,Punjab,Amritsar,B30,46-55,Female,25.3,Cheque,Pending
INV002702,2024-04-13,148568,redemption,54475,Punjab,Chandigarh,T30,36-45,Male,25.4,Mandate,Verified
INV003388,2024-04-13,100025,lumpsum,106095,Haryana,Faridabad,B30,56+,Female,39.3,Mandate,Verified
INV004259,2024-04-13,120503,sip,55529,Tamil Nadu,Chennai,T30,26-35,Female,24.3,Mandate,Verified
INV004644,2024-04-13,119599,lumpsum,226789,Maharashtra,Nashik,B30,36-45,Male,21.7,Net Banking,Verified
INV004496,2024-04-13,118636,sip,23570,Madhya Pradesh,Indore,T30,18-25,Female,6.3,Mandate,Verified
INV004947,2024-04-13,149322,lumpsum,94032,Telangana,Hyderabad,T30,26-35,Female,19.7,Net Banking,Verified
INV000656,2024-04-13,119599,sip,2513,Gujarat,Surat,T30,18-25,Male,5.2,Cheque,Verified
INV002753,2024-04-13,120504,sip,8413,Uttar Pradesh,Lucknow,T30,26-35,Female,21.2,UPI,Verified
INV003663,2024-04-13,102885,lumpsum,534667,Delhi,Gurugram,T30,26-35,Female,19.0,Net Banking,Verified
INV003457,2024-04-13,148567,sip,28427,Karnataka,Bangalore,T30,36-45,Male,48.6,Mandate,Verified
INV002324,2024-04-13,119552,lumpsum,313799,Karnataka,Bangalore,T30,26-35,Male,16.2,Mandate,Verified
INV003520,2024-04-13,149323,sip,550,Uttar Pradesh,Lucknow,T30,18-25,Male,4.5,Net Banking,Verified
INV003624,2024-04-13,119093,redemption,413008,Telangana,Hyderabad,T30,46-55,Female,87.5,UPI,Verified
INV002929,2024-04-13,102886,lumpsum,21845,West Bengal,Kolkata,T30,26-35,Male,13.0,Cheque,Verified
INV000395,2024-04-13,119094,sip,2352,Delhi,Noida,T30,18-25,Male,3.4,Net Banking,Verified
INV000189,2024-04-14,119095,sip,3541,Uttar Pradesh,Lucknow,T30,36-45,Male,47.3,Net Banking,Verified
INV003354,2024-04-14,120505,sip,2052,Punjab,Chandigarh,T30,46-55,Male,48.5,Cheque,Verified
INV000213,2024-04-14,125497,lumpsum,132261,Punjab,Chandigarh,T30,26-35,Male,19.6,Net Banking,Verified
INV000130,2024-04-14,100033,redemption,433156,Madhya Pradesh,Indore,T30,56+,Female,69.4,UPI,Verified
INV002378,2024-04-14,118634,lumpsum,537342,Haryana,Gurugram,T30,26-35,Male,12.1,Net Banking,Verified
INV002120,2024-04-14,119093,sip,8162,Tamil Nadu,Chennai,T30,26-35,Male,13.8,Net Banking,Verified
INV004384,2024-04-14,125498,sip,8126,Delhi,Noida,T30,26-35,Male,12.1,UPI,Pending
INV003680,2024-04-14,101206,lumpsum,50322,Karnataka,Mysore,B30,26-35,Male,21.3,Cheque,Verified
INV004834,2024-04-14,149322,sip,14926,Delhi,New Delhi,T30,26-35,Male,20.0,UPI,Verified
INV001995,2024-04-14,119092,sip,44786,Gujarat,Surat,T30,26-35,Male,20.8,Net Banking,Verified
INV001269,2024-04-14,125497,redemption,116001,Maharashtra,Mumbai,T30,26-35,Male,14.4,Mandate,Verified
INV004028,2024-04-14,120844,sip,57205,Rajasthan,Jaipur,T30,18-25,Male,3.3,Net Banking,Verified
INV003111,2024-04-14,100025,sip,23649,Delhi,Gurugram,T30,18-25,Female,5.9,Cheque,Verified
INV000113,2024-04-14,100016,sip,7201,Punjab,Chandigarh,T30,26-35,Female,7.3,Net Banking,Verified
INV004953,2024-04-14,119092,sip,11434,Haryana,Faridabad,B30,36-45,Male,36.3,Mandate,Verified
INV004179,2024-04-14,101208,sip,1044,Maharashtra,Pune,T30,26-35,Female,19.3,UPI,Verified
INV001405,2024-04-14,120507,sip,54419,Tamil Nadu,Chennai,T30,56+,Male,56.8,UPI,Verified
INV001989,2024-04-14,101206,sip,42151,Telangana,Hyderabad,T30,36-45,Female,17.8,Cheque,Verified
INV004239,2024-04-14,120841,sip,8101,Karnataka,Bangalore,T30,18-25,Female,6.3,Cheque,Verified
INV003630,2024-04-14,120844,sip,447,Karnataka,Bangalore,T30,18-25,Female,4.9,UPI,Verified
INV001087,2024-04-14,119092,sip,5511,Rajasthan,Udaipur,B30,26-35,Female,20.6,Net Banking,Verified
INV001512,2024-04-14,120503,redemption,480985,Haryana,Gurugram,T30,46-55,Male,49.4,Cheque,Verified
INV000334,2024-04-14,118636,lumpsum,423661,Uttar Pradesh,Lucknow,T30,56+,Male,22.6,Net Banking,Verified
INV000385,2024-04-14,102885,sip,6402,Karnataka,Mysore,B30,18-25,Female,7.5,Mandate,Verified
INV002567,2024-04-14,102886,lumpsum,65863,Madhya Pradesh,Indore,T30,36-45,Male,20.3,Cheque,Pending
INV004266,2024-04-14,120843,lumpsum,287342,Delhi,New Delhi,T30,36-45,Male,35.9,Cheque,Verified
INV002302,2024-04-14,102885,sip,3330,West Bengal,Kolkata,T30,26-35,Male,10.1,Net Banking,Verified
INV003681,2024-04-14,148569,sip,1822,Telangana,Hyderabad,T30,26-35,Female,17.4,Mandate,Verified
INV001742,2024-04-14,119599,lumpsum,415934,Haryana,Gurugram,T30,18-25,Male,3.5,Cheque,Verified
INV000466,2024-04-14,119552,redemption,20196,Haryana,Faridabad,B30,18-25,Male,4.4,Mandate,Verified
INV003562,2024-04-14,125497,sip,11320,West Bengal,Kolkata,T30,26-35,Female,11.8,Mandate,Verified
INV003341,2024-04-14,118633,redemption,109052,Rajasthan,Jaipur,T30,26-35,Male,23.0,Net Banking,Verified
INV004540,2024-04-14,100016,lumpsum,53310,Punjab,Chandigarh,T30,36-45,Male,48.9,Mandate,Verified
INV003215,2024-04-14,119551,lumpsum,119806,Gujarat,Surat,T30,26-35,Female,20.9,Cheque,Pending
INV002237,2024-04-14,118633,lumpsum,167210,Uttar Pradesh,Agra,B30,46-55,Male,23.1,UPI,Verified
INV002571,2024-04-14,120841,redemption,189400,Delhi,New Delhi,T30,36-45,Female,32.1,UPI,Verified
INV004808,2024-04-14,120844,sip,2234,Uttar Pradesh,Kanpur,B30,36-45,Male,47.0,Net Banking,Verified
INV002216,2024-04-14,119120,sip,48408,Maharashtra,Mumbai,T30,46-55,Male,26.5,Net Banking,Verified
INV003823,2024-04-14,102885,sip,9370,Madhya Pradesh,Indore,T30,26-35,Male,10.5,UPI,Pending
INV003311,2024-04-14,119120,sip,2924,Madhya Pradesh,Bhopal,B30,26-35,Male,9.5,Cheque,Verified
INV003614,2024-04-14,119095,lumpsum,420061,Maharashtra,Mumbai,T30,26-35,Male,13.3,Cheque,Pending
INV000580,2024-04-14,102887,sip,5935,Uttar Pradesh,Agra,B30,56+,Male,31.8,Cheque,Verified
INV000986,2024-04-14,148568,redemption,275759,Tamil Nadu,Coimbatore,B30,26-35,Male,24.2,Cheque,Verified
INV004252,2024-04-14,118632,sip,4766,Haryana,Faridabad,B30,36-45,Male,58.7,Net Banking,Verified
INV000623,2024-04-14,149322,sip,3551,Tamil Nadu,Chennai,T30,46-55,Male,48.9,Net Banking,Verified
INV004474,2024-04-14,102886,sip,9917,West Bengal,Kolkata,T30,46-55,Male,16.5,Mandate,Pending
INV002269,2024-04-14,101208,sip,4907,Punjab,Amritsar,B30,36-45,Female,49.0,Mandate,Verified
INV003696,2024-04-14,148569,sip,8416,Tamil Nadu,Coimbatore,B30,18-25,Female,4.0,Net Banking,Verified
INV000448,2024-04-14,118636,redemption,33885,West Bengal,Kolkata,T30,18-25,Male,3.4,Net Banking,Pending
INV003761,2024-04-14,120504,sip,2067,Karnataka,Mysore,B30,46-55,Male,61.2,Mandate,Verified
INV002454,2024-04-14,118634,sip,3041,Uttar Pradesh,Agra,B30,36-45,Male,37.5,Mandate,Verified
INV001071,2024-04-14,101208,lumpsum,266849,Maharashtra,Nashik,B30,36-45,Male,56.7,Mandate,Verified
INV002413,2024-04-14,101206,lumpsum,334663,Gujarat,Surat,T30,26-35,Male,14.4,Cheque,Verified
INV001798,2024-04-14,120506,sip,26337,Tamil Nadu,Chennai,T30,36-45,Female,21.3,Mandate,Verified
INV003406,2024-04-14,102886,sip,7888,Madhya Pradesh,Bhopal,B30,26-35,Male,21.2,UPI,Verified
INV000151,2024-04-14,120506,sip,24995,Delhi,New Delhi,T30,18-25,Male,5.1,Net Banking,Verified
INV000840,2024-04-14,100033,sip,8330,Punjab,Chandigarh,T30,26-35,Male,15.3,Cheque,Verified
INV004207,2024-04-14,120843,redemption,301730,Gujarat,Ahmedabad,T30,56+,Female,53.3,UPI,Verified
INV003495,2024-04-14,120843,sip,530,West Bengal,Kolkata,T30,26-35,Female,22.9,UPI,Verified
INV001821,2024-04-14,120842,sip,599,Delhi,Gurugram,T30,26-35,Male,8.7,UPI,Verified
INV003295,2024-04-14,120503,lumpsum,175441,Gujarat,Ahmedabad,T30,26-35,Male,20.8,Net Banking,Verified
INV000094,2024-04-14,118634,sip,25596,West Bengal,Kolkata,T30,18-25,Male,3.7,Net Banking,Verified
INV000293,2024-04-14,100033,sip,2806,Karnataka,Mysore,B30,26-35,Female,19.3,UPI,Verified
INV004602,2024-04-14,148569,sip,27245,Delhi,Noida,T30,26-35,Female,9.4,Net Banking,Verified
INV004356,2024-04-14,102885,redemption,48238,West Bengal,Kolkata,T30,36-45,Male,37.3,Cheque,Verified
INV000498,2024-04-14,119094,lumpsum,334355,Telangana,Hyderabad,T30,26-35,Female,22.1,Mandate,Verified
INV003736,2024-04-14,102887,lumpsum,450426,Karnataka,Mysore,B30,18-25,Male,4.9,UPI,Verified
INV004479,2024-04-14,149323,sip,25920,Rajasthan,Jaipur,T30,36-45,Male,43.7,Net Banking,Verified
INV003065,2024-04-14,149324,sip,21177,Uttar Pradesh,Kanpur,B30,46-55,Male,27.9,Cheque,Verified
INV001102,2024-04-14,119092,sip,4349,West Bengal,Kolkata,T30,46-55,Male,22.2,Mandate,Verified
INV004547,2024-04-14,118632,redemption,486612,Madhya Pradesh,Bhopal,B30,36-45,Female,42.8,Net Banking,Verified
INV001352,2024-04-14,102886,sip,2013,Punjab,Chandigarh,T30,26-35,Female,8.3,Cheque,Verified
INV002800,2024-04-14,118632,lumpsum,78091,West Bengal,Kolkata,T30,36-45,Male,51.9,UPI,Verified
INV000374,2024-04-14,120843,lumpsum,432189,West Bengal,Kolkata,T30,18-25,Female,4.1,Mandate,Verified
INV004152,2024-04-14,118632,redemption,185609,Rajasthan,Udaipur,B30,56+,Male,44.0,Mandate,Verified
INV003225,2024-04-14,120844,lumpsum,44312,West Bengal,Kolkata,T30,26-35,Male,9.2,Net Banking,Verified
INV003870,2024-04-15,119092,lumpsum,281555,West Bengal,Kolkata,T30,26-35,Male,15.0,Mandate,Verified
INV000591,2024-04-15,118633,sip,2405,Karnataka,Bangalore,T30,18-25,Male,4.1,UPI,Verified
INV004410,2024-04-15,119093,sip,4470,Tamil Nadu,Chennai,T30,36-45,Male,45.5,UPI,Verified
INV003204,2024-04-15,118633,sip,1990,West Bengal,Kolkata,T30,18-25,Male,6.7,Net Banking,Pending
INV004678,2024-04-15,119093,lumpsum,466768,West Bengal,Kolkata,T30,36-45,Female,15.3,Mandate,Verified
INV003376,2024-04-15,101206,lumpsum,324993,Delhi,New Delhi,T30,36-45,Male,44.4,UPI,Verified
INV000305,2024-04-15,120507,redemption,108985,Rajasthan,Udaipur,B30,36-45,Male,21.4,Mandate,Verified
INV002242,2024-04-15,100025,sip,2866,Gujarat,Ahmedabad,T30,26-35,Male,22.2,Cheque,Verified
INV003376,2024-04-15,100016,lumpsum,50456,Delhi,New Delhi,T30,36-45,Male,44.4,Cheque,Verified
INV004915,2024-04-15,118635,sip,9695,Uttar Pradesh,Kanpur,B30,26-35,Male,9.6,UPI,Verified
INV001872,2024-04-15,120504,sip,562,Madhya Pradesh,Indore,T30,26-35,Male,23.0,Mandate,Verified
INV003782,2024-04-15,125498,redemption,261966,Tamil Nadu,Chennai,T30,36-45,Male,44.5,Cheque,Verified
INV001265,2024-04-15,101206,sip,2458,Tamil Nadu,Coimbatore,B30,26-35,Male,20.3,Cheque,Verified
INV004711,2024-04-15,120507,sip,5072,Rajasthan,Udaipur,B30,56+,Male,70.9,Mandate,Verified
INV004410,2024-04-15,120504,sip,17075,Tamil Nadu,Chennai,T30,36-45,Male,45.5,Mandate,Verified
INV002061,2024-04-15,119092,lumpsum,95881,West Bengal,Kolkata,T30,26-35,Male,14.2,Mandate,Verified
INV001337,2024-04-15,119599,sip,10858,Tamil Nadu,Chennai,T30,26-35,Male,10.0,Mandate,Verified
INV001498,2024-04-15,149323,redemption,165897,Gujarat,Ahmedabad,T30,36-45,Male,34.7,Net Banking,Verified
INV002698,2024-04-15,120507,lumpsum,480619,Maharashtra,Pune,T30,26-35,Male,20.9,UPI,Verified
INV004246,2024-04-15,120504,sip,3218,West Bengal,Kolkata,T30,36-45,Female,12.2,Mandate,Verified
INV003144,2024-04-15,102885,sip,3209,Haryana,Gurugram,T30,36-45,Female,38.0,Net Banking,Verified
INV003782,2024-04-15,118636,sip,16825,Tamil Nadu,Chennai,T30,36-45,Male,44.5,Cheque,Pending
INV002154,2024-04-15,100016,sip,2234,Uttar Pradesh,Lucknow,T30,36-45,Male,40.5,Mandate,Verified
INV001791,2024-04-15,100016,sip,4319,Delhi,New Delhi,T30,26-35,Male,13.3,Mandate,Verified
INV004268,2024-04-15,148569,redemption,146197,Delhi,Gurugram,T30,26-35,Female,10.1,UPI,Verified
INV003363,2024-04-15,119120,sip,1114,Haryana,Gurugram,T30,36-45,Male,46.5,UPI,Verified
INV000556,2024-04-15,120505,lumpsum,403162,Rajasthan,Udaipur,B30,18-25,Male,7.2,UPI,Pending
INV002151,2024-04-15,120842,sip,7907,Rajasthan,Jaipur,T30,26-35,Female,18.1,UPI,Verified
INV002740,2024-04-15,118633,redemption,10271,Maharashtra,Mumbai,T30,26-35,Female,24.5,Mandate,Verified
INV002171,2024-04-15,120503,sip,911,Telangana,Hyderabad,T30,56+,Male,21.8,Cheque,Verified
INV004282,2024-04-15,101206,sip,2232,Punjab,Amritsar,B30,26-35,Male,20.8,Mandate,Verified
INV002605,2024-04-15,119092,sip,10984,Delhi,New Delhi,T30,46-55,Male,87.0,UPI,Pending
INV000576,2024-04-15,125497,sip,495,Delhi,New Delhi,T30,46-55,Male,79.7,UPI,Verified
INV004770,2024-04-15,102886,sip,4262,Gujarat,Surat,T30,18-25,Female,5.2,Mandate,Verified
INV000971,2024-04-15,100025,lumpsum,250646,Maharashtra,Mumbai,T30,36-45,Male,42.2,Mandate,Verified
INV001514,2024-04-15,102885,sip,46565,Delhi,Gurugram,T30,46-55,Male,75.8,Mandate,Verified
INV000711,2024-04-15,102887,sip,1104,Karnataka,Bangalore,T30,56+,Male,28.3,UPI,Verified
INV003063,2024-04-15,120506,lumpsum,246426,Maharashtra,Mumbai,T30,36-45,Female,45.0,UPI,Verified
INV002439,2024-04-15,120843,redemption,307088,Karnataka,Bangalore,T30,18-25,Male,3.8,UPI,Verified
INV004203,2024-04-15,101207,sip,40013,Madhya Pradesh,Indore,T30,18-25,Male,7.9,Mandate,Pending
INV001108,2024-04-15,148569,sip,2255,Karnataka,Bangalore,T30,26-35,Male,23.1,Net Banking,Verified
INV001718,2024-04-15,100033,sip,23776,Gujarat,Ahmedabad,T30,26-35,Male,11.3,Net Banking,Verified
INV000150,2024-04-15,102887,lumpsum,404969,Karnataka,Mysore,B30,18-25,Male,3.5,Cheque,Verified
INV001822,2024-04-15,100025,sip,1143,Gujarat,Ahmedabad,T30,36-45,Male,59.6,UPI,Verified
INV000833,2024-04-15,120503,lumpsum,463192,Maharashtra,Nashik,B30,18-25,Male,4.4,UPI,Verified
INV000521,2024-04-15,100016,redemption,531396,West Bengal,Kolkata,T30,26-35,Male,9.7,UPI,Verified
INV002614,2024-04-15,120841,sip,3285,Punjab,Chandigarh,T30,36-45,Male,13.2,UPI,Verified
INV001844,2024-04-15,125498,sip,6135,West Bengal,Kolkata,T30,26-35,Female,18.8,Cheque,Verified
INV001401,2024-04-15,120506,sip,2583,Tamil Nadu,Coimbatore,B30,26-35,Male,15.6,Cheque,Verified
INV000693,2024-04-15,120506,lumpsum,414374,Haryana,Faridabad,B30,26-35,Male,11.0,Mandate,Verified
INV000865,2024-04-15,118634,sip,25244,Tamil Nadu,Coimbatore,B30,26-35,Male,24.2,Net Banking,Verified
INV004848,2024-04-15,119094,sip,9640,Haryana,Gurugram,T30,26-35,Male,15.6,Net Banking,Verified
INV004776,2024-04-15,148567,sip,6231,Punjab,Chandigarh,T30,36-45,Male,22.9,Mandate,Pending
INV001941,2024-04-15,120503,lumpsum,177233,Uttar Pradesh,Lucknow,T30,56+,Male,32.7,Net Banking,Verified
INV003890,2024-04-15,149324,lumpsum,426830,Madhya Pradesh,Bhopal,B30,26-35,Male,18.8,Mandate,Verified
INV004427,2024-04-15,100033,sip,403,Punjab,Amritsar,B30,36-45,Female,54.2,Cheque,Verified
INV002886,2024-04-15,119094,sip,16960,Tamil Nadu,Chennai,T30,18-25,Female,7.1,Net Banking,Verified
INV001402,2024-04-15,119552,sip,4739,Tamil Nadu,Chennai,T30,26-35,Male,15.2,UPI,Verified
INV003216,2024-04-15,119095,sip,42589,Delhi,New Delhi,T30,36-45,Male,12.6,Cheque,Verified
INV000551,2024-04-15,148568,sip,1610,Maharashtra,Nashik,B30,26-35,Female,13.2,Net Banking,Verified
INV001537,2024-04-15,120504,lumpsum,269875,Madhya Pradesh,Indore,T30,46-55,Male,74.7,Net Banking,Verified
INV003938,2024-04-15,120842,sip,1698,Delhi,Gurugram,T30,36-45,Female,15.3,Mandate,Verified
INV000182,2024-04-15,118634,sip,2101,Tamil Nadu,Chennai,T30,36-45,Male,38.1,UPI,Verified
INV002698,2024-04-15,119551,sip,437,Maharashtra,Pune,T30,26-35,Male,20.9,UPI,Verified
INV003196,2024-04-15,119092,sip,522,West Bengal,Kolkata,T30,26-35,Female,20.1,UPI,Pending
INV004809,2024-04-15,119599,redemption,222029,Gujarat,Surat,T30,26-35,Female,15.0,Cheque,Verified
INV004539,2024-04-15,120505,lumpsum,309921,Haryana,Faridabad,B30,26-35,Male,18.0,Net Banking,Verified
INV001742,2024-04-15,120503,sip,52321,Haryana,Gurugram,T30,18-25,Male,3.5,Net Banking,Verified
INV000408,2024-04-15,120503,sip,533,Punjab,Amritsar,B30,56+,Male,62.3,Net Banking,Verified
INV003635,2024-04-15,119092,sip,11049,West Bengal,Kolkata,T30,56+,Female,55.1,Mandate,Verified
INV002232,2024-04-15,100033,lumpsum,217895,Karnataka,Bangalore,T30,26-35,Female,16.9,Cheque,Verified
INV004448,2024-04-15,120843,redemption,76265,Karnataka,Mysore,B30,26-35,Male,20.3,Net Banking,Verified
INV000143,2024-04-15,101207,sip,21924,Haryana,Gurugram,T30,26-35,Male,23.8,UPI,Verified
INV003263,2024-04-15,120842,redemption,52297,Tamil Nadu,Chennai,T30,26-35,Female,12.5,Cheque,Verified
INV002178,2024-04-15,119598,sip,3510,Gujarat,Ahmedabad,T30,36-45,Female,33.8,Cheque,Verified
INV002445,2024-04-15,118635,sip,11946,Punjab,Chandigarh,T30,26-35,Male,9.5,UPI,Verified
INV002554,2024-04-15,148568,sip,3349,Madhya Pradesh,Bhopal,B30,18-25,Male,5.4,Cheque,Verified
INV002144,2024-04-15,148567,lumpsum,124261,Maharashtra,Pune,T30,18-25,Male,3.2,UPI,Verified
INV002292,2024-04-15,148568,sip,12159,Rajasthan,Udaipur,B30,36-45,Male,54.1,UPI,Verified
INV001928,2024-04-15,102886,sip,879,Telangana,Hyderabad,T30,46-55,Female,29.2,Cheque,Verified
INV001820,2024-04-15,125497,lumpsum,388346,Maharashtra,Mumbai,T30,36-45,Female,39.3,Mandate,Pending
INV003234,2024-04-15,118636,lumpsum,292129,Telangana,Hyderabad,T30,26-35,Male,13.5,Cheque,Verified
INV001598,2024-04-16,119095,sip,44375,Tamil Nadu,Coimbatore,B30,36-45,Male,48.2,Mandate,Verified
INV001234,2024-04-16,149323,sip,2371,Uttar Pradesh,Agra,B30,26-35,Male,24.4,Cheque,Verified
INV000689,2024-04-16,119551,redemption,289784,Tamil Nadu,Chennai,T30,26-35,Female,19.8,Cheque,Verified
INV004527,2024-04-16,125497,lumpsum,404774,West Bengal,Kolkata,T30,36-45,Male,39.6,Net Banking,Verified
INV003651,2024-04-16,120843,lumpsum,371827,Gujarat,Surat,T30,26-35,Male,14.6,Mandate,Verified
INV001219,2024-04-16,119120,sip,2494,West Bengal,Kolkata,T30,26-35,Male,18.4,Net Banking,Verified
INV004924,2024-04-16,118635,redemption,408292,Telangana,Hyderabad,T30,36-45,Male,16.1,Net Banking,Verified
INV002757,2024-04-16,119120,sip,1041,Madhya Pradesh,Indore,T30,18-25,Male,5.0,Net Banking,Verified
INV000554,2024-04-16,100033,redemption,464516,Delhi,Noida,T30,36-45,Male,12.3,Mandate,Verified
INV002815,2024-04-16,120844,sip,1088,Rajasthan,Jaipur,T30,26-35,Male,10.5,Cheque,Verified
INV002952,2024-04-16,120505,sip,13918,Punjab,Amritsar,B30,18-25,Male,7.1,UPI,Verified
INV002124,2024-04-16,148567,sip,49747,Tamil Nadu,Coimbatore,B30,18-25,Male,5.0,UPI,Verified
INV004172,2024-04-16,120505,sip,8059,Madhya Pradesh,Indore,T30,26-35,Male,18.5,Mandate,Verified
INV002188,2024-04-16,119120,sip,8736,Rajasthan,Jaipur,T30,26-35,Male,19.1,Cheque,Verified
INV000999,2024-04-16,120841,sip,42520,Telangana,Hyderabad,T30,26-35,Male,15.6,Mandate,Pending
INV003222,2024-04-16,118632,lumpsum,89812,Punjab,Amritsar,B30,56+,Female,11.7,UPI,Verified
INV004880,2024-04-16,102886,lumpsum,27428,Punjab,Chandigarh,T30,26-35,Male,6.3,Cheque,Verified
INV003428,2024-04-16,101206,sip,1935,Tamil Nadu,Coimbatore,B30,26-35,Female,22.8,Mandate,Verified
INV004787,2024-04-16,119598,sip,13719,Haryana,Faridabad,B30,26-35,Male,8.2,Mandate,Verified
INV003964,2024-04-16,118632,lumpsum,323280,Punjab,Chandigarh,T30,26-35,Male,16.7,Cheque,Verified
INV003803,2024-04-16,120843,lumpsum,121185,Rajasthan,Jaipur,T30,26-35,Male,10.8,UPI,Verified
INV002034,2024-04-16,119095,lumpsum,101124,Uttar Pradesh,Lucknow,T30,26-35,Male,10.0,Cheque,Verified
INV000284,2024-04-16,120504,lumpsum,327677,Karnataka,Mysore,B30,26-35,Male,7.0,UPI,Verified
INV002753,2024-04-16,119093,lumpsum,14340,Uttar Pradesh,Lucknow,T30,26-35,Female,21.2,UPI,Verified
INV003457,2024-04-16,119093,redemption,372115,Karnataka,Bangalore,T30,36-45,Male,48.6,UPI,Verified
INV003425,2024-04-16,125498,sip,418,Gujarat,Surat,T30,26-35,Female,14.5,Net Banking,Verified
INV003376,2024-04-16,102885,lumpsum,340196,Delhi,New Delhi,T30,36-45,Male,44.4,UPI,Verified
INV002803,2024-04-16,102886,sip,2619,Uttar Pradesh,Agra,B30,36-45,Male,31.9,Mandate,Verified
INV003036,2024-04-16,119094,sip,521,Telangana,Hyderabad,T30,26-35,Male,18.2,Net Banking,Verified
INV002956,2024-04-16,149324,lumpsum,526940,Gujarat,Surat,T30,36-45,Female,53.7,UPI,Verified
INV000717,2024-04-16,119551,sip,20175,Tamil Nadu,Chennai,T30,46-55,Male,44.9,Cheque,Verified
INV001453,2024-04-16,120507,redemption,37163,Gujarat,Ahmedabad,T30,36-45,Male,34.6,Net Banking,Verified
INV000972,2024-04-16,120843,sip,7126,Telangana,Hyderabad,T30,18-25,Female,5.9,Net Banking,Pending
INV002911,2024-04-16,120504,lumpsum,326175,Gujarat,Surat,T30,26-35,Male,24.1,Mandate,Verified
INV000892,2024-04-16,120505,sip,493,Gujarat,Ahmedabad,T30,36-45,Male,26.4,UPI,Verified
INV004956,2024-04-16,120506,lumpsum,116728,Maharashtra,Mumbai,T30,46-55,Male,62.4,UPI,Verified
INV004468,2024-04-16,100025,lumpsum,132825,Telangana,Hyderabad,T30,46-55,Female,20.8,UPI,Verified
INV002893,2024-04-16,120841,sip,24525,Telangana,Hyderabad,T30,56+,Male,69.4,Net Banking,Verified
INV004542,2024-04-16,119094,sip,7727,Maharashtra,Pune,T30,36-45,Male,53.7,UPI,Verified
INV000239,2024-04-16,148567,sip,2337,Punjab,Amritsar,B30,36-45,Female,13.2,Mandate,Verified
INV001070,2024-04-16,118636,sip,2999,Tamil Nadu,Coimbatore,B30,26-35,Male,11.9,Mandate,Verified
INV002422,2024-04-16,125498,sip,1187,Tamil Nadu,Chennai,T30,36-45,Male,20.5,UPI,Verified
INV001736,2024-04-16,119093,lumpsum,378650,Rajasthan,Udaipur,B30,46-55,Female,69.5,Cheque,Verified
INV000471,2024-04-16,120843,sip,26992,West Bengal,Kolkata,T30,18-25,Male,4.2,UPI,Verified
INV004199,2024-04-16,120843,sip,47391,Tamil Nadu,Chennai,T30,56+,Male,76.5,Cheque,Verified
INV002417,2024-04-16,118634,lumpsum,18997,Tamil Nadu,Coimbatore,B30,26-35,Male,16.8,Mandate,Verified
INV004279,2024-04-16,100025,redemption,46619,Gujarat,Ahmedabad,T30,36-45,Male,35.7,Cheque,Verified
INV003723,2024-04-16,101208,sip,26833,Tamil Nadu,Chennai,T30,26-35,Female,10.9,UPI,Verified
INV002343,2024-04-16,120505,lumpsum,220959,Punjab,Amritsar,B30,26-35,Male,22.1,Mandate,Verified
INV002370,2024-04-16,101206,sip,20717,Delhi,Noida,T30,26-35,Male,16.6,Cheque,Verified
INV000052,2024-04-16,120841,redemption,289195,Tamil Nadu,Coimbatore,B30,26-35,Male,19.1,Cheque,Verified
INV000832,2024-04-16,148568,lumpsum,254191,Karnataka,Bangalore,T30,36-45,Male,36.6,Cheque,Verified
INV004222,2024-04-16,120841,sip,23992,Uttar Pradesh,Kanpur,B30,26-35,Male,10.9,UPI,Verified
INV000177,2024-04-17,118632,lumpsum,240166,Rajasthan,Jaipur,T30,26-35,Male,17.6,Mandate,Verified
INV003082,2024-04-17,120507,sip,1124,Telangana,Hyderabad,T30,26-35,Male,18.7,Cheque,Verified
INV000238,2024-04-17,102885,lumpsum,224481,Telangana,Hyderabad,T30,36-45,Male,26.3,Mandate,Verified
INV003201,2024-04-17,119551,sip,4505,Rajasthan,Jaipur,T30,36-45,Female,12.2,Mandate,Verified
INV000328,2024-04-17,120841,sip,2270,Madhya Pradesh,Bhopal,B30,26-35,Male,19.6,Mandate,Verified
INV000914,2024-04-17,118632,lumpsum,286414,Karnataka,Mysore,B30,18-25,Male,3.8,Mandate,Verified
INV003086,2024-04-17,148568,sip,50452,West Bengal,Kolkata,T30,26-35,Male,20.2,UPI,Pending
INV004626,2024-04-17,120504,sip,10671,Telangana,Hyderabad,T30,18-25,Female,5.5,Net Banking,Verified
INV003946,2024-04-17,102885,sip,16770,Karnataka,Mysore,B30,26-35,Female,9.2,Net Banking,Verified
INV002803,2024-04-17,101208,lumpsum,84733,Uttar Pradesh,Agra,B30,36-45,Male,31.9,UPI,Verified
INV000881,2024-04-17,149324,sip,814,Uttar Pradesh,Agra,B30,26-35,Male,17.1,Cheque,Pending
INV002373,2024-04-17,148568,sip,2933,Maharashtra,Pune,T30,36-45,Male,56.3,Mandate,Verified
INV001428,2024-04-17,118635,sip,3045,Delhi,New Delhi,T30,26-35,Male,17.8,Net Banking,Verified
INV004835,2024-04-17,118636,lumpsum,113508,Maharashtra,Nashik,B30,56+,Male,12.9,Cheque,Verified
INV002202,2024-04-17,118635,redemption,59538,Madhya Pradesh,Indore,T30,18-25,Female,7.1,Mandate,Verified
INV002893,2024-04-17,119598,sip,3236,Telangana,Hyderabad,T30,56+,Male,69.4,Mandate,Verified
INV001558,2024-04-17,149322,sip,5555,West Bengal,Kolkata,T30,56+,Female,23.8,Net Banking,Verified
INV002379,2024-04-17,118633,lumpsum,484349,Madhya Pradesh,Bhopal,B30,26-35,Male,15.6,Cheque,Verified
INV000052,2024-04-17,119598,sip,4522,Tamil Nadu,Coimbatore,B30,26-35,Male,19.1,UPI,Verified
INV000888,2024-04-17,102885,sip,2737,Gujarat,Ahmedabad,T30,26-35,Male,21.9,Mandate,Verified
INV001987,2024-04-17,119599,sip,8861,Tamil Nadu,Coimbatore,B30,18-25,Male,7.2,UPI,Verified
INV003370,2024-04-17,120841,sip,2825,Karnataka,Mysore,B30,56+,Female,54.8,Net Banking,Verified
INV004017,2024-04-17,101208,sip,7074,West Bengal,Kolkata,T30,36-45,Male,36.7,Cheque,Verified
INV004819,2024-04-17,118632,lumpsum,275129,Telangana,Hyderabad,T30,26-35,Female,14.8,Mandate,Verified
INV000751,2024-04-17,119094,sip,2714,Uttar Pradesh,Kanpur,B30,36-45,Male,17.7,Mandate,Verified
INV001944,2024-04-17,102885,sip,12861,Telangana,Hyderabad,T30,18-25,Male,4.4,Mandate,Verified
INV004801,2024-04-17,119552,sip,1609,Uttar Pradesh,Lucknow,T30,26-35,Male,13.2,Cheque,Verified
INV003671,2024-04-17,149324,redemption,544249,Haryana,Gurugram,T30,36-45,Female,22.9,UPI,Verified
INV004693,2024-04-17,120504,lumpsum,400993,Maharashtra,Nashik,B30,36-45,Male,44.9,Mandate,Verified
INV001004,2024-04-17,120843,sip,4830,Uttar Pradesh,Kanpur,B30,18-25,Male,3.8,UPI,Verified
INV003982,2024-04-17,119551,lumpsum,427187,Tamil Nadu,Coimbatore,B30,36-45,Female,34.4,Net Banking,Verified
INV003651,2024-04-17,119598,sip,10780,Gujarat,Surat,T30,26-35,Male,14.6,Net Banking,Pending
INV001079,2024-04-17,118635,lumpsum,233587,West Bengal,Kolkata,T30,26-35,Male,10.1,Net Banking,Verified
INV003919,2024-04-17,118633,lumpsum,170042,Uttar Pradesh,Lucknow,T30,18-25,Male,3.4,Cheque,Verified
INV001456,2024-04-17,120504,lumpsum,346036,Punjab,Chandigarh,T30,36-45,Male,36.3,UPI,Verified
INV004262,2024-04-17,149322,lumpsum,335731,Uttar Pradesh,Agra,B30,26-35,Male,6.2,UPI,Verified
INV002411,2024-04-17,119120,sip,6174,Rajasthan,Jaipur,T30,46-55,Male,38.4,Cheque,Pending
INV001892,2024-04-17,120507,sip,2010,Rajasthan,Udaipur,B30,26-35,Male,18.9,Cheque,Verified
INV002080,2024-04-17,120507,lumpsum,501928,Tamil Nadu,Coimbatore,B30,26-35,Male,21.3,UPI,Verified
INV004889,2024-04-17,148567,sip,2456,Rajasthan,Jaipur,T30,46-55,Male,34.5,Mandate,Verified
INV001826,2024-04-17,101206,sip,3481,Punjab,Amritsar,B30,18-25,Male,4.7,Mandate,Pending
INV001600,2024-04-17,148567,redemption,20089,Rajasthan,Jaipur,T30,26-35,Female,22.9,Mandate,Verified
INV001059,2024-04-17,100033,sip,8441,Karnataka,Mysore,B30,26-35,Male,24.2,Cheque,Verified
INV001274,2024-04-17,119598,sip,20990,Maharashtra,Mumbai,T30,36-45,Female,55.7,Mandate,Verified
INV001753,2024-04-17,120843,sip,7109,Rajasthan,Jaipur,T30,26-35,Male,10.0,UPI,Verified
INV002314,2024-04-17,100033,sip,1101,Tamil Nadu,Chennai,T30,18-25,Male,3.9,Mandate,Verified
INV000113,2024-04-17,120844,sip,49832,Punjab,Chandigarh,T30,26-35,Female,7.3,Cheque,Verified
INV004201,2024-04-17,120504,lumpsum,204717,Telangana,Hyderabad,T30,36-45,Male,20.2,UPI,Verified
INV000625,2024-04-17,120842,lumpsum,158054,Rajasthan,Jaipur,T30,46-55,Female,19.7,Mandate,Verified
INV004314,2024-04-17,119093,redemption,393557,Haryana,Gurugram,T30,26-35,Male,19.2,UPI,Verified
INV003237,2024-04-17,148569,sip,4242,Delhi,Gurugram,T30,46-55,Male,66.7,Cheque,Verified
INV000739,2024-04-17,125498,sip,2775,Uttar Pradesh,Agra,B30,46-55,Female,97.0,Net Banking,Pending
INV003674,2024-04-17,119552,lumpsum,262937,Uttar Pradesh,Kanpur,B30,36-45,Male,32.8,Net Banking,Verified
INV001974,2024-04-17,148569,lumpsum,312458,Tamil Nadu,Chennai,T30,56+,Male,64.3,UPI,Verified
INV003353,2024-04-17,100025,lumpsum,281387,Rajasthan,Udaipur,B30,26-35,Female,13.3,UPI,Verified
INV000164,2024-04-17,125497,sip,2378,Rajasthan,Udaipur,B30,18-25,Male,6.0,UPI,Verified
INV003314,2024-04-17,125497,sip,59275,Telangana,Hyderabad,T30,36-45,Female,25.6,Mandate,Pending
INV002468,2024-04-17,118635,lumpsum,399454,West Bengal,Kolkata,T30,46-55,Male,48.8,Mandate,Verified
INV004659,2024-04-17,100033,sip,2728,West Bengal,Kolkata,T30,18-25,Female,3.3,Cheque,Verified
INV003025,2024-04-17,118632,sip,2125,Gujarat,Surat,T30,26-35,Female,11.9,Net Banking,Verified
INV002575,2024-04-18,119094,sip,54233,West Bengal,Kolkata,T30,18-25,Male,7.9,Net Banking,Verified
INV001918,2024-04-18,119093,lumpsum,494162,Tamil Nadu,Coimbatore,B30,36-45,Male,19.8,Cheque,Verified
INV001548,2024-04-18,120842,redemption,326765,Delhi,New Delhi,T30,26-35,Male,24.8,Mandate,Verified
INV000262,2024-04-18,119093,sip,5499,Telangana,Hyderabad,T30,36-45,Male,47.6,Net Banking,Verified
INV004630,2024-04-18,101207,redemption,29802,Madhya Pradesh,Bhopal,B30,26-35,Female,6.3,Mandate,Verified
INV003057,2024-04-18,120505,lumpsum,319314,Punjab,Chandigarh,T30,18-25,Male,6.4,Net Banking,Verified
INV000195,2024-04-18,119552,redemption,78962,Madhya Pradesh,Bhopal,B30,36-45,Female,56.5,Cheque,Pending
INV002062,2024-04-18,149324,lumpsum,450605,Telangana,Hyderabad,T30,18-25,Male,5.5,Net Banking,Verified
INV002997,2024-04-18,148567,redemption,361807,West Bengal,Kolkata,T30,26-35,Male,23.7,UPI,Verified
INV003899,2024-04-18,120505,sip,46304,Haryana,Gurugram,T30,36-45,Female,21.3,Net Banking,Verified
INV001159,2024-04-18,125497,sip,12867,Gujarat,Ahmedabad,T30,46-55,Female,29.4,Net Banking,Verified
INV002384,2024-04-18,100033,lumpsum,573969,Karnataka,Mysore,B30,26-35,Male,24.3,UPI,Verified
INV002249,2024-04-18,120841,sip,8271,Karnataka,Bangalore,T30,36-45,Male,19.6,Mandate,Verified
INV003644,2024-04-18,118633,lumpsum,195427,Gujarat,Ahmedabad,T30,26-35,Female,8.2,Cheque,Verified
INV001654,2024-04-18,100016,lumpsum,333935,Uttar Pradesh,Lucknow,T30,36-45,Female,28.1,UPI,Verified
INV000102,2024-04-18,120503,lumpsum,43430,Gujarat,Surat,T30,26-35,Male,21.9,UPI,Verified
INV000759,2024-04-18,148568,redemption,56198,Gujarat,Ahmedabad,T30,26-35,Male,7.6,Mandate,Verified
INV000488,2024-04-18,149322,sip,5131,Karnataka,Mysore,B30,56+,Male,31.4,Net Banking,Verified
INV000101,2024-04-18,148567,lumpsum,124944,Madhya Pradesh,Indore,T30,26-35,Male,20.8,Cheque,Verified
INV002426,2024-04-18,119095,sip,56951,Haryana,Faridabad,B30,26-35,Male,10.9,UPI,Verified
INV004526,2024-04-18,101206,lumpsum,72997,West Bengal,Kolkata,T30,36-45,Male,19.9,UPI,Pending
INV004394,2024-04-18,120506,redemption,95163,Tamil Nadu,Coimbatore,B30,26-35,Female,21.9,Cheque,Verified
INV001180,2024-04-18,100016,sip,26576,Telangana,Hyderabad,T30,26-35,Male,10.5,UPI,Verified
INV003531,2024-04-18,125498,lumpsum,243593,Delhi,Gurugram,T30,36-45,Male,41.9,Net Banking,Pending
INV003095,2024-04-18,148568,lumpsum,291761,Madhya Pradesh,Bhopal,B30,18-25,Male,5.1,UPI,Verified
INV003354,2024-04-18,119551,redemption,195959,Punjab,Chandigarh,T30,46-55,Male,48.5,UPI,Pending
INV000977,2024-04-18,102885,sip,15957,Karnataka,Mysore,B30,56+,Male,22.5,Net Banking,Verified
INV004387,2024-04-18,119093,redemption,177857,Punjab,Amritsar,B30,18-25,Male,4.1,UPI,Verified
INV000606,2024-04-18,101206,sip,477,Karnataka,Mysore,B30,18-25,Male,7.8,UPI,Verified
INV002089,2024-04-18,125497,redemption,524151,Rajasthan,Udaipur,B30,46-55,Female,22.5,Cheque,Verified
INV000949,2024-04-18,119094,sip,12821,Tamil Nadu,Coimbatore,B30,26-35,Male,11.2,Net Banking,Verified
INV002838,2024-04-18,119120,sip,1188,West Bengal,Kolkata,T30,56+,Female,71.9,UPI,Verified
INV004947,2024-04-18,118633,sip,502,Telangana,Hyderabad,T30,26-35,Female,19.7,UPI,Verified
INV004263,2024-04-18,102887,sip,10290,Delhi,Gurugram,T30,26-35,Female,9.6,Net Banking,Verified
INV002528,2024-04-18,149324,sip,8755,Gujarat,Ahmedabad,T30,46-55,Male,16.3,Cheque,Verified
INV003260,2024-04-18,119093,sip,2045,Madhya Pradesh,Indore,T30,18-25,Male,7.9,Cheque,Pending
INV000171,2024-04-18,118634,sip,507,Delhi,Noida,T30,18-25,Female,6.2,Cheque,Pending
INV002011,2024-04-18,100033,lumpsum,164906,Tamil Nadu,Chennai,T30,36-45,Male,41.1,Cheque,Verified
INV000013,2024-04-18,149324,sip,4176,Maharashtra,Nashik,B30,18-25,Male,5.2,Net Banking,Verified
INV001585,2024-04-18,149322,redemption,398546,Telangana,Hyderabad,T30,36-45,Male,28.3,Mandate,Verified
INV001055,2024-04-18,119551,sip,12624,Haryana,Gurugram,T30,26-35,Female,17.6,Mandate,Verified
INV000173,2024-04-18,149323,sip,591,Maharashtra,Mumbai,T30,26-35,Male,7.6,Mandate,Verified
INV004462,2024-04-18,120505,sip,29614,Madhya Pradesh,Indore,T30,26-35,Female,14.9,Cheque,Verified
INV003506,2024-04-18,119093,sip,3318,Tamil Nadu,Chennai,T30,56+,Female,55.5,Net Banking,Verified
INV003349,2024-04-18,125497,sip,535,Uttar Pradesh,Agra,B30,26-35,Male,10.5,Mandate,Verified
INV001926,2024-04-18,119551,sip,3418,Uttar Pradesh,Agra,B30,46-55,Female,26.9,Mandate,Verified
INV004349,2024-04-18,118633,sip,889,Haryana,Gurugram,T30,26-35,Female,9.3,UPI,Verified
INV004553,2024-04-18,100025,lumpsum,413173,Tamil Nadu,Coimbatore,B30,26-35,Male,13.7,Mandate,Verified
INV003223,2024-04-18,120503,sip,970,Tamil Nadu,Coimbatore,B30,26-35,Male,15.4,Mandate,Verified
INV001671,2024-04-18,119551,sip,2974,Punjab,Chandigarh,T30,56+,Male,31.2,Mandate,Verified
INV002038,2024-04-18,120844,lumpsum,498866,Madhya Pradesh,Bhopal,B30,26-35,Male,20.6,Cheque,Verified
INV000314,2024-04-18,120504,redemption,135625,West Bengal,Kolkata,T30,26-35,Male,20.5,Net Banking,Verified
INV003702,2024-04-18,119599,sip,2001,Madhya Pradesh,Bhopal,B30,36-45,Male,53.2,UPI,Verified
INV004154,2024-04-18,118636,sip,8088,Karnataka,Mysore,B30,18-25,Male,4.7,Net Banking,Verified
INV001016,2024-04-18,148569,sip,47187,Delhi,Gurugram,T30,36-45,Male,19.2,UPI,Pending
INV003521,2024-04-18,125498,sip,8593,Rajasthan,Jaipur,T30,46-55,Male,95.4,UPI,Pending
INV003070,2024-04-18,100016,sip,13350,West Bengal,Kolkata,T30,26-35,Male,23.7,UPI,Verified
INV004091,2024-04-18,119095,lumpsum,288797,Tamil Nadu,Chennai,T30,26-35,Male,7.2,Mandate,Verified
INV001478,2024-04-18,120844,lumpsum,142662,Maharashtra,Mumbai,T30,36-45,Male,24.2,UPI,Verified
INV003022,2024-04-18,118632,redemption,113862,Telangana,Hyderabad,T30,46-55,Male,60.2,Cheque,Verified
INV001996,2024-04-18,120507,sip,4355,Telangana,Hyderabad,T30,26-35,Male,21.7,Mandate,Verified
INV004598,2024-04-18,102886,sip,7713,Tamil Nadu,Chennai,T30,46-55,Male,60.5,Cheque,Verified
INV004918,2024-04-18,118634,redemption,183343,Punjab,Amritsar,B30,56+,Female,46.9,UPI,Verified
INV000724,2024-04-19,120841,sip,6006,Uttar Pradesh,Kanpur,B30,46-55,Male,78.7,Cheque,Verified
INV002178,2024-04-19,149322,sip,7213,Gujarat,Ahmedabad,T30,36-45,Female,33.8,Mandate,Pending
INV003662,2024-04-19,125497,lumpsum,323111,Rajasthan,Jaipur,T30,18-25,Male,5.7,Mandate,Verified
INV003946,2024-04-19,101207,sip,449,Karnataka,Mysore,B30,26-35,Female,9.2,Net Banking,Verified
INV002948,2024-04-19,119093,lumpsum,83829,Maharashtra,Mumbai,T30,46-55,Male,43.6,Cheque,Verified
INV001276,2024-04-19,119598,sip,1015,Rajasthan,Jaipur,T30,56+,Male,46.2,Net Banking,Verified
INV002929,2024-04-19,102886,lumpsum,79878,West Bengal,Kolkata,T30,26-35,Male,13.0,Net Banking,Verified
INV001062,2024-04-19,148568,redemption,160540,Karnataka,Bangalore,T30,26-35,Male,21.1,Mandate,Verified
INV004368,2024-04-19,120505,sip,518,Punjab,Chandigarh,T30,36-45,Male,33.7,Net Banking,Verified
INV000078,2024-04-19,118632,lumpsum,165287,Haryana,Faridabad,B30,26-35,Male,20.2,UPI,Pending
INV003340,2024-04-19,118632,sip,2681,Madhya Pradesh,Indore,T30,26-35,Male,22.5,Cheque,Verified
INV003192,2024-04-19,120504,lumpsum,35272,Uttar Pradesh,Lucknow,T30,26-35,Male,22.2,Mandate,Verified
INV001631,2024-04-19,120506,redemption,119125,Haryana,Faridabad,B30,36-45,Male,55.9,Net Banking,Pending
INV003638,2024-04-19,149322,lumpsum,41224,West Bengal,Kolkata,T30,56+,Male,27.1,UPI,Pending
INV004362,2024-04-19,120841,redemption,6581,West Bengal,Kolkata,T30,26-35,Female,12.1,Mandate,Pending
INV000095,2024-04-19,125498,sip,8452,West Bengal,Kolkata,T30,18-25,Male,6.5,Mandate,Verified
INV004347,2024-04-19,120841,sip,22344,West Bengal,Kolkata,T30,36-45,Male,20.5,UPI,Verified
INV004647,2024-04-19,120503,lumpsum,226923,Madhya Pradesh,Indore,T30,36-45,Female,25.3,Cheque,Verified
INV001353,2024-04-19,118633,lumpsum,298663,Punjab,Amritsar,B30,26-35,Male,6.5,UPI,Verified
INV004447,2024-04-19,120843,redemption,209315,West Bengal,Kolkata,T30,36-45,Female,53.4,UPI,Verified
INV000334,2024-04-19,148567,redemption,528873,Uttar Pradesh,Lucknow,T30,56+,Male,22.6,UPI,Verified
INV001449,2024-04-19,118636,lumpsum,117307,Gujarat,Ahmedabad,T30,36-45,Male,45.2,Cheque,Pending
INV003023,2024-04-19,101208,sip,8076,Gujarat,Ahmedabad,T30,26-35,Female,13.6,Cheque,Verified
INV004968,2024-04-19,149322,sip,1756,Delhi,Noida,T30,26-35,Male,22.2,Cheque,Verified
INV003183,2024-04-19,102885,sip,8054,Punjab,Amritsar,B30,36-45,Female,54.2,Mandate,Verified
INV001595,2024-04-19,148569,sip,3595,Gujarat,Ahmedabad,T30,56+,Male,78.5,UPI,Verified
INV002241,2024-04-19,120504,sip,3436,Punjab,Amritsar,B30,36-45,Female,41.4,UPI,Verified
INV003426,2024-04-19,100016,redemption,473916,Karnataka,Bangalore,T30,46-55,Male,27.8,Cheque,Verified
INV002550,2024-04-19,120503,sip,5290,Tamil Nadu,Coimbatore,B30,26-35,Female,15.3,Cheque,Verified
INV004790,2024-04-19,100016,lumpsum,394131,Tamil Nadu,Coimbatore,B30,18-25,Male,3.4,Mandate,Verified
INV002845,2024-04-19,102887,lumpsum,205285,Gujarat,Surat,T30,26-35,Female,17.5,Mandate,Verified
INV002424,2024-04-19,148568,sip,8412,Telangana,Hyderabad,T30,56+,Female,51.2,Mandate,Verified
INV001415,2024-04-19,101208,sip,1785,Haryana,Gurugram,T30,56+,Male,33.1,Cheque,Verified
INV003556,2024-04-19,148567,sip,5176,Karnataka,Mysore,B30,18-25,Male,3.7,Net Banking,Verified
INV000929,2024-04-19,120844,redemption,331319,West Bengal,Kolkata,T30,36-45,Female,27.7,Mandate,Verified
INV004070,2024-04-19,149323,sip,3380,Maharashtra,Pune,T30,26-35,Male,13.8,UPI,Pending
INV002156,2024-04-19,119598,sip,58007,Rajasthan,Jaipur,T30,26-35,Male,18.7,Cheque,Verified
INV003070,2024-04-19,149323,sip,22295,West Bengal,Kolkata,T30,26-35,Male,23.7,UPI,Verified
INV004755,2024-04-19,119092,sip,7980,Uttar Pradesh,Agra,B30,18-25,Female,6.5,UPI,Verified
INV000955,2024-04-19,148569,sip,15457,Gujarat,Surat,T30,26-35,Male,6.7,Cheque,Verified
INV001771,2024-04-19,119552,lumpsum,523523,Gujarat,Surat,T30,46-55,Male,85.9,UPI,Verified
INV000992,2024-04-19,119092,redemption,350412,Tamil Nadu,Coimbatore,B30,46-55,Female,83.5,UPI,Verified
INV000859,2024-04-19,102885,sip,4622,Gujarat,Surat,T30,18-25,Female,7.1,Mandate,Verified
INV004064,2024-04-19,101208,lumpsum,157120,Uttar Pradesh,Lucknow,T30,26-35,Male,16.1,Mandate,Verified
INV003270,2024-04-19,120841,lumpsum,172992,Karnataka,Bangalore,T30,56+,Male,43.3,UPI,Verified
INV004519,2024-04-19,119092,sip,2789,Tamil Nadu,Coimbatore,B30,18-25,Female,6.2,Cheque,Verified
INV004404,2024-04-19,119599,sip,56238,Telangana,Hyderabad,T30,26-35,Male,22.1,Mandate,Verified
INV001161,2024-04-19,120844,lumpsum,29841,Uttar Pradesh,Kanpur,B30,26-35,Male,13.4,Cheque,Verified
INV004455,2024-04-19,120504,redemption,379254,Telangana,Hyderabad,T30,18-25,Female,3.5,UPI,Verified
INV003223,2024-04-19,125498,sip,55046,Tamil Nadu,Coimbatore,B30,26-35,Male,15.4,Cheque,Verified
INV001794,2024-04-19,102885,redemption,210852,Haryana,Gurugram,T30,26-35,Male,23.2,Cheque,Verified
INV004874,2024-04-19,101206,redemption,234369,Tamil Nadu,Coimbatore,B30,46-55,Male,35.2,Net Banking,Verified
INV000822,2024-04-19,119551,sip,2148,Punjab,Amritsar,B30,26-35,Male,9.2,Net Banking,Verified
INV004840,2024-04-19,120503,lumpsum,340055,Maharashtra,Pune,T30,18-25,Male,6.5,UPI,Verified
INV003655,2024-04-19,119552,sip,1050,Madhya Pradesh,Bhopal,B30,36-45,Female,24.9,UPI,Pending
INV003685,2024-04-19,102887,sip,11332,Gujarat,Ahmedabad,T30,26-35,Male,10.4,Cheque,Verified
INV000543,2024-04-19,101207,sip,4088,Haryana,Gurugram,T30,36-45,Male,45.4,Cheque,Verified
INV002323,2024-04-19,120507,redemption,16953,West Bengal,Kolkata,T30,36-45,Female,33.7,Mandate,Verified
INV000633,2024-04-19,120507,sip,473,Karnataka,Bangalore,T30,46-55,Male,69.2,Mandate,Pending
INV000293,2024-04-19,120506,lumpsum,349083,Karnataka,Mysore,B30,26-35,Female,19.3,Mandate,Verified
INV004773,2024-04-19,120507,sip,476,Telangana,Hyderabad,T30,36-45,Male,46.0,Mandate,Pending
INV002229,2024-04-19,119551,sip,43757,Rajasthan,Jaipur,T30,36-45,Male,24.6,Cheque,Verified
INV000159,2024-04-19,125498,sip,25907,West Bengal,Kolkata,T30,36-45,Male,12.1,Cheque,Verified
INV004199,2024-04-19,100016,lumpsum,31954,Tamil Nadu,Chennai,T30,56+,Male,76.5,Net Banking,Verified
INV004484,2024-04-19,120503,sip,10025,Punjab,Amritsar,B30,46-55,Male,61.9,Mandate,Verified
INV003767,2024-04-19,118633,sip,441,Madhya Pradesh,Bhopal,B30,36-45,Female,13.6,Cheque,Verified
INV004082,2024-04-19,100033,sip,489,Punjab,Amritsar,B30,56+,Male,26.0,Cheque,Verified
INV001709,2024-04-19,101206,sip,12659,Delhi,New Delhi,T30,36-45,Male,55.9,Net Banking,Verified
INV001229,2024-04-19,119092,sip,16322,Madhya Pradesh,Indore,T30,36-45,Male,38.5,Mandate,Verified
INV000855,2024-04-19,101208,sip,853,Maharashtra,Pune,T30,56+,Male,57.1,Cheque,Verified
INV003653,2024-04-19,118636,sip,1192,Punjab,Amritsar,B30,18-25,Female,3.8,Mandate,Verified
INV000915,2024-04-19,119092,sip,590,West Bengal,Kolkata,T30,36-45,Male,55.9,Mandate,Verified
INV003649,2024-04-19,118636,sip,9888,Haryana,Gurugram,T30,46-55,Female,79.9,UPI,Verified
INV004864,2024-04-19,119093,sip,931,Punjab,Amritsar,B30,26-35,Female,10.5,Cheque,Verified
INV004721,2024-04-19,120842,sip,8446,Delhi,New Delhi,T30,26-35,Female,18.9,Net Banking,Verified
INV001602,2024-04-20,149324,sip,1014,West Bengal,Kolkata,T30,36-45,Male,27.0,Net Banking,Pending
INV000997,2024-04-20,119095,redemption,310336,Rajasthan,Udaipur,B30,26-35,Male,17.8,Cheque,Verified
INV002732,2024-04-20,120504,sip,43803,Uttar Pradesh,Lucknow,T30,18-25,Male,4.5,UPI,Verified
INV004926,2024-04-20,101206,sip,917,Karnataka,Mysore,B30,36-45,Male,45.3,Cheque,Verified
INV001179,2024-04-20,119599,sip,6209,Madhya Pradesh,Bhopal,B30,26-35,Male,18.7,Net Banking,Pending
INV000052,2024-04-20,118633,sip,940,Tamil Nadu,Coimbatore,B30,26-35,Male,19.1,UPI,Verified
INV001318,2024-04-20,119598,sip,29713,Telangana,Hyderabad,T30,36-45,Male,59.3,Net Banking,Verified
INV004062,2024-04-20,120504,lumpsum,411145,Delhi,Noida,T30,36-45,Female,39.9,Net Banking,Verified
INV004175,2024-04-20,120843,sip,9639,Tamil Nadu,Coimbatore,B30,36-45,Female,51.8,Cheque,Verified
INV001454,2024-04-20,119599,lumpsum,404056,Tamil Nadu,Chennai,T30,26-35,Male,9.3,UPI,Verified
INV000893,2024-04-20,100016,sip,2778,Punjab,Chandigarh,T30,46-55,Male,35.3,Mandate,Verified
INV001740,2024-04-20,119092,sip,2045,Uttar Pradesh,Kanpur,B30,36-45,Female,53.9,Cheque,Verified
INV001419,2024-04-20,125497,sip,1642,Delhi,New Delhi,T30,26-35,Male,7.1,UPI,Verified
INV003320,2024-04-20,118635,sip,1821,Tamil Nadu,Coimbatore,B30,56+,Male,73.7,UPI,Verified
INV001971,2024-04-20,100016,sip,50467,Gujarat,Ahmedabad,T30,26-35,Male,21.0,UPI,Verified
INV003586,2024-04-20,120841,sip,8434,Haryana,Faridabad,B30,46-55,Male,68.9,Mandate,Verified
INV000739,2024-04-20,119599,redemption,517916,Uttar Pradesh,Agra,B30,46-55,Female,97.0,UPI,Verified
INV001630,2024-04-20,119598,lumpsum,50913,Telangana,Hyderabad,T30,36-45,Male,15.4,Cheque,Verified
INV002458,2024-04-20,119094,sip,530,West Bengal,Kolkata,T30,18-25,Male,7.1,Cheque,Verified
INV000183,2024-04-20,119095,sip,3379,Tamil Nadu,Coimbatore,B30,26-35,Male,9.8,Cheque,Verified
INV003184,2024-04-20,119092,sip,2236,Maharashtra,Pune,T30,26-35,Male,8.1,Cheque,Verified
INV003616,2024-04-20,119093,sip,2756,Rajasthan,Jaipur,T30,36-45,Female,14.0,UPI,Verified
INV004667,2024-04-20,149324,sip,1048,Maharashtra,Pune,T30,26-35,Male,16.9,UPI,Verified
INV000217,2024-04-20,120507,lumpsum,558815,Tamil Nadu,Chennai,T30,56+,Male,50.1,Cheque,Verified
INV000573,2024-04-20,101207,sip,1182,Madhya Pradesh,Bhopal,B30,56+,Female,38.5,Net Banking,Verified
INV002865,2024-04-20,100025,lumpsum,88044,Maharashtra,Pune,T30,18-25,Male,3.3,Net Banking,Verified
INV001612,2024-04-20,118635,lumpsum,117112,Haryana,Gurugram,T30,26-35,Female,12.0,Mandate,Verified
INV003301,2024-04-20,119093,sip,465,Rajasthan,Udaipur,B30,26-35,Male,14.2,Net Banking,Verified
INV002108,2024-04-20,118632,sip,9776,Gujarat,Ahmedabad,T30,46-55,Male,35.0,Net Banking,Verified
INV003952,2024-04-20,148568,sip,8606,Tamil Nadu,Chennai,T30,36-45,Male,48.8,Net Banking,Verified
INV001794,2024-04-20,101207,sip,2349,Haryana,Gurugram,T30,26-35,Male,23.2,Net Banking,Verified
INV002161,2024-04-20,120503,lumpsum,61152,Maharashtra,Nashik,B30,26-35,Male,11.4,Net Banking,Verified
INV003979,2024-04-20,119093,sip,2819,Madhya Pradesh,Indore,T30,36-45,Male,44.4,Mandate,Verified
INV000151,2024-04-20,120503,lumpsum,27128,Delhi,New Delhi,T30,18-25,Male,5.1,Mandate,Verified
INV001858,2024-04-20,101207,sip,41353,Punjab,Amritsar,B30,36-45,Male,16.6,UPI,Verified
INV001081,2024-04-20,102886,lumpsum,526143,Gujarat,Ahmedabad,T30,18-25,Male,7.6,Cheque,Verified
INV002909,2024-04-20,118636,sip,9583,Rajasthan,Udaipur,B30,36-45,Male,44.1,UPI,Verified
INV001535,2024-04-20,120842,redemption,413513,Rajasthan,Udaipur,B30,56+,Male,74.1,Mandate,Verified
INV001166,2024-04-20,119092,sip,497,Punjab,Chandigarh,T30,26-35,Male,21.4,Mandate,Verified
INV004555,2024-04-20,119599,lumpsum,132652,Uttar Pradesh,Lucknow,T30,36-45,Female,24.4,Net Banking,Verified
INV002417,2024-04-20,118635,sip,25813,Tamil Nadu,Coimbatore,B30,26-35,Male,16.8,Cheque,Verified
INV000262,2024-04-20,101207,sip,2716,Telangana,Hyderabad,T30,36-45,Male,47.6,Cheque,Verified
INV001029,2024-04-20,119095,lumpsum,212028,Uttar Pradesh,Kanpur,B30,36-45,Male,44.2,Mandate,Verified
INV003411,2024-04-20,120505,lumpsum,96640,Tamil Nadu,Chennai,T30,26-35,Male,14.2,UPI,Verified
INV001457,2024-04-20,118634,sip,15528,Gujarat,Ahmedabad,T30,26-35,Male,17.7,Mandate,Verified
INV002556,2024-04-20,119092,redemption,370869,Delhi,Noida,T30,26-35,Male,8.1,UPI,Verified
INV002804,2024-04-20,120504,sip,14269,Madhya Pradesh,Indore,T30,36-45,Male,39.9,UPI,Verified
INV001050,2024-04-20,149323,sip,3574,Telangana,Hyderabad,T30,36-45,Female,38.9,Net Banking,Verified
INV002220,2024-04-20,120844,sip,9450,Punjab,Chandigarh,T30,46-55,Male,29.9,Mandate,Verified
INV002363,2024-04-20,120842,sip,22671,Punjab,Chandigarh,T30,26-35,Male,12.7,Mandate,Verified
INV002315,2024-04-20,102886,sip,14552,Haryana,Faridabad,B30,18-25,Male,6.4,UPI,Verified
INV003901,2024-04-20,119095,redemption,441069,Delhi,Gurugram,T30,46-55,Male,45.4,Mandate,Verified
INV002037,2024-04-20,119552,sip,2951,Delhi,New Delhi,T30,56+,Male,22.0,UPI,Verified
INV004332,2024-04-20,149322,sip,2416,Haryana,Faridabad,B30,36-45,Female,52.1,Net Banking,Verified
INV001992,2024-04-20,119120,sip,517,Telangana,Hyderabad,T30,18-25,Male,3.3,Cheque,Verified
INV000267,2024-04-20,119599,redemption,398725,Telangana,Hyderabad,T30,26-35,Male,17.7,Cheque,Verified
INV002527,2024-04-20,119552,sip,1750,Telangana,Hyderabad,T30,18-25,Male,6.8,Mandate,Verified
INV003954,2024-04-20,119598,sip,45465,Rajasthan,Udaipur,B30,26-35,Male,7.1,UPI,Verified
INV000587,2024-04-20,118636,lumpsum,76784,Punjab,Chandigarh,T30,26-35,Male,15.5,UPI,Verified
INV000493,2024-04-20,119094,sip,2035,Punjab,Chandigarh,T30,18-25,Male,4.2,Cheque,Verified
INV004089,2024-04-20,148567,sip,889,Haryana,Gurugram,T30,36-45,Female,15.2,UPI,Verified
INV003846,2024-04-21,120503,sip,4745,Uttar Pradesh,Agra,B30,46-55,Female,44.2,Mandate,Verified
INV002690,2024-04-21,120503,sip,2584,Karnataka,Mysore,B30,36-45,Male,58.0,Mandate,Verified
INV004313,2024-04-21,148568,redemption,375742,Maharashtra,Nashik,B30,36-45,Male,44.3,UPI,Verified
INV004112,2024-04-21,100025,sip,2483,Madhya Pradesh,Bhopal,B30,46-55,Male,30.0,Net Banking,Verified
INV003132,2024-04-21,148569,sip,4137,Maharashtra,Pune,T30,56+,Male,60.7,UPI,Verified
INV000578,2024-04-21,118632,sip,10946,Maharashtra,Nashik,B30,26-35,Male,10.9,UPI,Verified
INV003608,2024-04-21,118632,lumpsum,247462,West Bengal,Kolkata,T30,46-55,Male,59.6,Net Banking,Verified
INV002727,2024-04-21,119551,sip,2661,Madhya Pradesh,Bhopal,B30,26-35,Female,6.3,Mandate,Verified
INV000839,2024-04-21,149322,sip,1165,Gujarat,Surat,T30,26-35,Male,9.5,UPI,Pending
INV002917,2024-04-21,148569,sip,4431,Maharashtra,Pune,T30,18-25,Male,6.4,UPI,Verified
INV002262,2024-04-21,120843,sip,7875,Rajasthan,Udaipur,B30,26-35,Male,8.2,Net Banking,Verified
INV004185,2024-04-21,149324,sip,2472,Tamil Nadu,Coimbatore,B30,46-55,Male,38.5,Mandate,Verified
INV000389,2024-04-21,119598,lumpsum,82090,Delhi,Gurugram,T30,46-55,Male,50.2,Net Banking,Verified
INV001640,2024-04-21,118635,lumpsum,115995,Rajasthan,Jaipur,T30,36-45,Female,52.6,Cheque,Verified
INV000177,2024-04-21,101207,lumpsum,537645,Rajasthan,Jaipur,T30,26-35,Male,17.6,UPI,Verified
INV000830,2024-04-21,119598,sip,8294,Tamil Nadu,Chennai,T30,36-45,Female,43.0,Mandate,Verified
INV004064,2024-04-21,148568,sip,403,Uttar Pradesh,Lucknow,T30,26-35,Male,16.1,UPI,Verified
INV002529,2024-04-21,120844,sip,5511,Maharashtra,Mumbai,T30,18-25,Female,5.3,UPI,Verified
INV003612,2024-04-21,119598,sip,11676,Gujarat,Surat,T30,56+,Male,71.8,Cheque,Verified
INV002980,2024-04-21,120504,sip,16628,Maharashtra,Pune,T30,26-35,Male,22.4,UPI,Verified
INV002865,2024-04-21,148568,sip,10018,Maharashtra,Pune,T30,18-25,Male,3.3,Cheque,Verified
INV004980,2024-04-21,120842,lumpsum,146578,Punjab,Amritsar,B30,36-45,Female,36.6,Cheque,Verified
INV001955,2024-04-21,149323,sip,22771,Madhya Pradesh,Bhopal,B30,26-35,Female,16.4,Net Banking,Verified
INV000211,2024-04-21,119093,lumpsum,226935,Punjab,Chandigarh,T30,26-35,Male,17.0,Mandate,Verified
INV003733,2024-04-21,120843,redemption,278972,Telangana,Hyderabad,T30,26-35,Male,12.6,Cheque,Verified
INV001619,2024-04-21,118633,sip,2980,Uttar Pradesh,Lucknow,T30,36-45,Male,20.7,UPI,Verified
INV004357,2024-04-21,149322,redemption,200156,Delhi,Gurugram,T30,46-55,Female,55.6,UPI,Verified
INV001663,2024-04-21,125498,redemption,63753,Gujarat,Surat,T30,36-45,Female,29.2,Mandate,Verified
INV003810,2024-04-21,118635,redemption,132125,Maharashtra,Nashik,B30,26-35,Male,24.7,Net Banking,Verified
INV002155,2024-04-21,102886,sip,2825,Telangana,Hyderabad,T30,56+,Male,26.2,Net Banking,Verified
INV002992,2024-04-21,149322,redemption,159478,Tamil Nadu,Chennai,T30,26-35,Male,14.6,Cheque,Verified
INV004959,2024-04-21,119552,sip,7529,Delhi,New Delhi,T30,18-25,Female,5.8,Mandate,Verified
INV004271,2024-04-21,120844,sip,829,Maharashtra,Mumbai,T30,18-25,Male,3.2,Mandate,Pending
INV002975,2024-04-21,148569,lumpsum,174411,Rajasthan,Udaipur,B30,26-35,Male,15.1,Net Banking,Verified
INV002005,2024-04-21,148567,lumpsum,458201,Maharashtra,Pune,T30,18-25,Male,7.1,Mandate,Verified
INV003189,2024-04-21,119095,sip,454,Tamil Nadu,Chennai,T30,36-45,Female,44.6,Net Banking,Verified
INV000048,2024-04-21,118634,sip,2136,Rajasthan,Jaipur,T30,36-45,Female,15.0,Net Banking,Verified
INV003095,2024-04-21,102885,sip,20986,Madhya Pradesh,Bhopal,B30,18-25,Male,5.1,Mandate,Verified
INV004121,2024-04-21,120504,sip,25556,West Bengal,Kolkata,T30,26-35,Female,22.3,UPI,Verified
INV003533,2024-04-21,119551,lumpsum,492877,Telangana,Hyderabad,T30,56+,Female,11.4,Cheque,Verified
INV001181,2024-04-21,100016,sip,550,West Bengal,Kolkata,T30,26-35,Male,21.0,UPI,Verified
INV003899,2024-04-21,102885,sip,5922,Haryana,Gurugram,T30,36-45,Female,21.3,Cheque,Verified
INV002110,2024-04-21,101208,sip,2696,Haryana,Faridabad,B30,26-35,Female,20.8,Cheque,Verified
INV002712,2024-04-21,100025,redemption,286211,Karnataka,Bangalore,T30,46-55,Male,24.8,Mandate,Pending
INV002196,2024-04-21,120841,sip,12392,Delhi,Gurugram,T30,26-35,Female,23.6,Mandate,Verified
INV004139,2024-04-21,102885,redemption,58604,West Bengal,Kolkata,T30,56+,Female,61.1,Mandate,Verified
INV001732,2024-04-21,120506,sip,5351,Gujarat,Surat,T30,18-25,Female,5.7,Mandate,Verified
INV004291,2024-04-21,100033,sip,17353,Telangana,Hyderabad,T30,56+,Female,30.4,Net Banking,Verified
INV000569,2024-04-21,118636,lumpsum,414738,Madhya Pradesh,Indore,T30,26-35,Male,8.0,Cheque,Verified
INV002509,2024-04-21,118634,sip,12310,Maharashtra,Mumbai,T30,36-45,Female,19.9,UPI,Verified
INV001264,2024-04-21,118635,sip,8934,Madhya Pradesh,Indore,T30,26-35,Female,12.0,Net Banking,Verified
INV004812,2024-04-21,120506,redemption,386148,Punjab,Amritsar,B30,18-25,Male,4.4,UPI,Verified
INV001237,2024-04-21,120507,lumpsum,193299,West Bengal,Kolkata,T30,26-35,Male,19.1,Net Banking,Pending
INV000789,2024-04-21,120844,sip,15501,Gujarat,Surat,T30,56+,Male,47.7,Mandate,Verified
INV003552,2024-04-21,119094,sip,26515,Gujarat,Surat,T30,26-35,Male,17.0,Net Banking,Verified
INV002364,2024-04-21,118636,lumpsum,210182,Rajasthan,Jaipur,T30,46-55,Male,51.3,Mandate,Verified
INV004026,2024-04-22,119551,sip,4916,Haryana,Faridabad,B30,26-35,Female,8.3,Net Banking,Verified
INV003271,2024-04-22,120507,sip,521,West Bengal,Kolkata,T30,18-25,Male,4.8,Net Banking,Verified
INV004753,2024-04-22,149324,lumpsum,93651,Karnataka,Mysore,B30,36-45,Female,18.4,UPI,Verified
INV000497,2024-04-22,101207,sip,4161,Madhya Pradesh,Bhopal,B30,36-45,Male,45.7,UPI,Verified
INV004643,2024-04-22,118636,sip,6930,Delhi,Noida,T30,26-35,Female,12.4,Mandate,Verified
INV003943,2024-04-22,120843,sip,407,Telangana,Hyderabad,T30,46-55,Male,46.2,Mandate,Verified
INV002114,2024-04-22,120503,lumpsum,243723,Rajasthan,Udaipur,B30,18-25,Female,5.5,UPI,Pending
INV004211,2024-04-22,119599,sip,16712,Tamil Nadu,Chennai,T30,56+,Male,40.3,Cheque,Verified
INV000459,2024-04-22,148569,sip,41598,West Bengal,Kolkata,T30,26-35,Female,21.5,Net Banking,Verified
INV000172,2024-04-22,119551,lumpsum,193689,Delhi,Noida,T30,36-45,Male,53.2,UPI,Verified
INV002206,2024-04-22,120504,sip,2060,Tamil Nadu,Chennai,T30,18-25,Male,7.7,UPI,Verified
INV000475,2024-04-22,119094,sip,17572,West Bengal,Kolkata,T30,56+,Female,49.7,Net Banking,Verified
INV003326,2024-04-22,119120,redemption,56414,Karnataka,Bangalore,T30,36-45,Male,40.9,Net Banking,Verified
INV004513,2024-04-22,120506,lumpsum,378133,Karnataka,Mysore,B30,36-45,Female,16.9,Net Banking,Verified
INV004850,2024-04-22,119095,redemption,94656,Madhya Pradesh,Bhopal,B30,56+,Male,34.8,Cheque,Verified
INV003518,2024-04-22,101207,sip,1145,Madhya Pradesh,Bhopal,B30,26-35,Male,6.7,Cheque,Verified
INV004475,2024-04-22,119093,lumpsum,348699,Punjab,Amritsar,B30,26-35,Male,18.2,Net Banking,Verified
INV003353,2024-04-22,102887,sip,989,Rajasthan,Udaipur,B30,26-35,Female,13.3,Cheque,Verified
INV001759,2024-04-22,102887,sip,407,Haryana,Faridabad,B30,36-45,Female,25.6,UPI,Verified
INV003709,2024-04-22,100016,sip,24123,Uttar Pradesh,Agra,B30,46-55,Female,21.0,Cheque,Verified
INV004326,2024-04-22,120843,sip,2855,Delhi,Gurugram,T30,26-35,Male,7.5,UPI,Pending
INV001938,2024-04-22,118633,sip,1006,Karnataka,Mysore,B30,26-35,Male,17.4,Cheque,Verified
INV003108,2024-04-22,100025,sip,2702,Gujarat,Ahmedabad,T30,26-35,Female,15.5,Net Banking,Verified
INV002170,2024-04-22,120843,lumpsum,408951,Delhi,New Delhi,T30,26-35,Female,14.7,Mandate,Verified
INV003448,2024-04-22,100016,sip,4762,Rajasthan,Udaipur,B30,26-35,Male,16.4,UPI,Verified
INV003780,2024-04-22,125497,lumpsum,262268,Haryana,Faridabad,B30,26-35,Male,10.1,Cheque,Verified
INV003735,2024-04-22,149323,sip,1194,Gujarat,Ahmedabad,T30,36-45,Female,13.9,Cheque,Verified
INV003946,2024-04-22,148567,sip,9078,Karnataka,Mysore,B30,26-35,Female,9.2,Mandate,Verified
INV003553,2024-04-22,102887,lumpsum,212549,Punjab,Amritsar,B30,36-45,Male,33.0,Mandate,Verified
INV003139,2024-04-22,119095,sip,7279,Karnataka,Mysore,B30,36-45,Male,39.4,UPI,Verified
INV004353,2024-04-22,120504,sip,513,Uttar Pradesh,Agra,B30,56+,Male,31.2,Cheque,Verified
INV004727,2024-04-22,119599,sip,11367,Madhya Pradesh,Indore,T30,36-45,Male,58.8,Mandate,Verified
INV003074,2024-04-22,120843,sip,2012,Haryana,Faridabad,B30,26-35,Male,8.3,Cheque,Verified
INV003597,2024-04-22,120503,lumpsum,319082,Punjab,Chandigarh,T30,18-25,Male,5.6,Mandate,Pending
INV003652,2024-04-22,125498,sip,16924,Punjab,Chandigarh,T30,26-35,Female,16.9,Cheque,Verified
INV001777,2024-04-22,120507,sip,13157,West Bengal,Kolkata,T30,18-25,Female,7.6,Net Banking,Verified
INV001911,2024-04-22,119598,sip,52789,Gujarat,Surat,T30,46-55,Male,91.9,Mandate,Verified
INV002873,2024-04-22,101207,lumpsum,336526,Haryana,Gurugram,T30,18-25,Male,5.9,Cheque,Verified
INV003273,2024-04-22,102885,sip,5468,Haryana,Faridabad,B30,36-45,Male,18.3,Mandate,Verified
INV004412,2024-04-22,118632,sip,1911,Punjab,Amritsar,B30,26-35,Female,21.6,Net Banking,Pending
INV003841,2024-04-22,149322,lumpsum,427426,Karnataka,Mysore,B30,26-35,Male,15.7,Net Banking,Verified
INV000806,2024-04-22,119551,lumpsum,33250,Maharashtra,Pune,T30,46-55,Male,90.4,Net Banking,Verified
INV004264,2024-04-22,120843,sip,2560,Gujarat,Ahmedabad,T30,36-45,Female,45.2,UPI,Verified
INV002187,2024-04-22,148567,redemption,212727,Tamil Nadu,Chennai,T30,36-45,Male,15.0,Mandate,Verified
INV004927,2024-04-22,119120,sip,51238,Maharashtra,Nashik,B30,26-35,Male,19.5,Cheque,Pending
INV003458,2024-04-22,119552,sip,464,Gujarat,Surat,T30,36-45,Male,21.3,UPI,Verified
INV003352,2024-04-22,119551,sip,3246,Maharashtra,Mumbai,T30,36-45,Male,59.3,Cheque,Verified
INV004874,2024-04-22,125497,lumpsum,377023,Tamil Nadu,Coimbatore,B30,46-55,Male,35.2,Mandate,Verified
INV004423,2024-04-22,100033,sip,2560,Haryana,Faridabad,B30,18-25,Female,7.0,Mandate,Verified
INV001842,2024-04-22,118632,lumpsum,176274,Gujarat,Surat,T30,26-35,Male,14.4,UPI,Verified
INV004270,2024-04-22,100016,lumpsum,337802,Rajasthan,Udaipur,B30,18-25,Male,5.7,Cheque,Verified
INV000340,2024-04-22,118634,lumpsum,331117,Delhi,Gurugram,T30,26-35,Female,21.4,UPI,Verified
INV003221,2024-04-22,119598,sip,58891,Karnataka,Mysore,B30,26-35,Male,15.8,Cheque,Pending
INV002966,2024-04-22,118636,sip,2026,Gujarat,Ahmedabad,T30,26-35,Female,18.4,UPI,Verified
INV000553,2024-04-22,118636,sip,2943,Rajasthan,Jaipur,T30,36-45,Male,50.4,UPI,Verified
INV003660,2024-04-22,149322,sip,26481,Delhi,Noida,T30,26-35,Male,6.8,UPI,Verified
INV003504,2024-04-22,119551,sip,5664,Telangana,Hyderabad,T30,26-35,Female,13.0,Mandate,Verified
INV004486,2024-04-22,120505,redemption,220841,Uttar Pradesh,Agra,B30,26-35,Male,14.4,Mandate,Verified
INV004799,2024-04-22,125497,sip,7392,Madhya Pradesh,Indore,T30,26-35,Male,9.5,UPI,Verified
INV001213,2024-04-22,120505,sip,27858,Punjab,Amritsar,B30,36-45,Male,57.7,Cheque,Verified
INV003748,2024-04-22,148569,sip,2760,Madhya Pradesh,Indore,T30,46-55,Male,66.4,Net Banking,Verified
INV001850,2024-04-23,119094,redemption,338434,Uttar Pradesh,Kanpur,B30,26-35,Male,17.1,Net Banking,Verified
INV001077,2024-04-23,125497,lumpsum,188684,Uttar Pradesh,Lucknow,T30,26-35,Male,6.4,Net Banking,Verified
INV002000,2024-04-23,120504,sip,43499,Rajasthan,Jaipur,T30,36-45,Female,57.6,UPI,Verified
INV000570,2024-04-23,120844,sip,11196,Madhya Pradesh,Bhopal,B30,26-35,Male,16.2,Net Banking,Verified
INV002391,2024-04-23,120843,lumpsum,82403,Madhya Pradesh,Bhopal,B30,18-25,Female,7.9,Net Banking,Verified
INV002866,2024-04-23,120503,lumpsum,391099,Telangana,Hyderabad,T30,46-55,Male,95.2,UPI,Verified
INV001401,2024-04-23,101207,sip,14734,Tamil Nadu,Coimbatore,B30,26-35,Male,15.6,Cheque,Verified
INV000462,2024-04-23,100016,sip,49986,Haryana,Gurugram,T30,56+,Female,42.3,Cheque,Verified
INV000230,2024-04-23,118634,sip,11694,Haryana,Faridabad,B30,18-25,Male,3.3,Cheque,Verified
INV000690,2024-04-23,102886,sip,4149,Delhi,Gurugram,T30,46-55,Male,98.7,UPI,Pending
INV004638,2024-04-23,148567,sip,8140,Delhi,New Delhi,T30,26-35,Male,6.3,Net Banking,Verified
INV004633,2024-04-23,102887,sip,3089,Telangana,Hyderabad,T30,18-25,Female,4.9,Net Banking,Verified
INV000399,2024-04-23,119094,sip,510,Karnataka,Bangalore,T30,26-35,Male,14.3,Cheque,Pending
INV003958,2024-04-23,119598,sip,11057,Haryana,Faridabad,B30,18-25,Male,6.6,Cheque,Verified
INV000698,2024-04-23,149324,redemption,102668,Madhya Pradesh,Bhopal,B30,18-25,Male,7.1,Mandate,Verified
INV001534,2024-04-23,120842,sip,14167,Tamil Nadu,Coimbatore,B30,36-45,Male,26.5,UPI,Verified
INV003967,2024-04-23,119598,sip,2253,Tamil Nadu,Coimbatore,B30,46-55,Male,79.9,Cheque,Verified
INV002017,2024-04-23,100025,sip,17916,Karnataka,Mysore,B30,26-35,Female,15.0,Net Banking,Verified
INV004563,2024-04-23,119094,sip,1125,Gujarat,Surat,T30,46-55,Female,32.2,Mandate,Verified
INV000864,2024-04-23,119551,sip,5389,Tamil Nadu,Chennai,T30,26-35,Female,24.9,Net Banking,Verified
INV000465,2024-04-23,119551,sip,1753,Maharashtra,Nashik,B30,26-35,Male,20.8,UPI,Verified
INV003825,2024-04-23,118636,redemption,162446,Telangana,Hyderabad,T30,56+,Male,69.6,Cheque,Verified
INV000196,2024-04-23,149324,sip,7855,Tamil Nadu,Chennai,T30,26-35,Male,17.9,Cheque,Pending
INV003648,2024-04-23,119093,sip,21596,Haryana,Faridabad,B30,46-55,Male,74.1,Cheque,Verified
INV003462,2024-04-23,119551,redemption,386847,Rajasthan,Jaipur,T30,26-35,Female,24.3,UPI,Verified
INV003111,2024-04-23,119120,sip,24277,Delhi,Gurugram,T30,18-25,Female,5.9,UPI,Verified
INV003418,2024-04-23,100025,redemption,355725,Delhi,Gurugram,T30,36-45,Male,22.3,UPI,Verified
INV000380,2024-04-23,148569,sip,12758,Haryana,Gurugram,T30,56+,Male,24.2,UPI,Verified
INV002859,2024-04-23,101206,sip,55834,Madhya Pradesh,Indore,T30,26-35,Male,20.1,Cheque,Verified
INV000498,2024-04-23,119095,sip,2000,Telangana,Hyderabad,T30,26-35,Female,22.1,UPI,Verified
INV001534,2024-04-23,119599,sip,8418,Tamil Nadu,Coimbatore,B30,36-45,Male,26.5,UPI,Verified
INV002487,2024-04-23,125497,sip,9008,Punjab,Chandigarh,T30,26-35,Male,19.5,Net Banking,Verified
INV004526,2024-04-23,148568,sip,2314,West Bengal,Kolkata,T30,36-45,Male,19.9,Net Banking,Verified
INV001797,2024-04-23,149323,sip,1197,Punjab,Amritsar,B30,26-35,Female,6.8,Net Banking,Verified
INV000145,2024-04-23,125497,sip,42744,Delhi,New Delhi,T30,26-35,Male,9.3,Mandate,Pending
INV003645,2024-04-23,125497,sip,821,Punjab,Amritsar,B30,26-35,Male,13.4,Net Banking,Verified
INV001178,2024-04-23,148568,lumpsum,78201,West Bengal,Kolkata,T30,26-35,Female,10.3,Cheque,Verified
INV004592,2024-04-23,148568,sip,869,Maharashtra,Pune,T30,36-45,Male,56.6,Net Banking,Verified
INV003227,2024-04-23,119120,sip,25941,Maharashtra,Mumbai,T30,36-45,Male,41.8,Net Banking,Verified
INV000104,2024-04-23,119598,lumpsum,33090,Madhya Pradesh,Indore,T30,26-35,Male,8.1,Cheque,Verified
INV003402,2024-04-23,148568,sip,55510,Telangana,Hyderabad,T30,26-35,Male,20.5,UPI,Verified
INV001209,2024-04-23,119092,sip,6384,West Bengal,Kolkata,T30,46-55,Female,45.8,Net Banking,Pending
INV004929,2024-04-23,101207,lumpsum,460934,Telangana,Hyderabad,T30,36-45,Female,56.8,Cheque,Verified
INV004027,2024-04-23,149324,sip,494,Punjab,Amritsar,B30,26-35,Male,8.7,Cheque,Verified
INV002067,2024-04-23,120504,redemption,211040,Gujarat,Ahmedabad,T30,36-45,Female,46.2,Cheque,Verified
INV002905,2024-04-23,119599,sip,1867,Tamil Nadu,Chennai,T30,36-45,Female,32.4,Mandate,Verified
INV001062,2024-04-23,118632,sip,3075,Karnataka,Bangalore,T30,26-35,Male,21.1,Mandate,Verified
INV002939,2024-04-23,125498,sip,7388,Rajasthan,Udaipur,B30,18-25,Male,3.1,Net Banking,Verified
INV004260,2024-04-23,118635,redemption,75073,Tamil Nadu,Coimbatore,B30,26-35,Male,18.8,Net Banking,Verified
INV004719,2024-04-23,149323,lumpsum,461486,Haryana,Gurugram,T30,46-55,Male,86.8,Cheque,Verified
INV001922,2024-04-23,101206,sip,2582,West Bengal,Kolkata,T30,18-25,Male,5.5,Mandate,Verified
INV004978,2024-04-23,119092,sip,12966,Uttar Pradesh,Lucknow,T30,46-55,Male,34.3,Mandate,Verified
INV001944,2024-04-23,120841,lumpsum,272539,Telangana,Hyderabad,T30,18-25,Male,4.4,Cheque,Verified
INV003291,2024-04-23,120507,redemption,100560,Gujarat,Surat,T30,36-45,Male,47.1,UPI,Verified
INV003005,2024-04-23,100033,redemption,251089,Punjab,Amritsar,B30,26-35,Male,24.5,Mandate,Verified
INV001375,2024-04-23,102886,redemption,8087,Haryana,Gurugram,T30,18-25,Male,6.3,UPI,Verified
INV004391,2024-04-23,125498,sip,1026,Maharashtra,Mumbai,T30,26-35,Female,23.3,UPI,Verified
INV004014,2024-04-23,120843,sip,928,Telangana,Hyderabad,T30,56+,Female,27.2,Cheque,Verified
INV003317,2024-04-23,120842,sip,2349,Delhi,New Delhi,T30,18-25,Male,6.6,Net Banking,Verified
INV000912,2024-04-24,119094,sip,497,Haryana,Faridabad,B30,36-45,Male,26.7,Mandate,Verified
INV004591,2024-04-24,118634,redemption,103655,Tamil Nadu,Chennai,T30,26-35,Male,7.8,Mandate,Verified
INV002372,2024-04-24,119092,sip,9848,Maharashtra,Pune,T30,36-45,Female,28.6,Net Banking,Verified
INV003373,2024-04-24,102886,sip,10240,Gujarat,Surat,T30,56+,Male,62.9,UPI,Verified
INV002682,2024-04-24,120506,lumpsum,282718,Karnataka,Mysore,B30,26-35,Male,17.9,Cheque,Verified
INV001818,2024-04-24,125497,sip,1629,Telangana,Hyderabad,T30,46-55,Male,66.2,Mandate,Verified
INV000699,2024-04-24,120844,sip,2453,Rajasthan,Jaipur,T30,18-25,Male,7.7,Net Banking,Verified
INV003432,2024-04-24,102887,sip,26215,Uttar Pradesh,Agra,B30,56+,Female,11.2,Mandate,Verified
INV002036,2024-04-24,120505,redemption,142176,Madhya Pradesh,Indore,T30,26-35,Male,23.2,UPI,Verified
INV004858,2024-04-24,118633,sip,25617,Uttar Pradesh,Kanpur,B30,36-45,Male,56.4,Net Banking,Verified
INV002465,2024-04-24,119092,redemption,286802,Rajasthan,Jaipur,T30,26-35,Female,7.0,Net Banking,Pending
INV000369,2024-04-24,102886,redemption,336003,Delhi,Gurugram,T30,26-35,Male,20.7,UPI,Verified
INV000675,2024-04-24,149323,redemption,118470,Uttar Pradesh,Kanpur,B30,36-45,Male,27.9,UPI,Verified
INV004844,2024-04-24,148567,sip,889,Maharashtra,Pune,T30,26-35,Male,15.7,Mandate,Verified
INV000954,2024-04-24,100016,lumpsum,398421,Haryana,Faridabad,B30,26-35,Female,8.3,Cheque,Verified
INV003426,2024-04-24,102886,redemption,33575,Karnataka,Bangalore,T30,46-55,Male,27.8,Mandate,Verified
INV004957,2024-04-24,120507,sip,29276,Delhi,New Delhi,T30,36-45,Male,51.2,UPI,Verified
INV001024,2024-04-24,120505,sip,1111,Uttar Pradesh,Agra,B30,18-25,Female,6.7,Net Banking,Verified
INV001351,2024-04-24,102885,sip,6533,Uttar Pradesh,Kanpur,B30,26-35,Male,8.5,Mandate,Pending
INV004164,2024-04-24,120842,sip,8985,Rajasthan,Udaipur,B30,18-25,Female,4.7,Mandate,Pending
INV000099,2024-04-24,149324,sip,2417,Haryana,Gurugram,T30,36-45,Male,43.5,Net Banking,Verified
INV004043,2024-04-24,118632,lumpsum,384906,Punjab,Amritsar,B30,36-45,Female,39.5,Net Banking,Verified
INV003643,2024-04-24,101206,sip,931,Telangana,Hyderabad,T30,36-45,Male,48.4,Mandate,Verified
INV003649,2024-04-24,120506,sip,8840,Haryana,Gurugram,T30,46-55,Female,79.9,Net Banking,Verified
INV001397,2024-04-24,118636,redemption,70861,Delhi,New Delhi,T30,26-35,Male,20.8,Mandate,Verified
INV000225,2024-04-24,118633,lumpsum,340329,Delhi,New Delhi,T30,56+,Male,44.0,Net Banking,Verified
INV004579,2024-04-24,149322,sip,2465,Rajasthan,Jaipur,T30,26-35,Male,18.7,Net Banking,Verified
INV000639,2024-04-24,120841,redemption,186256,Tamil Nadu,Coimbatore,B30,18-25,Female,3.6,Net Banking,Verified
INV004662,2024-04-24,148567,sip,3403,Gujarat,Surat,T30,56+,Male,78.9,Net Banking,Verified
INV000939,2024-04-24,120504,sip,536,Karnataka,Bangalore,T30,26-35,Male,19.6,Mandate,Verified
INV004767,2024-04-24,120844,lumpsum,453722,Uttar Pradesh,Kanpur,B30,26-35,Female,12.7,Net Banking,Verified
INV003855,2024-04-24,120503,lumpsum,260438,Haryana,Faridabad,B30,56+,Male,58.1,UPI,Verified
INV002292,2024-04-24,100016,redemption,152628,Rajasthan,Udaipur,B30,36-45,Male,54.1,UPI,Verified
INV002572,2024-04-24,100033,sip,50461,Rajasthan,Jaipur,T30,56+,Male,19.5,Cheque,Verified
INV001023,2024-04-24,119094,sip,4916,Gujarat,Ahmedabad,T30,36-45,Male,27.1,UPI,Verified
INV003324,2024-04-24,100016,redemption,150408,Karnataka,Mysore,B30,26-35,Male,20.7,Net Banking,Pending
INV002244,2024-04-24,120844,redemption,85301,Maharashtra,Mumbai,T30,36-45,Male,49.4,UPI,Verified
INV000662,2024-04-24,119120,sip,4952,Gujarat,Surat,T30,36-45,Female,20.1,UPI,Verified
INV001946,2024-04-24,125498,sip,11998,Delhi,Noida,T30,26-35,Male,13.2,Cheque,Verified
INV004691,2024-04-24,118632,lumpsum,71462,Delhi,Noida,T30,26-35,Male,14.5,Cheque,Verified
INV001658,2024-04-24,118633,redemption,124396,Rajasthan,Jaipur,T30,36-45,Female,48.4,Net Banking,Verified
INV002996,2024-04-24,120506,sip,49595,Madhya Pradesh,Bhopal,B30,26-35,Male,20.7,Cheque,Verified
INV002946,2024-04-24,118634,sip,1810,Haryana,Gurugram,T30,26-35,Male,22.8,Mandate,Verified
INV004362,2024-04-24,120503,lumpsum,329186,West Bengal,Kolkata,T30,26-35,Female,12.1,Net Banking,Verified
INV004774,2024-04-24,120507,lumpsum,244476,Tamil Nadu,Coimbatore,B30,36-45,Male,21.8,Net Banking,Verified
INV002503,2024-04-24,101206,sip,1713,Gujarat,Ahmedabad,T30,26-35,Male,11.5,UPI,Verified
INV002668,2024-04-24,149324,redemption,321274,Delhi,Gurugram,T30,26-35,Male,9.8,Net Banking,Verified
INV002080,2024-04-24,120844,sip,561,Tamil Nadu,Coimbatore,B30,26-35,Male,21.3,Cheque,Verified
INV000984,2024-04-24,119094,sip,582,Telangana,Hyderabad,T30,26-35,Male,20.9,Net Banking,Verified
INV003717,2024-04-24,125497,redemption,398370,Tamil Nadu,Coimbatore,B30,26-35,Female,20.8,Net Banking,Verified
INV004545,2024-04-24,120506,sip,56801,Madhya Pradesh,Indore,T30,26-35,Male,12.8,Net Banking,Verified
INV003571,2024-04-24,100016,sip,2171,Haryana,Faridabad,B30,36-45,Male,53.1,UPI,Verified
INV001828,2024-04-24,101208,sip,2688,Gujarat,Surat,T30,36-45,Male,27.7,UPI,Verified
INV003496,2024-04-24,120506,sip,14305,Telangana,Hyderabad,T30,26-35,Male,14.9,UPI,Verified
INV000378,2024-04-24,102887,lumpsum,494328,Madhya Pradesh,Bhopal,B30,26-35,Male,8.7,Cheque,Verified
INV004082,2024-04-24,125497,sip,11786,Punjab,Amritsar,B30,56+,Male,26.0,Cheque,Verified
INV002638,2024-04-24,120841,redemption,51032,Delhi,New Delhi,T30,18-25,Male,4.2,Mandate,Verified
INV001118,2024-04-24,148567,redemption,400718,Haryana,Gurugram,T30,18-25,Male,6.7,Mandate,Verified
INV001047,2024-04-24,118635,sip,7463,Tamil Nadu,Chennai,T30,56+,Female,78.8,Cheque,Verified
INV000766,2024-04-24,120506,sip,1699,Uttar Pradesh,Agra,B30,46-55,Male,88.1,Cheque,Verified
INV002093,2024-04-24,119599,sip,8528,Punjab,Chandigarh,T30,26-35,Male,14.7,Mandate,Verified
INV004745,2024-04-24,119092,redemption,337996,West Bengal,Kolkata,T30,18-25,Male,5.2,Cheque,Verified
INV002892,2024-04-24,120506,lumpsum,264291,West Bengal,Kolkata,T30,18-25,Male,4.4,Mandate,Verified
INV001175,2024-04-24,118634,sip,1123,Punjab,Chandigarh,T30,36-45,Male,33.5,UPI,Verified
INV001113,2024-04-25,119598,lumpsum,52460,Rajasthan,Jaipur,T30,26-35,Female,11.7,Cheque,Verified
INV000320,2024-04-25,119120,sip,885,Uttar Pradesh,Kanpur,B30,26-35,Male,19.7,Net Banking,Verified
INV004484,2024-04-25,120843,sip,5051,Punjab,Amritsar,B30,46-55,Male,61.9,Cheque,Verified
INV001915,2024-04-25,102885,sip,3543,West Bengal,Kolkata,T30,26-35,Female,19.8,UPI,Verified
INV001209,2024-04-25,119092,sip,2902,West Bengal,Kolkata,T30,46-55,Female,45.8,Net Banking,Verified
INV000040,2024-04-25,148569,lumpsum,405799,Karnataka,Mysore,B30,26-35,Male,14.7,UPI,Verified
INV001804,2024-04-25,102887,lumpsum,396137,Punjab,Amritsar,B30,26-35,Male,20.1,Net Banking,Verified
INV004436,2024-04-25,120504,sip,3482,Delhi,New Delhi,T30,56+,Male,30.3,UPI,Pending
INV003215,2024-04-25,100033,lumpsum,442515,Gujarat,Surat,T30,26-35,Female,20.9,Mandate,Verified
INV000922,2024-04-25,120505,sip,2392,Karnataka,Mysore,B30,26-35,Male,22.4,Mandate,Verified
INV004819,2024-04-25,120503,sip,1647,Telangana,Hyderabad,T30,26-35,Female,14.8,Cheque,Verified
INV002947,2024-04-25,118635,sip,2524,Maharashtra,Nashik,B30,46-55,Male,73.3,Net Banking,Verified
INV001449,2024-04-25,120841,sip,1060,Gujarat,Ahmedabad,T30,36-45,Male,45.2,Mandate,Verified
INV004009,2024-04-25,149323,sip,42306,Gujarat,Ahmedabad,T30,18-25,Male,5.6,Mandate,Verified
INV001983,2024-04-25,100025,sip,50875,West Bengal,Kolkata,T30,36-45,Male,30.6,Net Banking,Verified
INV001270,2024-04-25,149324,redemption,326364,Madhya Pradesh,Indore,T30,26-35,Female,23.3,Net Banking,Verified
INV002903,2024-04-25,119552,sip,2222,Madhya Pradesh,Indore,T30,36-45,Male,45.0,Mandate,Verified
INV003004,2024-04-25,149323,lumpsum,418579,Tamil Nadu,Chennai,T30,46-55,Female,34.6,Net Banking,Verified
INV002190,2024-04-25,148568,sip,2977,Uttar Pradesh,Kanpur,B30,36-45,Female,58.7,Mandate,Verified
INV002373,2024-04-25,120504,sip,42420,Maharashtra,Pune,T30,36-45,Male,56.3,Net Banking,Pending
INV001399,2024-04-25,101207,sip,11312,Delhi,New Delhi,T30,26-35,Female,16.4,Mandate,Verified
INV003656,2024-04-25,119551,sip,3369,Rajasthan,Udaipur,B30,36-45,Female,58.5,UPI,Verified
INV000207,2024-04-25,120843,sip,2515,Madhya Pradesh,Indore,T30,26-35,Female,18.0,Mandate,Verified
INV000421,2024-04-25,100016,sip,12013,Tamil Nadu,Chennai,T30,36-45,Male,31.9,Cheque,Verified
INV001514,2024-04-25,102886,redemption,514973,Delhi,Gurugram,T30,46-55,Male,75.8,Mandate,Verified
INV002272,2024-04-25,100025,redemption,284288,Maharashtra,Pune,T30,18-25,Male,5.3,Net Banking,Verified
INV003379,2024-04-25,102886,lumpsum,457750,Uttar Pradesh,Lucknow,T30,36-45,Male,43.2,Net Banking,Pending
INV000305,2024-04-25,102886,lumpsum,51578,Rajasthan,Udaipur,B30,36-45,Male,21.4,Cheque,Verified
INV001664,2024-04-25,148569,sip,2622,Karnataka,Mysore,B30,36-45,Female,30.3,UPI,Verified
INV001735,2024-04-25,100016,sip,15573,Maharashtra,Pune,T30,56+,Male,41.9,Cheque,Verified
INV004922,2024-04-25,149322,redemption,276886,Haryana,Gurugram,T30,56+,Male,28.2,Net Banking,Verified
INV001608,2024-04-25,118636,lumpsum,273987,Delhi,Gurugram,T30,26-35,Male,13.1,Mandate,Verified
INV002920,2024-04-25,119552,sip,44250,Punjab,Chandigarh,T30,36-45,Male,19.5,Mandate,Verified
INV000328,2024-04-25,118632,sip,860,Madhya Pradesh,Bhopal,B30,26-35,Male,19.6,Cheque,Verified
INV003300,2024-04-25,101208,sip,2396,Uttar Pradesh,Agra,B30,36-45,Male,13.3,Cheque,Verified
INV001062,2024-04-25,125497,sip,4440,Karnataka,Bangalore,T30,26-35,Male,21.1,UPI,Verified
INV003795,2024-04-25,100033,lumpsum,145667,West Bengal,Kolkata,T30,18-25,Male,7.6,Mandate,Verified
INV004785,2024-04-25,120504,sip,20479,Punjab,Amritsar,B30,26-35,Female,14.5,UPI,Verified
INV004385,2024-04-25,120844,sip,53072,Gujarat,Ahmedabad,T30,26-35,Male,8.2,Net Banking,Verified
INV004172,2024-04-25,119094,sip,5283,Madhya Pradesh,Indore,T30,26-35,Male,18.5,Net Banking,Verified
INV000030,2024-04-25,120843,sip,2937,Delhi,Noida,T30,18-25,Female,5.1,UPI,Verified
INV003849,2024-04-25,119551,redemption,331515,Karnataka,Mysore,B30,26-35,Male,7.6,UPI,Verified
INV003526,2024-04-25,118633,lumpsum,345905,Maharashtra,Nashik,B30,36-45,Male,24.2,Mandate,Verified
INV004641,2024-04-25,118636,sip,2373,Haryana,Faridabad,B30,56+,Male,42.4,Mandate,Verified
INV003565,2024-04-25,101207,lumpsum,406410,Gujarat,Surat,T30,26-35,Male,12.0,UPI,Verified
INV002437,2024-04-25,118636,sip,54956,Haryana,Faridabad,B30,26-35,Male,24.8,Net Banking,Verified
INV004927,2024-04-25,100016,sip,2185,Maharashtra,Nashik,B30,26-35,Male,19.5,Net Banking,Verified
INV003940,2024-04-25,148567,redemption,44868,West Bengal,Kolkata,T30,36-45,Male,21.6,Net Banking,Verified
INV000369,2024-04-25,149324,sip,2795,Delhi,Gurugram,T30,26-35,Male,20.7,Mandate,Verified
INV004526,2024-04-25,148568,sip,3296,West Bengal,Kolkata,T30,36-45,Male,19.9,Net Banking,Verified
INV000285,2024-04-25,119093,sip,2276,Madhya Pradesh,Indore,T30,18-25,Female,3.6,UPI,Verified
INV003352,2024-04-25,100025,sip,6800,Maharashtra,Mumbai,T30,36-45,Male,59.3,Cheque,Verified
INV000861,2024-04-25,149322,sip,47831,Uttar Pradesh,Lucknow,T30,18-25,Male,4.2,Mandate,Verified
INV001257,2024-04-25,102885,redemption,235657,Punjab,Chandigarh,T30,26-35,Female,6.3,Mandate,Verified
INV000730,2024-04-25,120842,redemption,334826,Maharashtra,Mumbai,T30,26-35,Male,19.5,UPI,Verified
INV001752,2024-04-25,125498,lumpsum,89368,Rajasthan,Udaipur,B30,26-35,Female,13.4,UPI,Verified
INV002417,2024-04-25,118632,sip,1678,Tamil Nadu,Coimbatore,B30,26-35,Male,16.8,Mandate,Verified
INV001677,2024-04-25,119598,sip,1069,Rajasthan,Udaipur,B30,26-35,Male,23.2,UPI,Verified
INV002635,2024-04-25,120844,sip,2204,Telangana,Hyderabad,T30,18-25,Male,3.8,Mandate,Verified
INV002218,2024-04-25,119094,sip,3353,Punjab,Amritsar,B30,36-45,Male,52.7,Mandate,Verified
INV000289,2024-04-25,120507,lumpsum,335931,Delhi,Gurugram,T30,36-45,Male,54.2,Cheque,Verified
INV004349,2024-04-25,149322,sip,5097,Haryana,Gurugram,T30,26-35,Female,9.3,UPI,Verified
INV000173,2024-04-25,119092,lumpsum,428822,Maharashtra,Mumbai,T30,26-35,Male,7.6,Cheque,Verified
INV002676,2024-04-25,120504,sip,2488,Delhi,Gurugram,T30,46-55,Male,81.0,UPI,Verified
INV003800,2024-04-26,120507,sip,41137,Madhya Pradesh,Bhopal,B30,26-35,Male,18.8,UPI,Verified
INV002093,2024-04-26,100025,sip,25659,Punjab,Chandigarh,T30,26-35,Male,14.7,Mandate,Verified
INV000499,2024-04-26,148569,redemption,468257,Delhi,New Delhi,T30,36-45,Female,59.5,Net Banking,Verified
INV003041,2024-04-26,102885,sip,2956,Madhya Pradesh,Bhopal,B30,36-45,Male,32.0,Mandate,Verified
INV004776,2024-04-26,119094,lumpsum,507923,Punjab,Chandigarh,T30,36-45,Male,22.9,Mandate,Verified
INV000060,2024-04-26,125497,sip,21177,Madhya Pradesh,Indore,T30,36-45,Male,45.6,UPI,Verified
INV004961,2024-04-26,119598,lumpsum,390433,West Bengal,Kolkata,T30,36-45,Male,15.0,UPI,Verified
INV003123,2024-04-26,119120,sip,56051,Haryana,Faridabad,B30,36-45,Male,36.2,Cheque,Verified
INV004615,2024-04-26,125498,sip,554,Delhi,Gurugram,T30,26-35,Male,7.4,Cheque,Verified
INV004868,2024-04-26,148569,sip,13721,Karnataka,Bangalore,T30,36-45,Male,49.4,Mandate,Verified
INV001528,2024-04-26,119551,lumpsum,387862,Telangana,Hyderabad,T30,26-35,Female,20.7,Net Banking,Verified
INV003406,2024-04-26,102886,sip,6953,Madhya Pradesh,Bhopal,B30,26-35,Male,21.2,Cheque,Verified
INV000980,2024-04-26,148569,sip,9506,West Bengal,Kolkata,T30,18-25,Female,7.3,Net Banking,Verified
INV000986,2024-04-26,102885,sip,47198,Tamil Nadu,Coimbatore,B30,26-35,Male,24.2,UPI,Verified
INV004085,2024-04-26,149323,sip,15899,Maharashtra,Pune,T30,36-45,Female,34.5,Mandate,Verified
INV003977,2024-04-26,119599,lumpsum,271947,Rajasthan,Udaipur,B30,46-55,Male,77.8,Mandate,Verified
INV003846,2024-04-26,120506,redemption,356817,Uttar Pradesh,Agra,B30,46-55,Female,44.2,Mandate,Verified
INV003171,2024-04-26,120506,sip,8421,Rajasthan,Jaipur,T30,36-45,Female,16.3,Cheque,Verified
INV002603,2024-04-26,149324,lumpsum,251094,Haryana,Gurugram,T30,36-45,Male,28.4,Cheque,Verified
INV000252,2024-04-26,100016,lumpsum,448748,Gujarat,Surat,T30,46-55,Female,24.4,UPI,Verified
INV000444,2024-04-26,101207,sip,5911,Maharashtra,Pune,T30,36-45,Female,42.1,Mandate,Verified
INV003060,2024-04-26,148568,sip,14358,Rajasthan,Jaipur,T30,56+,Female,16.6,Net Banking,Verified
INV003835,2024-04-26,120506,lumpsum,172264,Delhi,Noida,T30,36-45,Female,58.3,Net Banking,Verified
INV004337,2024-04-26,101206,redemption,310577,Delhi,Noida,T30,18-25,Male,4.0,Mandate,Verified
INV004699,2024-04-26,119095,sip,1765,Delhi,Gurugram,T30,46-55,Female,69.7,Mandate,Verified
INV003113,2024-04-26,149322,sip,22925,Rajasthan,Jaipur,T30,26-35,Male,22.0,UPI,Pending
INV001313,2024-04-26,120842,redemption,338780,Gujarat,Surat,T30,36-45,Male,20.3,Mandate,Pending
INV004204,2024-04-26,101208,lumpsum,188567,Tamil Nadu,Chennai,T30,36-45,Male,51.7,Mandate,Verified
INV000921,2024-04-26,100033,sip,10034,Rajasthan,Jaipur,T30,26-35,Male,14.6,Net Banking,Verified
INV000211,2024-04-26,100033,sip,11478,Punjab,Chandigarh,T30,26-35,Male,17.0,UPI,Verified
INV001983,2024-04-26,119551,lumpsum,299720,West Bengal,Kolkata,T30,36-45,Male,30.6,UPI,Verified
INV003823,2024-04-26,120842,sip,8942,Madhya Pradesh,Indore,T30,26-35,Male,10.5,Mandate,Verified
INV000382,2024-04-26,120506,sip,5503,Gujarat,Ahmedabad,T30,26-35,Male,20.5,UPI,Verified
INV003823,2024-04-26,102885,lumpsum,94561,Madhya Pradesh,Indore,T30,26-35,Male,10.5,Net Banking,Verified
INV004555,2024-04-26,100025,sip,938,Uttar Pradesh,Lucknow,T30,36-45,Female,24.4,Cheque,Verified
INV001583,2024-04-26,119120,sip,2855,Delhi,Gurugram,T30,18-25,Male,3.1,Mandate,Verified
INV002094,2024-04-26,119094,sip,14274,Punjab,Amritsar,B30,26-35,Female,25.0,UPI,Pending
INV003210,2024-04-26,101206,lumpsum,439717,Haryana,Faridabad,B30,36-45,Female,23.1,Net Banking,Verified
INV001896,2024-04-26,149323,sip,7911,Tamil Nadu,Chennai,T30,36-45,Male,37.1,Net Banking,Verified
INV003692,2024-04-26,118632,sip,594,Uttar Pradesh,Lucknow,T30,26-35,Male,23.1,Net Banking,Verified
INV001928,2024-04-26,119120,sip,43488,Telangana,Hyderabad,T30,46-55,Female,29.2,Net Banking,Verified
INV000110,2024-04-26,102886,sip,2795,Uttar Pradesh,Agra,B30,46-55,Female,85.3,Cheque,Verified
INV001536,2024-04-26,120506,lumpsum,14076,Karnataka,Mysore,B30,26-35,Male,17.9,Mandate,Verified
INV004455,2024-04-26,118635,lumpsum,549162,Telangana,Hyderabad,T30,18-25,Female,3.5,Net Banking,Verified
INV002028,2024-04-26,120506,sip,2054,Rajasthan,Jaipur,T30,36-45,Female,19.9,Mandate,Pending
INV004798,2024-04-26,118634,sip,15368,Madhya Pradesh,Bhopal,B30,26-35,Male,8.4,Cheque,Verified
INV000935,2024-04-26,119092,sip,53316,Telangana,Hyderabad,T30,36-45,Male,14.6,UPI,Verified
INV002552,2024-04-26,102885,sip,2825,Delhi,Gurugram,T30,36-45,Male,24.4,UPI,Verified
INV002155,2024-04-26,119551,sip,13041,Telangana,Hyderabad,T30,56+,Male,26.2,Cheque,Verified
INV002698,2024-04-26,118635,redemption,256534,Maharashtra,Pune,T30,26-35,Male,20.9,Net Banking,Verified
INV003141,2024-04-26,148567,sip,1080,Maharashtra,Pune,T30,36-45,Female,40.1,Cheque,Verified
INV003902,2024-04-26,119120,sip,4339,Karnataka,Mysore,B30,26-35,Male,23.1,Mandate,Verified
INV003343,2024-04-26,102885,sip,1090,Telangana,Hyderabad,T30,36-45,Male,26.0,Mandate,Verified
INV004237,2024-04-26,119598,lumpsum,317008,Haryana,Faridabad,B30,36-45,Male,14.1,UPI,Verified
INV001558,2024-04-26,101207,sip,882,West Bengal,Kolkata,T30,56+,Female,23.8,UPI,Verified
INV000013,2024-04-26,102885,lumpsum,201994,Maharashtra,Nashik,B30,18-25,Male,5.2,Mandate,Verified
INV001171,2024-04-26,119599,sip,510,Punjab,Chandigarh,T30,26-35,Female,22.7,Cheque,Pending
INV004464,2024-04-26,120844,sip,7828,Haryana,Faridabad,B30,26-35,Female,11.9,Net Banking,Verified
INV003912,2024-04-26,120843,lumpsum,355118,West Bengal,Kolkata,T30,26-35,Male,8.5,Net Banking,Pending
INV001871,2024-04-26,119599,sip,4866,Delhi,Gurugram,T30,56+,Male,13.9,Mandate,Verified
INV002495,2024-04-26,149323,lumpsum,31511,Maharashtra,Nashik,B30,26-35,Male,6.6,Mandate,Verified
INV000485,2024-04-26,149323,sip,1021,Rajasthan,Jaipur,T30,26-35,Male,19.5,UPI,Verified
INV001773,2024-04-26,119598,sip,9091,Punjab,Chandigarh,T30,26-35,Male,21.4,Net Banking,Verified
INV003830,2024-04-26,148567,sip,26216,Punjab,Amritsar,B30,26-35,Male,17.6,UPI,Verified
INV000419,2024-04-26,119092,redemption,156734,Haryana,Gurugram,T30,56+,Female,27.6,Mandate,Verified
INV001951,2024-04-26,102887,sip,2655,Punjab,Chandigarh,T30,26-35,Male,10.6,Mandate,Verified
INV004641,2024-04-26,120843,redemption,52394,Haryana,Faridabad,B30,56+,Male,42.4,Mandate,Verified
INV002705,2024-04-26,118634,sip,11110,Uttar Pradesh,Lucknow,T30,46-55,Female,90.6,UPI,Verified
INV003955,2024-04-26,125497,sip,2987,Gujarat,Ahmedabad,T30,26-35,Female,8.9,Net Banking,Verified
INV003200,2024-04-26,119120,redemption,118244,Punjab,Chandigarh,T30,46-55,Male,61.2,Cheque,Verified
INV004903,2024-04-26,148567,redemption,393471,Karnataka,Bangalore,T30,26-35,Male,11.4,UPI,Verified
INV004660,2024-04-26,120843,lumpsum,331296,Uttar Pradesh,Agra,B30,18-25,Male,4.9,Net Banking,Verified
INV001212,2024-04-26,120504,sip,28770,Uttar Pradesh,Lucknow,T30,36-45,Male,40.3,Net Banking,Verified
INV000482,2024-04-26,101208,lumpsum,185244,Maharashtra,Mumbai,T30,26-35,Male,7.6,Mandate,Verified
INV002572,2024-04-26,120844,lumpsum,322481,Rajasthan,Jaipur,T30,56+,Male,19.5,Cheque,Verified
INV002027,2024-04-26,119120,lumpsum,430360,Uttar Pradesh,Agra,B30,18-25,Female,3.1,Net Banking,Verified
INV002106,2024-04-26,148568,sip,2335,Uttar Pradesh,Lucknow,T30,26-35,Male,20.8,Cheque,Verified
INV002200,2024-04-26,119552,lumpsum,212498,Madhya Pradesh,Indore,T30,26-35,Male,23.1,UPI,Pending
INV000586,2024-04-26,119551,sip,20869,West Bengal,Kolkata,T30,36-45,Male,43.8,Net Banking,Verified
INV003945,2024-04-27,100033,sip,1847,Gujarat,Ahmedabad,T30,46-55,Female,48.3,UPI,Verified
INV003553,2024-04-27,118633,redemption,402081,Punjab,Amritsar,B30,36-45,Male,33.0,Net Banking,Verified
INV004559,2024-04-27,125497,lumpsum,267089,West Bengal,Kolkata,T30,26-35,Male,15.9,Mandate,Verified
INV003630,2024-04-27,125497,sip,11094,Karnataka,Bangalore,T30,18-25,Female,4.9,Net Banking,Verified
INV000005,2024-04-27,149322,lumpsum,434738,Punjab,Amritsar,B30,26-35,Female,10.4,Net Banking,Verified
INV001142,2024-04-27,119094,sip,8929,Uttar Pradesh,Lucknow,T30,26-35,Male,16.8,UPI,Verified
INV004576,2024-04-27,125498,sip,1816,Rajasthan,Jaipur,T30,46-55,Male,54.5,Cheque,Pending
INV001857,2024-04-27,120842,lumpsum,387051,Tamil Nadu,Chennai,T30,26-35,Male,24.0,Mandate,Verified
INV003745,2024-04-27,148567,sip,1025,West Bengal,Kolkata,T30,36-45,Male,17.8,Net Banking,Verified
INV002521,2024-04-27,119095,sip,2169,Punjab,Chandigarh,T30,26-35,Male,12.3,Mandate,Verified
INV002613,2024-04-27,101208,sip,532,Karnataka,Bangalore,T30,46-55,Female,44.3,UPI,Verified
INV003543,2024-04-27,101207,sip,6936,Maharashtra,Nashik,B30,26-35,Male,8.3,Cheque,Verified
INV001883,2024-04-27,120843,lumpsum,307115,Maharashtra,Pune,T30,46-55,Male,69.3,Net Banking,Verified
INV004454,2024-04-27,120504,lumpsum,48881,West Bengal,Kolkata,T30,36-45,Male,37.4,UPI,Verified
INV000587,2024-04-27,120506,lumpsum,489939,Punjab,Chandigarh,T30,26-35,Male,15.5,Cheque,Verified
INV001029,2024-04-27,148568,sip,2919,Uttar Pradesh,Kanpur,B30,36-45,Male,44.2,Cheque,Verified
INV001496,2024-04-27,148567,redemption,158719,West Bengal,Kolkata,T30,18-25,Male,4.5,Net Banking,Verified
INV000039,2024-04-27,101206,sip,2453,Madhya Pradesh,Bhopal,B30,26-35,Male,6.5,UPI,Verified
INV004520,2024-04-27,120505,sip,28970,Uttar Pradesh,Lucknow,T30,26-35,Female,15.7,Cheque,Verified
INV001459,2024-04-27,125498,redemption,96564,Gujarat,Surat,T30,26-35,Male,24.9,Cheque,Verified
INV004023,2024-04-27,149324,sip,26766,Tamil Nadu,Chennai,T30,46-55,Male,69.6,Mandate,Verified
INV000116,2024-04-27,118636,sip,1147,West Bengal,Kolkata,T30,18-25,Male,3.2,Mandate,Verified
INV004248,2024-04-27,119598,sip,2533,West Bengal,Kolkata,T30,46-55,Male,89.3,Mandate,Verified
INV000291,2024-04-27,119552,lumpsum,176007,Madhya Pradesh,Indore,T30,18-25,Female,6.2,Mandate,Verified
INV001217,2024-04-27,120504,sip,5104,Rajasthan,Jaipur,T30,26-35,Male,21.5,Net Banking,Pending
INV004734,2024-04-27,118634,lumpsum,287536,Uttar Pradesh,Kanpur,B30,36-45,Male,32.4,Mandate,Verified
INV003398,2024-04-27,125497,lumpsum,296084,Karnataka,Bangalore,T30,36-45,Male,42.0,Mandate,Verified
INV001255,2024-04-27,120842,sip,57995,Punjab,Amritsar,B30,26-35,Male,14.3,Mandate,Verified
INV000495,2024-04-27,125497,sip,6441,Gujarat,Surat,T30,26-35,Female,7.6,Cheque,Verified
INV003150,2024-04-27,119552,sip,2356,Gujarat,Ahmedabad,T30,26-35,Female,13.6,Mandate,Verified
INV001637,2024-04-27,119095,lumpsum,89795,Haryana,Faridabad,B30,36-45,Female,45.1,Net Banking,Verified
INV004939,2024-04-27,120844,lumpsum,289686,Punjab,Amritsar,B30,18-25,Male,4.7,Mandate,Verified
INV001543,2024-04-27,118632,sip,8869,Delhi,New Delhi,T30,26-35,Male,21.1,UPI,Verified
INV002033,2024-04-27,148568,sip,823,Gujarat,Ahmedabad,T30,46-55,Male,18.9,Net Banking,Verified
INV001064,2024-04-27,118632,sip,816,West Bengal,Kolkata,T30,46-55,Male,67.9,UPI,Pending
INV004924,2024-04-27,148569,sip,2278,Telangana,Hyderabad,T30,36-45,Male,16.1,Net Banking,Verified
INV001053,2024-04-27,119598,sip,1885,West Bengal,Kolkata,T30,46-55,Female,79.0,UPI,Verified
INV004296,2024-04-27,149323,redemption,42041,Telangana,Hyderabad,T30,26-35,Male,18.2,Mandate,Verified
INV001368,2024-04-27,120843,sip,8539,Tamil Nadu,Chennai,T30,36-45,Female,23.3,UPI,Verified
INV002171,2024-04-27,120505,sip,17677,Telangana,Hyderabad,T30,56+,Male,21.8,UPI,Verified
INV001806,2024-04-27,118632,lumpsum,257255,Telangana,Hyderabad,T30,36-45,Male,32.6,UPI,Verified
INV000749,2024-04-27,119551,sip,971,Uttar Pradesh,Kanpur,B30,36-45,Male,36.1,UPI,Verified
INV000589,2024-04-27,120843,sip,884,Uttar Pradesh,Kanpur,B30,18-25,Female,6.3,Cheque,Verified
INV004916,2024-04-27,118634,lumpsum,39430,Haryana,Faridabad,B30,26-35,Male,12.5,Mandate,Verified
INV002368,2024-04-27,125498,redemption,58793,Telangana,Hyderabad,T30,26-35,Male,13.7,Cheque,Pending
INV004326,2024-04-27,100025,redemption,154953,Delhi,Gurugram,T30,26-35,Male,7.5,Net Banking,Verified
INV002471,2024-04-27,102885,sip,56211,Punjab,Chandigarh,T30,18-25,Male,3.1,Cheque,Pending
INV002069,2024-04-27,119120,sip,3333,West Bengal,Kolkata,T30,46-55,Male,59.0,UPI,Verified
INV003478,2024-04-27,119551,sip,6468,Punjab,Chandigarh,T30,26-35,Male,21.2,Cheque,Verified
INV003018,2024-04-27,149323,sip,1187,Delhi,Gurugram,T30,36-45,Male,14.1,UPI,Verified
INV003957,2024-04-27,100025,lumpsum,55263,Delhi,Noida,T30,36-45,Male,30.9,Net Banking,Pending
INV003708,2024-04-27,149324,sip,1789,Punjab,Amritsar,B30,46-55,Male,38.6,UPI,Verified
INV001725,2024-04-27,120507,redemption,258078,Tamil Nadu,Coimbatore,B30,36-45,Male,30.0,Mandate,Verified
INV000884,2024-04-27,119552,lumpsum,349243,Delhi,Gurugram,T30,18-25,Female,6.4,Net Banking,Verified
INV002360,2024-04-27,119552,sip,8258,Maharashtra,Mumbai,T30,26-35,Male,11.6,Net Banking,Pending
INV000858,2024-04-27,149324,sip,5880,Tamil Nadu,Chennai,T30,36-45,Female,28.7,Cheque,Verified
INV003881,2024-04-27,148568,sip,2997,Gujarat,Surat,T30,36-45,Female,23.0,Mandate,Verified
INV003580,2024-04-27,102885,sip,2470,Gujarat,Ahmedabad,T30,26-35,Male,22.5,Net Banking,Verified
INV002259,2024-04-27,119095,sip,2041,Madhya Pradesh,Bhopal,B30,18-25,Female,6.7,Cheque,Verified
INV001951,2024-04-27,148568,redemption,375221,Punjab,Chandigarh,T30,26-35,Male,10.6,Mandate,Pending
INV003165,2024-04-27,119092,lumpsum,13932,Punjab,Amritsar,B30,26-35,Male,19.4,Mandate,Verified
INV001626,2024-04-27,118633,lumpsum,77481,Maharashtra,Mumbai,T30,26-35,Male,16.8,Cheque,Verified
INV004209,2024-04-27,125498,sip,14621,Maharashtra,Mumbai,T30,56+,Male,9.9,Cheque,Verified
INV001694,2024-04-27,120843,redemption,273203,Punjab,Amritsar,B30,46-55,Female,36.8,UPI,Pending
INV002969,2024-04-27,120504,redemption,33569,Karnataka,Bangalore,T30,26-35,Male,15.4,Cheque,Pending
INV001963,2024-04-28,120503,sip,3297,Maharashtra,Nashik,B30,26-35,Male,10.3,UPI,Verified
INV000099,2024-04-28,120843,sip,3306,Haryana,Gurugram,T30,36-45,Male,43.5,UPI,Verified
INV000757,2024-04-28,119598,lumpsum,36520,Madhya Pradesh,Indore,T30,36-45,Male,25.4,Cheque,Verified
INV001738,2024-04-28,118636,sip,7041,Karnataka,Bangalore,T30,36-45,Female,41.2,UPI,Verified
INV004210,2024-04-28,148567,lumpsum,409186,Madhya Pradesh,Bhopal,B30,56+,Male,23.9,Net Banking,Verified
INV001737,2024-04-28,101208,sip,12248,Telangana,Hyderabad,T30,26-35,Female,10.1,Mandate,Verified
INV004153,2024-04-28,119093,redemption,47696,Uttar Pradesh,Agra,B30,46-55,Male,96.3,UPI,Pending
INV002644,2024-04-28,100033,lumpsum,391205,Rajasthan,Udaipur,B30,56+,Male,15.2,Mandate,Verified
INV002706,2024-04-28,100025,lumpsum,71143,Haryana,Faridabad,B30,46-55,Female,22.8,Mandate,Pending
INV003775,2024-04-28,120506,sip,3168,Maharashtra,Mumbai,T30,56+,Male,12.8,Mandate,Verified
INV003159,2024-04-28,148567,redemption,228498,Punjab,Amritsar,B30,36-45,Male,25.9,Cheque,Verified
INV002373,2024-04-28,118636,lumpsum,167626,Maharashtra,Pune,T30,36-45,Male,56.3,Net Banking,Verified
INV001763,2024-04-28,101207,lumpsum,121000,Uttar Pradesh,Lucknow,T30,46-55,Male,42.0,Mandate,Verified
INV001813,2024-04-28,120504,lumpsum,145835,Karnataka,Mysore,B30,36-45,Male,27.0,Net Banking,Verified
INV004562,2024-04-28,119094,lumpsum,353910,Telangana,Hyderabad,T30,26-35,Female,19.0,Net Banking,Verified
INV000203,2024-04-28,120844,sip,5496,Maharashtra,Nashik,B30,26-35,Male,16.0,Net Banking,Verified
INV001057,2024-04-28,100033,sip,2574,Rajasthan,Jaipur,T30,46-55,Male,68.0,UPI,Verified
INV002557,2024-04-28,149322,redemption,293912,West Bengal,Kolkata,T30,26-35,Female,18.2,Mandate,Verified
INV004306,2024-04-28,119092,sip,950,Telangana,Hyderabad,T30,26-35,Female,20.4,Cheque,Verified
INV003086,2024-04-28,119092,redemption,309145,West Bengal,Kolkata,T30,26-35,Male,20.2,Cheque,Pending
INV002374,2024-04-28,101207,lumpsum,124015,Uttar Pradesh,Kanpur,B30,26-35,Female,8.6,UPI,Verified
INV000280,2024-04-28,149322,sip,51047,Punjab,Amritsar,B30,26-35,Female,22.9,Net Banking,Pending
INV001039,2024-04-28,120506,lumpsum,135864,Gujarat,Surat,T30,36-45,Male,12.8,Mandate,Verified
INV000289,2024-04-28,119092,lumpsum,291230,Delhi,Gurugram,T30,36-45,Male,54.2,Net Banking,Verified
INV004527,2024-04-28,119093,sip,14614,West Bengal,Kolkata,T30,36-45,Male,39.6,Net Banking,Verified
INV004245,2024-04-28,120506,lumpsum,199637,Haryana,Gurugram,T30,26-35,Male,21.6,Cheque,Verified
INV001418,2024-04-28,120506,sip,10351,Delhi,Noida,T30,36-45,Male,39.2,Cheque,Verified
INV003273,2024-04-28,118633,sip,5996,Haryana,Faridabad,B30,36-45,Male,18.3,Mandate,Verified
INV001781,2024-04-28,120844,sip,2554,Punjab,Amritsar,B30,36-45,Male,58.6,Cheque,Verified
INV004248,2024-04-28,120841,sip,5640,West Bengal,Kolkata,T30,46-55,Male,89.3,Net Banking,Verified
INV003824,2024-04-28,119120,lumpsum,407551,Telangana,Hyderabad,T30,26-35,Male,9.4,UPI,Verified
INV002552,2024-04-28,102885,sip,514,Delhi,Gurugram,T30,36-45,Male,24.4,Cheque,Verified
INV003905,2024-04-28,119551,sip,950,Maharashtra,Mumbai,T30,26-35,Male,24.3,Cheque,Verified
INV000308,2024-04-28,125498,lumpsum,505077,West Bengal,Kolkata,T30,36-45,Male,52.4,Mandate,Verified
INV003845,2024-04-28,125498,sip,11217,Gujarat,Surat,T30,26-35,Female,10.1,Mandate,Verified
INV002290,2024-04-28,102887,sip,4398,Gujarat,Ahmedabad,T30,36-45,Male,24.7,Net Banking,Verified
INV002921,2024-04-28,125497,sip,27796,Punjab,Amritsar,B30,18-25,Female,5.4,Cheque,Verified
INV002490,2024-04-28,149323,sip,13676,Gujarat,Surat,T30,36-45,Female,28.1,UPI,Verified
INV002452,2024-04-28,119094,lumpsum,134085,Uttar Pradesh,Kanpur,B30,18-25,Male,5.1,Net Banking,Verified
INV004100,2024-04-28,101208,lumpsum,334651,Delhi,Gurugram,T30,26-35,Male,20.7,Net Banking,Pending
INV000870,2024-04-28,118632,sip,8684,Rajasthan,Udaipur,B30,18-25,Male,5.0,Net Banking,Verified
INV000759,2024-04-28,100033,sip,11775,Gujarat,Ahmedabad,T30,26-35,Male,7.6,Cheque,Verified
INV000950,2024-04-28,120844,sip,1730,Punjab,Amritsar,B30,36-45,Male,33.1,Net Banking,Pending
INV004469,2024-04-28,120507,sip,438,Delhi,Noida,T30,26-35,Female,24.1,UPI,Verified
INV004460,2024-04-28,101206,sip,1705,Haryana,Gurugram,T30,26-35,Male,24.7,Mandate,Pending
INV002112,2024-04-28,118636,lumpsum,199671,Madhya Pradesh,Indore,T30,56+,Male,41.3,Net Banking,Verified
INV001365,2024-04-28,118636,sip,425,Tamil Nadu,Coimbatore,B30,36-45,Male,25.3,Net Banking,Verified
INV004343,2024-04-28,118633,lumpsum,234538,Madhya Pradesh,Bhopal,B30,18-25,Male,7.9,UPI,Verified
INV002528,2024-04-28,120506,sip,421,Gujarat,Ahmedabad,T30,46-55,Male,16.3,Cheque,Pending
INV003962,2024-04-28,119095,sip,41273,Haryana,Gurugram,T30,26-35,Male,20.4,Mandate,Verified
INV002391,2024-04-28,120843,lumpsum,464788,Madhya Pradesh,Bhopal,B30,18-25,Female,7.9,UPI,Verified
INV000384,2024-04-28,148569,sip,5579,Tamil Nadu,Coimbatore,B30,18-25,Female,6.5,UPI,Verified
INV001066,2024-04-28,101206,sip,3195,Haryana,Gurugram,T30,26-35,Male,23.2,Net Banking,Verified
INV003565,2024-04-28,120844,lumpsum,433208,Gujarat,Surat,T30,26-35,Male,12.0,Mandate,Verified
INV001837,2024-04-28,118633,sip,2932,Uttar Pradesh,Agra,B30,18-25,Male,5.5,Net Banking,Verified
INV000682,2024-04-28,119120,sip,9217,Delhi,New Delhi,T30,56+,Female,69.2,UPI,Verified
INV004379,2024-04-28,101206,lumpsum,417393,Delhi,Gurugram,T30,18-25,Male,6.0,Mandate,Verified
INV004553,2024-04-28,148567,sip,1981,Tamil Nadu,Coimbatore,B30,26-35,Male,13.7,Mandate,Verified
INV000046,2024-04-28,118633,lumpsum,487863,Gujarat,Ahmedabad,T30,26-35,Female,24.5,Net Banking,Verified
INV002486,2024-04-28,119094,lumpsum,44621,Gujarat,Surat,T30,56+,Male,16.2,UPI,Verified
INV004647,2024-04-28,120504,sip,4992,Madhya Pradesh,Indore,T30,36-45,Female,25.3,Net Banking,Verified
INV004506,2024-04-28,118633,sip,2323,Karnataka,Mysore,B30,46-55,Male,76.9,Cheque,Verified
INV002357,2024-04-28,125497,sip,4109,Delhi,Gurugram,T30,26-35,Male,7.8,Cheque,Verified
INV001198,2024-04-28,149324,lumpsum,85156,Maharashtra,Mumbai,T30,26-35,Female,20.4,Mandate,Verified
INV003791,2024-04-28,148567,lumpsum,354877,Tamil Nadu,Coimbatore,B30,46-55,Male,77.4,Mandate,Verified
INV004375,2024-04-28,118633,sip,57373,Madhya Pradesh,Bhopal,B30,26-35,Male,17.7,Net Banking,Verified
INV003327,2024-04-28,120506,lumpsum,397843,Punjab,Chandigarh,T30,36-45,Female,42.7,Mandate,Verified
INV001999,2024-04-28,120506,sip,29962,Rajasthan,Udaipur,B30,18-25,Male,5.8,Cheque,Verified
INV001060,2024-04-29,102887,sip,1058,Telangana,Hyderabad,T30,36-45,Male,29.0,Net Banking,Verified
INV002351,2024-04-29,118633,sip,28999,Gujarat,Ahmedabad,T30,36-45,Male,18.9,Cheque,Verified
INV003018,2024-04-29,119094,sip,8397,Delhi,Gurugram,T30,36-45,Male,14.1,UPI,Verified
INV004492,2024-04-29,125497,sip,2723,Madhya Pradesh,Bhopal,B30,26-35,Male,18.6,UPI,Verified
INV001830,2024-04-29,120503,sip,2306,Karnataka,Bangalore,T30,26-35,Male,6.2,Net Banking,Verified
INV003724,2024-04-29,120504,sip,55711,Punjab,Amritsar,B30,56+,Male,52.5,Net Banking,Verified
INV001507,2024-04-29,120503,lumpsum,204080,Uttar Pradesh,Lucknow,T30,26-35,Male,20.4,Net Banking,Verified
INV004407,2024-04-29,119120,sip,2196,Punjab,Chandigarh,T30,18-25,Male,7.7,Mandate,Verified
INV004264,2024-04-29,119120,lumpsum,16350,Gujarat,Ahmedabad,T30,36-45,Female,45.2,Mandate,Pending
INV001217,2024-04-29,119599,sip,50227,Rajasthan,Jaipur,T30,26-35,Male,21.5,Cheque,Verified
INV001603,2024-04-29,119093,sip,11607,Uttar Pradesh,Agra,B30,46-55,Female,53.9,Mandate,Verified
INV004339,2024-04-29,120844,lumpsum,348962,Uttar Pradesh,Lucknow,T30,26-35,Female,7.3,UPI,Verified
INV002659,2024-04-29,125498,sip,27688,Madhya Pradesh,Bhopal,B30,36-45,Female,56.5,Mandate,Verified
INV001439,2024-04-29,148567,sip,2340,Karnataka,Bangalore,T30,18-25,Female,5.3,UPI,Verified
INV004589,2024-04-29,120507,sip,556,Gujarat,Ahmedabad,T30,36-45,Male,14.4,UPI,Verified
INV003141,2024-04-29,125497,sip,7133,Maharashtra,Pune,T30,36-45,Female,40.1,Net Banking,Verified
INV003618,2024-04-29,102885,redemption,67543,Delhi,Gurugram,T30,46-55,Female,72.4,Net Banking,Verified
INV004589,2024-04-29,120504,sip,2420,Gujarat,Ahmedabad,T30,36-45,Male,14.4,Cheque,Verified
INV002488,2024-04-29,148567,sip,2556,Delhi,Gurugram,T30,26-35,Male,12.2,Cheque,Verified
INV001937,2024-04-29,119599,sip,4415,Haryana,Gurugram,T30,18-25,Male,7.8,Cheque,Verified
INV002554,2024-04-29,118632,sip,9265,Madhya Pradesh,Bhopal,B30,18-25,Male,5.4,Net Banking,Verified
INV004371,2024-04-29,119598,lumpsum,515872,Rajasthan,Udaipur,B30,26-35,Female,19.7,UPI,Verified
INV004129,2024-04-29,118632,sip,7656,Rajasthan,Udaipur,B30,46-55,Male,70.2,Cheque,Verified
INV000899,2024-04-29,101208,lumpsum,369955,Tamil Nadu,Chennai,T30,36-45,Male,51.7,Net Banking,Verified
INV002758,2024-04-29,120841,sip,14393,Delhi,Gurugram,T30,26-35,Male,7.3,Cheque,Verified
INV002534,2024-04-29,120841,sip,50362,Madhya Pradesh,Indore,T30,46-55,Male,31.0,Net Banking,Verified
INV001879,2024-04-29,118635,lumpsum,56442,Uttar Pradesh,Lucknow,T30,18-25,Female,6.3,Cheque,Verified
INV004625,2024-04-29,119094,redemption,330596,Tamil Nadu,Coimbatore,B30,18-25,Male,6.6,UPI,Verified
INV004556,2024-04-29,118635,sip,20952,Punjab,Amritsar,B30,26-35,Male,18.6,UPI,Verified
INV004846,2024-04-29,102886,sip,47461,Rajasthan,Udaipur,B30,26-35,Male,9.2,UPI,Verified
INV000244,2024-04-29,149324,sip,6618,Telangana,Hyderabad,T30,26-35,Male,24.9,Mandate,Verified
INV002250,2024-04-29,148567,sip,2948,Telangana,Hyderabad,T30,36-45,Male,20.4,UPI,Verified
INV001890,2024-04-29,149322,sip,1108,Madhya Pradesh,Bhopal,B30,26-35,Male,21.9,Cheque,Verified
INV003116,2024-04-29,120505,sip,53710,Rajasthan,Udaipur,B30,26-35,Female,8.7,UPI,Verified
INV004860,2024-04-29,148567,sip,7286,Punjab,Amritsar,B30,46-55,Male,47.7,UPI,Pending
INV001359,2024-04-29,119551,sip,1707,Haryana,Gurugram,T30,36-45,Female,41.8,Net Banking,Verified
INV004608,2024-04-29,120503,sip,2010,Karnataka,Bangalore,T30,26-35,Female,23.3,Cheque,Verified
INV000010,2024-04-29,101207,redemption,173190,Maharashtra,Pune,T30,36-45,Male,13.6,Net Banking,Verified
INV003226,2024-04-29,120506,lumpsum,262314,Haryana,Gurugram,T30,26-35,Male,21.5,UPI,Pending
INV000830,2024-04-29,101208,sip,46103,Tamil Nadu,Chennai,T30,36-45,Female,43.0,Mandate,Verified
INV002070,2024-04-29,118635,sip,2784,Telangana,Hyderabad,T30,36-45,Male,40.3,UPI,Pending
INV001096,2024-04-29,101207,redemption,379036,Punjab,Chandigarh,T30,26-35,Male,24.5,Cheque,Verified
INV003343,2024-04-29,118636,sip,6019,Telangana,Hyderabad,T30,36-45,Male,26.0,UPI,Verified
INV002240,2024-04-29,100016,sip,4177,Haryana,Faridabad,B30,26-35,Male,24.7,Mandate,Verified
INV001197,2024-04-29,102886,redemption,331115,West Bengal,Kolkata,T30,36-45,Female,29.6,Mandate,Verified
INV000108,2024-04-29,101208,redemption,83657,Uttar Pradesh,Agra,B30,36-45,Male,26.2,Mandate,Verified
INV000456,2024-04-29,120504,sip,14272,Karnataka,Mysore,B30,26-35,Male,17.2,Net Banking,Verified
INV001064,2024-04-29,101208,sip,2550,West Bengal,Kolkata,T30,46-55,Male,67.9,UPI,Verified
INV002036,2024-04-29,118636,lumpsum,65145,Madhya Pradesh,Indore,T30,26-35,Male,23.2,Cheque,Verified
INV004595,2024-04-29,148567,lumpsum,129928,Rajasthan,Udaipur,B30,36-45,Male,24.0,Mandate,Verified
INV003003,2024-04-29,148568,sip,3303,West Bengal,Kolkata,T30,18-25,Female,3.1,UPI,Verified
INV000645,2024-04-29,119095,lumpsum,432343,Karnataka,Bangalore,T30,18-25,Male,3.9,Cheque,Verified
INV001140,2024-04-29,148569,sip,8879,Uttar Pradesh,Lucknow,T30,36-45,Female,18.8,UPI,Verified
INV003515,2024-04-29,148569,sip,408,West Bengal,Kolkata,T30,26-35,Male,16.3,Net Banking,Verified
INV004005,2024-04-29,120505,lumpsum,420885,West Bengal,Kolkata,T30,26-35,Male,11.0,UPI,Pending
INV003785,2024-04-29,119551,sip,5283,Karnataka,Bangalore,T30,36-45,Male,28.2,Net Banking,Verified
INV004702,2024-04-29,119120,sip,5110,Maharashtra,Nashik,B30,26-35,Male,23.3,UPI,Verified
INV002245,2024-04-29,102887,lumpsum,452811,Karnataka,Mysore,B30,26-35,Female,24.6,Cheque,Verified
INV001058,2024-04-29,119551,lumpsum,307835,Uttar Pradesh,Kanpur,B30,36-45,Male,28.2,UPI,Verified
INV001662,2024-04-29,100016,lumpsum,151624,Delhi,Gurugram,T30,36-45,Male,45.6,Net Banking,Verified
INV004549,2024-04-29,149323,redemption,19604,Tamil Nadu,Chennai,T30,36-45,Male,40.7,Mandate,Verified
INV004693,2024-04-29,119094,sip,581,Maharashtra,Nashik,B30,36-45,Male,44.9,Net Banking,Verified
INV000076,2024-04-29,125497,sip,13765,Gujarat,Ahmedabad,T30,56+,Female,67.1,Mandate,Verified
INV001055,2024-04-29,120503,redemption,31722,Haryana,Gurugram,T30,26-35,Female,17.6,Mandate,Verified
INV002736,2024-04-30,120844,redemption,478177,Karnataka,Mysore,B30,18-25,Female,6.2,Net Banking,Verified
INV004567,2024-04-30,102886,sip,558,Telangana,Hyderabad,T30,56+,Male,75.0,Mandate,Verified
INV002499,2024-04-30,100025,lumpsum,289622,Gujarat,Surat,T30,26-35,Male,23.0,Cheque,Verified
INV004222,2024-04-30,120503,lumpsum,91193,Uttar Pradesh,Kanpur,B30,26-35,Male,10.9,Cheque,Verified
INV002292,2024-04-30,118633,lumpsum,227535,Rajasthan,Udaipur,B30,36-45,Male,54.1,UPI,Verified
INV002069,2024-04-30,120504,sip,1979,West Bengal,Kolkata,T30,46-55,Male,59.0,UPI,Verified
INV004119,2024-04-30,148567,sip,2332,Uttar Pradesh,Kanpur,B30,26-35,Female,13.0,Cheque,Verified
INV002978,2024-04-30,120843,sip,4402,Karnataka,Bangalore,T30,36-45,Male,43.5,UPI,Verified
INV000814,2024-04-30,120504,sip,15801,Delhi,New Delhi,T30,26-35,Male,17.8,UPI,Verified
INV004226,2024-04-30,119552,sip,21913,Punjab,Chandigarh,T30,18-25,Male,3.9,Mandate,Verified
INV000409,2024-04-30,149324,lumpsum,88777,Delhi,New Delhi,T30,26-35,Male,10.7,Net Banking,Verified
INV002168,2024-04-30,118632,sip,2176,Rajasthan,Jaipur,T30,36-45,Male,34.9,Mandate,Verified
INV004575,2024-04-30,100025,lumpsum,467293,West Bengal,Kolkata,T30,26-35,Male,9.0,UPI,Verified
INV001534,2024-04-30,102886,lumpsum,374783,Tamil Nadu,Coimbatore,B30,36-45,Male,26.5,Mandate,Pending
INV002323,2024-04-30,119552,sip,8083,West Bengal,Kolkata,T30,36-45,Female,33.7,Cheque,Verified
INV004997,2024-04-30,148568,sip,2579,Tamil Nadu,Coimbatore,B30,36-45,Female,54.3,Mandate,Verified
INV004502,2024-04-30,119120,redemption,434194,Rajasthan,Udaipur,B30,36-45,Male,59.0,Cheque,Verified
INV003262,2024-04-30,120504,lumpsum,385556,Telangana,Hyderabad,T30,46-55,Male,80.2,Mandate,Verified
INV003162,2024-04-30,120505,lumpsum,73609,West Bengal,Kolkata,T30,18-25,Male,4.1,Cheque,Verified
INV001484,2024-04-30,120504,sip,53519,Tamil Nadu,Chennai,T30,36-45,Male,13.1,Cheque,Verified
INV003416,2024-04-30,119093,sip,13954,West Bengal,Kolkata,T30,26-35,Male,22.3,UPI,Pending
INV000166,2024-04-30,118632,lumpsum,499118,Telangana,Hyderabad,T30,26-35,Male,24.4,Mandate,Verified
INV004450,2024-04-30,118636,sip,510,Tamil Nadu,Coimbatore,B30,36-45,Male,16.7,Cheque,Verified
INV001599,2024-04-30,101208,sip,25710,Haryana,Faridabad,B30,36-45,Female,31.0,Net Banking,Verified
INV004177,2024-04-30,120504,sip,2852,Tamil Nadu,Coimbatore,B30,26-35,Male,14.7,UPI,Verified
INV000722,2024-04-30,119120,sip,2272,Punjab,Chandigarh,T30,26-35,Female,8.1,Net Banking,Verified
INV001987,2024-04-30,102886,sip,2341,Tamil Nadu,Coimbatore,B30,18-25,Male,7.2,Mandate,Verified
INV004296,2024-04-30,120844,lumpsum,442266,Telangana,Hyderabad,T30,26-35,Male,18.2,Mandate,Verified
INV000045,2024-04-30,125498,lumpsum,420124,Uttar Pradesh,Lucknow,T30,36-45,Male,26.2,UPI,Verified
INV001500,2024-04-30,119551,lumpsum,84167,Maharashtra,Pune,T30,26-35,Female,6.5,UPI,Verified
INV003851,2024-04-30,102887,lumpsum,271523,Karnataka,Bangalore,T30,46-55,Male,60.6,UPI,Verified
INV001228,2024-04-30,120504,lumpsum,70269,Karnataka,Bangalore,T30,36-45,Female,29.8,UPI,Verified
INV002813,2024-04-30,102886,sip,9237,Punjab,Chandigarh,T30,26-35,Male,13.5,UPI,Verified
INV000093,2024-04-30,120505,sip,492,Maharashtra,Mumbai,T30,36-45,Female,59.0,Net Banking,Verified
INV000331,2024-04-30,101207,sip,13886,Madhya Pradesh,Indore,T30,36-45,Male,15.5,Cheque,Verified
INV001526,2024-04-30,118633,lumpsum,367074,Madhya Pradesh,Bhopal,B30,26-35,Female,19.1,Net Banking,Verified
INV000906,2024-04-30,119552,lumpsum,202406,Maharashtra,Mumbai,T30,26-35,Male,20.7,Mandate,Verified
INV003750,2024-04-30,120506,sip,813,Uttar Pradesh,Kanpur,B30,26-35,Female,23.6,Mandate,Verified
INV002052,2024-04-30,120842,sip,25775,Uttar Pradesh,Lucknow,T30,36-45,Male,50.8,Cheque,Pending
INV000785,2024-04-30,148567,redemption,391078,Tamil Nadu,Chennai,T30,36-45,Male,31.1,UPI,Pending
INV001422,2024-04-30,120843,sip,25114,Punjab,Amritsar,B30,36-45,Male,38.6,Cheque,Verified
INV002027,2024-04-30,120843,sip,25216,Uttar Pradesh,Agra,B30,18-25,Female,3.1,Net Banking,Verified
INV004822,2024-04-30,149322,sip,11694,Rajasthan,Udaipur,B30,26-35,Male,14.8,UPI,Verified
INV000764,2024-04-30,120505,sip,860,Punjab,Chandigarh,T30,26-35,Male,15.6,Cheque,Pending
INV000784,2024-04-30,148568,lumpsum,167552,Tamil Nadu,Chennai,T30,36-45,Male,19.6,Mandate,Verified
INV001815,2024-04-30,119551,sip,2721,West Bengal,Kolkata,T30,26-35,Female,23.7,UPI,Pending
INV004435,2024-04-30,102885,lumpsum,511034,Rajasthan,Jaipur,T30,26-35,Female,15.9,Mandate,Pending
INV002154,2024-04-30,102887,redemption,76845,Uttar Pradesh,Lucknow,T30,36-45,Male,40.5,Mandate,Verified
INV004137,2024-04-30,119092,redemption,317749,West Bengal,Kolkata,T30,18-25,Female,6.2,Net Banking,Verified
INV001318,2024-04-30,120843,lumpsum,101667,Telangana,Hyderabad,T30,36-45,Male,59.3,Mandate,Verified
INV004265,2024-04-30,119093,sip,14894,Punjab,Amritsar,B30,18-25,Male,7.6,Cheque,Verified
INV004645,2024-04-30,119120,sip,2376,Telangana,Hyderabad,T30,26-35,Female,10.9,Cheque,Verified
INV003375,2024-04-30,118634,sip,24336,Telangana,Hyderabad,T30,56+,Female,62.2,Mandate,Verified
INV004365,2024-04-30,119599,sip,17023,Delhi,Gurugram,T30,26-35,Male,19.4,UPI,Verified
INV001282,2024-04-30,148567,lumpsum,464407,West Bengal,Kolkata,T30,18-25,Female,5.2,Cheque,Verified
INV001993,2024-04-30,120507,redemption,278396,Uttar Pradesh,Agra,B30,36-45,Female,44.2,Cheque,Verified
INV004991,2024-04-30,119552,sip,7132,Telangana,Hyderabad,T30,26-35,Female,17.3,Mandate,Verified
INV003029,2024-04-30,120507,lumpsum,138563,Delhi,New Delhi,T30,56+,Male,59.8,Net Banking,Verified
INV003045,2024-04-30,101206,sip,497,Telangana,Hyderabad,T30,26-35,Male,12.2,Cheque,Verified
INV004148,2024-04-30,118634,lumpsum,281024,Madhya Pradesh,Bhopal,B30,18-25,Male,5.1,Mandate,Verified
INV001417,2024-04-30,118635,sip,892,West Bengal,Kolkata,T30,36-45,Female,12.3,UPI,Verified
INV003095,2024-04-30,120844,sip,13512,Madhya Pradesh,Bhopal,B30,18-25,Male,5.1,Cheque,Pending
INV000057,2024-04-30,120842,sip,22940,Tamil Nadu,Chennai,T30,36-45,Male,59.9,Cheque,Verified
INV002368,2024-04-30,120507,lumpsum,283354,Telangana,Hyderabad,T30,26-35,Male,13.7,Net Banking,Verified
INV002510,2024-04-30,120842,lumpsum,310490,Karnataka,Mysore,B30,36-45,Male,32.6,Net Banking,Verified
INV000094,2024-04-30,118635,sip,5545,West Bengal,Kolkata,T30,18-25,Male,3.7,Mandate,Verified
INV004012,2024-04-30,148568,sip,848,Delhi,Noida,T30,46-55,Male,82.3,Net Banking,Verified
INV000196,2024-04-30,148569,sip,13789,Tamil Nadu,Chennai,T30,26-35,Male,17.9,Cheque,Verified
INV000025,2024-05-01,102886,sip,13678,Haryana,Gurugram,T30,26-35,Male,11.5,Net Banking,Pending
INV003192,2024-05-01,120843,lumpsum,61100,Uttar Pradesh,Lucknow,T30,26-35,Male,22.2,Net Banking,Verified
INV000004,2024-05-01,148569,redemption,59469,Punjab,Chandigarh,T30,26-35,Male,20.0,Cheque,Verified
INV003826,2024-05-01,101208,sip,441,West Bengal,Kolkata,T30,18-25,Male,7.7,UPI,Verified
INV001561,2024-05-01,119599,redemption,258673,Rajasthan,Udaipur,B30,36-45,Male,39.4,Cheque,Verified
INV000570,2024-05-01,118632,sip,54218,Madhya Pradesh,Bhopal,B30,26-35,Male,16.2,Mandate,Verified
INV002895,2024-05-01,118634,sip,1938,Madhya Pradesh,Bhopal,B30,26-35,Male,10.7,Mandate,Verified
INV004375,2024-05-01,119551,lumpsum,282553,Madhya Pradesh,Bhopal,B30,26-35,Male,17.7,Cheque,Verified
INV002097,2024-05-01,119093,lumpsum,433269,Uttar Pradesh,Agra,B30,46-55,Male,64.5,Net Banking,Verified
INV003164,2024-05-01,148568,redemption,41610,Madhya Pradesh,Indore,T30,26-35,Male,23.9,UPI,Verified
INV001228,2024-05-01,102886,sip,24070,Karnataka,Bangalore,T30,36-45,Female,29.8,UPI,Verified
INV000609,2024-05-01,120507,sip,875,Tamil Nadu,Coimbatore,B30,18-25,Male,3.9,Mandate,Verified
INV004172,2024-05-01,148568,sip,8407,Madhya Pradesh,Indore,T30,26-35,Male,18.5,Cheque,Verified
INV000935,2024-05-01,148569,sip,3512,Telangana,Hyderabad,T30,36-45,Male,14.6,Cheque,Verified
INV002520,2024-05-01,149324,lumpsum,445635,Tamil Nadu,Chennai,T30,36-45,Male,48.9,Net Banking,Verified
INV002101,2024-05-01,102887,lumpsum,394171,Uttar Pradesh,Lucknow,T30,26-35,Male,14.7,Mandate,Verified
INV000926,2024-05-01,125498,lumpsum,209255,Delhi,New Delhi,T30,36-45,Male,46.1,UPI,Verified
INV000865,2024-05-01,102886,sip,8024,Tamil Nadu,Coimbatore,B30,26-35,Male,24.2,Mandate,Verified
INV004848,2024-05-01,100033,sip,572,Haryana,Gurugram,T30,26-35,Male,15.6,Mandate,Verified
INV001853,2024-05-01,120504,sip,486,Delhi,Noida,T30,18-25,Male,6.1,Net Banking,Verified
INV004377,2024-05-01,118635,sip,3406,Haryana,Faridabad,B30,18-25,Male,6.1,Net Banking,Verified
INV001596,2024-05-01,118636,sip,8361,Telangana,Hyderabad,T30,46-55,Male,61.3,Cheque,Verified
INV003372,2024-05-01,149324,sip,7895,Karnataka,Mysore,B30,36-45,Female,38.1,Net Banking,Verified
INV000810,2024-05-01,119093,sip,26425,Rajasthan,Jaipur,T30,26-35,Male,11.2,Net Banking,Verified
INV004558,2024-05-01,118632,sip,7933,Rajasthan,Jaipur,T30,36-45,Male,56.3,UPI,Verified
INV003220,2024-05-01,102887,sip,2380,Madhya Pradesh,Bhopal,B30,26-35,Male,7.6,Mandate,Verified
INV002153,2024-05-01,119093,sip,2396,Maharashtra,Nashik,B30,18-25,Female,3.5,Cheque,Verified
INV002732,2024-05-01,118633,sip,4403,Uttar Pradesh,Lucknow,T30,18-25,Male,4.5,UPI,Verified
INV002454,2024-05-01,125497,redemption,250029,Uttar Pradesh,Agra,B30,36-45,Male,37.5,Cheque,Verified
INV000073,2024-05-01,118634,sip,1725,Punjab,Amritsar,B30,18-25,Male,5.5,Net Banking,Verified
INV000369,2024-05-01,119093,sip,8246,Delhi,Gurugram,T30,26-35,Male,20.7,Cheque,Verified
INV003568,2024-05-01,101206,redemption,182165,Tamil Nadu,Chennai,T30,18-25,Female,5.3,UPI,Verified
INV001603,2024-05-01,119094,lumpsum,248933,Uttar Pradesh,Agra,B30,46-55,Female,53.9,Mandate,Verified
INV001785,2024-05-01,120842,sip,13745,Karnataka,Mysore,B30,26-35,Male,14.5,UPI,Verified
INV003214,2024-05-01,119120,sip,2123,Punjab,Chandigarh,T30,36-45,Male,18.2,Net Banking,Verified
INV004455,2024-05-01,125497,lumpsum,304202,Telangana,Hyderabad,T30,18-25,Female,3.5,UPI,Verified
INV001019,2024-05-01,120507,sip,12439,Madhya Pradesh,Indore,T30,26-35,Male,10.6,Cheque,Verified
INV004602,2024-05-01,100033,lumpsum,53058,Delhi,Noida,T30,26-35,Female,9.4,Cheque,Verified
INV004490,2024-05-01,101208,redemption,49794,Madhya Pradesh,Indore,T30,18-25,Female,3.9,Mandate,Verified
INV000308,2024-05-01,120504,sip,3549,West Bengal,Kolkata,T30,36-45,Male,52.4,UPI,Verified
INV003567,2024-05-01,118632,sip,8192,Tamil Nadu,Chennai,T30,46-55,Male,76.1,Net Banking,Pending
INV001791,2024-05-01,119094,redemption,144941,Delhi,New Delhi,T30,26-35,Male,13.3,Cheque,Verified
INV003655,2024-05-01,119120,sip,43617,Madhya Pradesh,Bhopal,B30,36-45,Female,24.9,Net Banking,Verified
INV002142,2024-05-01,102887,sip,16356,Tamil Nadu,Chennai,T30,18-25,Male,3.6,Mandate,Verified
INV003795,2024-05-01,119094,sip,15501,West Bengal,Kolkata,T30,18-25,Male,7.6,Cheque,Verified
INV002476,2024-05-01,119120,sip,27685,Telangana,Hyderabad,T30,36-45,Female,58.6,UPI,Verified
INV001974,2024-05-01,118636,lumpsum,64685,Tamil Nadu,Chennai,T30,56+,Male,64.3,Cheque,Verified
INV001142,2024-05-01,102887,sip,25779,Uttar Pradesh,Lucknow,T30,26-35,Male,16.8,Net Banking,Verified
INV002276,2024-05-01,148569,lumpsum,415425,Telangana,Hyderabad,T30,46-55,Male,88.0,Net Banking,Pending
INV000400,2024-05-01,100016,sip,4034,Punjab,Chandigarh,T30,26-35,Male,22.1,Mandate,Verified
INV003587,2024-05-01,120504,redemption,54997,Telangana,Hyderabad,T30,26-35,Female,16.4,Mandate,Verified
INV002560,2024-05-01,120841,sip,914,Haryana,Faridabad,B30,26-35,Male,6.4,Net Banking,Verified
INV003115,2024-05-01,119120,sip,52494,Gujarat,Surat,T30,26-35,Male,23.9,Net Banking,Verified
INV004195,2024-05-01,149324,redemption,132842,Tamil Nadu,Coimbatore,B30,26-35,Male,9.1,Mandate,Verified
INV003514,2024-05-01,119552,sip,13541,Delhi,Gurugram,T30,36-45,Female,40.2,Cheque,Verified
INV000519,2024-05-01,102887,lumpsum,207003,Haryana,Faridabad,B30,26-35,Female,6.3,Cheque,Verified
INV000580,2024-05-01,118632,sip,46989,Uttar Pradesh,Agra,B30,56+,Male,31.8,UPI,Pending
INV004223,2024-05-01,118633,lumpsum,501410,Uttar Pradesh,Agra,B30,36-45,Female,49.3,Net Banking,Pending
INV000843,2024-05-01,119094,sip,5558,Maharashtra,Mumbai,T30,26-35,Male,10.2,Net Banking,Verified
INV002959,2024-05-01,119598,sip,8919,Haryana,Gurugram,T30,18-25,Male,7.3,Net Banking,Verified
INV000075,2024-05-01,148569,sip,8207,Madhya Pradesh,Bhopal,B30,36-45,Male,27.2,Net Banking,Verified
INV003007,2024-05-01,120844,lumpsum,149187,Haryana,Faridabad,B30,26-35,Male,21.8,Net Banking,Verified
INV002445,2024-05-01,119093,sip,413,Punjab,Chandigarh,T30,26-35,Male,9.5,Mandate,Verified
INV001348,2024-05-01,101208,sip,21007,Haryana,Gurugram,T30,26-35,Female,8.6,Mandate,Verified
INV002694,2024-05-01,120842,redemption,223737,West Bengal,Kolkata,T30,26-35,Male,12.9,Cheque,Verified
INV004208,2024-05-01,101206,sip,11562,West Bengal,Kolkata,T30,36-45,Male,53.3,Net Banking,Verified
INV002331,2024-05-02,101206,lumpsum,141383,Haryana,Gurugram,T30,26-35,Female,22.6,Cheque,Verified
INV001185,2024-05-02,120841,lumpsum,338494,Haryana,Faridabad,B30,26-35,Female,22.5,Mandate,Verified
INV003667,2024-05-02,149322,sip,14994,Telangana,Hyderabad,T30,36-45,Female,42.0,Net Banking,Verified
INV001269,2024-05-02,102886,sip,12107,Maharashtra,Mumbai,T30,26-35,Male,14.4,Cheque,Verified
INV001216,2024-05-02,120505,sip,5298,Delhi,New Delhi,T30,18-25,Male,3.4,Cheque,Verified
INV003736,2024-05-02,119095,sip,12717,Karnataka,Mysore,B30,18-25,Male,4.9,UPI,Verified
INV003658,2024-05-02,120506,sip,9102,West Bengal,Kolkata,T30,26-35,Male,6.3,Cheque,Verified
INV003636,2024-05-02,101207,lumpsum,54936,West Bengal,Kolkata,T30,46-55,Female,94.0,Net Banking,Verified
INV002328,2024-05-02,149323,lumpsum,364334,Haryana,Gurugram,T30,26-35,Male,11.6,Mandate,Verified
INV002342,2024-05-02,102887,sip,8569,Maharashtra,Mumbai,T30,26-35,Male,15.8,Mandate,Verified
INV000769,2024-05-02,120507,sip,10497,West Bengal,Kolkata,T30,36-45,Male,41.1,Net Banking,Verified
INV000245,2024-05-02,118635,redemption,119846,Punjab,Amritsar,B30,26-35,Male,6.2,Cheque,Verified
INV004699,2024-05-02,120844,sip,26094,Delhi,Gurugram,T30,46-55,Female,69.7,Mandate,Verified
INV000637,2024-05-02,119599,sip,17398,Punjab,Chandigarh,T30,26-35,Male,13.9,Cheque,Verified
INV003515,2024-05-02,118632,redemption,97474,West Bengal,Kolkata,T30,26-35,Male,16.3,Cheque,Verified
INV004930,2024-05-02,149322,sip,802,West Bengal,Kolkata,T30,26-35,Male,15.5,Mandate,Verified
INV001694,2024-05-02,119093,sip,13298,Punjab,Amritsar,B30,46-55,Female,36.8,Net Banking,Verified
INV003527,2024-05-02,120843,sip,1085,Telangana,Hyderabad,T30,36-45,Female,26.2,Mandate,Verified
INV002390,2024-05-02,101206,sip,3301,Uttar Pradesh,Kanpur,B30,56+,Female,24.4,UPI,Pending
INV000575,2024-05-02,119120,lumpsum,381664,Punjab,Amritsar,B30,26-35,Female,16.4,Cheque,Verified
INV002047,2024-05-02,120507,sip,2678,Tamil Nadu,Coimbatore,B30,26-35,Female,19.5,UPI,Verified
INV003304,2024-05-02,118636,sip,489,Telangana,Hyderabad,T30,18-25,Female,4.8,UPI,Verified
INV002282,2024-05-02,119092,sip,8715,West Bengal,Kolkata,T30,36-45,Male,53.7,UPI,Verified
INV001713,2024-05-02,120503,sip,3575,Uttar Pradesh,Agra,B30,46-55,Male,61.5,Net Banking,Pending
INV003469,2024-05-02,149324,redemption,228623,Maharashtra,Nashik,B30,26-35,Male,9.9,Net Banking,Verified
INV002553,2024-05-02,120844,lumpsum,360201,Gujarat,Ahmedabad,T30,36-45,Female,47.8,UPI,Verified
INV001799,2024-05-02,120841,sip,4601,Rajasthan,Udaipur,B30,56+,Female,45.2,UPI,Verified
INV002240,2024-05-02,125498,lumpsum,307784,Haryana,Faridabad,B30,26-35,Male,24.7,UPI,Pending
INV002905,2024-05-02,119599,redemption,429209,Tamil Nadu,Chennai,T30,36-45,Female,32.4,UPI,Verified
INV004427,2024-05-02,119095,sip,503,Punjab,Amritsar,B30,36-45,Female,54.2,Cheque,Verified
INV000109,2024-05-02,118633,lumpsum,302877,Karnataka,Bangalore,T30,26-35,Female,15.0,Mandate,Verified
INV002712,2024-05-02,148569,sip,12165,Karnataka,Bangalore,T30,46-55,Male,24.8,Net Banking,Verified
INV000729,2024-05-02,118636,sip,54548,Telangana,Hyderabad,T30,36-45,Male,36.5,Net Banking,Verified
INV001802,2024-05-02,149323,sip,8134,Punjab,Chandigarh,T30,46-55,Male,77.7,Mandate,Pending
INV002910,2024-05-02,148568,lumpsum,341514,Haryana,Faridabad,B30,26-35,Female,22.0,Cheque,Verified
INV001082,2024-05-02,118633,sip,3103,Uttar Pradesh,Lucknow,T30,46-55,Female,64.2,Mandate,Verified
INV002307,2024-05-02,101208,sip,4056,Gujarat,Ahmedabad,T30,26-35,Male,24.2,UPI,Verified
INV003390,2024-05-02,102886,sip,11290,Haryana,Faridabad,B30,26-35,Male,9.6,Net Banking,Verified
INV003388,2024-05-02,120841,sip,482,Haryana,Faridabad,B30,56+,Female,39.3,Net Banking,Pending
INV004185,2024-05-02,119599,lumpsum,188411,Tamil Nadu,Coimbatore,B30,46-55,Male,38.5,Net Banking,Verified
INV002523,2024-05-02,120844,sip,6891,Telangana,Hyderabad,T30,46-55,Female,57.2,UPI,Verified
INV004997,2024-05-02,118635,sip,3041,Tamil Nadu,Coimbatore,B30,36-45,Female,54.3,Mandate,Verified
INV003213,2024-05-02,118636,redemption,364781,Uttar Pradesh,Lucknow,T30,26-35,Male,21.3,UPI,Verified
INV000879,2024-05-02,120843,sip,2628,Gujarat,Surat,T30,36-45,Male,59.0,UPI,Verified
INV003216,2024-05-02,119092,lumpsum,436107,Delhi,New Delhi,T30,36-45,Male,12.6,Cheque,Verified
INV001740,2024-05-02,101206,lumpsum,102474,Uttar Pradesh,Kanpur,B30,36-45,Female,53.9,Net Banking,Pending
INV002642,2024-05-02,101207,redemption,334953,Haryana,Gurugram,T30,46-55,Female,48.8,Net Banking,Verified
INV002642,2024-05-02,120841,sip,2295,Haryana,Gurugram,T30,46-55,Female,48.8,Cheque,Verified
INV004400,2024-05-02,101208,sip,53209,Uttar Pradesh,Agra,B30,26-35,Male,19.5,Net Banking,Verified
INV002753,2024-05-02,120843,lumpsum,127052,Uttar Pradesh,Lucknow,T30,26-35,Female,21.2,Cheque,Verified
INV001670,2024-05-02,101208,lumpsum,216770,West Bengal,Kolkata,T30,26-35,Male,16.5,Net Banking,Verified
INV002704,2024-05-02,120504,sip,23542,Delhi,Noida,T30,36-45,Female,47.8,Mandate,Pending
INV001750,2024-05-02,119094,redemption,275581,Telangana,Hyderabad,T30,36-45,Female,38.8,UPI,Verified
INV004973,2024-05-02,119093,sip,950,Tamil Nadu,Coimbatore,B30,26-35,Male,11.3,UPI,Verified
INV000246,2024-05-02,148569,sip,8306,Tamil Nadu,Chennai,T30,26-35,Male,19.7,Net Banking,Verified
INV004208,2024-05-02,120506,sip,8357,West Bengal,Kolkata,T30,36-45,Male,53.3,Mandate,Verified
INV002010,2024-05-02,118635,sip,27549,Uttar Pradesh,Agra,B30,56+,Male,11.6,Mandate,Verified
INV002780,2024-05-02,118636,sip,14630,Haryana,Faridabad,B30,36-45,Male,21.2,Net Banking,Verified
INV000823,2024-05-02,119120,sip,22721,Madhya Pradesh,Bhopal,B30,46-55,Male,41.5,Cheque,Verified
INV003529,2024-05-02,149322,sip,410,Tamil Nadu,Chennai,T30,36-45,Female,36.6,Cheque,Verified
INV004965,2024-05-02,148568,lumpsum,207636,Telangana,Hyderabad,T30,46-55,Female,30.3,Net Banking,Verified
INV004962,2024-05-02,125498,sip,11909,Uttar Pradesh,Agra,B30,18-25,Male,6.7,Net Banking,Pending
INV004863,2024-05-02,119092,sip,8730,Maharashtra,Mumbai,T30,26-35,Male,21.1,Mandate,Verified
INV001647,2024-05-02,149324,redemption,358120,Uttar Pradesh,Kanpur,B30,26-35,Male,7.6,Mandate,Verified
INV002859,2024-05-03,102886,sip,23211,Madhya Pradesh,Indore,T30,26-35,Male,20.1,Mandate,Verified
INV000243,2024-05-03,119552,lumpsum,502810,Punjab,Chandigarh,T30,26-35,Male,21.5,Mandate,Pending
INV001481,2024-05-03,125497,lumpsum,244291,Telangana,Hyderabad,T30,26-35,Male,23.4,Cheque,Verified
INV004427,2024-05-03,118636,sip,43391,Punjab,Amritsar,B30,36-45,Female,54.2,Mandate,Verified
INV000225,2024-05-03,119120,lumpsum,163001,Delhi,New Delhi,T30,56+,Male,44.0,UPI,Verified
INV003585,2024-05-03,100025,sip,7817,Karnataka,Bangalore,T30,18-25,Male,7.0,Cheque,Verified
INV003099,2024-05-03,119120,sip,2991,Gujarat,Surat,T30,36-45,Male,14.4,Mandate,Verified
INV003479,2024-05-03,120503,lumpsum,145544,West Bengal,Kolkata,T30,36-45,Female,44.7,Mandate,Verified
INV004403,2024-05-03,100016,sip,407,West Bengal,Kolkata,T30,26-35,Male,17.6,Cheque,Verified
INV000640,2024-05-03,102887,sip,8756,Telangana,Hyderabad,T30,18-25,Male,5.3,Net Banking,Verified
INV004148,2024-05-03,102886,redemption,256671,Madhya Pradesh,Bhopal,B30,18-25,Male,5.1,Mandate,Pending
INV002270,2024-05-03,119094,lumpsum,354032,Madhya Pradesh,Indore,T30,46-55,Female,23.9,Mandate,Verified
INV001352,2024-05-03,120841,sip,1071,Punjab,Chandigarh,T30,26-35,Female,8.3,Mandate,Verified
INV000433,2024-05-03,102886,sip,12097,Punjab,Amritsar,B30,36-45,Male,56.4,Cheque,Verified
INV002823,2024-05-03,101207,redemption,79617,Telangana,Hyderabad,T30,26-35,Male,21.5,Cheque,Verified
INV003192,2024-05-03,149323,lumpsum,405593,Uttar Pradesh,Lucknow,T30,26-35,Male,22.2,Cheque,Verified
INV000410,2024-05-03,100025,lumpsum,494602,Rajasthan,Jaipur,T30,18-25,Female,5.3,Cheque,Verified
INV002679,2024-05-03,118633,redemption,144820,Uttar Pradesh,Agra,B30,36-45,Male,33.8,Net Banking,Verified
INV004518,2024-05-03,118632,lumpsum,63224,Uttar Pradesh,Lucknow,T30,26-35,Female,24.4,Cheque,Verified
INV004038,2024-05-03,148568,sip,54855,Gujarat,Surat,T30,26-35,Female,24.6,Net Banking,Verified
INV003762,2024-05-03,148567,sip,2910,Telangana,Hyderabad,T30,36-45,Male,39.4,UPI,Verified
INV004493,2024-05-03,101208,sip,29679,Tamil Nadu,Chennai,T30,36-45,Male,19.3,Mandate,Verified
INV000614,2024-05-03,120504,lumpsum,348496,Rajasthan,Udaipur,B30,26-35,Male,6.1,Net Banking,Verified
INV004695,2024-05-03,101207,sip,583,Gujarat,Ahmedabad,T30,26-35,Female,14.3,Net Banking,Verified
INV001065,2024-05-03,102886,sip,10176,Haryana,Gurugram,T30,56+,Female,37.2,Net Banking,Verified
INV001914,2024-05-03,100025,sip,1135,Delhi,Gurugram,T30,56+,Male,61.9,Cheque,Verified
INV000316,2024-05-03,119095,sip,8118,Karnataka,Bangalore,T30,46-55,Female,39.5,UPI,Verified
INV004723,2024-05-03,119095,lumpsum,283530,Gujarat,Surat,T30,26-35,Male,23.0,Mandate,Verified
INV003315,2024-05-03,119095,redemption,69369,Madhya Pradesh,Bhopal,B30,36-45,Female,58.1,Net Banking,Verified
INV001899,2024-05-03,149323,sip,855,Gujarat,Ahmedabad,T30,26-35,Male,7.6,Net Banking,Verified
INV001887,2024-05-03,119095,lumpsum,204688,Karnataka,Mysore,B30,26-35,Female,8.1,UPI,Verified
INV002556,2024-05-03,120842,lumpsum,308928,Delhi,Noida,T30,26-35,Male,8.1,UPI,Pending
INV002558,2024-05-03,120503,sip,11627,Haryana,Faridabad,B30,26-35,Female,9.1,Net Banking,Verified
INV000257,2024-05-03,148567,sip,43763,Gujarat,Surat,T30,36-45,Male,27.9,Mandate,Verified
INV004701,2024-05-03,118635,sip,5264,Haryana,Gurugram,T30,26-35,Male,7.3,Cheque,Pending
INV001856,2024-05-03,120844,redemption,125017,Delhi,New Delhi,T30,36-45,Female,43.5,Net Banking,Verified
INV000645,2024-05-03,119093,redemption,271201,Karnataka,Bangalore,T30,18-25,Male,3.9,Mandate,Verified
INV000087,2024-05-03,120843,redemption,224929,Rajasthan,Jaipur,T30,36-45,Male,56.2,Net Banking,Verified
INV003599,2024-05-03,100025,sip,2890,Madhya Pradesh,Indore,T30,46-55,Male,43.2,Mandate,Verified
INV000751,2024-05-03,119094,sip,9125,Uttar Pradesh,Kanpur,B30,36-45,Male,17.7,Mandate,Verified
INV001705,2024-05-03,120842,sip,13776,Haryana,Faridabad,B30,46-55,Male,84.3,Net Banking,Verified
INV001800,2024-05-03,125498,lumpsum,378305,Tamil Nadu,Chennai,T30,26-35,Female,12.8,Mandate,Verified
INV003684,2024-05-03,119551,sip,24457,Karnataka,Bangalore,T30,36-45,Male,42.9,Cheque,Verified
INV003928,2024-05-03,119092,lumpsum,347177,Rajasthan,Jaipur,T30,36-45,Male,22.8,Cheque,Verified
INV000774,2024-05-03,119093,lumpsum,384120,Telangana,Hyderabad,T30,36-45,Male,34.9,Net Banking,Verified
INV002622,2024-05-03,101207,sip,16725,Karnataka,Mysore,B30,18-25,Female,4.0,UPI,Verified
INV002184,2024-05-03,118633,lumpsum,166699,Uttar Pradesh,Agra,B30,36-45,Female,38.1,Mandate,Verified
INV000786,2024-05-03,120843,sip,4244,Madhya Pradesh,Bhopal,B30,26-35,Male,17.9,Mandate,Verified
INV004237,2024-05-03,148568,sip,540,Haryana,Faridabad,B30,36-45,Male,14.1,Mandate,Verified
INV003548,2024-05-03,101206,sip,3336,Karnataka,Bangalore,T30,26-35,Male,23.3,Cheque,Verified
INV001181,2024-05-03,120504,sip,56623,West Bengal,Kolkata,T30,26-35,Male,21.0,Net Banking,Verified
INV003590,2024-05-03,119551,sip,58448,Karnataka,Bangalore,T30,46-55,Female,23.1,Mandate,Verified
INV000862,2024-05-03,148567,sip,1024,Uttar Pradesh,Agra,B30,26-35,Female,24.4,Cheque,Verified
INV004983,2024-05-03,120841,lumpsum,182271,Madhya Pradesh,Bhopal,B30,26-35,Male,20.6,UPI,Verified
INV002883,2024-05-03,149324,redemption,295703,West Bengal,Kolkata,T30,26-35,Female,12.5,UPI,Verified
INV002912,2024-05-03,118636,lumpsum,49792,Maharashtra,Mumbai,T30,26-35,Female,23.6,Cheque,Verified
INV003427,2024-05-03,125498,lumpsum,6888,West Bengal,Kolkata,T30,18-25,Male,4.4,Net Banking,Verified
INV002149,2024-05-03,120842,sip,15607,Tamil Nadu,Coimbatore,B30,26-35,Male,21.8,Mandate,Verified
INV002149,2024-05-03,119120,sip,9050,Tamil Nadu,Coimbatore,B30,26-35,Male,21.8,UPI,Verified
INV004578,2024-05-03,119551,lumpsum,186847,Haryana,Gurugram,T30,26-35,Male,21.0,UPI,Verified
INV004864,2024-05-03,101206,sip,4856,Punjab,Amritsar,B30,26-35,Female,10.5,Net Banking,Verified
INV000687,2024-05-03,118636,sip,1176,Maharashtra,Pune,T30,36-45,Male,41.0,UPI,Verified
INV004338,2024-05-03,119552,lumpsum,327441,Maharashtra,Mumbai,T30,46-55,Female,82.5,UPI,Verified
INV002640,2024-05-03,149324,lumpsum,137135,Haryana,Faridabad,B30,56+,Female,50.5,UPI,Verified
INV000185,2024-05-04,119093,sip,9973,Telangana,Hyderabad,T30,46-55,Male,50.3,Mandate,Pending
INV003533,2024-05-04,100016,redemption,440266,Telangana,Hyderabad,T30,56+,Female,11.4,Cheque,Verified
INV002119,2024-05-04,101208,sip,29435,Tamil Nadu,Coimbatore,B30,26-35,Female,11.8,Net Banking,Pending
INV004262,2024-05-04,102887,lumpsum,342023,Uttar Pradesh,Agra,B30,26-35,Male,6.2,Net Banking,Verified
INV001341,2024-05-04,118635,sip,2759,Madhya Pradesh,Indore,T30,46-55,Male,89.7,Mandate,Verified
INV004358,2024-05-04,149323,lumpsum,150607,Tamil Nadu,Coimbatore,B30,26-35,Male,6.5,Cheque,Verified
INV001673,2024-05-04,119094,sip,4197,West Bengal,Kolkata,T30,26-35,Male,23.0,Net Banking,Verified
INV000553,2024-05-04,119092,lumpsum,347695,Rajasthan,Jaipur,T30,36-45,Male,50.4,Mandate,Verified
INV000161,2024-05-04,101206,sip,846,Rajasthan,Jaipur,T30,18-25,Female,6.8,Cheque,Verified
INV001644,2024-05-04,119598,sip,59312,Madhya Pradesh,Bhopal,B30,18-25,Female,6.7,UPI,Verified
INV003734,2024-05-04,120503,sip,11922,Tamil Nadu,Coimbatore,B30,56+,Male,70.3,Mandate,Verified
INV002338,2024-05-04,120844,sip,13719,Delhi,New Delhi,T30,26-35,Male,23.6,Mandate,Verified
INV002409,2024-05-04,149323,sip,54509,Punjab,Amritsar,B30,18-25,Female,4.9,Net Banking,Verified
INV004664,2024-05-04,101208,lumpsum,110647,Karnataka,Bangalore,T30,26-35,Male,18.6,UPI,Verified
INV002808,2024-05-04,149324,sip,4499,Uttar Pradesh,Agra,B30,26-35,Male,24.1,Net Banking,Verified
INV004128,2024-05-04,118632,sip,26215,Haryana,Faridabad,B30,18-25,Male,3.3,Mandate,Verified
INV002412,2024-05-04,119120,sip,2347,Karnataka,Bangalore,T30,26-35,Male,11.4,Cheque,Verified
INV000809,2024-05-04,119599,sip,486,Tamil Nadu,Chennai,T30,56+,Male,59.1,Cheque,Verified
INV002954,2024-05-04,118634,sip,12812,Delhi,New Delhi,T30,26-35,Female,6.0,Cheque,Verified
INV002023,2024-05-04,100025,sip,46905,Madhya Pradesh,Indore,T30,36-45,Female,50.5,UPI,Verified
INV001366,2024-05-04,148569,sip,15905,Maharashtra,Pune,T30,26-35,Female,13.6,Cheque,Verified
INV000821,2024-05-04,119092,sip,2611,Uttar Pradesh,Kanpur,B30,36-45,Male,50.1,UPI,Verified
INV000523,2024-05-04,148569,sip,1035,West Bengal,Kolkata,T30,36-45,Male,13.1,Mandate,Verified
INV003184,2024-05-04,119095,sip,5677,Maharashtra,Pune,T30,26-35,Male,8.1,Mandate,Verified
INV000194,2024-05-04,119552,lumpsum,227296,Maharashtra,Pune,T30,36-45,Male,21.6,Mandate,Verified
INV003731,2024-05-04,102886,lumpsum,71482,Tamil Nadu,Coimbatore,B30,26-35,Female,9.9,Cheque,Verified
INV003079,2024-05-04,118636,sip,435,Gujarat,Surat,T30,26-35,Male,8.5,UPI,Verified
INV002179,2024-05-04,120842,sip,1123,Haryana,Gurugram,T30,26-35,Female,12.0,Net Banking,Verified
INV000639,2024-05-04,119092,lumpsum,514276,Tamil Nadu,Coimbatore,B30,18-25,Female,3.6,Cheque,Verified
INV002566,2024-05-04,101206,sip,7262,Uttar Pradesh,Kanpur,B30,26-35,Female,23.0,UPI,Verified
INV002582,2024-05-04,102886,redemption,406798,Telangana,Hyderabad,T30,26-35,Female,11.1,UPI,Verified
INV002881,2024-05-04,148569,sip,2609,Uttar Pradesh,Agra,B30,26-35,Female,11.4,UPI,Verified
INV003352,2024-05-04,120844,sip,7674,Maharashtra,Mumbai,T30,36-45,Male,59.3,Cheque,Pending
INV002689,2024-05-04,120506,sip,531,Madhya Pradesh,Bhopal,B30,26-35,Male,7.4,UPI,Verified
INV004891,2024-05-04,119094,lumpsum,191043,Telangana,Hyderabad,T30,46-55,Female,83.5,Cheque,Verified
INV000963,2024-05-04,149322,redemption,284945,Punjab,Chandigarh,T30,18-25,Male,4.9,Cheque,Verified
INV004345,2024-05-04,149323,lumpsum,30795,West Bengal,Kolkata,T30,36-45,Female,33.3,UPI,Pending
INV002223,2024-05-04,118635,redemption,53740,Karnataka,Bangalore,T30,36-45,Female,40.7,Mandate,Verified
INV002253,2024-05-04,120506,redemption,334394,West Bengal,Kolkata,T30,46-55,Male,28.6,Mandate,Pending
INV002989,2024-05-04,100025,lumpsum,76012,Haryana,Faridabad,B30,46-55,Male,16.3,Mandate,Verified
INV000107,2024-05-04,101206,sip,2026,Maharashtra,Mumbai,T30,26-35,Male,14.7,UPI,Verified
INV001834,2024-05-04,101206,sip,10720,Gujarat,Ahmedabad,T30,26-35,Male,11.4,Mandate,Verified
INV004748,2024-05-04,100016,sip,3205,Delhi,Noida,T30,26-35,Male,12.6,Cheque,Verified
INV001388,2024-05-04,119120,sip,2386,Punjab,Amritsar,B30,46-55,Male,72.8,Mandate,Verified
INV003977,2024-05-04,119093,sip,57886,Rajasthan,Udaipur,B30,46-55,Male,77.8,Cheque,Verified
INV001844,2024-05-04,118633,redemption,86674,West Bengal,Kolkata,T30,26-35,Female,18.8,UPI,Verified
INV003612,2024-05-04,119552,redemption,336642,Gujarat,Surat,T30,56+,Male,71.8,UPI,Verified
INV000663,2024-05-04,101208,sip,2355,Haryana,Gurugram,T30,26-35,Female,13.8,Mandate,Verified
INV002957,2024-05-04,118635,lumpsum,169698,Tamil Nadu,Chennai,T30,26-35,Male,15.5,Net Banking,Verified
INV000307,2024-05-04,120843,sip,7847,Telangana,Hyderabad,T30,18-25,Male,7.8,Cheque,Verified
INV002255,2024-05-04,149322,sip,7025,Rajasthan,Jaipur,T30,26-35,Male,24.0,UPI,Verified
INV003310,2024-05-04,119552,lumpsum,102240,Telangana,Hyderabad,T30,26-35,Male,8.0,UPI,Verified
INV002767,2024-05-04,120504,lumpsum,407901,Madhya Pradesh,Indore,T30,26-35,Male,10.8,Cheque,Verified
INV002590,2024-05-04,119551,sip,881,West Bengal,Kolkata,T30,36-45,Male,45.1,Net Banking,Verified
INV004534,2024-05-04,102885,sip,2595,Maharashtra,Nashik,B30,26-35,Male,8.8,Net Banking,Verified
INV004151,2024-05-05,120505,sip,54885,Karnataka,Mysore,B30,26-35,Male,21.6,UPI,Verified
INV001665,2024-05-05,118632,sip,584,Telangana,Hyderabad,T30,36-45,Male,35.1,Net Banking,Verified
INV000908,2024-05-05,102885,sip,3544,Karnataka,Mysore,B30,26-35,Male,11.3,UPI,Verified
INV003331,2024-05-05,149322,redemption,285601,Karnataka,Bangalore,T30,26-35,Female,7.1,Mandate,Verified
INV002788,2024-05-05,119095,sip,951,Uttar Pradesh,Agra,B30,26-35,Male,23.5,Mandate,Verified
INV002791,2024-05-05,120503,sip,2935,Madhya Pradesh,Indore,T30,36-45,Male,54.9,Cheque,Verified
INV003355,2024-05-05,119599,sip,418,West Bengal,Kolkata,T30,26-35,Female,14.6,Mandate,Verified
INV001553,2024-05-05,119552,sip,4264,Delhi,Noida,T30,26-35,Male,23.5,UPI,Verified
INV001815,2024-05-05,120844,sip,1149,West Bengal,Kolkata,T30,26-35,Female,23.7,Net Banking,Pending
INV001547,2024-05-05,120506,sip,3519,Tamil Nadu,Coimbatore,B30,36-45,Male,55.7,UPI,Verified
INV002783,2024-05-05,149322,sip,14181,West Bengal,Kolkata,T30,26-35,Male,7.0,Net Banking,Verified
INV002922,2024-05-05,101206,sip,9053,Punjab,Chandigarh,T30,18-25,Male,3.0,Net Banking,Verified
INV001712,2024-05-05,119599,lumpsum,331733,West Bengal,Kolkata,T30,18-25,Male,6.2,Mandate,Verified
INV002707,2024-05-05,102886,lumpsum,497440,Maharashtra,Mumbai,T30,26-35,Male,24.7,UPI,Verified
INV000522,2024-05-05,125498,sip,2556,Punjab,Chandigarh,T30,26-35,Female,10.8,Net Banking,Verified
INV001574,2024-05-05,100016,sip,9228,Maharashtra,Mumbai,T30,36-45,Female,35.7,Mandate,Verified
INV001916,2024-05-05,120503,redemption,222088,Haryana,Gurugram,T30,26-35,Male,11.0,UPI,Verified
INV002740,2024-05-05,102887,lumpsum,303170,Maharashtra,Mumbai,T30,26-35,Female,24.5,UPI,Verified
INV004349,2024-05-05,120844,lumpsum,36085,Haryana,Gurugram,T30,26-35,Female,9.3,Net Banking,Verified
INV002504,2024-05-05,119598,lumpsum,198617,Madhya Pradesh,Bhopal,B30,26-35,Male,22.4,Mandate,Verified
INV004313,2024-05-05,120507,sip,14149,Maharashtra,Nashik,B30,36-45,Male,44.3,Cheque,Verified
INV003242,2024-05-05,149323,sip,12559,Punjab,Chandigarh,T30,26-35,Female,18.1,UPI,Verified
INV003594,2024-05-05,148569,sip,43296,Madhya Pradesh,Indore,T30,18-25,Male,5.8,Cheque,Verified
INV003252,2024-05-05,100025,sip,16622,Tamil Nadu,Chennai,T30,46-55,Male,95.5,UPI,Verified
INV000458,2024-05-05,118634,sip,852,Rajasthan,Udaipur,B30,56+,Male,18.9,Mandate,Verified
INV003101,2024-05-05,100016,sip,4585,Tamil Nadu,Chennai,T30,26-35,Female,24.8,Cheque,Verified
INV002894,2024-05-05,120843,redemption,298953,Delhi,Noida,T30,26-35,Male,10.4,Net Banking,Verified
INV003693,2024-05-05,120842,sip,29686,Madhya Pradesh,Bhopal,B30,36-45,Male,25.2,Net Banking,Verified
INV001466,2024-05-05,119094,sip,17528,Delhi,Noida,T30,46-55,Female,20.3,Mandate,Verified
INV001356,2024-05-05,102885,sip,1075,Gujarat,Ahmedabad,T30,26-35,Male,19.7,Cheque,Verified
INV003985,2024-05-05,120507,sip,14763,Tamil Nadu,Coimbatore,B30,18-25,Male,4.3,Mandate,Verified
INV002391,2024-05-05,100016,sip,1941,Madhya Pradesh,Bhopal,B30,18-25,Female,7.9,Mandate,Verified
INV002863,2024-05-05,102887,sip,7226,Rajasthan,Udaipur,B30,36-45,Female,49.8,Net Banking,Verified
INV000360,2024-05-05,120505,sip,9763,Maharashtra,Mumbai,T30,36-45,Female,55.3,Cheque,Verified
INV002955,2024-05-05,101208,redemption,238216,Tamil Nadu,Coimbatore,B30,36-45,Female,46.9,UPI,Verified
INV004896,2024-05-05,119552,redemption,12392,Uttar Pradesh,Agra,B30,18-25,Female,3.5,Net Banking,Verified
INV004665,2024-05-05,119120,redemption,448517,Madhya Pradesh,Bhopal,B30,36-45,Male,17.1,UPI,Verified
INV000346,2024-05-05,149322,redemption,125921,Haryana,Faridabad,B30,26-35,Male,22.0,Mandate,Verified
INV002154,2024-05-05,149322,sip,1036,Uttar Pradesh,Lucknow,T30,36-45,Male,40.5,Cheque,Verified
INV004701,2024-05-05,118632,sip,14454,Haryana,Gurugram,T30,26-35,Male,7.3,Net Banking,Verified
INV004889,2024-05-05,119599,redemption,357550,Rajasthan,Jaipur,T30,46-55,Male,34.5,Net Banking,Verified
INV004884,2024-05-05,100025,sip,3220,Karnataka,Bangalore,T30,18-25,Male,4.7,Cheque,Verified
INV003053,2024-05-05,119095,sip,2804,Delhi,Gurugram,T30,46-55,Male,57.4,UPI,Pending
INV003210,2024-05-05,120507,sip,595,Haryana,Faridabad,B30,36-45,Female,23.1,Net Banking,Verified
INV004617,2024-05-05,119598,sip,3391,Karnataka,Bangalore,T30,26-35,Male,22.1,Cheque,Pending
INV001109,2024-05-05,118635,sip,2821,Delhi,Noida,T30,26-35,Male,18.4,UPI,Verified
INV002111,2024-05-05,100025,redemption,176168,Telangana,Hyderabad,T30,36-45,Female,29.2,Mandate,Verified
INV004774,2024-05-05,119552,redemption,477204,Tamil Nadu,Coimbatore,B30,36-45,Male,21.8,Cheque,Verified
INV001039,2024-05-05,119599,sip,5196,Gujarat,Surat,T30,36-45,Male,12.8,Cheque,Verified
INV001350,2024-05-05,120843,lumpsum,272581,Madhya Pradesh,Bhopal,B30,46-55,Female,31.7,Net Banking,Verified
INV000012,2024-05-05,149322,redemption,279075,Uttar Pradesh,Kanpur,B30,46-55,Male,51.6,Cheque,Verified
INV002382,2024-05-05,119092,sip,1985,Maharashtra,Mumbai,T30,26-35,Male,18.5,UPI,Verified
INV001452,2024-05-05,101208,sip,2231,Delhi,Gurugram,T30,26-35,Female,15.6,Net Banking,Verified
INV001654,2024-05-05,101207,sip,3310,Uttar Pradesh,Lucknow,T30,36-45,Female,28.1,Net Banking,Verified
INV001198,2024-05-05,148568,lumpsum,271716,Maharashtra,Mumbai,T30,26-35,Female,20.4,Cheque,Pending
INV000024,2024-05-05,102886,sip,4483,Delhi,Gurugram,T30,36-45,Female,27.0,Mandate,Verified
INV003005,2024-05-05,148569,lumpsum,194335,Punjab,Amritsar,B30,26-35,Male,24.5,Net Banking,Verified
INV001063,2024-05-05,119094,sip,840,Haryana,Faridabad,B30,26-35,Male,24.1,Net Banking,Verified
INV003648,2024-05-05,119599,redemption,461725,Haryana,Faridabad,B30,46-55,Male,74.1,Net Banking,Verified
INV004008,2024-05-05,120503,redemption,409508,Maharashtra,Nashik,B30,46-55,Male,17.2,Net Banking,Verified
INV003007,2024-05-05,119120,sip,1026,Haryana,Faridabad,B30,26-35,Male,21.8,UPI,Verified
INV003083,2024-05-05,119598,redemption,135003,Madhya Pradesh,Bhopal,B30,56+,Female,41.3,Mandate,Verified
INV003314,2024-05-06,118633,sip,3352,Telangana,Hyderabad,T30,36-45,Female,25.6,Mandate,Verified
INV000223,2024-05-06,148567,sip,29488,West Bengal,Kolkata,T30,26-35,Male,6.3,UPI,Verified
INV004869,2024-05-06,125498,sip,6216,West Bengal,Kolkata,T30,26-35,Male,9.7,Cheque,Verified
INV003798,2024-05-06,102887,lumpsum,240815,Karnataka,Bangalore,T30,36-45,Male,53.9,Mandate,Verified
INV000138,2024-05-06,119120,sip,48903,Telangana,Hyderabad,T30,26-35,Male,24.7,Mandate,Pending
INV002473,2024-05-06,102887,lumpsum,74468,Uttar Pradesh,Lucknow,T30,36-45,Male,41.8,Net Banking,Verified
INV002326,2024-05-06,149324,lumpsum,321525,Telangana,Hyderabad,T30,36-45,Female,33.2,Cheque,Verified
INV002718,2024-05-06,118635,sip,6507,Telangana,Hyderabad,T30,36-45,Male,15.6,Net Banking,Pending
INV000158,2024-05-06,120507,lumpsum,350783,Madhya Pradesh,Bhopal,B30,36-45,Male,26.1,Net Banking,Pending
INV004834,2024-05-06,118634,sip,3262,Delhi,New Delhi,T30,26-35,Male,20.0,Mandate,Verified
INV000210,2024-05-06,119552,sip,2033,Rajasthan,Jaipur,T30,26-35,Male,9.1,Cheque,Verified
INV000646,2024-05-06,118636,redemption,389318,Uttar Pradesh,Lucknow,T30,26-35,Female,23.9,Mandate,Verified
INV002358,2024-05-06,149322,sip,15636,Telangana,Hyderabad,T30,36-45,Female,55.6,Cheque,Verified
INV000747,2024-05-06,119095,lumpsum,407584,West Bengal,Kolkata,T30,36-45,Female,40.3,Cheque,Verified
INV001455,2024-05-06,148569,sip,1781,Madhya Pradesh,Indore,T30,36-45,Male,26.8,Cheque,Verified
INV001558,2024-05-06,118635,lumpsum,574251,West Bengal,Kolkata,T30,56+,Female,23.8,Cheque,Verified
INV004990,2024-05-06,119551,sip,2370,Maharashtra,Nashik,B30,26-35,Female,9.5,Cheque,Verified
INV001242,2024-05-06,101207,lumpsum,444286,Tamil Nadu,Chennai,T30,36-45,Male,57.8,Net Banking,Verified
INV002754,2024-05-06,119094,sip,52149,Karnataka,Bangalore,T30,46-55,Male,82.6,Net Banking,Verified
INV001447,2024-05-06,119120,sip,25222,Madhya Pradesh,Indore,T30,26-35,Female,14.6,Mandate,Verified
INV003005,2024-05-06,101207,sip,8736,Punjab,Amritsar,B30,26-35,Male,24.5,Net Banking,Verified
INV003007,2024-05-06,149322,sip,11480,Haryana,Faridabad,B30,26-35,Male,21.8,Net Banking,Verified
INV004231,2024-05-06,120505,sip,3057,West Bengal,Kolkata,T30,56+,Male,17.5,Cheque,Verified
INV001149,2024-05-06,120842,redemption,332009,Karnataka,Bangalore,T30,26-35,Female,8.8,Cheque,Verified
INV003537,2024-05-06,120841,sip,14095,Punjab,Amritsar,B30,18-25,Male,3.7,Cheque,Pending
INV000788,2024-05-06,119598,sip,1841,Haryana,Gurugram,T30,26-35,Male,20.7,Net Banking,Verified
INV004948,2024-05-06,120841,redemption,209655,Madhya Pradesh,Indore,T30,56+,Male,54.1,Mandate,Verified
INV004122,2024-05-06,119093,sip,2126,West Bengal,Kolkata,T30,26-35,Male,20.5,Mandate,Verified
INV000065,2024-05-06,119094,sip,56749,Maharashtra,Mumbai,T30,46-55,Female,43.2,Cheque,Verified
INV002167,2024-05-06,118633,lumpsum,119601,Rajasthan,Jaipur,T30,26-35,Female,8.7,Mandate,Verified
INV004273,2024-05-06,102885,sip,10745,Haryana,Faridabad,B30,26-35,Male,17.5,Mandate,Verified
INV004117,2024-05-06,120503,sip,7633,Uttar Pradesh,Kanpur,B30,18-25,Male,6.2,Mandate,Verified
INV001186,2024-05-06,120507,sip,2301,Maharashtra,Pune,T30,26-35,Male,19.8,UPI,Verified
INV001612,2024-05-06,118634,sip,5473,Haryana,Gurugram,T30,26-35,Female,12.0,Net Banking,Verified
INV000625,2024-05-06,149322,sip,587,Rajasthan,Jaipur,T30,46-55,Female,19.7,Cheque,Verified
INV000751,2024-05-06,118634,sip,1948,Uttar Pradesh,Kanpur,B30,36-45,Male,17.7,Net Banking,Verified
INV000055,2024-05-06,118634,sip,10020,Karnataka,Bangalore,T30,26-35,Male,13.5,UPI,Verified
INV001547,2024-05-06,149323,lumpsum,455347,Tamil Nadu,Coimbatore,B30,36-45,Male,55.7,Mandate,Verified
INV001178,2024-05-06,118634,sip,2350,West Bengal,Kolkata,T30,26-35,Female,10.3,Cheque,Verified
INV001678,2024-05-06,120507,lumpsum,239708,Delhi,New Delhi,T30,36-45,Female,38.8,Cheque,Verified
INV000489,2024-05-06,119552,lumpsum,275968,Uttar Pradesh,Agra,B30,18-25,Male,7.4,UPI,Verified
INV004612,2024-05-06,100033,redemption,329760,Tamil Nadu,Coimbatore,B30,26-35,Female,8.6,UPI,Verified
INV001954,2024-05-06,102886,sip,9633,Uttar Pradesh,Agra,B30,26-35,Male,15.6,Mandate,Verified
INV000293,2024-05-06,149323,sip,10885,Karnataka,Mysore,B30,26-35,Female,19.3,UPI,Verified
INV003219,2024-05-06,120844,redemption,147430,Maharashtra,Pune,T30,46-55,Male,57.8,UPI,Verified
INV002934,2024-05-06,120841,sip,590,Delhi,Noida,T30,36-45,Male,25.8,UPI,Verified
INV004720,2024-05-06,119120,sip,3478,Gujarat,Surat,T30,46-55,Female,95.7,UPI,Pending
INV002000,2024-05-06,125497,redemption,388479,Rajasthan,Jaipur,T30,36-45,Female,57.6,Mandate,Verified
INV003740,2024-05-06,102885,sip,440,Karnataka,Bangalore,T30,56+,Female,16.2,Cheque,Verified
INV002879,2024-05-06,120844,sip,2411,Tamil Nadu,Coimbatore,B30,46-55,Male,26.0,Net Banking,Verified
INV001218,2024-05-06,119095,lumpsum,183954,Madhya Pradesh,Bhopal,B30,36-45,Male,21.1,Mandate,Verified
INV003750,2024-05-06,100033,sip,5889,Uttar Pradesh,Kanpur,B30,26-35,Female,23.6,Cheque,Pending
INV003574,2024-05-06,148569,sip,403,Haryana,Faridabad,B30,46-55,Male,48.4,Net Banking,Verified
INV003511,2024-05-06,118636,sip,2621,Haryana,Gurugram,T30,46-55,Male,36.8,Net Banking,Verified
INV003686,2024-05-07,120504,redemption,223354,Gujarat,Surat,T30,18-25,Male,3.8,Cheque,Verified
INV004783,2024-05-07,119552,redemption,160547,Tamil Nadu,Coimbatore,B30,36-45,Male,39.0,Mandate,Pending
INV004510,2024-05-07,119095,redemption,375646,Haryana,Gurugram,T30,56+,Male,71.8,UPI,Verified
INV000231,2024-05-07,101206,sip,2770,Rajasthan,Udaipur,B30,26-35,Female,22.9,UPI,Pending
INV001060,2024-05-07,125497,lumpsum,488248,Telangana,Hyderabad,T30,36-45,Male,29.0,UPI,Verified
INV004282,2024-05-07,101206,redemption,209840,Punjab,Amritsar,B30,26-35,Male,20.8,Mandate,Verified
INV002875,2024-05-07,102885,sip,16474,Delhi,Noida,T30,26-35,Male,23.9,Cheque,Verified
INV004306,2024-05-07,120841,sip,27703,Telangana,Hyderabad,T30,26-35,Female,20.4,Net Banking,Verified
INV004891,2024-05-07,149322,sip,445,Telangana,Hyderabad,T30,46-55,Female,83.5,Cheque,Verified
INV003234,2024-05-07,100025,lumpsum,151777,Telangana,Hyderabad,T30,26-35,Male,13.5,Net Banking,Verified
INV002804,2024-05-07,102885,sip,4805,Madhya Pradesh,Indore,T30,36-45,Male,39.9,Net Banking,Verified
INV004208,2024-05-07,102887,redemption,516000,West Bengal,Kolkata,T30,36-45,Male,53.3,Net Banking,Verified
INV001053,2024-05-07,118636,sip,9774,West Bengal,Kolkata,T30,46-55,Female,79.0,Mandate,Verified
INV001966,2024-05-07,118632,sip,6696,Telangana,Hyderabad,T30,18-25,Male,4.0,Cheque,Verified
INV000554,2024-05-07,119552,sip,1149,Delhi,Noida,T30,36-45,Male,12.3,UPI,Verified
INV003454,2024-05-07,119599,sip,2851,Telangana,Hyderabad,T30,26-35,Male,18.3,Mandate,Verified
INV000488,2024-05-07,119120,redemption,585198,Karnataka,Mysore,B30,56+,Male,31.4,Cheque,Verified
INV003822,2024-05-07,102885,lumpsum,198600,Rajasthan,Jaipur,T30,26-35,Male,12.9,Cheque,Verified
INV001254,2024-05-07,101206,redemption,117785,Punjab,Chandigarh,T30,26-35,Male,20.5,Mandate,Verified
INV002302,2024-05-07,148568,lumpsum,516020,West Bengal,Kolkata,T30,26-35,Male,10.1,Net Banking,Pending
INV003034,2024-05-07,119120,sip,1169,Tamil Nadu,Chennai,T30,26-35,Male,7.2,UPI,Verified
INV004956,2024-05-07,119095,redemption,302986,Maharashtra,Mumbai,T30,46-55,Male,62.4,Mandate,Verified
INV000500,2024-05-07,119599,sip,1685,West Bengal,Kolkata,T30,26-35,Female,19.9,UPI,Verified
INV000499,2024-05-07,120503,sip,1824,Delhi,New Delhi,T30,36-45,Female,59.5,Net Banking,Verified
INV002344,2024-05-07,101206,sip,9989,Punjab,Chandigarh,T30,46-55,Female,92.9,Net Banking,Verified
INV003921,2024-05-07,102885,sip,1087,Madhya Pradesh,Bhopal,B30,46-55,Male,87.4,Mandate,Verified
INV003178,2024-05-07,119093,sip,15422,Telangana,Hyderabad,T30,46-55,Female,60.9,Cheque,Verified
INV001338,2024-05-07,100033,lumpsum,417276,Gujarat,Surat,T30,26-35,Female,21.7,Cheque,Verified
INV000560,2024-05-07,120506,sip,3198,Punjab,Chandigarh,T30,18-25,Male,3.4,Cheque,Verified
INV003747,2024-05-07,148568,sip,7637,Madhya Pradesh,Indore,T30,26-35,Female,21.7,UPI,Verified
INV000268,2024-05-07,149324,redemption,164544,Haryana,Gurugram,T30,18-25,Female,4.7,UPI,Verified
INV000292,2024-05-07,100033,redemption,155972,Uttar Pradesh,Lucknow,T30,18-25,Male,3.3,UPI,Verified
INV003473,2024-05-07,120843,sip,9316,Telangana,Hyderabad,T30,26-35,Male,16.5,Cheque,Verified
INV004392,2024-05-07,102885,sip,25543,West Bengal,Kolkata,T30,18-25,Male,6.7,Net Banking,Verified
INV001170,2024-05-07,119552,lumpsum,451612,Karnataka,Mysore,B30,36-45,Male,34.6,UPI,Verified
INV004576,2024-05-07,102885,sip,2149,Rajasthan,Jaipur,T30,46-55,Male,54.5,Net Banking,Verified
INV001001,2024-05-07,119551,sip,452,Madhya Pradesh,Indore,T30,26-35,Female,20.7,UPI,Verified
INV002206,2024-05-07,119551,sip,4816,Tamil Nadu,Chennai,T30,18-25,Male,7.7,UPI,Verified
INV002643,2024-05-07,125497,sip,2900,Telangana,Hyderabad,T30,36-45,Male,29.2,Cheque,Verified
INV000664,2024-05-07,102886,sip,4208,West Bengal,Kolkata,T30,26-35,Male,21.1,Mandate,Verified
INV004369,2024-05-07,102886,redemption,352729,West Bengal,Kolkata,T30,26-35,Male,16.8,UPI,Verified
INV000180,2024-05-07,120844,sip,3002,Tamil Nadu,Coimbatore,B30,46-55,Female,24.7,Cheque,Verified
INV001690,2024-05-07,120504,sip,2401,Rajasthan,Jaipur,T30,36-45,Male,27.6,Cheque,Verified
INV004758,2024-05-07,148568,sip,3519,Punjab,Amritsar,B30,18-25,Female,4.4,Cheque,Verified
INV000017,2024-05-07,148568,redemption,430273,Gujarat,Surat,T30,46-55,Female,31.5,Mandate,Verified
INV001588,2024-05-07,101206,lumpsum,206158,Karnataka,Bangalore,T30,56+,Male,75.2,Net Banking,Verified
INV002265,2024-05-07,118636,sip,2599,Rajasthan,Jaipur,T30,18-25,Female,3.8,Cheque,Verified
INV000154,2024-05-07,149322,sip,598,Haryana,Faridabad,B30,36-45,Male,51.3,Cheque,Pending
INV003057,2024-05-07,148567,redemption,233965,Punjab,Chandigarh,T30,18-25,Male,6.4,Net Banking,Verified
INV004769,2024-05-07,118636,lumpsum,255032,Punjab,Amritsar,B30,46-55,Female,25.3,Cheque,Verified
INV002783,2024-05-07,118633,lumpsum,41404,West Bengal,Kolkata,T30,26-35,Male,7.0,UPI,Verified
INV000225,2024-05-07,102886,lumpsum,228977,Delhi,New Delhi,T30,56+,Male,44.0,UPI,Verified
INV002720,2024-05-07,120507,lumpsum,436247,Karnataka,Bangalore,T30,26-35,Male,19.2,Net Banking,Verified
INV002552,2024-05-07,101206,sip,1604,Delhi,Gurugram,T30,36-45,Male,24.4,Cheque,Verified
INV004466,2024-05-07,149323,lumpsum,208171,Gujarat,Surat,T30,18-25,Female,3.7,Cheque,Verified
INV003874,2024-05-07,102886,sip,580,Punjab,Amritsar,B30,26-35,Female,16.5,Mandate,Pending
INV004412,2024-05-07,120843,redemption,90840,Punjab,Amritsar,B30,26-35,Female,21.6,UPI,Verified
INV003712,2024-05-07,119551,sip,4115,Maharashtra,Pune,T30,46-55,Male,82.6,UPI,Verified
INV001694,2024-05-07,118633,sip,56690,Punjab,Amritsar,B30,46-55,Female,36.8,Mandate,Verified
INV002431,2024-05-07,100033,lumpsum,63900,Delhi,Noida,T30,26-35,Female,14.8,Cheque,Verified
INV004958,2024-05-08,118636,sip,55267,Maharashtra,Mumbai,T30,36-45,Male,20.9,Mandate,Verified
INV003202,2024-05-08,148568,sip,56809,Maharashtra,Pune,T30,46-55,Male,48.9,Cheque,Verified
INV001347,2024-05-08,119093,sip,2706,Madhya Pradesh,Indore,T30,46-55,Male,57.6,Mandate,Verified
INV002198,2024-05-08,120842,sip,2503,Delhi,Gurugram,T30,36-45,Female,43.3,Mandate,Verified
INV003742,2024-05-08,119093,redemption,185935,Tamil Nadu,Chennai,T30,56+,Female,53.9,UPI,Verified
INV000471,2024-05-08,101208,lumpsum,390069,West Bengal,Kolkata,T30,18-25,Male,4.2,UPI,Verified
INV001753,2024-05-08,125497,sip,10127,Rajasthan,Jaipur,T30,26-35,Male,10.0,UPI,Pending
INV002752,2024-05-08,120505,sip,2256,Rajasthan,Udaipur,B30,26-35,Male,20.1,Mandate,Verified
INV003194,2024-05-08,119094,redemption,54814,Haryana,Faridabad,B30,26-35,Female,19.5,Net Banking,Verified
INV002600,2024-05-08,120844,sip,1990,Madhya Pradesh,Bhopal,B30,36-45,Female,54.1,Mandate,Verified
INV002693,2024-05-08,119120,lumpsum,264240,Uttar Pradesh,Kanpur,B30,26-35,Male,22.5,UPI,Verified
INV001452,2024-05-08,120841,sip,12361,Delhi,Gurugram,T30,26-35,Female,15.6,Net Banking,Pending
INV004581,2024-05-08,118636,lumpsum,249965,Gujarat,Surat,T30,26-35,Male,14.7,UPI,Verified
INV002455,2024-05-08,120841,sip,5559,West Bengal,Kolkata,T30,26-35,Male,13.4,Net Banking,Verified
INV001499,2024-05-08,101208,sip,10623,Karnataka,Mysore,B30,26-35,Male,12.9,Mandate,Verified
INV003028,2024-05-08,118632,sip,11478,Tamil Nadu,Chennai,T30,26-35,Female,12.8,UPI,Verified
INV004401,2024-05-08,118635,sip,8917,Rajasthan,Udaipur,B30,26-35,Male,22.6,Cheque,Verified
INV000203,2024-05-08,149323,sip,6689,Maharashtra,Nashik,B30,26-35,Male,16.0,Net Banking,Verified
INV000642,2024-05-08,148569,sip,2644,Gujarat,Surat,T30,26-35,Male,15.6,Mandate,Verified
INV004830,2024-05-08,119092,redemption,30100,Gujarat,Ahmedabad,T30,26-35,Male,15.1,UPI,Verified
INV001300,2024-05-08,102886,lumpsum,120878,Uttar Pradesh,Agra,B30,36-45,Female,53.8,UPI,Verified
INV004442,2024-05-08,101208,sip,3070,Haryana,Faridabad,B30,18-25,Male,5.8,Net Banking,Verified
INV002486,2024-05-08,125497,sip,43651,Gujarat,Surat,T30,56+,Male,16.2,Cheque,Verified
INV000180,2024-05-08,119094,sip,597,Tamil Nadu,Coimbatore,B30,46-55,Female,24.7,Cheque,Verified
INV002935,2024-05-08,118633,sip,5488,Madhya Pradesh,Indore,T30,18-25,Male,5.6,Cheque,Verified
INV001326,2024-05-08,120844,sip,27452,Rajasthan,Udaipur,B30,46-55,Male,54.9,Cheque,Verified
INV000137,2024-05-08,149322,lumpsum,148250,Rajasthan,Jaipur,T30,26-35,Female,12.0,Mandate,Verified
INV003766,2024-05-08,101208,sip,555,West Bengal,Kolkata,T30,36-45,Male,52.3,UPI,Verified
INV001497,2024-05-08,120504,sip,1188,Maharashtra,Mumbai,T30,36-45,Male,56.8,Cheque,Verified
INV001784,2024-05-08,120841,sip,29912,Madhya Pradesh,Bhopal,B30,26-35,Male,15.5,Mandate,Verified
INV001814,2024-05-08,118632,sip,1939,West Bengal,Kolkata,T30,26-35,Female,6.9,UPI,Verified
INV000337,2024-05-08,118632,redemption,242705,Haryana,Faridabad,B30,56+,Female,73.4,Net Banking,Verified
INV004293,2024-05-08,120842,lumpsum,36633,Rajasthan,Jaipur,T30,36-45,Male,54.9,Net Banking,Verified
INV000759,2024-05-08,125497,sip,422,Gujarat,Ahmedabad,T30,26-35,Male,7.6,Cheque,Verified
INV003595,2024-05-08,101206,lumpsum,198847,Tamil Nadu,Coimbatore,B30,56+,Female,74.5,Cheque,Verified
INV003380,2024-05-08,100025,sip,2762,Delhi,Noida,T30,36-45,Male,21.0,UPI,Verified
INV003685,2024-05-08,120506,sip,13700,Gujarat,Ahmedabad,T30,26-35,Male,10.4,UPI,Verified
INV002974,2024-05-08,101207,lumpsum,161775,Telangana,Hyderabad,T30,26-35,Female,21.9,Cheque,Pending
INV002459,2024-05-08,119095,redemption,171895,Rajasthan,Udaipur,B30,18-25,Female,5.2,UPI,Verified
INV003634,2024-05-08,120844,sip,2872,Punjab,Chandigarh,T30,46-55,Female,87.5,Cheque,Verified
INV000097,2024-05-08,120844,lumpsum,78613,Karnataka,Mysore,B30,18-25,Male,6.0,Net Banking,Verified
INV003380,2024-05-08,118632,lumpsum,328487,Delhi,Noida,T30,36-45,Male,21.0,UPI,Verified
INV002256,2024-05-08,101206,sip,14189,Rajasthan,Jaipur,T30,46-55,Male,49.6,Net Banking,Verified
INV004922,2024-05-08,120507,lumpsum,357848,Haryana,Gurugram,T30,56+,Male,28.2,Net Banking,Verified
INV003360,2024-05-08,119093,sip,467,Madhya Pradesh,Indore,T30,26-35,Female,19.5,Cheque,Pending
INV001857,2024-05-08,102885,redemption,346720,Tamil Nadu,Chennai,T30,26-35,Male,24.0,Net Banking,Verified
INV003279,2024-05-08,119092,sip,56766,Rajasthan,Jaipur,T30,46-55,Female,19.4,Mandate,Verified
INV001677,2024-05-08,102885,lumpsum,429773,Rajasthan,Udaipur,B30,26-35,Male,23.2,Net Banking,Verified
INV000914,2024-05-08,101206,redemption,360638,Karnataka,Mysore,B30,18-25,Male,3.8,Cheque,Verified
INV004134,2024-05-08,118632,sip,4001,West Bengal,Kolkata,T30,36-45,Male,24.4,Mandate,Verified
INV001106,2024-05-08,120842,lumpsum,435806,Tamil Nadu,Chennai,T30,26-35,Male,13.1,UPI,Verified
INV001663,2024-05-08,102886,redemption,211209,Gujarat,Surat,T30,36-45,Female,29.2,UPI,Verified
INV002806,2024-05-08,101206,sip,437,Rajasthan,Jaipur,T30,46-55,Male,24.2,Net Banking,Verified
INV003945,2024-05-08,148568,sip,20025,Gujarat,Ahmedabad,T30,46-55,Female,48.3,Mandate,Verified
INV004106,2024-05-08,118633,sip,40360,Gujarat,Surat,T30,26-35,Male,16.3,UPI,Verified
INV000972,2024-05-08,148567,sip,434,Telangana,Hyderabad,T30,18-25,Female,5.9,UPI,Verified
INV001655,2024-05-08,119092,sip,6812,Delhi,New Delhi,T30,26-35,Male,8.0,Cheque,Verified
INV003848,2024-05-09,120504,redemption,533106,Telangana,Hyderabad,T30,26-35,Male,24.0,Net Banking,Verified
INV003318,2024-05-09,119120,sip,1160,Punjab,Chandigarh,T30,26-35,Male,9.9,Mandate,Verified
INV004576,2024-05-09,101206,redemption,389143,Rajasthan,Jaipur,T30,46-55,Male,54.5,Net Banking,Verified
INV001192,2024-05-09,119092,redemption,371296,Telangana,Hyderabad,T30,26-35,Male,8.1,Cheque,Verified
INV003475,2024-05-09,149324,sip,45588,Telangana,Hyderabad,T30,26-35,Male,20.7,UPI,Verified
INV001588,2024-05-09,119552,sip,7594,Karnataka,Bangalore,T30,56+,Male,75.2,Net Banking,Verified
INV004843,2024-05-09,120507,sip,28452,Haryana,Faridabad,B30,56+,Male,49.8,UPI,Verified
INV003316,2024-05-09,125498,sip,24455,Punjab,Chandigarh,T30,36-45,Male,22.9,UPI,Verified
INV002366,2024-05-09,119551,sip,577,Telangana,Hyderabad,T30,26-35,Female,20.4,Mandate,Verified
INV003795,2024-05-09,118632,sip,2085,West Bengal,Kolkata,T30,18-25,Male,7.6,Mandate,Verified
INV000143,2024-05-09,119120,sip,2904,Haryana,Gurugram,T30,26-35,Male,23.8,Mandate,Verified
INV002637,2024-05-09,102885,redemption,489975,Telangana,Hyderabad,T30,26-35,Male,14.4,Cheque,Verified
INV003302,2024-05-09,120505,sip,6894,Uttar Pradesh,Lucknow,T30,18-25,Male,3.0,Cheque,Verified
INV003358,2024-05-09,119599,sip,8330,Punjab,Amritsar,B30,26-35,Male,19.7,Cheque,Pending
INV004311,2024-05-09,119120,lumpsum,33675,Uttar Pradesh,Agra,B30,26-35,Female,17.0,UPI,Verified
INV003366,2024-05-09,120504,sip,29628,Madhya Pradesh,Bhopal,B30,18-25,Male,3.3,Cheque,Verified
INV004927,2024-05-09,119552,lumpsum,227517,Maharashtra,Nashik,B30,26-35,Male,19.5,Mandate,Verified
INV003394,2024-05-09,119092,redemption,557816,West Bengal,Kolkata,T30,26-35,Male,14.6,Cheque,Verified
INV000041,2024-05-09,119094,redemption,172478,Karnataka,Mysore,B30,46-55,Male,25.0,Net Banking,Verified
INV003008,2024-05-09,119599,redemption,461184,Rajasthan,Jaipur,T30,36-45,Female,37.4,Net Banking,Verified
INV002136,2024-05-09,101206,lumpsum,405963,Punjab,Chandigarh,T30,18-25,Male,5.3,UPI,Verified
INV002116,2024-05-09,118632,lumpsum,414055,Karnataka,Bangalore,T30,18-25,Male,3.8,Cheque,Verified
INV001005,2024-05-09,148568,sip,2518,Karnataka,Bangalore,T30,46-55,Male,84.6,Net Banking,Verified
INV003916,2024-05-09,101208,sip,452,Karnataka,Mysore,B30,26-35,Male,23.6,Net Banking,Verified
INV004651,2024-05-09,125498,sip,1020,Rajasthan,Udaipur,B30,46-55,Male,39.1,Cheque,Verified
INV003638,2024-05-09,120844,sip,15029,West Bengal,Kolkata,T30,56+,Male,27.1,Net Banking,Verified
INV003189,2024-05-09,119095,sip,2585,Tamil Nadu,Chennai,T30,36-45,Female,44.6,UPI,Verified
INV004627,2024-05-09,118634,lumpsum,50993,West Bengal,Kolkata,T30,36-45,Male,47.7,Net Banking,Verified
INV004659,2024-05-09,118632,redemption,20033,West Bengal,Kolkata,T30,18-25,Female,3.3,Net Banking,Verified
INV001648,2024-05-09,120506,sip,11661,Telangana,Hyderabad,T30,46-55,Female,96.8,Net Banking,Verified
INV003997,2024-05-09,101207,sip,1141,Telangana,Hyderabad,T30,36-45,Male,48.3,Cheque,Verified
INV002380,2024-05-09,119598,sip,1085,Gujarat,Surat,T30,26-35,Male,19.4,Net Banking,Verified
INV000340,2024-05-09,120844,sip,2701,Delhi,Gurugram,T30,26-35,Female,21.4,UPI,Verified
INV000466,2024-05-09,120842,sip,1045,Haryana,Faridabad,B30,18-25,Male,4.4,UPI,Pending
INV004704,2024-05-09,120507,sip,6033,Delhi,New Delhi,T30,26-35,Male,23.1,UPI,Pending
INV000469,2024-05-09,120506,sip,479,Tamil Nadu,Coimbatore,B30,18-25,Male,4.7,Mandate,Verified
INV000203,2024-05-09,148568,lumpsum,275757,Maharashtra,Nashik,B30,26-35,Male,16.0,UPI,Verified
INV003728,2024-05-09,118636,lumpsum,17818,West Bengal,Kolkata,T30,26-35,Male,16.2,UPI,Verified
INV004716,2024-05-09,120842,sip,447,Telangana,Hyderabad,T30,18-25,Male,5.4,Net Banking,Verified
INV003219,2024-05-09,118633,sip,56969,Maharashtra,Pune,T30,46-55,Male,57.8,Net Banking,Verified
INV004735,2024-05-09,119093,sip,6656,Uttar Pradesh,Kanpur,B30,36-45,Male,19.2,Net Banking,Verified
INV001200,2024-05-09,118634,sip,817,West Bengal,Kolkata,T30,46-55,Male,40.5,Net Banking,Verified
INV000524,2024-05-09,119599,lumpsum,195090,West Bengal,Kolkata,T30,56+,Male,37.4,Cheque,Verified
INV002699,2024-05-09,119092,sip,13465,Gujarat,Surat,T30,18-25,Female,6.1,Cheque,Verified
INV003247,2024-05-09,120505,lumpsum,127486,Madhya Pradesh,Indore,T30,46-55,Female,93.1,Net Banking,Verified
INV003524,2024-05-09,118632,sip,6404,Telangana,Hyderabad,T30,36-45,Male,12.5,Mandate,Verified
INV003573,2024-05-09,118636,sip,40445,Gujarat,Surat,T30,36-45,Male,51.8,Mandate,Verified
INV000583,2024-05-09,125498,lumpsum,132519,Punjab,Amritsar,B30,26-35,Male,8.7,Net Banking,Verified
INV000235,2024-05-09,120844,sip,592,Delhi,New Delhi,T30,26-35,Male,8.5,UPI,Verified
INV004449,2024-05-09,102885,sip,2919,Maharashtra,Pune,T30,36-45,Male,16.6,Mandate,Verified
INV004563,2024-05-09,119094,sip,6809,Gujarat,Surat,T30,46-55,Female,32.2,Net Banking,Verified
INV004977,2024-05-09,100016,sip,9468,Gujarat,Surat,T30,18-25,Male,5.4,Mandate,Verified
INV002415,2024-05-09,102887,lumpsum,301725,West Bengal,Kolkata,T30,36-45,Male,13.9,Mandate,Verified
INV000004,2024-05-09,120844,sip,541,Punjab,Chandigarh,T30,26-35,Male,20.0,Mandate,Verified
INV002994,2024-05-09,119094,lumpsum,413270,Karnataka,Mysore,B30,18-25,Male,8.0,UPI,Verified
INV004137,2024-05-09,101207,sip,29193,West Bengal,Kolkata,T30,18-25,Female,6.2,Mandate,Verified
INV001737,2024-05-09,119551,sip,6825,Telangana,Hyderabad,T30,26-35,Female,10.1,UPI,Verified
INV003834,2024-05-09,100016,sip,4452,Madhya Pradesh,Bhopal,B30,36-45,Male,25.1,Cheque,Verified
INV004987,2024-05-09,120505,sip,832,Telangana,Hyderabad,T30,46-55,Male,37.1,Mandate,Verified
INV000128,2024-05-10,100016,redemption,235012,Rajasthan,Jaipur,T30,36-45,Female,50.9,Mandate,Verified
INV002030,2024-05-10,101208,sip,12341,Madhya Pradesh,Bhopal,B30,36-45,Male,31.7,Net Banking,Verified
INV002507,2024-05-10,119599,redemption,484841,Tamil Nadu,Chennai,T30,26-35,Female,12.7,Mandate,Verified
INV000552,2024-05-10,120841,lumpsum,27413,Uttar Pradesh,Lucknow,T30,36-45,Female,35.8,Net Banking,Verified
INV001998,2024-05-10,120844,lumpsum,190479,Haryana,Faridabad,B30,26-35,Male,19.2,UPI,Verified
INV002893,2024-05-10,102885,sip,1031,Telangana,Hyderabad,T30,56+,Male,69.4,Cheque,Verified
INV002277,2024-05-10,120504,sip,435,Haryana,Gurugram,T30,26-35,Female,10.3,Cheque,Verified
INV002085,2024-05-10,125497,sip,7243,Telangana,Hyderabad,T30,56+,Female,12.5,Mandate,Verified
INV001579,2024-05-10,119092,redemption,69093,Karnataka,Bangalore,T30,46-55,Male,71.1,Cheque,Verified
INV001777,2024-05-10,119095,sip,1084,West Bengal,Kolkata,T30,18-25,Female,7.6,Mandate,Pending
INV003270,2024-05-10,120506,redemption,246209,Karnataka,Bangalore,T30,56+,Male,43.3,Cheque,Verified
INV004315,2024-05-10,119552,lumpsum,211897,Rajasthan,Udaipur,B30,46-55,Female,64.3,Mandate,Verified
INV004500,2024-05-10,149323,redemption,202952,Karnataka,Mysore,B30,46-55,Male,45.2,Cheque,Verified
INV001653,2024-05-10,119552,lumpsum,182070,Maharashtra,Mumbai,T30,36-45,Male,45.4,Net Banking,Verified
INV004521,2024-05-10,120842,sip,2749,Gujarat,Ahmedabad,T30,18-25,Male,7.9,UPI,Verified
INV000676,2024-05-10,100016,sip,1747,Rajasthan,Udaipur,B30,56+,Male,71.7,Mandate,Verified
INV002659,2024-05-10,102885,sip,50554,Madhya Pradesh,Bhopal,B30,36-45,Female,56.5,UPI,Verified
INV000097,2024-05-10,149322,sip,14425,Karnataka,Mysore,B30,18-25,Male,6.0,Mandate,Verified
INV004729,2024-05-10,119095,redemption,437906,Madhya Pradesh,Bhopal,B30,26-35,Male,19.4,Mandate,Verified
INV004693,2024-05-10,120506,sip,2067,Maharashtra,Nashik,B30,36-45,Male,44.9,UPI,Verified
INV002056,2024-05-10,100025,lumpsum,408407,Madhya Pradesh,Bhopal,B30,18-25,Female,3.4,UPI,Verified
INV003562,2024-05-10,120503,redemption,393449,West Bengal,Kolkata,T30,26-35,Female,11.8,Cheque,Verified
INV003981,2024-05-10,102886,lumpsum,312187,Haryana,Faridabad,B30,46-55,Male,46.7,UPI,Verified
INV000324,2024-05-10,102887,redemption,278998,West Bengal,Kolkata,T30,26-35,Male,8.0,Net Banking,Verified
INV001805,2024-05-10,120507,sip,1642,Gujarat,Ahmedabad,T30,36-45,Male,44.9,Net Banking,Verified
INV004551,2024-05-10,118635,redemption,185092,Maharashtra,Nashik,B30,18-25,Male,6.0,Mandate,Verified
INV004711,2024-05-10,148567,sip,8591,Rajasthan,Udaipur,B30,56+,Male,70.9,UPI,Verified
INV004037,2024-05-10,120504,sip,1988,Gujarat,Ahmedabad,T30,26-35,Male,20.8,Cheque,Verified
INV001631,2024-05-10,149322,lumpsum,142568,Haryana,Faridabad,B30,36-45,Male,55.9,Mandate,Verified
INV002044,2024-05-10,101207,sip,12143,Gujarat,Ahmedabad,T30,26-35,Female,19.1,Net Banking,Verified
INV000164,2024-05-10,148567,sip,7430,Rajasthan,Udaipur,B30,18-25,Male,6.0,Mandate,Verified
INV001774,2024-05-10,100033,sip,888,Maharashtra,Nashik,B30,56+,Male,32.0,Net Banking,Verified
INV001003,2024-05-10,119599,sip,415,Rajasthan,Udaipur,B30,26-35,Male,12.6,UPI,Verified
INV000658,2024-05-10,120841,sip,1921,Gujarat,Ahmedabad,T30,26-35,Male,14.1,Mandate,Verified
INV001453,2024-05-10,119092,sip,22306,Gujarat,Ahmedabad,T30,36-45,Male,34.6,Cheque,Verified
INV001304,2024-05-10,119092,lumpsum,96066,Gujarat,Ahmedabad,T30,26-35,Male,21.8,Cheque,Verified
INV000642,2024-05-10,100033,sip,29735,Gujarat,Surat,T30,26-35,Male,15.6,Net Banking,Verified
INV004428,2024-05-10,100033,sip,483,Rajasthan,Udaipur,B30,26-35,Female,6.7,Mandate,Verified
INV004633,2024-05-10,101206,sip,2782,Telangana,Hyderabad,T30,18-25,Female,4.9,Cheque,Verified
INV002297,2024-05-10,148569,sip,2345,Haryana,Gurugram,T30,36-45,Male,22.9,Mandate,Verified
INV004649,2024-05-10,118633,redemption,28751,Karnataka,Bangalore,T30,36-45,Male,48.4,Net Banking,Verified
INV003005,2024-05-10,120506,redemption,193869,Punjab,Amritsar,B30,26-35,Male,24.5,Mandate,Pending
INV002013,2024-05-10,101206,sip,877,Rajasthan,Jaipur,T30,46-55,Male,30.2,Net Banking,Verified
INV003582,2024-05-10,120842,lumpsum,50704,Uttar Pradesh,Kanpur,B30,36-45,Male,43.1,Net Banking,Verified
INV001688,2024-05-10,120841,sip,5025,Gujarat,Ahmedabad,T30,26-35,Male,7.7,Mandate,Verified
INV001005,2024-05-10,120507,lumpsum,242824,Karnataka,Bangalore,T30,46-55,Male,84.6,UPI,Verified
INV000849,2024-05-10,149323,lumpsum,170427,Delhi,Gurugram,T30,56+,Female,32.5,UPI,Verified
INV000674,2024-05-10,118632,sip,27449,Rajasthan,Udaipur,B30,26-35,Female,12.5,Mandate,Verified
INV003608,2024-05-11,120844,sip,12626,West Bengal,Kolkata,T30,46-55,Male,59.6,Net Banking,Verified
INV001300,2024-05-11,148569,sip,9476,Uttar Pradesh,Agra,B30,36-45,Female,53.8,Cheque,Verified
INV004110,2024-05-11,120843,sip,6371,West Bengal,Kolkata,T30,18-25,Male,5.5,Net Banking,Pending
INV001333,2024-05-11,119599,sip,570,Haryana,Faridabad,B30,26-35,Female,19.0,Cheque,Verified
INV002107,2024-05-11,149324,sip,17296,Telangana,Hyderabad,T30,26-35,Male,18.2,Mandate,Verified
INV004711,2024-05-11,102887,redemption,56740,Rajasthan,Udaipur,B30,56+,Male,70.9,Net Banking,Verified
INV000611,2024-05-11,119095,sip,8125,Uttar Pradesh,Agra,B30,26-35,Male,11.4,Cheque,Verified
INV004411,2024-05-11,148567,sip,11058,Maharashtra,Mumbai,T30,26-35,Female,13.8,UPI,Pending
INV002696,2024-05-11,119552,lumpsum,435885,Punjab,Amritsar,B30,18-25,Male,7.1,Mandate,Verified
INV003876,2024-05-11,102885,sip,54461,Rajasthan,Udaipur,B30,18-25,Male,5.6,Mandate,Verified
INV004731,2024-05-11,119599,sip,549,Punjab,Amritsar,B30,26-35,Male,17.6,Mandate,Verified
INV001670,2024-05-11,100033,redemption,8274,West Bengal,Kolkata,T30,26-35,Male,16.5,Net Banking,Verified
INV002696,2024-05-11,102885,redemption,211580,Punjab,Amritsar,B30,18-25,Male,7.1,UPI,Verified
INV003928,2024-05-11,148567,sip,1815,Rajasthan,Jaipur,T30,36-45,Male,22.8,Mandate,Verified
INV002675,2024-05-11,120504,sip,12709,Uttar Pradesh,Agra,B30,36-45,Male,17.9,Cheque,Verified
INV001382,2024-05-11,149324,sip,2998,Karnataka,Mysore,B30,26-35,Male,18.9,Cheque,Verified
INV001406,2024-05-11,119551,sip,2186,Telangana,Hyderabad,T30,46-55,Male,86.0,Cheque,Verified
INV004847,2024-05-11,125497,sip,2874,Maharashtra,Pune,T30,26-35,Female,7.0,Net Banking,Verified
INV004784,2024-05-11,120843,sip,2733,Uttar Pradesh,Lucknow,T30,26-35,Female,15.8,Cheque,Verified
INV004308,2024-05-11,149322,sip,21116,Gujarat,Surat,T30,26-35,Female,11.1,Net Banking,Verified
INV000147,2024-05-11,148568,sip,2062,Rajasthan,Jaipur,T30,26-35,Male,15.7,Mandate,Pending
INV004452,2024-05-11,118634,sip,5488,Rajasthan,Udaipur,B30,26-35,Male,17.6,Cheque,Verified
INV002094,2024-05-11,100033,sip,17579,Punjab,Amritsar,B30,26-35,Female,25.0,Mandate,Verified
INV003967,2024-05-11,120841,lumpsum,85392,Tamil Nadu,Coimbatore,B30,46-55,Male,79.9,Mandate,Verified
INV004354,2024-05-11,102885,redemption,303849,Uttar Pradesh,Kanpur,B30,26-35,Female,17.8,Net Banking,Verified
INV000902,2024-05-11,118635,sip,48325,Maharashtra,Mumbai,T30,26-35,Female,6.0,UPI,Verified
INV001910,2024-05-11,149323,redemption,145712,Karnataka,Mysore,B30,26-35,Female,15.2,Net Banking,Verified
INV001524,2024-05-11,120842,sip,43292,Madhya Pradesh,Bhopal,B30,26-35,Male,7.7,Cheque,Verified
INV004346,2024-05-11,101206,sip,4360,Tamil Nadu,Coimbatore,B30,26-35,Male,19.4,Net Banking,Verified
INV000570,2024-05-11,100025,sip,437,Madhya Pradesh,Bhopal,B30,26-35,Male,16.2,Net Banking,Verified
INV003626,2024-05-11,148569,sip,410,Madhya Pradesh,Indore,T30,26-35,Male,23.5,UPI,Verified
INV000702,2024-05-11,100025,sip,24040,Tamil Nadu,Coimbatore,B30,46-55,Female,94.1,UPI,Pending
INV003975,2024-05-11,120507,sip,1085,Gujarat,Ahmedabad,T30,36-45,Male,26.2,Mandate,Verified
INV003941,2024-05-11,125498,sip,839,Rajasthan,Udaipur,B30,26-35,Male,8.0,UPI,Verified
INV002585,2024-05-11,119120,sip,5995,Uttar Pradesh,Lucknow,T30,18-25,Male,3.2,Mandate,Verified
INV003099,2024-05-11,119092,lumpsum,438658,Gujarat,Surat,T30,36-45,Male,14.4,Net Banking,Verified
INV001924,2024-05-11,119095,sip,1122,Karnataka,Bangalore,T30,18-25,Male,4.9,Cheque,Verified
INV002156,2024-05-11,119092,lumpsum,263010,Rajasthan,Jaipur,T30,26-35,Male,18.7,Cheque,Pending
INV004488,2024-05-11,119092,sip,7766,Maharashtra,Nashik,B30,56+,Male,69.8,Net Banking,Verified
INV000226,2024-05-11,101206,lumpsum,94352,West Bengal,Kolkata,T30,36-45,Female,39.3,Net Banking,Verified
INV002709,2024-05-11,120503,sip,12156,Uttar Pradesh,Kanpur,B30,36-45,Male,39.9,UPI,Verified
INV003242,2024-05-11,119095,sip,485,Punjab,Chandigarh,T30,26-35,Female,18.1,Net Banking,Verified
INV003320,2024-05-11,118633,sip,545,Tamil Nadu,Coimbatore,B30,56+,Male,73.7,Mandate,Verified
INV004410,2024-05-11,120844,sip,2923,Tamil Nadu,Chennai,T30,36-45,Male,45.5,Net Banking,Verified
INV004504,2024-05-11,125497,sip,517,Telangana,Hyderabad,T30,46-55,Male,46.3,Net Banking,Verified
INV003645,2024-05-11,119551,lumpsum,148901,Punjab,Amritsar,B30,26-35,Male,13.4,UPI,Verified
INV002367,2024-05-11,100033,sip,5214,Telangana,Hyderabad,T30,26-35,Male,13.9,Net Banking,Verified
INV004645,2024-05-11,119095,lumpsum,400145,Telangana,Hyderabad,T30,26-35,Female,10.9,Mandate,Pending
INV001517,2024-05-11,100016,redemption,367152,Karnataka,Mysore,B30,36-45,Female,23.5,UPI,Verified
INV001871,2024-05-11,149322,sip,508,Delhi,Gurugram,T30,56+,Male,13.9,UPI,Verified
INV001062,2024-05-11,101206,redemption,375047,Karnataka,Bangalore,T30,26-35,Male,21.1,Net Banking,Verified
INV004624,2024-05-11,125497,sip,2564,Maharashtra,Pune,T30,26-35,Male,17.2,Net Banking,Pending
INV004964,2024-05-11,148569,redemption,472354,Rajasthan,Jaipur,T30,56+,Male,20.5,Cheque,Pending
INV001237,2024-05-11,119551,sip,12800,West Bengal,Kolkata,T30,26-35,Male,19.1,Mandate,Verified
INV000428,2024-05-11,119552,sip,14495,Delhi,Gurugram,T30,36-45,Male,27.2,Net Banking,Verified
INV000454,2024-05-11,119093,lumpsum,167509,Uttar Pradesh,Lucknow,T30,18-25,Female,6.6,Mandate,Verified
INV001777,2024-05-11,120842,sip,23455,West Bengal,Kolkata,T30,18-25,Female,7.6,Mandate,Verified
INV002883,2024-05-11,100033,sip,2135,West Bengal,Kolkata,T30,26-35,Female,12.5,Net Banking,Verified
INV001051,2024-05-11,148567,lumpsum,249659,Haryana,Gurugram,T30,26-35,Male,8.2,Mandate,Verified
INV004246,2024-05-11,119551,sip,43141,West Bengal,Kolkata,T30,36-45,Female,12.2,Mandate,Verified
INV001160,2024-05-11,119552,sip,941,Karnataka,Mysore,B30,36-45,Female,13.8,UPI,Verified
INV001561,2024-05-11,120505,redemption,93931,Rajasthan,Udaipur,B30,36-45,Male,39.4,Net Banking,Verified
INV000789,2024-05-11,120507,sip,55193,Gujarat,Surat,T30,56+,Male,47.7,Net Banking,Verified
INV004005,2024-05-11,149324,sip,54404,West Bengal,Kolkata,T30,26-35,Male,11.0,Mandate,Verified
INV003637,2024-05-11,101207,sip,26678,Telangana,Hyderabad,T30,36-45,Male,18.6,Mandate,Pending
INV000126,2024-05-12,149324,redemption,206730,Maharashtra,Mumbai,T30,26-35,Male,19.4,Net Banking,Verified
INV001584,2024-05-12,120507,redemption,268500,Maharashtra,Nashik,B30,26-35,Male,10.0,Cheque,Verified
INV002473,2024-05-12,118632,sip,11418,Uttar Pradesh,Lucknow,T30,36-45,Male,41.8,Net Banking,Verified
INV002186,2024-05-12,148568,sip,21308,Haryana,Faridabad,B30,18-25,Female,7.9,Net Banking,Verified
INV002595,2024-05-12,100025,lumpsum,57539,Tamil Nadu,Coimbatore,B30,36-45,Male,27.8,Net Banking,Verified
INV000860,2024-05-12,119094,lumpsum,290425,Madhya Pradesh,Bhopal,B30,36-45,Female,51.8,UPI,Pending
INV001116,2024-05-12,119095,sip,453,Haryana,Faridabad,B30,36-45,Male,17.8,Mandate,Verified
INV001843,2024-05-12,118634,sip,2814,West Bengal,Kolkata,T30,46-55,Male,51.9,Cheque,Verified
INV004477,2024-05-12,101206,sip,4509,Delhi,Gurugram,T30,46-55,Female,88.3,UPI,Verified
INV003356,2024-05-12,120843,lumpsum,338720,Uttar Pradesh,Agra,B30,26-35,Female,11.0,Cheque,Verified
INV003236,2024-05-12,118635,sip,11842,Madhya Pradesh,Bhopal,B30,18-25,Male,3.4,UPI,Verified
INV001418,2024-05-12,118633,sip,897,Delhi,Noida,T30,36-45,Male,39.2,Mandate,Verified
INV000583,2024-05-12,120842,redemption,84167,Punjab,Amritsar,B30,26-35,Male,8.7,Cheque,Verified
INV004959,2024-05-12,148567,sip,995,Delhi,New Delhi,T30,18-25,Female,5.8,Cheque,Verified
INV003540,2024-05-12,120842,sip,13673,Telangana,Hyderabad,T30,26-35,Male,23.6,Net Banking,Verified
INV000256,2024-05-12,118636,lumpsum,240184,Delhi,New Delhi,T30,36-45,Male,14.0,Mandate,Verified
INV004466,2024-05-12,148567,redemption,334104,Gujarat,Surat,T30,18-25,Female,3.7,Cheque,Verified
INV002825,2024-05-12,120504,sip,456,Delhi,New Delhi,T30,36-45,Male,52.4,UPI,Verified
INV002764,2024-05-12,120503,lumpsum,291054,Madhya Pradesh,Bhopal,B30,36-45,Male,40.8,Net Banking,Verified
INV002083,2024-05-12,120844,sip,13402,Gujarat,Surat,T30,26-35,Male,21.2,Mandate,Verified
INV001356,2024-05-12,148568,sip,17411,Gujarat,Ahmedabad,T30,26-35,Male,19.7,Net Banking,Verified
INV000800,2024-05-12,119599,sip,11772,Delhi,New Delhi,T30,36-45,Female,58.8,Mandate,Verified
INV004621,2024-05-12,100033,sip,2824,Punjab,Amritsar,B30,36-45,Female,16.9,Cheque,Verified
INV001695,2024-05-12,119120,redemption,120909,Punjab,Amritsar,B30,36-45,Male,24.0,Cheque,Pending
INV000566,2024-05-12,119094,lumpsum,94697,Uttar Pradesh,Agra,B30,36-45,Male,18.2,Mandate,Verified
INV001265,2024-05-12,120843,sip,17282,Tamil Nadu,Coimbatore,B30,26-35,Male,20.3,Mandate,Verified
INV000132,2024-05-12,100025,sip,10844,Karnataka,Bangalore,T30,46-55,Female,37.1,UPI,Verified
INV002500,2024-05-12,120841,sip,4840,Delhi,New Delhi,T30,26-35,Male,14.7,Cheque,Verified
INV003600,2024-05-12,119094,lumpsum,153228,West Bengal,Kolkata,T30,56+,Female,19.3,Cheque,Verified
INV001672,2024-05-12,119552,redemption,395966,Maharashtra,Pune,T30,18-25,Male,5.4,UPI,Verified
INV004619,2024-05-12,120507,redemption,63392,Gujarat,Ahmedabad,T30,46-55,Male,47.9,UPI,Verified
INV001652,2024-05-12,120843,sip,583,Tamil Nadu,Chennai,T30,26-35,Female,12.7,UPI,Verified
INV001392,2024-05-12,119551,lumpsum,440835,Rajasthan,Udaipur,B30,26-35,Male,18.5,UPI,Verified
INV003558,2024-05-12,119095,sip,2777,Uttar Pradesh,Lucknow,T30,18-25,Male,6.1,Net Banking,Pending
INV004153,2024-05-12,119551,redemption,117552,Uttar Pradesh,Agra,B30,46-55,Male,96.3,Mandate,Verified
INV003984,2024-05-12,119599,sip,882,Uttar Pradesh,Agra,B30,56+,Female,30.1,Net Banking,Verified
INV001564,2024-05-12,118634,sip,1087,Haryana,Faridabad,B30,46-55,Male,43.2,Mandate,Verified
INV003298,2024-05-12,120844,sip,2163,Gujarat,Surat,T30,26-35,Male,12.4,Cheque,Verified
INV004848,2024-05-12,101208,sip,4663,Haryana,Gurugram,T30,26-35,Male,15.6,UPI,Verified
INV003411,2024-05-12,118635,sip,42003,Tamil Nadu,Chennai,T30,26-35,Male,14.2,Mandate,Verified
INV004692,2024-05-12,119094,sip,2576,Madhya Pradesh,Bhopal,B30,26-35,Male,11.6,Cheque,Verified
INV003555,2024-05-12,149324,sip,1008,Karnataka,Mysore,B30,26-35,Male,18.6,Net Banking,Verified
INV002326,2024-05-12,120505,lumpsum,479198,Telangana,Hyderabad,T30,36-45,Female,33.2,Mandate,Pending
INV002182,2024-05-12,120507,lumpsum,277620,Madhya Pradesh,Bhopal,B30,36-45,Male,54.3,Net Banking,Verified
INV002839,2024-05-12,149324,redemption,521114,Punjab,Amritsar,B30,26-35,Male,14.8,UPI,Verified
INV000309,2024-05-12,118635,lumpsum,91733,Delhi,Gurugram,T30,26-35,Male,18.1,Mandate,Verified
INV000623,2024-05-12,119551,redemption,420914,Tamil Nadu,Chennai,T30,46-55,Male,48.9,Cheque,Verified
INV002370,2024-05-12,119094,sip,947,Delhi,Noida,T30,26-35,Male,16.6,UPI,Verified
INV003773,2024-05-12,100016,sip,1034,West Bengal,Kolkata,T30,46-55,Female,53.9,Mandate,Verified
INV000858,2024-05-12,101207,sip,2279,Tamil Nadu,Chennai,T30,36-45,Female,28.7,Mandate,Verified
INV001801,2024-05-12,102886,sip,875,Delhi,New Delhi,T30,36-45,Male,44.3,Cheque,Verified
INV003320,2024-05-12,149324,sip,52439,Tamil Nadu,Coimbatore,B30,56+,Male,73.7,UPI,Pending
INV004149,2024-05-12,148567,sip,2708,Rajasthan,Udaipur,B30,56+,Female,78.2,UPI,Verified
INV003990,2024-05-12,120842,sip,2544,Gujarat,Ahmedabad,T30,18-25,Male,5.3,Cheque,Verified
INV001455,2024-05-12,120842,sip,914,Madhya Pradesh,Indore,T30,36-45,Male,26.8,Net Banking,Verified
INV003480,2024-05-12,102885,lumpsum,175017,Madhya Pradesh,Bhopal,B30,26-35,Male,24.4,Net Banking,Pending
INV003962,2024-05-12,119598,sip,21355,Haryana,Gurugram,T30,26-35,Male,20.4,Mandate,Verified
INV004193,2024-05-12,120503,sip,12254,Telangana,Hyderabad,T30,26-35,Male,17.1,Net Banking,Verified
INV003674,2024-05-12,102886,sip,1124,Uttar Pradesh,Kanpur,B30,36-45,Male,32.8,Mandate,Verified
INV000169,2024-05-13,120506,sip,1154,Rajasthan,Jaipur,T30,26-35,Male,6.9,UPI,Verified
INV003483,2024-05-13,149324,sip,2935,Rajasthan,Udaipur,B30,46-55,Male,81.5,Mandate,Verified
INV001649,2024-05-13,120506,sip,1124,Telangana,Hyderabad,T30,36-45,Male,51.5,Net Banking,Verified
INV000624,2024-05-13,120503,sip,40755,West Bengal,Kolkata,T30,56+,Male,79.6,Cheque,Verified
INV001625,2024-05-13,119552,lumpsum,122928,Uttar Pradesh,Kanpur,B30,46-55,Female,78.2,Mandate,Verified
INV003110,2024-05-13,149323,sip,2740,Rajasthan,Jaipur,T30,26-35,Male,9.0,UPI,Verified
INV002294,2024-05-13,125498,sip,916,Haryana,Gurugram,T30,26-35,Male,22.3,Net Banking,Verified
INV002974,2024-05-13,100033,sip,5721,Telangana,Hyderabad,T30,26-35,Female,21.9,Cheque,Verified
INV000169,2024-05-13,125497,lumpsum,370586,Rajasthan,Jaipur,T30,26-35,Male,6.9,Mandate,Verified
INV004625,2024-05-13,120503,sip,560,Tamil Nadu,Coimbatore,B30,18-25,Male,6.6,Cheque,Verified
INV004461,2024-05-13,120844,sip,47194,Tamil Nadu,Chennai,T30,46-55,Male,80.3,Net Banking,Verified
INV001851,2024-05-13,125497,sip,8379,Gujarat,Ahmedabad,T30,26-35,Male,16.2,Net Banking,Verified
INV003287,2024-05-13,119552,sip,2284,Delhi,New Delhi,T30,36-45,Male,54.9,UPI,Verified
INV002724,2024-05-13,120842,lumpsum,118391,Rajasthan,Udaipur,B30,36-45,Male,26.3,Cheque,Verified
INV003836,2024-05-13,120507,sip,2708,Karnataka,Bangalore,T30,36-45,Male,12.4,UPI,Verified
INV003821,2024-05-13,119552,redemption,322195,Delhi,Noida,T30,18-25,Female,6.4,Net Banking,Verified
INV001525,2024-05-13,118634,sip,8518,Maharashtra,Mumbai,T30,36-45,Male,55.8,Mandate,Verified
INV001650,2024-05-13,102886,lumpsum,269066,Madhya Pradesh,Indore,T30,36-45,Male,38.1,UPI,Verified
INV001235,2024-05-13,125497,redemption,100205,Haryana,Faridabad,B30,26-35,Male,19.3,Mandate,Verified
INV002435,2024-05-13,119598,sip,2947,Maharashtra,Nashik,B30,56+,Female,58.6,Mandate,Verified
INV002994,2024-05-13,148568,sip,59275,Karnataka,Mysore,B30,18-25,Male,8.0,Mandate,Verified
INV001858,2024-05-13,119120,sip,41711,Punjab,Amritsar,B30,36-45,Male,16.6,UPI,Verified
INV003587,2024-05-13,101207,lumpsum,186659,Telangana,Hyderabad,T30,26-35,Female,16.4,Mandate,Verified
INV004390,2024-05-13,119094,redemption,174941,Gujarat,Ahmedabad,T30,18-25,Female,6.0,Mandate,Verified
INV002264,2024-05-13,118634,sip,3551,Tamil Nadu,Coimbatore,B30,46-55,Female,21.2,Net Banking,Verified
INV001097,2024-05-13,101207,lumpsum,408159,Gujarat,Ahmedabad,T30,26-35,Female,16.7,Cheque,Verified
INV002617,2024-05-13,102887,sip,23647,Maharashtra,Nashik,B30,26-35,Male,13.9,UPI,Verified
INV004851,2024-05-13,148569,redemption,408144,Uttar Pradesh,Lucknow,T30,26-35,Male,9.3,Mandate,Verified
INV001242,2024-05-13,125497,sip,8245,Tamil Nadu,Chennai,T30,36-45,Male,57.8,Net Banking,Verified
INV002445,2024-05-13,149324,sip,2053,Punjab,Chandigarh,T30,26-35,Male,9.5,Cheque,Verified
INV000249,2024-05-13,120505,sip,4937,Punjab,Amritsar,B30,26-35,Male,13.4,Cheque,Verified
INV003113,2024-05-13,119094,sip,55739,Rajasthan,Jaipur,T30,26-35,Male,22.0,Net Banking,Verified
INV003234,2024-05-13,100025,redemption,437902,Telangana,Hyderabad,T30,26-35,Male,13.5,UPI,Verified
INV004669,2024-05-13,120504,redemption,322361,Punjab,Chandigarh,T30,26-35,Male,8.6,Cheque,Verified
INV001016,2024-05-13,119551,lumpsum,348072,Delhi,Gurugram,T30,36-45,Male,19.2,Cheque,Verified
INV002391,2024-05-13,119599,sip,1630,Madhya Pradesh,Bhopal,B30,18-25,Female,7.9,Net Banking,Verified
INV004738,2024-05-13,149322,lumpsum,376259,Uttar Pradesh,Kanpur,B30,56+,Female,52.6,Cheque,Verified
INV004589,2024-05-13,149323,lumpsum,386269,Gujarat,Ahmedabad,T30,36-45,Male,14.4,Cheque,Verified
INV000292,2024-05-13,119552,sip,8269,Uttar Pradesh,Lucknow,T30,18-25,Male,3.3,Mandate,Verified
INV000767,2024-05-13,120507,redemption,184200,Karnataka,Bangalore,T30,18-25,Female,5.2,Net Banking,Verified
INV001428,2024-05-13,120843,sip,4141,Delhi,New Delhi,T30,26-35,Male,17.8,UPI,Verified
INV003499,2024-05-13,119095,lumpsum,194944,Karnataka,Mysore,B30,18-25,Male,4.7,Mandate,Verified
INV001270,2024-05-13,100033,lumpsum,72874,Madhya Pradesh,Indore,T30,26-35,Female,23.3,Net Banking,Verified
INV001643,2024-05-13,101208,lumpsum,89737,Punjab,Amritsar,B30,36-45,Male,28.4,Net Banking,Verified
INV001212,2024-05-13,119094,sip,3023,Uttar Pradesh,Lucknow,T30,36-45,Male,40.3,Cheque,Verified
INV002954,2024-05-13,119552,sip,10297,Delhi,New Delhi,T30,26-35,Female,6.0,UPI,Verified
INV000891,2024-05-13,125498,lumpsum,435248,Gujarat,Surat,T30,26-35,Male,20.9,Net Banking,Verified
INV002458,2024-05-13,118636,lumpsum,457507,West Bengal,Kolkata,T30,18-25,Male,7.1,Net Banking,Pending
INV002077,2024-05-13,118633,sip,11970,West Bengal,Kolkata,T30,18-25,Female,6.3,Cheque,Verified
INV004270,2024-05-13,119551,sip,5127,Rajasthan,Udaipur,B30,18-25,Male,5.7,UPI,Verified
INV003393,2024-05-13,119552,sip,4351,Delhi,New Delhi,T30,26-35,Male,17.1,UPI,Pending
INV002826,2024-05-13,100025,redemption,487441,Haryana,Gurugram,T30,26-35,Male,20.5,Net Banking,Verified
INV003973,2024-05-13,102886,lumpsum,491117,Rajasthan,Jaipur,T30,26-35,Male,11.4,Net Banking,Verified
INV002654,2024-05-13,148567,redemption,197559,Delhi,New Delhi,T30,36-45,Female,38.2,Mandate,Verified
INV003615,2024-05-13,102886,redemption,166478,Rajasthan,Jaipur,T30,36-45,Male,32.6,UPI,Verified
INV003940,2024-05-13,101207,redemption,504852,West Bengal,Kolkata,T30,36-45,Male,21.6,Mandate,Verified
INV001152,2024-05-13,120506,sip,1198,Punjab,Amritsar,B30,56+,Male,61.7,Net Banking,Verified
INV004339,2024-05-13,148568,lumpsum,132637,Uttar Pradesh,Lucknow,T30,26-35,Female,7.3,Net Banking,Verified
INV004661,2024-05-13,119599,sip,3110,Maharashtra,Nashik,B30,26-35,Male,9.8,Mandate,Verified
INV004915,2024-05-14,149322,sip,2793,Uttar Pradesh,Kanpur,B30,26-35,Male,9.6,UPI,Verified
INV002515,2024-05-14,148567,lumpsum,314973,West Bengal,Kolkata,T30,56+,Female,73.9,Net Banking,Verified
INV004627,2024-05-14,125498,lumpsum,105957,West Bengal,Kolkata,T30,36-45,Male,47.7,Net Banking,Verified
INV003064,2024-05-14,149322,lumpsum,410921,Karnataka,Bangalore,T30,26-35,Male,6.5,Cheque,Verified
INV003560,2024-05-14,119598,redemption,418214,Rajasthan,Udaipur,B30,26-35,Male,22.5,Mandate,Verified
INV000946,2024-05-14,120503,sip,538,Karnataka,Bangalore,T30,46-55,Female,37.3,Net Banking,Verified
INV000390,2024-05-14,100025,lumpsum,371224,Karnataka,Bangalore,T30,26-35,Male,24.9,Net Banking,Verified
INV004033,2024-05-14,148568,lumpsum,385099,West Bengal,Kolkata,T30,36-45,Male,56.1,Cheque,Verified
INV004653,2024-05-14,100033,sip,56397,Rajasthan,Jaipur,T30,46-55,Female,32.2,UPI,Verified
INV003173,2024-05-14,119092,lumpsum,437046,Gujarat,Surat,T30,18-25,Male,7.1,Net Banking,Verified
INV002547,2024-05-14,118632,lumpsum,384834,Haryana,Gurugram,T30,26-35,Male,7.3,Mandate,Verified
INV000606,2024-05-14,120504,redemption,498428,Karnataka,Mysore,B30,18-25,Male,7.8,UPI,Verified
INV000606,2024-05-14,119120,sip,1066,Karnataka,Mysore,B30,18-25,Male,7.8,Net Banking,Verified
INV001571,2024-05-14,118632,redemption,143857,Rajasthan,Udaipur,B30,46-55,Female,52.0,Net Banking,Verified
INV000466,2024-05-14,101206,redemption,101093,Haryana,Faridabad,B30,18-25,Male,4.4,UPI,Verified
INV002019,2024-05-14,120843,lumpsum,217343,Delhi,New Delhi,T30,36-45,Male,19.8,Mandate,Verified
INV000567,2024-05-14,148567,sip,3392,Delhi,New Delhi,T30,26-35,Male,9.1,Net Banking,Verified
INV003049,2024-05-14,120843,sip,28170,Gujarat,Ahmedabad,T30,26-35,Male,15.5,UPI,Verified
INV003528,2024-05-14,120844,sip,9748,Madhya Pradesh,Bhopal,B30,18-25,Female,3.6,Cheque,Verified
INV004818,2024-05-14,102885,lumpsum,219716,Maharashtra,Pune,T30,26-35,Male,23.5,Cheque,Verified
INV003887,2024-05-14,102885,lumpsum,277114,Rajasthan,Udaipur,B30,56+,Female,54.1,Mandate,Verified
INV001404,2024-05-14,120504,sip,2573,West Bengal,Kolkata,T30,46-55,Male,56.2,Mandate,Verified
INV003315,2024-05-14,102887,sip,1161,Madhya Pradesh,Bhopal,B30,36-45,Female,58.1,UPI,Verified
INV001691,2024-05-14,100025,lumpsum,363149,Maharashtra,Mumbai,T30,26-35,Male,10.3,Cheque,Verified
INV000127,2024-05-14,119095,lumpsum,451149,Delhi,Gurugram,T30,18-25,Male,7.3,Mandate,Verified
INV004017,2024-05-14,118636,sip,2283,West Bengal,Kolkata,T30,36-45,Male,36.7,Cheque,Verified
INV004938,2024-05-14,118632,sip,48071,Karnataka,Bangalore,T30,18-25,Male,6.3,Mandate,Verified
INV002568,2024-05-14,100025,sip,58433,Uttar Pradesh,Lucknow,T30,26-35,Female,7.3,UPI,Verified
INV003778,2024-05-14,118636,sip,2568,Tamil Nadu,Chennai,T30,36-45,Male,59.4,Mandate,Verified
INV002112,2024-05-14,101206,sip,21664,Madhya Pradesh,Indore,T30,56+,Male,41.3,UPI,Verified
INV003909,2024-05-14,119599,sip,3142,Haryana,Gurugram,T30,46-55,Male,29.1,Mandate,Verified
INV004827,2024-05-14,120844,redemption,53776,Uttar Pradesh,Kanpur,B30,56+,Female,43.7,UPI,Pending
INV002044,2024-05-14,100033,redemption,28787,Gujarat,Ahmedabad,T30,26-35,Female,19.1,UPI,Verified
INV001141,2024-05-14,101207,sip,2235,West Bengal,Kolkata,T30,18-25,Female,3.0,UPI,Verified
INV004084,2024-05-14,120844,lumpsum,68811,Telangana,Hyderabad,T30,26-35,Male,9.9,Net Banking,Verified
INV001507,2024-05-14,102885,lumpsum,59698,Uttar Pradesh,Lucknow,T30,26-35,Male,20.4,Net Banking,Verified
INV003241,2024-05-14,120504,sip,923,Madhya Pradesh,Bhopal,B30,26-35,Male,8.4,Net Banking,Verified
INV004088,2024-05-14,119093,sip,5487,Tamil Nadu,Chennai,T30,36-45,Male,26.8,Mandate,Verified
INV001777,2024-05-14,118636,sip,55601,West Bengal,Kolkata,T30,18-25,Female,7.6,Cheque,Verified
INV002803,2024-05-14,120505,sip,423,Uttar Pradesh,Agra,B30,36-45,Male,31.9,Net Banking,Verified
INV002897,2024-05-14,149322,sip,3489,Maharashtra,Pune,T30,26-35,Male,23.1,Net Banking,Verified
INV002236,2024-05-14,149324,sip,445,Delhi,New Delhi,T30,26-35,Male,21.6,Cheque,Verified
INV004318,2024-05-14,118634,sip,11531,Tamil Nadu,Coimbatore,B30,56+,Female,54.7,UPI,Verified
INV003121,2024-05-14,101207,lumpsum,65841,Telangana,Hyderabad,T30,36-45,Male,13.7,Cheque,Verified
INV002430,2024-05-14,100025,redemption,120214,Madhya Pradesh,Bhopal,B30,26-35,Male,16.2,Cheque,Verified
INV001440,2024-05-14,100025,lumpsum,136104,West Bengal,Kolkata,T30,26-35,Male,11.3,Cheque,Verified
INV003016,2024-05-14,102886,redemption,274767,Madhya Pradesh,Bhopal,B30,26-35,Male,12.7,Net Banking,Verified
INV004761,2024-05-14,120503,redemption,519622,Madhya Pradesh,Indore,T30,26-35,Male,21.4,Cheque,Verified
INV004906,2024-05-14,120844,sip,2320,Madhya Pradesh,Indore,T30,26-35,Male,9.9,Cheque,Verified
INV004266,2024-05-14,119598,sip,3407,Delhi,New Delhi,T30,36-45,Male,35.9,Net Banking,Pending
INV000541,2024-05-14,120841,sip,8767,Telangana,Hyderabad,T30,46-55,Female,22.9,Cheque,Verified
INV002413,2024-05-14,100033,lumpsum,23904,Gujarat,Surat,T30,26-35,Male,14.4,UPI,Verified
INV003564,2024-05-14,125497,sip,48152,Telangana,Hyderabad,T30,18-25,Male,6.8,UPI,Verified
INV001969,2024-05-14,118632,lumpsum,132181,Uttar Pradesh,Kanpur,B30,26-35,Male,9.7,UPI,Verified
INV004926,2024-05-14,120505,sip,1769,Karnataka,Mysore,B30,36-45,Male,45.3,Mandate,Verified
INV000661,2024-05-14,120843,sip,2165,Haryana,Faridabad,B30,36-45,Male,46.8,Net Banking,Verified
INV002887,2024-05-14,119095,lumpsum,556503,Delhi,New Delhi,T30,36-45,Female,59.6,Net Banking,Verified
INV003619,2024-05-14,101207,sip,7992,West Bengal,Kolkata,T30,18-25,Female,3.3,UPI,Verified
INV004623,2024-05-14,118634,lumpsum,77025,Madhya Pradesh,Indore,T30,46-55,Female,44.9,Cheque,Verified
INV004149,2024-05-14,119093,sip,3043,Rajasthan,Udaipur,B30,56+,Female,78.2,Net Banking,Verified
INV002467,2024-05-14,118635,sip,54783,Punjab,Chandigarh,T30,36-45,Male,12.3,Mandate,Verified
INV000058,2024-05-14,119093,sip,2727,Maharashtra,Mumbai,T30,26-35,Male,19.9,Net Banking,Verified
INV001116,2024-05-14,101208,sip,6239,Haryana,Faridabad,B30,36-45,Male,17.8,Net Banking,Verified
INV004510,2024-05-14,118636,sip,8170,Haryana,Gurugram,T30,56+,Male,71.8,Cheque,Verified
INV003987,2024-05-14,100025,sip,838,Tamil Nadu,Coimbatore,B30,26-35,Female,24.1,Net Banking,Verified
INV004131,2024-05-14,120506,sip,457,Uttar Pradesh,Kanpur,B30,26-35,Male,10.3,Mandate,Verified
INV001045,2024-05-14,119551,redemption,372177,Punjab,Chandigarh,T30,36-45,Female,45.5,Cheque,Verified
INV004888,2024-05-14,100033,lumpsum,290048,Delhi,Gurugram,T30,26-35,Female,6.7,Net Banking,Verified
INV004648,2024-05-15,118635,lumpsum,34775,Maharashtra,Pune,T30,36-45,Male,54.3,Mandate,Verified
INV004709,2024-05-15,101207,sip,6273,Haryana,Gurugram,T30,36-45,Male,59.1,Net Banking,Verified
INV001689,2024-05-15,149323,lumpsum,106153,Haryana,Faridabad,B30,36-45,Male,40.4,UPI,Verified
INV002290,2024-05-15,120507,lumpsum,215278,Gujarat,Ahmedabad,T30,36-45,Male,24.7,UPI,Verified
INV003872,2024-05-15,125497,sip,8394,Uttar Pradesh,Kanpur,B30,26-35,Male,20.1,Mandate,Pending
INV001877,2024-05-15,118632,sip,28603,Tamil Nadu,Coimbatore,B30,56+,Male,62.1,Mandate,Verified
INV000580,2024-05-15,119094,sip,6408,Uttar Pradesh,Agra,B30,56+,Male,31.8,Net Banking,Verified
INV001632,2024-05-15,100025,redemption,284760,Rajasthan,Udaipur,B30,26-35,Male,6.8,Mandate,Verified
INV001091,2024-05-15,118632,lumpsum,249893,Telangana,Hyderabad,T30,18-25,Male,7.5,Mandate,Verified
INV003525,2024-05-15,118632,sip,976,Karnataka,Mysore,B30,36-45,Male,36.1,UPI,Verified
INV004159,2024-05-15,119598,sip,57014,Delhi,Noida,T30,18-25,Male,6.3,UPI,Verified
INV004598,2024-05-15,101208,lumpsum,257791,Tamil Nadu,Chennai,T30,46-55,Male,60.5,UPI,Verified
INV002759,2024-05-15,118634,sip,4450,Delhi,Noida,T30,36-45,Male,44.6,Net Banking,Verified
INV001220,2024-05-15,100016,sip,2834,Punjab,Chandigarh,T30,36-45,Male,48.3,Cheque,Verified
INV001526,2024-05-15,120503,lumpsum,395736,Madhya Pradesh,Bhopal,B30,26-35,Female,19.1,Cheque,Verified
INV001951,2024-05-15,148567,sip,13162,Punjab,Chandigarh,T30,26-35,Male,10.6,Net Banking,Verified
INV001520,2024-05-15,148567,redemption,316598,Maharashtra,Nashik,B30,36-45,Female,29.7,Net Banking,Verified
INV000446,2024-05-15,149323,sip,818,Rajasthan,Jaipur,T30,26-35,Female,23.8,Net Banking,Verified
INV004656,2024-05-15,148568,lumpsum,248889,Haryana,Gurugram,T30,18-25,Male,4.7,Net Banking,Verified
INV002786,2024-05-15,149322,sip,14033,Tamil Nadu,Coimbatore,B30,26-35,Female,13.3,Mandate,Verified
INV002382,2024-05-15,118634,lumpsum,394455,Maharashtra,Mumbai,T30,26-35,Male,18.5,UPI,Pending
INV003724,2024-05-15,101207,sip,15187,Punjab,Amritsar,B30,56+,Male,52.5,UPI,Verified
INV003758,2024-05-15,120503,sip,4740,Maharashtra,Pune,T30,26-35,Female,11.2,Mandate,Verified
INV001075,2024-05-15,100025,sip,2419,Punjab,Chandigarh,T30,26-35,Female,24.5,Cheque,Verified
INV004140,2024-05-15,102886,redemption,374902,Punjab,Amritsar,B30,46-55,Female,41.6,UPI,Verified
INV000950,2024-05-15,120507,lumpsum,259106,Punjab,Amritsar,B30,36-45,Male,33.1,Cheque,Verified
INV002186,2024-05-15,148567,sip,27004,Haryana,Faridabad,B30,18-25,Female,7.9,Mandate,Verified
INV001843,2024-05-15,149323,lumpsum,491203,West Bengal,Kolkata,T30,46-55,Male,51.9,UPI,Verified
INV003543,2024-05-15,102887,sip,53639,Maharashtra,Nashik,B30,26-35,Male,8.3,Mandate,Verified
INV003607,2024-05-15,118633,sip,11226,Delhi,Gurugram,T30,18-25,Male,4.7,UPI,Verified
INV001623,2024-05-15,101208,sip,3537,Gujarat,Surat,T30,26-35,Female,17.3,Mandate,Verified
INV002393,2024-05-15,101208,sip,12538,Madhya Pradesh,Bhopal,B30,26-35,Female,15.2,UPI,Verified
INV000094,2024-05-15,100025,lumpsum,63793,West Bengal,Kolkata,T30,18-25,Male,3.7,Net Banking,Verified
INV002439,2024-05-15,120507,lumpsum,27629,Karnataka,Bangalore,T30,18-25,Male,3.8,UPI,Verified
INV003658,2024-05-15,101208,sip,3459,West Bengal,Kolkata,T30,26-35,Male,6.3,Cheque,Verified
INV002365,2024-05-15,120503,redemption,454493,Gujarat,Ahmedabad,T30,46-55,Male,76.9,Net Banking,Verified
INV004184,2024-05-15,118633,lumpsum,278211,Karnataka,Bangalore,T30,26-35,Male,9.9,UPI,Verified
INV002588,2024-05-15,148568,sip,9853,West Bengal,Kolkata,T30,18-25,Male,5.5,Mandate,Verified
INV001473,2024-05-15,119095,lumpsum,270991,Delhi,Gurugram,T30,36-45,Male,29.1,Cheque,Verified
INV000962,2024-05-15,119552,sip,2200,Punjab,Chandigarh,T30,26-35,Male,24.5,UPI,Verified
INV002178,2024-05-15,118635,lumpsum,169706,Gujarat,Ahmedabad,T30,36-45,Female,33.8,Mandate,Verified
INV002151,2024-05-15,118636,sip,58346,Rajasthan,Jaipur,T30,26-35,Female,18.1,Cheque,Verified
INV002751,2024-05-15,119094,sip,5083,Delhi,New Delhi,T30,36-45,Male,45.4,Mandate,Verified
INV002216,2024-05-15,149323,sip,11327,Maharashtra,Mumbai,T30,46-55,Male,26.5,Cheque,Verified
INV004306,2024-05-15,120506,sip,7704,Telangana,Hyderabad,T30,26-35,Female,20.4,UPI,Verified
INV002297,2024-05-15,120843,lumpsum,469934,Haryana,Gurugram,T30,36-45,Male,22.9,Cheque,Verified
INV000661,2024-05-15,100025,sip,1011,Haryana,Faridabad,B30,36-45,Male,46.8,Net Banking,Pending
INV000124,2024-05-15,149324,sip,8013,Punjab,Amritsar,B30,36-45,Female,46.2,UPI,Verified
INV001288,2024-05-15,118635,sip,421,Telangana,Hyderabad,T30,26-35,Male,21.8,Cheque,Verified
INV001753,2024-05-15,119599,sip,4947,Rajasthan,Jaipur,T30,26-35,Male,10.0,Mandate,Pending
INV001857,2024-05-15,120503,redemption,334225,Tamil Nadu,Chennai,T30,26-35,Male,24.0,Mandate,Verified
INV001897,2024-05-16,119093,lumpsum,198484,Maharashtra,Mumbai,T30,26-35,Male,8.6,Cheque,Verified
INV002420,2024-05-16,125498,sip,22706,Karnataka,Mysore,B30,26-35,Female,6.4,Net Banking,Verified
INV000305,2024-05-16,149324,sip,44932,Rajasthan,Udaipur,B30,36-45,Male,21.4,Mandate,Verified
INV003043,2024-05-16,120843,redemption,88005,Karnataka,Bangalore,T30,26-35,Male,21.2,UPI,Verified
INV001191,2024-05-16,119092,lumpsum,247593,Telangana,Hyderabad,T30,56+,Male,37.5,Mandate,Verified
INV004365,2024-05-16,102885,sip,56633,Delhi,Gurugram,T30,26-35,Male,19.4,UPI,Verified
INV000910,2024-05-16,120844,sip,21380,Madhya Pradesh,Indore,T30,46-55,Male,58.8,Cheque,Pending
INV000477,2024-05-16,118635,redemption,541960,Uttar Pradesh,Lucknow,T30,18-25,Female,5.3,UPI,Verified
INV000309,2024-05-16,120504,lumpsum,482703,Delhi,Gurugram,T30,26-35,Male,18.1,Net Banking,Verified
INV000596,2024-05-16,120844,sip,6922,Madhya Pradesh,Indore,T30,56+,Male,21.3,UPI,Verified
INV001836,2024-05-16,120503,sip,895,Uttar Pradesh,Agra,B30,26-35,Male,17.4,Mandate,Verified
INV004545,2024-05-16,120505,redemption,146373,Madhya Pradesh,Indore,T30,26-35,Male,12.8,Mandate,Pending
INV001326,2024-05-16,118634,sip,4135,Rajasthan,Udaipur,B30,46-55,Male,54.9,Cheque,Verified
INV003348,2024-05-16,119552,sip,53116,Madhya Pradesh,Indore,T30,46-55,Male,53.4,Mandate,Verified
INV004745,2024-05-16,119094,redemption,399310,West Bengal,Kolkata,T30,18-25,Male,5.2,Mandate,Verified
INV000567,2024-05-16,120844,sip,2696,Delhi,New Delhi,T30,26-35,Male,9.1,UPI,Verified
INV004835,2024-05-16,120841,sip,1106,Maharashtra,Nashik,B30,56+,Male,12.9,Cheque,Verified
INV000691,2024-05-16,149324,sip,17771,Tamil Nadu,Chennai,T30,18-25,Female,7.8,UPI,Pending
INV002280,2024-05-16,119120,sip,1627,Karnataka,Mysore,B30,18-25,Male,3.5,Cheque,Verified
INV002061,2024-05-16,120504,sip,14909,West Bengal,Kolkata,T30,26-35,Male,14.2,UPI,Verified
INV002166,2024-05-16,101207,sip,59161,Haryana,Gurugram,T30,36-45,Male,33.3,Net Banking,Verified
INV000689,2024-05-16,118632,sip,423,Tamil Nadu,Chennai,T30,26-35,Female,19.8,UPI,Verified
INV002253,2024-05-16,119092,sip,2074,West Bengal,Kolkata,T30,46-55,Male,28.6,UPI,Verified
INV001383,2024-05-16,119092,sip,889,Maharashtra,Pune,T30,26-35,Male,18.6,Net Banking,Verified
INV000138,2024-05-16,120506,sip,23284,Telangana,Hyderabad,T30,26-35,Male,24.7,UPI,Verified
INV004290,2024-05-16,101208,lumpsum,89572,Gujarat,Ahmedabad,T30,46-55,Male,41.9,Mandate,Verified
INV004084,2024-05-16,120843,lumpsum,305996,Telangana,Hyderabad,T30,26-35,Male,9.9,Net Banking,Verified
INV002181,2024-05-16,120503,lumpsum,462214,Gujarat,Surat,T30,26-35,Male,18.3,UPI,Verified
INV000713,2024-05-16,120842,lumpsum,457850,Delhi,Noida,T30,36-45,Female,23.7,Cheque,Verified
INV001064,2024-05-16,120503,redemption,32797,West Bengal,Kolkata,T30,46-55,Male,67.9,Net Banking,Verified
INV003955,2024-05-16,120841,sip,1015,Gujarat,Ahmedabad,T30,26-35,Female,8.9,UPI,Verified
INV002951,2024-05-16,120503,redemption,101588,Karnataka,Bangalore,T30,36-45,Male,58.6,Mandate,Verified
INV002954,2024-05-16,149322,lumpsum,258635,Delhi,New Delhi,T30,26-35,Female,6.0,Net Banking,Verified
INV002983,2024-05-16,119120,lumpsum,259536,Karnataka,Mysore,B30,18-25,Male,6.2,Mandate,Pending
INV003959,2024-05-16,120844,sip,5799,Haryana,Gurugram,T30,46-55,Male,81.1,Cheque,Verified
INV003169,2024-05-16,119599,sip,2938,Telangana,Hyderabad,T30,26-35,Female,11.2,Mandate,Verified
INV003606,2024-05-16,120503,redemption,400168,Maharashtra,Pune,T30,36-45,Male,23.6,UPI,Verified
INV002389,2024-05-16,120504,redemption,422295,Haryana,Faridabad,B30,36-45,Male,50.8,Mandate,Verified
INV002674,2024-05-16,118636,sip,24474,Karnataka,Mysore,B30,26-35,Female,7.4,Net Banking,Verified
INV002401,2024-05-16,125498,sip,2165,West Bengal,Kolkata,T30,26-35,Male,20.9,Mandate,Verified
INV001719,2024-05-16,101208,lumpsum,395450,Rajasthan,Udaipur,B30,26-35,Male,19.2,Mandate,Verified
INV001206,2024-05-16,119094,lumpsum,171528,Delhi,Noida,T30,26-35,Male,11.7,Net Banking,Verified
INV000437,2024-05-16,119093,sip,437,Telangana,Hyderabad,T30,26-35,Female,6.1,Mandate,Verified
INV000030,2024-05-16,119092,sip,7126,Delhi,Noida,T30,18-25,Female,5.1,Mandate,Verified
INV004682,2024-05-16,119094,sip,59109,Telangana,Hyderabad,T30,26-35,Female,8.7,Mandate,Verified
INV000437,2024-05-16,149323,lumpsum,129851,Telangana,Hyderabad,T30,26-35,Female,6.1,Net Banking,Verified
INV003068,2024-05-16,149324,sip,2904,Delhi,New Delhi,T30,26-35,Male,11.6,Net Banking,Verified
INV004589,2024-05-16,149324,sip,2013,Gujarat,Ahmedabad,T30,36-45,Male,14.4,Mandate,Verified
INV000873,2024-05-16,119093,redemption,304282,Uttar Pradesh,Lucknow,T30,26-35,Male,8.9,Net Banking,Verified
INV003289,2024-05-16,149323,redemption,273974,Uttar Pradesh,Lucknow,T30,26-35,Male,11.2,Mandate,Verified
INV000029,2024-05-16,118635,sip,2219,Rajasthan,Udaipur,B30,26-35,Female,7.6,Cheque,Verified
INV001401,2024-05-16,149324,lumpsum,289600,Tamil Nadu,Coimbatore,B30,26-35,Male,15.6,UPI,Verified
INV000165,2024-05-16,102887,redemption,80225,Punjab,Chandigarh,T30,36-45,Female,18.8,Mandate,Pending
INV001434,2024-05-16,125498,lumpsum,68668,Maharashtra,Mumbai,T30,46-55,Male,92.6,UPI,Verified
INV002803,2024-05-16,119598,sip,2000,Uttar Pradesh,Agra,B30,36-45,Male,31.9,Net Banking,Verified
INV001460,2024-05-16,118632,lumpsum,406659,Uttar Pradesh,Kanpur,B30,36-45,Male,45.4,Mandate,Verified
INV004321,2024-05-17,125497,redemption,394809,West Bengal,Kolkata,T30,26-35,Male,16.0,Net Banking,Verified
INV004498,2024-05-17,102886,sip,10734,Punjab,Chandigarh,T30,26-35,Male,6.7,UPI,Verified
INV001764,2024-05-17,101208,redemption,24497,Rajasthan,Udaipur,B30,46-55,Female,28.1,Net Banking,Verified
INV003357,2024-05-17,118633,sip,20213,Madhya Pradesh,Bhopal,B30,26-35,Female,15.3,Cheque,Verified
INV002249,2024-05-17,120844,lumpsum,182928,Karnataka,Bangalore,T30,36-45,Male,19.6,Cheque,Verified
INV002870,2024-05-17,120503,sip,3271,Karnataka,Mysore,B30,26-35,Female,23.7,UPI,Verified
INV002614,2024-05-17,119093,lumpsum,285194,Punjab,Chandigarh,T30,36-45,Male,13.2,Cheque,Verified
INV000283,2024-05-17,119551,redemption,450264,West Bengal,Kolkata,T30,46-55,Male,18.1,UPI,Verified
INV004652,2024-05-17,125497,lumpsum,299798,Gujarat,Surat,T30,56+,Male,42.9,Mandate,Verified
INV001389,2024-05-17,118635,redemption,157270,Karnataka,Mysore,B30,46-55,Female,39.7,Net Banking,Pending
INV000384,2024-05-17,118632,sip,52268,Tamil Nadu,Coimbatore,B30,18-25,Female,6.5,Net Banking,Verified
INV004193,2024-05-17,118632,sip,13429,Telangana,Hyderabad,T30,26-35,Male,17.1,UPI,Verified
INV003487,2024-05-17,149324,sip,24847,Gujarat,Ahmedabad,T30,26-35,Female,12.0,Mandate,Verified
INV001022,2024-05-17,102887,redemption,149101,Karnataka,Mysore,B30,36-45,Male,19.6,UPI,Verified
INV001456,2024-05-17,118635,sip,2792,Punjab,Chandigarh,T30,36-45,Male,36.3,Mandate,Verified
INV004091,2024-05-17,119551,sip,4440,Tamil Nadu,Chennai,T30,26-35,Male,7.2,Net Banking,Verified
INV001814,2024-05-17,100025,lumpsum,122043,West Bengal,Kolkata,T30,26-35,Female,6.9,Net Banking,Verified
INV002879,2024-05-17,101208,sip,2917,Tamil Nadu,Coimbatore,B30,46-55,Male,26.0,Net Banking,Verified
INV000497,2024-05-17,119095,sip,4801,Madhya Pradesh,Bhopal,B30,36-45,Male,45.7,Cheque,Verified
INV003672,2024-05-17,118634,sip,44716,Uttar Pradesh,Agra,B30,36-45,Male,32.5,Cheque,Verified
INV003455,2024-05-17,119095,sip,14099,Tamil Nadu,Coimbatore,B30,46-55,Male,40.2,Mandate,Verified
INV003154,2024-05-17,125497,lumpsum,245094,Karnataka,Mysore,B30,26-35,Female,17.7,Mandate,Verified
INV001462,2024-05-17,101206,sip,8787,Gujarat,Surat,T30,26-35,Male,19.4,Net Banking,Verified
INV002179,2024-05-17,101207,sip,406,Haryana,Gurugram,T30,26-35,Female,12.0,Cheque,Pending
INV002430,2024-05-17,118633,redemption,57911,Madhya Pradesh,Bhopal,B30,26-35,Male,16.2,Cheque,Verified
INV001549,2024-05-17,120841,sip,24284,Haryana,Gurugram,T30,36-45,Male,19.5,Cheque,Verified
INV002923,2024-05-17,118633,sip,47133,Karnataka,Mysore,B30,26-35,Female,23.0,Net Banking,Verified
INV004557,2024-05-17,149323,sip,50504,Maharashtra,Nashik,B30,26-35,Male,8.0,Mandate,Verified
INV001969,2024-05-17,119095,lumpsum,441486,Uttar Pradesh,Kanpur,B30,26-35,Male,9.7,Cheque,Pending
INV003449,2024-05-17,119551,redemption,165434,Gujarat,Ahmedabad,T30,56+,Male,10.0,UPI,Verified
INV003218,2024-05-17,119551,redemption,33054,Tamil Nadu,Chennai,T30,18-25,Male,6.0,Net Banking,Verified
INV004981,2024-05-17,100025,sip,8241,Haryana,Faridabad,B30,18-25,Male,3.5,UPI,Verified
INV004548,2024-05-17,119599,redemption,378284,Delhi,Noida,T30,36-45,Female,58.1,UPI,Verified
INV000779,2024-05-17,119551,sip,1026,Gujarat,Ahmedabad,T30,36-45,Male,35.3,Mandate,Verified
INV004294,2024-05-17,118633,sip,9251,Punjab,Chandigarh,T30,56+,Female,76.0,Mandate,Verified
INV000293,2024-05-17,120504,lumpsum,139339,Karnataka,Mysore,B30,26-35,Female,19.3,Cheque,Verified
INV003037,2024-05-17,118633,lumpsum,86156,Telangana,Hyderabad,T30,18-25,Female,7.6,Mandate,Verified
INV004295,2024-05-17,119551,sip,2064,Karnataka,Bangalore,T30,36-45,Male,50.6,Cheque,Verified
INV001975,2024-05-17,120506,redemption,25990,Delhi,New Delhi,T30,36-45,Female,35.3,UPI,Verified
INV004951,2024-05-17,102885,redemption,19907,Karnataka,Mysore,B30,26-35,Female,7.5,Mandate,Verified
INV000791,2024-05-17,119552,sip,1071,Madhya Pradesh,Bhopal,B30,26-35,Male,18.4,Net Banking,Verified
INV003808,2024-05-17,148569,redemption,365494,Madhya Pradesh,Bhopal,B30,46-55,Female,62.5,UPI,Verified
INV000040,2024-05-17,118636,redemption,262193,Karnataka,Mysore,B30,26-35,Male,14.7,Mandate,Verified
INV000288,2024-05-17,118635,sip,48989,Telangana,Hyderabad,T30,26-35,Male,10.1,UPI,Verified
INV004302,2024-05-17,148569,redemption,297995,Karnataka,Mysore,B30,46-55,Male,63.4,Cheque,Verified
INV004979,2024-05-17,119120,sip,26569,Punjab,Chandigarh,T30,26-35,Male,21.5,UPI,Verified
INV004075,2024-05-17,100033,sip,40088,Rajasthan,Jaipur,T30,36-45,Male,56.5,Cheque,Pending
INV000626,2024-05-17,119120,redemption,299069,Haryana,Gurugram,T30,26-35,Female,12.3,Net Banking,Verified
INV003711,2024-05-17,100033,sip,15325,Telangana,Hyderabad,T30,36-45,Female,13.1,Cheque,Pending
INV002119,2024-05-17,119599,redemption,52355,Tamil Nadu,Coimbatore,B30,26-35,Female,11.8,UPI,Verified
INV003349,2024-05-17,100016,lumpsum,144588,Uttar Pradesh,Agra,B30,26-35,Male,10.5,Net Banking,Verified
INV002143,2024-05-17,119120,sip,54182,Uttar Pradesh,Lucknow,T30,26-35,Male,11.8,UPI,Verified
INV004340,2024-05-17,119092,sip,3176,Karnataka,Mysore,B30,26-35,Male,17.9,Net Banking,Verified
INV000114,2024-05-17,118633,sip,2628,West Bengal,Kolkata,T30,36-45,Male,59.6,UPI,Verified
INV004067,2024-05-17,120507,sip,578,Delhi,Gurugram,T30,26-35,Male,8.5,Net Banking,Verified
INV004073,2024-05-17,102885,sip,7390,Gujarat,Surat,T30,46-55,Female,32.6,Mandate,Verified
INV003586,2024-05-17,120505,sip,53161,Haryana,Faridabad,B30,46-55,Male,68.9,Mandate,Verified
INV001684,2024-05-17,100033,sip,16192,Uttar Pradesh,Lucknow,T30,36-45,Male,51.6,Cheque,Verified
INV004420,2024-05-17,101206,sip,4920,Haryana,Gurugram,T30,36-45,Male,14.6,Cheque,Verified
INV004436,2024-05-17,119094,lumpsum,431001,Delhi,New Delhi,T30,56+,Male,30.3,Mandate,Verified
INV003899,2024-05-17,120843,redemption,300396,Haryana,Gurugram,T30,36-45,Female,21.3,UPI,Verified
INV002237,2024-05-17,118634,sip,29913,Uttar Pradesh,Agra,B30,46-55,Male,23.1,Mandate,Verified
INV003848,2024-05-17,119599,lumpsum,110159,Telangana,Hyderabad,T30,26-35,Male,24.0,UPI,Verified
INV000646,2024-05-17,101206,sip,462,Uttar Pradesh,Lucknow,T30,26-35,Female,23.9,Net Banking,Verified
INV002237,2024-05-17,120843,sip,1607,Uttar Pradesh,Agra,B30,46-55,Male,23.1,Cheque,Pending
INV004446,2024-05-17,120841,sip,16682,West Bengal,Kolkata,T30,26-35,Male,14.8,Cheque,Verified
INV003070,2024-05-17,102885,sip,9566,West Bengal,Kolkata,T30,26-35,Male,23.7,UPI,Pending
INV002696,2024-05-18,101206,sip,4805,Punjab,Amritsar,B30,18-25,Male,7.1,Net Banking,Verified
INV000906,2024-05-18,125497,lumpsum,485396,Maharashtra,Mumbai,T30,26-35,Male,20.7,Net Banking,Verified
INV004875,2024-05-18,118633,sip,51350,West Bengal,Kolkata,T30,26-35,Male,25.0,Mandate,Verified
INV003470,2024-05-18,120503,sip,6567,Uttar Pradesh,Kanpur,B30,18-25,Male,3.8,Net Banking,Verified
INV000736,2024-05-18,101208,sip,43074,Haryana,Faridabad,B30,36-45,Female,39.4,UPI,Verified
INV000740,2024-05-18,119120,sip,8334,Delhi,Gurugram,T30,36-45,Male,52.5,UPI,Verified
INV000992,2024-05-18,149323,lumpsum,483249,Tamil Nadu,Coimbatore,B30,46-55,Female,83.5,Net Banking,Verified
INV003060,2024-05-18,119094,lumpsum,16923,Rajasthan,Jaipur,T30,56+,Female,16.6,Mandate,Verified
INV000880,2024-05-18,119598,lumpsum,317220,Madhya Pradesh,Indore,T30,26-35,Male,18.4,Mandate,Pending
INV003151,2024-05-18,148568,lumpsum,159547,Tamil Nadu,Coimbatore,B30,56+,Female,69.5,Cheque,Verified
INV003947,2024-05-18,101206,sip,881,Delhi,Noida,T30,26-35,Male,12.9,UPI,Verified
INV000427,2024-05-18,119092,sip,58796,Punjab,Amritsar,B30,56+,Female,18.6,Mandate,Verified
INV002035,2024-05-18,100033,lumpsum,113244,Tamil Nadu,Chennai,T30,36-45,Male,12.2,Cheque,Verified
INV004233,2024-05-18,125498,sip,5538,Maharashtra,Nashik,B30,26-35,Female,8.7,UPI,Verified
INV004953,2024-05-18,118636,sip,15194,Haryana,Faridabad,B30,36-45,Male,36.3,Mandate,Verified
INV001895,2024-05-18,120843,sip,8543,Gujarat,Ahmedabad,T30,36-45,Male,56.4,UPI,Verified
INV000472,2024-05-18,101208,lumpsum,104822,Uttar Pradesh,Lucknow,T30,46-55,Male,70.1,Net Banking,Verified
INV003534,2024-05-18,149322,sip,1136,Madhya Pradesh,Indore,T30,46-55,Male,75.7,Mandate,Verified
INV002282,2024-05-18,100025,sip,52585,West Bengal,Kolkata,T30,36-45,Male,53.7,UPI,Verified
INV002127,2024-05-18,100033,sip,42352,Rajasthan,Udaipur,B30,18-25,Male,7.4,Mandate,Verified
INV002284,2024-05-18,149324,redemption,378756,Karnataka,Bangalore,T30,36-45,Male,55.3,Mandate,Verified
INV004919,2024-05-18,120841,redemption,418740,Telangana,Hyderabad,T30,26-35,Male,6.6,Cheque,Verified
INV004621,2024-05-18,120843,lumpsum,197183,Punjab,Amritsar,B30,36-45,Female,16.9,Net Banking,Verified
INV000091,2024-05-18,101206,sip,12679,Haryana,Gurugram,T30,26-35,Male,14.6,Cheque,Verified
INV002870,2024-05-18,100016,sip,23327,Karnataka,Mysore,B30,26-35,Female,23.7,Net Banking,Verified
INV000359,2024-05-18,120504,sip,6472,Tamil Nadu,Chennai,T30,18-25,Male,3.1,UPI,Verified
INV003165,2024-05-18,118635,sip,820,Punjab,Amritsar,B30,26-35,Male,19.4,UPI,Verified
INV000978,2024-05-18,100016,sip,5553,West Bengal,Kolkata,T30,26-35,Male,18.6,Cheque,Verified
INV002913,2024-05-18,102887,sip,2501,Delhi,New Delhi,T30,56+,Male,28.5,Net Banking,Verified
INV004701,2024-05-18,101208,sip,8387,Haryana,Gurugram,T30,26-35,Male,7.3,Cheque,Pending
INV003360,2024-05-18,118633,lumpsum,45676,Madhya Pradesh,Indore,T30,26-35,Female,19.5,Net Banking,Verified
INV001036,2024-05-18,148568,lumpsum,291746,Punjab,Chandigarh,T30,46-55,Female,40.5,Cheque,Verified
INV004004,2024-05-18,120843,sip,4398,Delhi,Gurugram,T30,18-25,Male,3.1,Cheque,Verified
INV004089,2024-05-18,118636,lumpsum,191225,Haryana,Gurugram,T30,36-45,Female,15.2,UPI,Verified
INV004504,2024-05-18,120505,sip,3233,Telangana,Hyderabad,T30,46-55,Male,46.3,UPI,Verified
INV000022,2024-05-18,149324,sip,8800,Telangana,Hyderabad,T30,36-45,Male,37.4,UPI,Verified
INV000726,2024-05-18,149324,redemption,224494,Punjab,Chandigarh,T30,26-35,Male,21.1,Net Banking,Verified
INV004819,2024-05-18,118634,lumpsum,7992,Telangana,Hyderabad,T30,26-35,Female,14.8,Mandate,Verified
INV003601,2024-05-18,149324,sip,2425,Haryana,Faridabad,B30,26-35,Female,17.0,UPI,Verified
INV002310,2024-05-18,120844,lumpsum,434326,Tamil Nadu,Coimbatore,B30,26-35,Female,15.6,Net Banking,Verified
INV000725,2024-05-18,125497,sip,7385,Telangana,Hyderabad,T30,18-25,Male,6.9,Net Banking,Verified
INV000606,2024-05-18,149322,redemption,300513,Karnataka,Mysore,B30,18-25,Male,7.8,UPI,Verified
INV002327,2024-05-18,149322,redemption,74112,Punjab,Amritsar,B30,26-35,Male,7.0,UPI,Pending
INV002199,2024-05-18,118633,sip,514,Gujarat,Ahmedabad,T30,26-35,Male,18.6,Cheque,Verified
INV004196,2024-05-18,118635,sip,2070,West Bengal,Kolkata,T30,46-55,Male,44.4,Cheque,Verified
INV001014,2024-05-18,120507,sip,1990,Punjab,Chandigarh,T30,18-25,Female,6.9,UPI,Verified
INV002921,2024-05-18,101207,sip,7299,Punjab,Amritsar,B30,18-25,Female,5.4,Mandate,Verified
INV001137,2024-05-18,119599,lumpsum,436696,West Bengal,Kolkata,T30,56+,Female,55.8,Net Banking,Verified
INV001691,2024-05-18,102885,redemption,522918,Maharashtra,Mumbai,T30,26-35,Male,10.3,Mandate,Verified
INV000884,2024-05-18,149324,sip,1197,Delhi,Gurugram,T30,18-25,Female,6.4,Net Banking,Verified
INV002777,2024-05-18,101207,sip,7563,Madhya Pradesh,Indore,T30,26-35,Male,10.6,Cheque,Verified
INV001080,2024-05-18,120503,redemption,410934,Tamil Nadu,Chennai,T30,18-25,Female,7.3,Net Banking,Verified
INV003066,2024-05-18,102886,sip,547,Madhya Pradesh,Indore,T30,26-35,Male,20.4,Cheque,Verified
INV002555,2024-05-18,119093,sip,434,Gujarat,Ahmedabad,T30,36-45,Male,24.5,Cheque,Pending
INV001189,2024-05-18,120507,sip,422,Maharashtra,Nashik,B30,56+,Male,70.1,Cheque,Verified
INV002905,2024-05-18,118633,sip,557,Tamil Nadu,Chennai,T30,36-45,Female,32.4,Mandate,Verified
INV004095,2024-05-18,149324,redemption,83951,Karnataka,Mysore,B30,26-35,Female,14.6,Mandate,Verified
INV002124,2024-05-18,101206,sip,5452,Tamil Nadu,Coimbatore,B30,18-25,Male,5.0,Net Banking,Verified
INV004672,2024-05-18,119094,sip,12425,Rajasthan,Jaipur,T30,26-35,Male,23.9,Cheque,Verified
INV004267,2024-05-18,118636,lumpsum,321099,Gujarat,Surat,T30,46-55,Male,99.7,UPI,Verified
INV001423,2024-05-18,119093,sip,4709,Madhya Pradesh,Bhopal,B30,18-25,Female,7.7,Cheque,Verified
INV002698,2024-05-18,149323,sip,15373,Maharashtra,Pune,T30,26-35,Male,20.9,Mandate,Verified
INV001693,2024-05-18,118634,sip,8527,Tamil Nadu,Coimbatore,B30,36-45,Male,49.0,Net Banking,Verified
INV003522,2024-05-18,120506,sip,3041,Karnataka,Mysore,B30,26-35,Female,6.3,Net Banking,Verified
INV003797,2024-05-18,119599,sip,597,Madhya Pradesh,Indore,T30,26-35,Male,6.6,Mandate,Verified
INV001460,2024-05-18,120504,redemption,91132,Uttar Pradesh,Kanpur,B30,36-45,Male,45.4,Cheque,Verified
INV001579,2024-05-19,100016,sip,16662,Karnataka,Bangalore,T30,46-55,Male,71.1,Cheque,Verified
INV002526,2024-05-19,118632,redemption,309276,Madhya Pradesh,Bhopal,B30,18-25,Female,3.5,Mandate,Verified
INV000007,2024-05-19,118632,sip,1906,Uttar Pradesh,Kanpur,B30,26-35,Male,21.9,UPI,Verified
INV000051,2024-05-19,119093,sip,4603,Haryana,Gurugram,T30,36-45,Male,21.0,Net Banking,Verified
INV004400,2024-05-19,120842,lumpsum,402963,Uttar Pradesh,Agra,B30,26-35,Male,19.5,Mandate,Verified
INV004266,2024-05-19,100025,redemption,298197,Delhi,New Delhi,T30,36-45,Male,35.9,Cheque,Verified
INV002303,2024-05-19,119093,redemption,137559,Rajasthan,Udaipur,B30,26-35,Male,12.5,Net Banking,Pending
INV000461,2024-05-19,148567,sip,45981,Punjab,Chandigarh,T30,36-45,Male,26.9,Cheque,Pending
INV000353,2024-05-19,119551,sip,49922,Maharashtra,Pune,T30,26-35,Female,24.6,UPI,Verified
INV001238,2024-05-19,120844,lumpsum,400096,Haryana,Gurugram,T30,26-35,Male,17.9,Net Banking,Verified
INV004442,2024-05-19,118636,redemption,298480,Haryana,Faridabad,B30,18-25,Male,5.8,Net Banking,Verified
INV002131,2024-05-19,120844,sip,967,Madhya Pradesh,Bhopal,B30,46-55,Male,75.1,Cheque,Verified
INV001570,2024-05-19,101207,lumpsum,264907,Maharashtra,Pune,T30,26-35,Male,16.0,UPI,Verified
INV004704,2024-05-19,120843,sip,48981,Delhi,New Delhi,T30,26-35,Male,23.1,Cheque,Verified
INV000612,2024-05-19,149323,sip,5554,Punjab,Amritsar,B30,18-25,Male,6.3,Cheque,Verified
INV004698,2024-05-19,120504,sip,428,Gujarat,Surat,T30,36-45,Female,39.2,UPI,Verified
INV002368,2024-05-19,119092,lumpsum,40643,Telangana,Hyderabad,T30,26-35,Male,13.7,UPI,Verified
INV003625,2024-05-19,120507,sip,927,Telangana,Hyderabad,T30,26-35,Female,22.0,Mandate,Verified
INV004626,2024-05-19,148567,sip,8063,Telangana,Hyderabad,T30,18-25,Female,5.5,Mandate,Verified
INV003049,2024-05-19,120842,sip,16988,Gujarat,Ahmedabad,T30,26-35,Male,15.5,Cheque,Verified
INV001288,2024-05-19,149322,sip,24590,Telangana,Hyderabad,T30,26-35,Male,21.8,Net Banking,Verified
INV004926,2024-05-19,100033,redemption,383465,Karnataka,Mysore,B30,36-45,Male,45.3,Cheque,Pending
INV000037,2024-05-19,119095,lumpsum,483155,Rajasthan,Udaipur,B30,26-35,Male,7.5,Mandate,Verified
INV003000,2024-05-19,119551,sip,17719,Delhi,Gurugram,T30,36-45,Male,32.3,Mandate,Verified
INV002067,2024-05-19,119094,sip,5308,Gujarat,Ahmedabad,T30,36-45,Female,46.2,Net Banking,Verified
INV000097,2024-05-19,119552,sip,10631,Karnataka,Mysore,B30,18-25,Male,6.0,UPI,Verified
INV001751,2024-05-19,120505,lumpsum,416641,Tamil Nadu,Coimbatore,B30,18-25,Male,6.8,Cheque,Verified
INV001054,2024-05-19,120503,sip,25614,Delhi,New Delhi,T30,36-45,Female,35.5,Mandate,Verified
INV001137,2024-05-19,120505,lumpsum,221905,West Bengal,Kolkata,T30,56+,Female,55.8,Mandate,Verified
INV000710,2024-05-19,101206,sip,9973,Delhi,Noida,T30,26-35,Male,6.1,Net Banking,Verified
INV000874,2024-05-19,125498,lumpsum,459016,Tamil Nadu,Chennai,T30,56+,Male,19.1,Net Banking,Verified
INV004492,2024-05-19,120843,sip,45153,Madhya Pradesh,Bhopal,B30,26-35,Male,18.6,UPI,Verified
INV004172,2024-05-19,120842,lumpsum,212807,Madhya Pradesh,Indore,T30,26-35,Male,18.5,UPI,Verified
INV003890,2024-05-19,119094,lumpsum,383187,Madhya Pradesh,Bhopal,B30,26-35,Male,18.8,UPI,Verified
INV001420,2024-05-19,120506,sip,5358,Rajasthan,Jaipur,T30,36-45,Male,32.2,Cheque,Verified
INV003566,2024-05-19,119094,lumpsum,255994,Tamil Nadu,Coimbatore,B30,26-35,Male,8.7,Net Banking,Pending
INV000816,2024-05-19,120844,sip,2261,Uttar Pradesh,Lucknow,T30,36-45,Male,26.0,Cheque,Verified
INV004737,2024-05-19,101208,sip,3314,Madhya Pradesh,Indore,T30,46-55,Male,98.4,Mandate,Verified
INV004826,2024-05-19,100025,redemption,341362,Tamil Nadu,Coimbatore,B30,26-35,Male,14.7,Net Banking,Verified
INV004283,2024-05-19,119598,redemption,111749,Telangana,Hyderabad,T30,26-35,Male,9.6,Mandate,Verified
INV003277,2024-05-19,118633,sip,17276,Rajasthan,Jaipur,T30,18-25,Male,3.3,UPI,Verified
INV002173,2024-05-19,119093,sip,2757,Rajasthan,Jaipur,T30,26-35,Female,6.5,Mandate,Verified
INV003740,2024-05-19,120841,sip,3335,Karnataka,Bangalore,T30,56+,Female,16.2,Net Banking,Verified
INV003058,2024-05-19,118634,sip,9004,Karnataka,Mysore,B30,36-45,Male,46.2,Net Banking,Pending
INV000296,2024-05-19,118632,sip,58254,Madhya Pradesh,Indore,T30,26-35,Male,16.7,Cheque,Verified
INV004619,2024-05-19,101206,sip,23654,Gujarat,Ahmedabad,T30,46-55,Male,47.9,UPI,Verified
INV001443,2024-05-19,118635,lumpsum,393092,Uttar Pradesh,Kanpur,B30,46-55,Female,79.8,Mandate,Verified
INV000865,2024-05-19,118632,sip,25097,Tamil Nadu,Coimbatore,B30,26-35,Male,24.2,Mandate,Verified
INV003516,2024-05-19,149324,sip,437,Delhi,Gurugram,T30,36-45,Female,14.0,Net Banking,Verified
INV003978,2024-05-19,118632,redemption,431148,Telangana,Hyderabad,T30,26-35,Female,6.2,Mandate,Verified
INV001352,2024-05-20,119551,sip,819,Punjab,Chandigarh,T30,26-35,Female,8.3,Cheque,Verified
INV003174,2024-05-20,120843,lumpsum,335006,Tamil Nadu,Chennai,T30,26-35,Female,10.0,Mandate,Verified
INV000028,2024-05-20,119094,sip,8402,Gujarat,Surat,T30,18-25,Female,6.1,UPI,Pending
INV002764,2024-05-20,119552,sip,2264,Madhya Pradesh,Bhopal,B30,36-45,Male,40.8,Cheque,Verified
INV000375,2024-05-20,120843,lumpsum,268483,Rajasthan,Jaipur,T30,36-45,Male,18.1,Mandate,Pending
INV001587,2024-05-20,119095,sip,5769,Punjab,Chandigarh,T30,26-35,Male,22.3,UPI,Verified
INV004650,2024-05-20,120504,sip,426,Punjab,Chandigarh,T30,56+,Male,28.2,Mandate,Verified
INV001315,2024-05-20,125498,redemption,284849,Telangana,Hyderabad,T30,46-55,Female,32.9,UPI,Verified
INV003308,2024-05-20,120844,sip,876,Telangana,Hyderabad,T30,56+,Male,58.2,Cheque,Verified
INV001998,2024-05-20,118633,sip,1963,Haryana,Faridabad,B30,26-35,Male,19.2,UPI,Verified
INV003833,2024-05-20,118633,redemption,19353,Delhi,New Delhi,T30,26-35,Male,11.7,UPI,Verified
INV004241,2024-05-20,118633,sip,466,Maharashtra,Mumbai,T30,36-45,Male,18.9,UPI,Verified
INV000400,2024-05-20,100033,lumpsum,407873,Punjab,Chandigarh,T30,26-35,Male,22.1,Mandate,Verified
INV002948,2024-05-20,148569,sip,12851,Maharashtra,Mumbai,T30,46-55,Male,43.6,Mandate,Verified
INV000431,2024-05-20,118635,sip,572,Madhya Pradesh,Bhopal,B30,18-25,Female,4.6,Net Banking,Verified
INV002249,2024-05-20,119120,sip,1148,Karnataka,Bangalore,T30,36-45,Male,19.6,Mandate,Verified
INV002196,2024-05-20,125498,sip,5966,Delhi,Gurugram,T30,26-35,Female,23.6,Net Banking,Verified
INV004432,2024-05-20,100033,lumpsum,137225,Haryana,Gurugram,T30,26-35,Male,14.2,UPI,Verified
INV001653,2024-05-20,119094,sip,21511,Maharashtra,Mumbai,T30,36-45,Male,45.4,Mandate,Verified
INV004967,2024-05-20,120843,sip,1704,Telangana,Hyderabad,T30,26-35,Male,14.3,Net Banking,Pending
INV004823,2024-05-20,148568,redemption,429994,Rajasthan,Jaipur,T30,36-45,Female,52.6,Net Banking,Verified
INV003395,2024-05-20,118634,sip,15974,Gujarat,Ahmedabad,T30,36-45,Male,39.2,Net Banking,Verified
INV004150,2024-05-20,120844,redemption,277955,West Bengal,Kolkata,T30,18-25,Male,6.2,Cheque,Verified
INV004598,2024-05-20,149323,lumpsum,306726,Tamil Nadu,Chennai,T30,46-55,Male,60.5,UPI,Verified
INV000009,2024-05-20,149324,sip,53617,Haryana,Gurugram,T30,26-35,Male,17.1,UPI,Verified
INV000589,2024-05-20,119093,sip,22455,Uttar Pradesh,Kanpur,B30,18-25,Female,6.3,Net Banking,Verified
INV001694,2024-05-20,120842,sip,7549,Punjab,Amritsar,B30,46-55,Female,36.8,Mandate,Verified
INV000143,2024-05-20,101208,lumpsum,208196,Haryana,Gurugram,T30,26-35,Male,23.8,UPI,Verified
INV002563,2024-05-20,118632,sip,5413,Madhya Pradesh,Indore,T30,18-25,Female,6.8,Cheque,Verified
INV003054,2024-05-20,119598,lumpsum,384354,Telangana,Hyderabad,T30,56+,Female,77.1,UPI,Verified
INV001117,2024-05-20,101206,sip,4461,Punjab,Amritsar,B30,18-25,Male,3.9,Mandate,Verified
INV002092,2024-05-20,149323,sip,25347,Punjab,Amritsar,B30,18-25,Male,7.7,Cheque,Verified
INV003428,2024-05-20,119551,sip,24123,Tamil Nadu,Coimbatore,B30,26-35,Female,22.8,Mandate,Verified
INV001214,2024-05-20,119092,lumpsum,86214,Telangana,Hyderabad,T30,36-45,Male,19.8,UPI,Pending
INV001217,2024-05-20,120504,lumpsum,148754,Rajasthan,Jaipur,T30,26-35,Male,21.5,Cheque,Verified
INV000283,2024-05-20,125497,sip,3197,West Bengal,Kolkata,T30,46-55,Male,18.1,Mandate,Verified
INV001275,2024-05-20,125497,redemption,300162,Delhi,Noida,T30,36-45,Female,37.4,Cheque,Verified
INV003759,2024-05-20,102885,lumpsum,447193,Haryana,Gurugram,T30,26-35,Male,6.1,Cheque,Verified
INV004983,2024-05-20,120503,sip,41014,Madhya Pradesh,Bhopal,B30,26-35,Male,20.6,Net Banking,Verified
INV004913,2024-05-20,149323,sip,558,Rajasthan,Udaipur,B30,26-35,Male,8.6,Cheque,Verified
INV002162,2024-05-20,149323,sip,1199,Madhya Pradesh,Indore,T30,46-55,Male,40.2,UPI,Verified
INV003232,2024-05-20,102887,sip,57726,Maharashtra,Pune,T30,36-45,Female,30.9,Net Banking,Verified
INV004908,2024-05-20,120507,redemption,152986,Rajasthan,Jaipur,T30,18-25,Male,6.1,UPI,Verified
INV000266,2024-05-20,101208,sip,8272,Madhya Pradesh,Indore,T30,56+,Male,67.6,Cheque,Verified
INV000265,2024-05-20,118634,sip,460,Madhya Pradesh,Bhopal,B30,36-45,Male,14.1,Mandate,Pending
INV000265,2024-05-20,120843,sip,17515,Madhya Pradesh,Bhopal,B30,36-45,Male,14.1,UPI,Verified
INV000109,2024-05-20,118634,sip,14772,Karnataka,Bangalore,T30,26-35,Female,15.0,Net Banking,Verified
INV001027,2024-05-20,118636,sip,21794,West Bengal,Kolkata,T30,46-55,Female,62.7,Cheque,Verified
INV001663,2024-05-20,119551,sip,1973,Gujarat,Surat,T30,36-45,Female,29.2,Net Banking,Pending
INV004725,2024-05-20,149322,sip,2186,Gujarat,Ahmedabad,T30,18-25,Male,4.7,Mandate,Verified
INV004106,2024-05-20,148569,sip,52951,Gujarat,Surat,T30,26-35,Male,16.3,Mandate,Verified
INV003061,2024-05-20,149323,sip,6604,Uttar Pradesh,Lucknow,T30,26-35,Female,11.9,UPI,Verified
INV000942,2024-05-20,125497,sip,40104,Haryana,Faridabad,B30,56+,Male,70.2,Mandate,Verified
INV002649,2024-05-20,119093,redemption,433945,Tamil Nadu,Coimbatore,B30,46-55,Male,69.7,Mandate,Verified
INV002739,2024-05-20,120841,sip,1080,Tamil Nadu,Chennai,T30,36-45,Female,20.6,Cheque,Verified
INV002613,2024-05-20,149322,sip,400,Karnataka,Bangalore,T30,46-55,Female,44.3,Mandate,Verified
INV004446,2024-05-20,102887,lumpsum,68354,West Bengal,Kolkata,T30,26-35,Male,14.8,Net Banking,Verified
INV002900,2024-05-20,119120,sip,6763,Haryana,Faridabad,B30,26-35,Female,14.2,UPI,Verified
INV000764,2024-05-20,100016,sip,7458,Punjab,Chandigarh,T30,26-35,Male,15.6,Mandate,Verified
INV003025,2024-05-20,118635,sip,8384,Gujarat,Surat,T30,26-35,Female,11.9,Mandate,Verified
INV003732,2024-05-20,120505,redemption,387926,West Bengal,Kolkata,T30,36-45,Male,56.1,Mandate,Verified
INV000946,2024-05-20,120503,lumpsum,214625,Karnataka,Bangalore,T30,46-55,Female,37.3,UPI,Pending
INV002252,2024-05-20,119092,lumpsum,83071,Maharashtra,Pune,T30,36-45,Female,46.4,Cheque,Verified
INV000768,2024-05-20,120506,sip,1124,Delhi,Noida,T30,56+,Male,12.2,UPI,Verified
INV003748,2024-05-20,118632,sip,10028,Madhya Pradesh,Indore,T30,46-55,Male,66.4,Net Banking,Verified
INV001612,2024-05-20,118636,lumpsum,370891,Haryana,Gurugram,T30,26-35,Female,12.0,Mandate,Verified
INV002234,2024-05-20,148568,sip,5642,Rajasthan,Jaipur,T30,26-35,Male,24.5,Net Banking,Verified
INV000476,2024-05-20,102885,lumpsum,283603,Gujarat,Surat,T30,46-55,Female,21.2,Mandate,Verified
INV001238,2024-05-20,120504,sip,4072,Haryana,Gurugram,T30,26-35,Male,17.9,UPI,Verified
INV002135,2024-05-20,102886,sip,5468,Gujarat,Ahmedabad,T30,56+,Male,18.3,Cheque,Verified
INV001528,2024-05-20,119552,lumpsum,414532,Telangana,Hyderabad,T30,26-35,Female,20.7,UPI,Verified
INV001653,2024-05-20,125497,sip,846,Maharashtra,Mumbai,T30,36-45,Male,45.4,Net Banking,Verified
INV002422,2024-05-20,119599,sip,5324,Tamil Nadu,Chennai,T30,36-45,Male,20.5,Cheque,Verified
INV002984,2024-05-21,120841,sip,1958,Delhi,Gurugram,T30,26-35,Male,18.1,Net Banking,Verified
INV002631,2024-05-21,102886,redemption,275730,Uttar Pradesh,Kanpur,B30,46-55,Female,93.8,Net Banking,Verified
INV002075,2024-05-21,100016,sip,56774,Uttar Pradesh,Lucknow,T30,36-45,Female,34.4,Mandate,Verified
INV003043,2024-05-21,118635,sip,21178,Karnataka,Bangalore,T30,26-35,Male,21.2,UPI,Verified
INV001081,2024-05-21,148569,lumpsum,297263,Gujarat,Ahmedabad,T30,18-25,Male,7.6,Net Banking,Verified
INV004910,2024-05-21,101207,sip,2770,Karnataka,Mysore,B30,26-35,Female,22.7,Cheque,Pending
INV003910,2024-05-21,101207,sip,12710,Maharashtra,Pune,T30,26-35,Male,8.8,UPI,Verified
INV004692,2024-05-21,119095,lumpsum,492047,Madhya Pradesh,Bhopal,B30,26-35,Male,11.6,UPI,Pending
INV003567,2024-05-21,119598,sip,11308,Tamil Nadu,Chennai,T30,46-55,Male,76.1,Mandate,Verified
INV002962,2024-05-21,119552,sip,12683,Delhi,New Delhi,T30,46-55,Female,62.7,Mandate,Verified
INV002583,2024-05-21,118632,redemption,370125,Gujarat,Ahmedabad,T30,46-55,Male,48.5,Net Banking,Verified
INV001594,2024-05-21,120841,sip,2896,Madhya Pradesh,Bhopal,B30,26-35,Male,13.9,UPI,Verified
INV003972,2024-05-21,120503,sip,41821,Uttar Pradesh,Agra,B30,26-35,Male,10.2,UPI,Verified
INV003666,2024-05-21,148567,redemption,245498,Gujarat,Surat,T30,18-25,Male,4.3,Cheque,Pending
INV003038,2024-05-21,119599,redemption,103926,Gujarat,Ahmedabad,T30,18-25,Male,6.0,Cheque,Verified
INV003722,2024-05-21,118632,sip,4678,Maharashtra,Nashik,B30,36-45,Female,50.8,UPI,Verified
INV003723,2024-05-21,120842,sip,1824,Tamil Nadu,Chennai,T30,26-35,Female,10.9,Net Banking,Verified
INV002058,2024-05-21,118635,sip,481,Tamil Nadu,Coimbatore,B30,36-45,Male,14.5,Net Banking,Verified
INV001377,2024-05-21,120505,sip,4387,Maharashtra,Mumbai,T30,56+,Female,64.7,Cheque,Pending
INV000061,2024-05-21,125497,redemption,386074,Tamil Nadu,Chennai,T30,26-35,Female,23.3,Net Banking,Verified
INV000297,2024-05-21,149323,redemption,310461,Gujarat,Ahmedabad,T30,26-35,Male,13.0,UPI,Verified
INV003140,2024-05-21,100016,redemption,133715,West Bengal,Kolkata,T30,26-35,Male,16.9,Net Banking,Verified
INV000197,2024-05-21,119092,lumpsum,248842,Maharashtra,Mumbai,T30,18-25,Male,6.9,UPI,Verified
INV003070,2024-05-21,102886,sip,2759,West Bengal,Kolkata,T30,26-35,Male,23.7,Cheque,Verified
INV000182,2024-05-21,120844,sip,2029,Tamil Nadu,Chennai,T30,36-45,Male,38.1,Net Banking,Verified
INV001729,2024-05-21,120843,lumpsum,28427,Uttar Pradesh,Kanpur,B30,18-25,Male,4.1,Cheque,Pending
INV004271,2024-05-21,120842,lumpsum,227675,Maharashtra,Mumbai,T30,18-25,Male,3.2,Net Banking,Verified
INV001921,2024-05-21,119552,sip,23931,Gujarat,Surat,T30,26-35,Female,13.5,UPI,Verified
INV000849,2024-05-21,102886,redemption,138346,Delhi,Gurugram,T30,56+,Female,32.5,Mandate,Verified
INV002950,2024-05-21,100016,sip,544,Madhya Pradesh,Indore,T30,46-55,Female,37.4,Mandate,Verified
INV000912,2024-05-21,120844,redemption,342488,Haryana,Faridabad,B30,36-45,Male,26.7,Net Banking,Verified
INV004253,2024-05-21,119094,sip,26500,Rajasthan,Udaipur,B30,36-45,Male,42.3,Mandate,Verified
INV001329,2024-05-21,119095,sip,43541,Punjab,Amritsar,B30,36-45,Female,37.2,Net Banking,Verified
INV002423,2024-05-21,120842,sip,7138,Haryana,Gurugram,T30,46-55,Male,38.7,Mandate,Verified
INV004015,2024-05-21,119092,redemption,21711,Maharashtra,Mumbai,T30,18-25,Female,7.6,Cheque,Verified
INV002766,2024-05-21,102886,sip,5452,Punjab,Chandigarh,T30,26-35,Female,8.7,Net Banking,Verified
INV002423,2024-05-21,148567,lumpsum,101708,Haryana,Gurugram,T30,46-55,Male,38.7,Cheque,Verified
INV004276,2024-05-21,149324,lumpsum,88008,Punjab,Amritsar,B30,26-35,Male,13.4,UPI,Verified
INV003320,2024-05-21,118635,sip,565,Tamil Nadu,Coimbatore,B30,56+,Male,73.7,Mandate,Verified
INV000749,2024-05-21,118636,sip,51074,Uttar Pradesh,Kanpur,B30,36-45,Male,36.1,Net Banking,Verified
INV000667,2024-05-21,119552,sip,884,Telangana,Hyderabad,T30,26-35,Male,7.5,UPI,Verified
INV001815,2024-05-21,102885,redemption,78801,West Bengal,Kolkata,T30,26-35,Female,23.7,Net Banking,Verified
INV003278,2024-05-21,120842,lumpsum,437128,Madhya Pradesh,Bhopal,B30,26-35,Male,7.3,Net Banking,Pending
INV003347,2024-05-21,101206,sip,8516,Rajasthan,Udaipur,B30,18-25,Male,3.7,Cheque,Verified
INV003794,2024-05-21,118633,sip,3203,Gujarat,Ahmedabad,T30,26-35,Male,22.1,Mandate,Verified
INV001670,2024-05-21,119093,redemption,156561,West Bengal,Kolkata,T30,26-35,Male,16.5,Net Banking,Verified
INV004425,2024-05-21,100033,sip,2947,Haryana,Faridabad,B30,26-35,Female,18.6,Mandate,Pending
INV001325,2024-05-21,120506,redemption,407433,Rajasthan,Udaipur,B30,18-25,Male,4.4,Cheque,Verified
INV003338,2024-05-21,118635,sip,15836,Haryana,Faridabad,B30,46-55,Male,69.2,Cheque,Verified
INV003189,2024-05-21,101208,sip,461,Tamil Nadu,Chennai,T30,36-45,Female,44.6,Cheque,Verified
INV004154,2024-05-21,119092,sip,1935,Karnataka,Mysore,B30,18-25,Male,4.7,Mandate,Verified
INV001242,2024-05-21,118636,lumpsum,16677,Tamil Nadu,Chennai,T30,36-45,Male,57.8,Cheque,Verified
INV001683,2024-05-21,100025,sip,2339,Haryana,Gurugram,T30,26-35,Male,8.7,Mandate,Verified
INV002536,2024-05-21,118634,redemption,124206,West Bengal,Kolkata,T30,26-35,Male,11.9,UPI,Pending
INV000595,2024-05-21,148568,sip,2048,Gujarat,Surat,T30,18-25,Male,7.6,Cheque,Verified
INV002912,2024-05-21,148568,lumpsum,477435,Maharashtra,Mumbai,T30,26-35,Female,23.6,UPI,Verified
INV003854,2024-05-22,100025,redemption,81169,Maharashtra,Pune,T30,26-35,Male,16.5,Mandate,Verified
INV000217,2024-05-22,149323,redemption,504133,Tamil Nadu,Chennai,T30,56+,Male,50.1,Net Banking,Verified
INV000665,2024-05-22,149322,sip,8699,Rajasthan,Udaipur,B30,26-35,Female,6.6,UPI,Verified
INV003459,2024-05-22,119095,redemption,167266,Karnataka,Mysore,B30,26-35,Female,23.5,Mandate,Verified
INV004918,2024-05-22,148568,sip,14753,Punjab,Amritsar,B30,56+,Female,46.9,Mandate,Verified
INV003934,2024-05-22,119599,sip,2975,Delhi,Gurugram,T30,26-35,Male,24.1,Cheque,Verified
INV001430,2024-05-22,120507,sip,560,Uttar Pradesh,Kanpur,B30,26-35,Male,15.0,Cheque,Verified
INV003132,2024-05-22,119092,lumpsum,556164,Maharashtra,Pune,T30,56+,Male,60.7,Mandate,Verified
INV002134,2024-05-22,149323,sip,2367,Rajasthan,Udaipur,B30,26-35,Male,24.8,Mandate,Verified
INV001299,2024-05-22,100016,sip,2441,Haryana,Faridabad,B30,26-35,Male,19.9,UPI,Pending
INV002658,2024-05-22,148569,lumpsum,40148,Madhya Pradesh,Indore,T30,26-35,Female,16.8,Mandate,Verified
INV002232,2024-05-22,125497,redemption,38639,Karnataka,Bangalore,T30,26-35,Female,16.9,UPI,Verified
INV000469,2024-05-22,100016,sip,17529,Tamil Nadu,Coimbatore,B30,18-25,Male,4.7,Cheque,Verified
INV002574,2024-05-22,125497,sip,931,Maharashtra,Nashik,B30,26-35,Male,11.1,UPI,Verified
INV001532,2024-05-22,101206,sip,8327,Madhya Pradesh,Bhopal,B30,36-45,Female,39.5,Cheque,Verified
INV000156,2024-05-22,119551,sip,8175,Telangana,Hyderabad,T30,46-55,Male,29.1,UPI,Verified
INV002296,2024-05-22,118634,sip,7412,Gujarat,Ahmedabad,T30,56+,Male,14.8,Cheque,Verified
INV001955,2024-05-22,120504,sip,8904,Madhya Pradesh,Bhopal,B30,26-35,Female,16.4,Net Banking,Verified
INV003554,2024-05-22,118634,sip,4266,Rajasthan,Jaipur,T30,26-35,Female,15.6,Net Banking,Verified
INV001117,2024-05-22,119093,sip,1780,Punjab,Amritsar,B30,18-25,Male,3.9,Cheque,Verified
INV001337,2024-05-22,118633,sip,4739,Tamil Nadu,Chennai,T30,26-35,Male,10.0,Net Banking,Verified
INV002661,2024-05-22,119094,sip,411,West Bengal,Kolkata,T30,36-45,Male,21.6,Mandate,Pending
INV000683,2024-05-22,120506,sip,1018,Maharashtra,Mumbai,T30,26-35,Female,17.4,Mandate,Verified
INV001288,2024-05-22,100033,redemption,399336,Telangana,Hyderabad,T30,26-35,Male,21.8,Cheque,Verified
INV002151,2024-05-22,118635,sip,2653,Rajasthan,Jaipur,T30,26-35,Female,18.1,UPI,Verified
INV001525,2024-05-22,120507,sip,964,Maharashtra,Mumbai,T30,36-45,Male,55.8,Net Banking,Verified
INV001513,2024-05-22,120844,sip,27513,Madhya Pradesh,Indore,T30,18-25,Male,5.4,UPI,Verified
INV000097,2024-05-22,119095,sip,43468,Karnataka,Mysore,B30,18-25,Male,6.0,Net Banking,Verified
INV003345,2024-05-22,120844,sip,16667,Maharashtra,Pune,T30,26-35,Female,17.7,UPI,Verified
INV002367,2024-05-22,125497,sip,1861,Telangana,Hyderabad,T30,26-35,Male,13.9,Cheque,Pending
INV001382,2024-05-22,118635,sip,1799,Karnataka,Mysore,B30,26-35,Male,18.9,Cheque,Verified
INV001621,2024-05-22,119551,sip,23064,Karnataka,Bangalore,T30,26-35,Female,10.0,UPI,Verified
INV001130,2024-05-22,118636,sip,46031,Rajasthan,Jaipur,T30,18-25,Female,3.2,Mandate,Verified
INV003133,2024-05-22,118634,lumpsum,309887,West Bengal,Kolkata,T30,46-55,Male,72.8,Cheque,Verified
INV004326,2024-05-22,148569,sip,5794,Delhi,Gurugram,T30,26-35,Male,7.5,Cheque,Verified
INV004146,2024-05-22,149324,redemption,363035,Uttar Pradesh,Agra,B30,56+,Male,40.7,Net Banking,Verified
INV002360,2024-05-22,119093,sip,2278,Maharashtra,Mumbai,T30,26-35,Male,11.6,Net Banking,Verified
INV003278,2024-05-22,119095,redemption,94061,Madhya Pradesh,Bhopal,B30,26-35,Male,7.3,Cheque,Verified
INV000394,2024-05-22,125498,sip,54420,Maharashtra,Mumbai,T30,26-35,Male,12.2,UPI,Verified
INV004324,2024-05-22,119092,lumpsum,255832,Madhya Pradesh,Indore,T30,36-45,Male,42.4,Cheque,Verified
INV001672,2024-05-22,119092,sip,2261,Maharashtra,Pune,T30,18-25,Male,5.4,UPI,Verified
INV004840,2024-05-22,125497,sip,1148,Maharashtra,Pune,T30,18-25,Male,6.5,Mandate,Verified
INV002300,2024-05-22,149323,sip,10363,Punjab,Amritsar,B30,36-45,Female,21.1,Cheque,Verified
INV004962,2024-05-22,119095,sip,15486,Uttar Pradesh,Agra,B30,18-25,Male,6.7,Cheque,Verified
INV000463,2024-05-22,102885,lumpsum,392940,Gujarat,Ahmedabad,T30,26-35,Male,8.9,Mandate,Verified
INV004202,2024-05-22,119094,sip,7504,West Bengal,Kolkata,T30,36-45,Female,56.9,Cheque,Pending
INV001927,2024-05-22,119093,sip,2528,Rajasthan,Jaipur,T30,56+,Male,58.7,Cheque,Pending
INV003308,2024-05-22,102886,sip,3290,Telangana,Hyderabad,T30,56+,Male,58.2,Cheque,Verified
INV001602,2024-05-22,119120,sip,27360,West Bengal,Kolkata,T30,36-45,Male,27.0,Mandate,Verified
INV001367,2024-05-22,148568,sip,13829,Maharashtra,Nashik,B30,36-45,Male,32.2,Net Banking,Verified
INV002037,2024-05-22,148569,redemption,376598,Delhi,New Delhi,T30,56+,Male,22.0,Net Banking,Verified
INV000635,2024-05-22,120841,sip,1936,Delhi,New Delhi,T30,18-25,Female,4.2,UPI,Verified
INV001653,2024-05-22,100025,sip,44706,Maharashtra,Mumbai,T30,36-45,Male,45.4,Mandate,Verified
INV001673,2024-05-22,120841,sip,7018,West Bengal,Kolkata,T30,26-35,Male,23.0,Cheque,Verified
INV004835,2024-05-22,102885,sip,21020,Maharashtra,Nashik,B30,56+,Male,12.9,UPI,Verified
INV003778,2024-05-22,119599,lumpsum,80152,Tamil Nadu,Chennai,T30,36-45,Male,59.4,Mandate,Verified
INV002033,2024-05-22,149324,sip,10523,Gujarat,Ahmedabad,T30,46-55,Male,18.9,UPI,Verified
INV001794,2024-05-22,118634,sip,2120,Haryana,Gurugram,T30,26-35,Male,23.2,Mandate,Verified
INV000394,2024-05-22,100016,sip,1196,Maharashtra,Mumbai,T30,26-35,Male,12.2,Mandate,Verified
INV001467,2024-05-22,120503,redemption,43210,Punjab,Chandigarh,T30,36-45,Male,32.5,Mandate,Verified
INV004847,2024-05-22,118633,sip,539,Maharashtra,Pune,T30,26-35,Female,7.0,Net Banking,Verified
INV000901,2024-05-22,119094,redemption,354519,Delhi,Gurugram,T30,46-55,Female,67.4,UPI,Verified
INV001015,2024-05-22,125498,sip,566,Haryana,Gurugram,T30,36-45,Female,21.1,Net Banking,Verified
INV002683,2024-05-22,119092,sip,3105,Haryana,Faridabad,B30,26-35,Male,9.7,Net Banking,Verified
INV001714,2024-05-22,148569,sip,15869,West Bengal,Kolkata,T30,18-25,Male,5.9,Mandate,Verified
INV003495,2024-05-22,119120,sip,579,West Bengal,Kolkata,T30,26-35,Female,22.9,Mandate,Verified
INV003260,2024-05-22,119092,sip,48222,Madhya Pradesh,Indore,T30,18-25,Male,7.9,Cheque,Verified
INV003419,2024-05-22,101208,redemption,351433,Maharashtra,Pune,T30,18-25,Male,5.3,Mandate,Verified
INV001051,2024-05-22,100025,redemption,79955,Haryana,Gurugram,T30,26-35,Male,8.2,Net Banking,Verified
INV000174,2024-05-22,119599,redemption,221283,Karnataka,Bangalore,T30,36-45,Male,58.1,Mandate,Verified
INV002546,2024-05-22,125497,sip,5599,Gujarat,Surat,T30,26-35,Male,19.3,Mandate,Verified
INV001880,2024-05-23,120844,lumpsum,109166,Madhya Pradesh,Bhopal,B30,26-35,Male,23.0,Mandate,Verified
INV000194,2024-05-23,100025,sip,23392,Maharashtra,Pune,T30,36-45,Male,21.6,Mandate,Verified
INV001874,2024-05-23,125498,lumpsum,400297,Telangana,Hyderabad,T30,36-45,Male,21.3,Net Banking,Verified
INV001519,2024-05-23,101208,sip,3289,Gujarat,Ahmedabad,T30,46-55,Female,38.8,Cheque,Verified
INV000668,2024-05-23,102886,lumpsum,460637,Telangana,Hyderabad,T30,18-25,Male,4.8,Cheque,Verified
INV004482,2024-05-23,120503,sip,455,Uttar Pradesh,Kanpur,B30,18-25,Female,6.8,Cheque,Verified
INV004866,2024-05-23,102885,lumpsum,159069,Madhya Pradesh,Bhopal,B30,36-45,Male,14.6,Cheque,Verified
INV004537,2024-05-23,125497,lumpsum,500005,Delhi,New Delhi,T30,18-25,Female,5.9,Mandate,Verified
INV002310,2024-05-23,120505,sip,8757,Tamil Nadu,Coimbatore,B30,26-35,Female,15.6,UPI,Verified
INV000634,2024-05-23,119095,sip,27511,Karnataka,Bangalore,T30,26-35,Female,22.7,UPI,Verified
INV001575,2024-05-23,118636,lumpsum,139969,Karnataka,Bangalore,T30,26-35,Male,12.0,Mandate,Verified
INV000175,2024-05-23,119094,sip,1975,Karnataka,Bangalore,T30,26-35,Male,17.3,Mandate,Verified
INV004070,2024-05-23,120844,lumpsum,132271,Maharashtra,Pune,T30,26-35,Male,13.8,Mandate,Verified
INV003856,2024-05-23,119092,sip,12325,Madhya Pradesh,Indore,T30,36-45,Male,46.7,Mandate,Verified
INV001331,2024-05-23,119598,sip,17495,Gujarat,Ahmedabad,T30,26-35,Male,17.5,Net Banking,Verified
INV002273,2024-05-23,119120,sip,17608,West Bengal,Kolkata,T30,36-45,Male,25.3,Net Banking,Verified
INV001532,2024-05-23,120841,sip,47717,Madhya Pradesh,Bhopal,B30,36-45,Female,39.5,UPI,Verified
INV002239,2024-05-23,149322,sip,56440,Gujarat,Surat,T30,26-35,Male,8.9,Net Banking,Verified
INV004867,2024-05-23,118633,sip,979,Karnataka,Bangalore,T30,18-25,Male,7.3,Cheque,Verified
INV001405,2024-05-23,120506,sip,895,Tamil Nadu,Chennai,T30,56+,Male,56.8,Cheque,Verified
INV004648,2024-05-23,120507,redemption,427952,Maharashtra,Pune,T30,36-45,Male,54.3,Net Banking,Verified
INV004587,2024-05-23,120506,lumpsum,308179,Uttar Pradesh,Kanpur,B30,18-25,Male,4.0,UPI,Verified
INV002976,2024-05-23,119599,sip,42877,Tamil Nadu,Coimbatore,B30,26-35,Male,23.7,UPI,Verified
INV003569,2024-05-23,119598,redemption,269989,Delhi,Gurugram,T30,46-55,Male,65.1,UPI,Verified
INV001609,2024-05-23,120507,sip,43647,Punjab,Chandigarh,T30,26-35,Female,14.0,Mandate,Verified
INV002304,2024-05-23,119120,redemption,388417,Karnataka,Mysore,B30,46-55,Male,57.7,Net Banking,Verified
INV000444,2024-05-23,119598,lumpsum,49144,Maharashtra,Pune,T30,36-45,Female,42.1,Mandate,Verified
INV004956,2024-05-23,118633,sip,432,Maharashtra,Mumbai,T30,46-55,Male,62.4,UPI,Pending
INV000048,2024-05-23,148568,sip,8407,Rajasthan,Jaipur,T30,36-45,Female,15.0,UPI,Verified
INV004244,2024-05-23,100025,lumpsum,475385,Karnataka,Bangalore,T30,26-35,Male,16.8,Mandate,Verified
INV002401,2024-05-23,119095,lumpsum,135695,West Bengal,Kolkata,T30,26-35,Male,20.9,Cheque,Verified
INV001605,2024-05-23,118635,sip,42930,Uttar Pradesh,Kanpur,B30,26-35,Female,12.4,Mandate,Verified
INV003634,2024-05-23,119598,sip,24650,Punjab,Chandigarh,T30,46-55,Female,87.5,UPI,Verified
INV004191,2024-05-23,100033,sip,17673,Maharashtra,Nashik,B30,26-35,Female,19.5,UPI,Verified
INV000026,2024-05-23,120842,lumpsum,272508,West Bengal,Kolkata,T30,36-45,Male,29.5,Mandate,Pending
INV000411,2024-05-23,101206,sip,24609,West Bengal,Kolkata,T30,26-35,Female,11.1,Mandate,Verified
INV001356,2024-05-23,148569,redemption,33675,Gujarat,Ahmedabad,T30,26-35,Male,19.7,Net Banking,Verified
INV001724,2024-05-23,102886,sip,2377,Madhya Pradesh,Indore,T30,26-35,Female,11.9,Mandate,Verified
INV003666,2024-05-23,119094,sip,23605,Gujarat,Surat,T30,18-25,Male,4.3,Cheque,Verified
INV000868,2024-05-23,119552,sip,9196,West Bengal,Kolkata,T30,36-45,Male,18.4,Mandate,Pending
INV004985,2024-05-23,125497,sip,2301,Madhya Pradesh,Indore,T30,56+,Female,79.4,Mandate,Verified
INV000901,2024-05-23,119552,sip,22945,Delhi,Gurugram,T30,46-55,Female,67.4,UPI,Verified
INV001597,2024-05-23,118634,redemption,257877,West Bengal,Kolkata,T30,36-45,Male,46.1,Mandate,Verified
INV003989,2024-05-23,101207,sip,450,Maharashtra,Nashik,B30,26-35,Male,24.6,Net Banking,Verified
INV003031,2024-05-23,119093,sip,882,Karnataka,Bangalore,T30,18-25,Male,7.7,Net Banking,Pending
INV003772,2024-05-23,120503,sip,2413,Punjab,Amritsar,B30,18-25,Female,6.8,Cheque,Verified
INV003641,2024-05-23,148568,sip,59990,Telangana,Hyderabad,T30,26-35,Female,13.1,Net Banking,Verified
INV001133,2024-05-23,101208,sip,22615,Madhya Pradesh,Bhopal,B30,26-35,Male,21.0,Cheque,Pending
INV002162,2024-05-23,118633,sip,14934,Madhya Pradesh,Indore,T30,46-55,Male,40.2,Cheque,Verified
INV001609,2024-05-23,118636,sip,59222,Punjab,Chandigarh,T30,26-35,Female,14.0,Cheque,Verified
INV004299,2024-05-23,118636,sip,25637,Telangana,Hyderabad,T30,26-35,Female,23.1,Net Banking,Verified
INV004338,2024-05-23,100033,sip,8366,Maharashtra,Mumbai,T30,46-55,Female,82.5,UPI,Verified
INV004302,2024-05-23,101208,sip,8784,Karnataka,Mysore,B30,46-55,Male,63.4,UPI,Verified
INV000493,2024-05-23,118632,sip,6286,Punjab,Chandigarh,T30,18-25,Male,4.2,UPI,Verified
INV004317,2024-05-23,119120,sip,6352,Madhya Pradesh,Indore,T30,36-45,Male,32.6,Mandate,Verified
INV000752,2024-05-24,125498,redemption,316018,Punjab,Chandigarh,T30,46-55,Male,32.7,Cheque,Verified
INV002115,2024-05-24,120506,sip,7500,Punjab,Chandigarh,T30,56+,Female,71.4,UPI,Verified
INV002733,2024-05-24,120505,redemption,288980,Punjab,Chandigarh,T30,26-35,Male,19.0,Net Banking,Pending
INV004335,2024-05-24,101208,sip,15501,Gujarat,Ahmedabad,T30,26-35,Female,6.6,Mandate,Verified
INV004361,2024-05-24,102885,sip,852,Haryana,Faridabad,B30,26-35,Female,18.4,Net Banking,Verified
INV001102,2024-05-24,119095,lumpsum,430739,West Bengal,Kolkata,T30,46-55,Male,22.2,Net Banking,Verified
INV001314,2024-05-24,120842,sip,23468,Gujarat,Ahmedabad,T30,26-35,Female,19.2,Mandate,Verified
INV002827,2024-05-24,120842,sip,512,Karnataka,Mysore,B30,36-45,Female,58.1,Net Banking,Verified
INV004995,2024-05-24,125498,sip,559,West Bengal,Kolkata,T30,36-45,Male,53.0,UPI,Verified
INV001001,2024-05-24,118633,sip,4421,Madhya Pradesh,Indore,T30,26-35,Female,20.7,Net Banking,Verified
INV003692,2024-05-24,120503,sip,2185,Uttar Pradesh,Lucknow,T30,26-35,Male,23.1,Net Banking,Verified
INV003794,2024-05-24,120503,lumpsum,76457,Gujarat,Ahmedabad,T30,26-35,Male,22.1,Net Banking,Verified
INV002387,2024-05-24,118635,sip,8555,Telangana,Hyderabad,T30,26-35,Male,13.1,Cheque,Pending
INV001890,2024-05-24,148567,redemption,505384,Madhya Pradesh,Bhopal,B30,26-35,Male,21.9,Net Banking,Verified
INV001455,2024-05-24,100025,lumpsum,163799,Madhya Pradesh,Indore,T30,36-45,Male,26.8,Net Banking,Verified
INV004450,2024-05-24,120504,sip,5251,Tamil Nadu,Coimbatore,B30,36-45,Male,16.7,UPI,Verified
INV001732,2024-05-24,125498,lumpsum,16816,Gujarat,Surat,T30,18-25,Female,5.7,Net Banking,Verified
INV001729,2024-05-24,119092,sip,4667,Uttar Pradesh,Kanpur,B30,18-25,Male,4.1,Net Banking,Verified
INV004340,2024-05-24,118636,sip,4584,Karnataka,Mysore,B30,26-35,Male,17.9,Net Banking,Verified
INV000621,2024-05-24,118633,lumpsum,142813,Rajasthan,Udaipur,B30,56+,Female,45.8,Cheque,Verified
INV000728,2024-05-24,119095,lumpsum,116300,Telangana,Hyderabad,T30,26-35,Male,8.4,Net Banking,Verified
INV004416,2024-05-24,120843,sip,4257,Madhya Pradesh,Indore,T30,18-25,Male,7.3,UPI,Verified
INV003698,2024-05-24,149323,redemption,121159,Madhya Pradesh,Bhopal,B30,36-45,Female,41.5,UPI,Verified
INV001270,2024-05-24,118635,sip,17169,Madhya Pradesh,Indore,T30,26-35,Female,23.3,Mandate,Verified
INV000088,2024-05-24,102887,lumpsum,290741,Delhi,Noida,T30,26-35,Male,20.4,UPI,Verified
INV001307,2024-05-24,119552,sip,45493,Delhi,Gurugram,T30,56+,Male,18.2,Net Banking,Verified
INV003458,2024-05-24,101208,sip,6654,Gujarat,Surat,T30,36-45,Male,21.3,Cheque,Pending
INV004105,2024-05-24,120842,redemption,39341,Tamil Nadu,Coimbatore,B30,26-35,Female,22.1,Mandate,Verified
INV000071,2024-05-24,120844,redemption,11077,Madhya Pradesh,Bhopal,B30,26-35,Female,18.2,UPI,Verified
INV004945,2024-05-24,149322,lumpsum,344903,West Bengal,Kolkata,T30,36-45,Female,56.8,Mandate,Verified
INV003813,2024-05-24,119551,redemption,527296,Rajasthan,Udaipur,B30,36-45,Male,23.6,Mandate,Verified
INV003546,2024-05-24,100025,sip,48805,West Bengal,Kolkata,T30,36-45,Male,16.2,Net Banking,Verified
INV001291,2024-05-24,149322,sip,22880,Uttar Pradesh,Lucknow,T30,46-55,Male,89.1,Cheque,Verified
INV001719,2024-05-24,148568,lumpsum,348821,Rajasthan,Udaipur,B30,26-35,Male,19.2,UPI,Verified
INV003059,2024-05-24,120844,sip,2535,Uttar Pradesh,Agra,B30,26-35,Male,18.4,Cheque,Verified
INV004099,2024-05-24,120507,sip,1129,West Bengal,Kolkata,T30,26-35,Male,22.6,UPI,Verified
INV000929,2024-05-24,125497,sip,7633,West Bengal,Kolkata,T30,36-45,Female,27.7,Net Banking,Verified
INV004960,2024-05-24,101207,sip,5641,Uttar Pradesh,Kanpur,B30,26-35,Male,20.1,Net Banking,Verified
INV002975,2024-05-24,120842,sip,1648,Rajasthan,Udaipur,B30,26-35,Male,15.1,Net Banking,Verified
INV001625,2024-05-24,100016,lumpsum,416335,Uttar Pradesh,Kanpur,B30,46-55,Female,78.2,Cheque,Verified
INV000806,2024-05-24,120505,sip,593,Maharashtra,Pune,T30,46-55,Male,90.4,Cheque,Verified
INV004219,2024-05-24,120842,lumpsum,518031,West Bengal,Kolkata,T30,26-35,Male,7.6,Net Banking,Verified
INV003787,2024-05-24,120844,sip,2517,Karnataka,Mysore,B30,46-55,Male,29.3,Cheque,Pending
INV003804,2024-05-24,118636,lumpsum,373882,Karnataka,Bangalore,T30,46-55,Male,81.9,Cheque,Verified
INV002475,2024-05-24,119552,sip,7853,Delhi,New Delhi,T30,26-35,Male,14.4,Cheque,Verified
INV003607,2024-05-24,148568,sip,1838,Delhi,Gurugram,T30,18-25,Male,4.7,Mandate,Verified
INV000437,2024-05-24,120503,sip,17204,Telangana,Hyderabad,T30,26-35,Female,6.1,UPI,Verified
INV004712,2024-05-24,101207,sip,26764,Uttar Pradesh,Kanpur,B30,36-45,Male,55.7,UPI,Pending
INV004030,2024-05-24,120504,sip,1189,Uttar Pradesh,Lucknow,T30,18-25,Female,4.4,Cheque,Verified
INV002025,2024-05-24,120507,sip,436,Karnataka,Mysore,B30,26-35,Female,23.7,UPI,Verified
INV001345,2024-05-24,120507,sip,6455,Tamil Nadu,Coimbatore,B30,26-35,Male,17.3,Mandate,Verified
INV000331,2024-05-24,119598,sip,12758,Madhya Pradesh,Indore,T30,36-45,Male,15.5,Net Banking,Verified
INV003572,2024-05-24,120843,sip,885,Punjab,Amritsar,B30,46-55,Male,65.9,UPI,Pending
INV003146,2024-05-24,120843,lumpsum,509194,Rajasthan,Udaipur,B30,26-35,Male,20.2,Cheque,Verified
INV004001,2024-05-24,119598,lumpsum,338657,Delhi,Noida,T30,56+,Female,52.7,Mandate,Verified
INV002413,2024-05-24,148567,sip,1043,Gujarat,Surat,T30,26-35,Male,14.4,UPI,Verified
INV004601,2024-05-24,120507,redemption,318148,Tamil Nadu,Chennai,T30,46-55,Male,54.6,Cheque,Verified
INV001950,2024-05-24,119092,sip,4180,Maharashtra,Pune,T30,26-35,Female,6.0,UPI,Verified
INV002690,2024-05-24,119598,redemption,62742,Karnataka,Mysore,B30,36-45,Male,58.0,Net Banking,Verified
INV004477,2024-05-24,101206,sip,11063,Delhi,Gurugram,T30,46-55,Female,88.3,Mandate,Verified
INV004529,2024-05-24,149322,lumpsum,391309,Uttar Pradesh,Kanpur,B30,18-25,Male,6.3,Mandate,Verified
INV001375,2024-05-24,120842,redemption,503937,Haryana,Gurugram,T30,18-25,Male,6.3,Cheque,Verified
INV004540,2024-05-24,120842,lumpsum,293017,Punjab,Chandigarh,T30,36-45,Male,48.9,UPI,Pending
INV000249,2024-05-24,119094,sip,2656,Punjab,Amritsar,B30,26-35,Male,13.4,Cheque,Verified
INV000369,2024-05-24,120506,sip,1689,Delhi,Gurugram,T30,26-35,Male,20.7,Cheque,Verified
INV001335,2024-05-24,119093,sip,4199,Madhya Pradesh,Indore,T30,26-35,Male,6.9,Cheque,Verified
INV002258,2024-05-24,148567,lumpsum,82111,Madhya Pradesh,Bhopal,B30,36-45,Male,33.7,Cheque,Verified
INV002785,2024-05-24,102885,sip,20369,Delhi,Noida,T30,36-45,Male,20.2,UPI,Verified
INV003985,2024-05-24,119094,sip,532,Tamil Nadu,Coimbatore,B30,18-25,Male,4.3,Cheque,Verified
INV001985,2024-05-24,149324,sip,2162,Gujarat,Surat,T30,36-45,Male,46.6,Net Banking,Verified
INV001501,2024-05-24,118635,lumpsum,322367,Punjab,Amritsar,B30,26-35,Male,11.3,Net Banking,Verified
INV003634,2024-05-24,102885,sip,29641,Punjab,Chandigarh,T30,46-55,Female,87.5,Net Banking,Verified
INV003771,2024-05-24,125497,sip,6653,Telangana,Hyderabad,T30,46-55,Male,47.6,Mandate,Verified
INV002335,2024-05-24,120843,redemption,323933,Punjab,Amritsar,B30,26-35,Male,19.3,Mandate,Verified
INV004026,2024-05-24,101207,redemption,43015,Haryana,Faridabad,B30,26-35,Female,8.3,Net Banking,Verified
INV000482,2024-05-24,119599,lumpsum,434989,Maharashtra,Mumbai,T30,26-35,Male,7.6,Net Banking,Verified
INV000483,2024-05-24,119598,lumpsum,422110,Haryana,Gurugram,T30,18-25,Male,7.7,UPI,Verified
INV004004,2024-05-24,149323,sip,7698,Delhi,Gurugram,T30,18-25,Male,3.1,UPI,Verified
INV001027,2024-05-24,118634,sip,21932,West Bengal,Kolkata,T30,46-55,Female,62.7,Net Banking,Verified
INV002951,2024-05-24,120504,sip,571,Karnataka,Bangalore,T30,36-45,Male,58.6,Net Banking,Verified
INV003185,2024-05-24,119120,sip,6521,Rajasthan,Udaipur,B30,26-35,Female,23.1,Cheque,Verified
INV004733,2024-05-25,120504,lumpsum,311038,Telangana,Hyderabad,T30,18-25,Male,5.4,Mandate,Verified
INV002554,2024-05-25,149322,sip,5400,Madhya Pradesh,Bhopal,B30,18-25,Male,5.4,Mandate,Verified
INV001866,2024-05-25,119095,sip,11771,Telangana,Hyderabad,T30,36-45,Female,33.9,Cheque,Verified
INV000071,2024-05-25,120843,sip,57029,Madhya Pradesh,Bhopal,B30,26-35,Female,18.2,Net Banking,Verified
INV001459,2024-05-25,101208,sip,56290,Gujarat,Surat,T30,26-35,Male,24.9,UPI,Verified
INV001298,2024-05-25,148569,lumpsum,425583,Delhi,Gurugram,T30,26-35,Female,24.4,Mandate,Verified
INV003134,2024-05-25,148569,sip,53442,Telangana,Hyderabad,T30,36-45,Female,41.3,Net Banking,Verified
INV004515,2024-05-25,101206,lumpsum,171107,Rajasthan,Udaipur,B30,18-25,Female,5.2,Cheque,Verified
INV003462,2024-05-25,119552,lumpsum,414847,Rajasthan,Jaipur,T30,26-35,Female,24.3,Mandate,Verified
INV003155,2024-05-25,120842,sip,2378,Rajasthan,Jaipur,T30,36-45,Male,50.9,Mandate,Verified
INV001692,2024-05-25,149323,lumpsum,328363,Rajasthan,Jaipur,T30,26-35,Male,11.7,UPI,Verified
INV001142,2024-05-25,125498,sip,8063,Uttar Pradesh,Lucknow,T30,26-35,Male,16.8,Cheque,Verified
INV003063,2024-05-25,125497,lumpsum,384840,Maharashtra,Mumbai,T30,36-45,Female,45.0,Cheque,Verified
INV001789,2024-05-25,119093,sip,44603,Gujarat,Surat,T30,18-25,Male,4.4,Cheque,Pending
INV001821,2024-05-25,118632,sip,2887,Delhi,Gurugram,T30,26-35,Male,8.7,UPI,Verified
INV002483,2024-05-25,118633,sip,2818,Delhi,New Delhi,T30,46-55,Female,60.8,Mandate,Verified
INV000483,2024-05-25,119094,sip,2222,Haryana,Gurugram,T30,18-25,Male,7.7,Mandate,Verified
INV003891,2024-05-25,120507,sip,8163,Telangana,Hyderabad,T30,26-35,Male,21.8,Net Banking,Verified
INV004322,2024-05-25,119095,sip,1032,Tamil Nadu,Chennai,T30,26-35,Female,19.8,Mandate,Verified
INV003599,2024-05-25,120842,redemption,260185,Madhya Pradesh,Indore,T30,46-55,Male,43.2,Mandate,Pending
INV002826,2024-05-25,148569,sip,2021,Haryana,Gurugram,T30,26-35,Male,20.5,Cheque,Verified
INV000111,2024-05-25,119552,lumpsum,59717,Karnataka,Bangalore,T30,56+,Male,42.5,Net Banking,Verified
INV004334,2024-05-25,120844,sip,15345,Punjab,Amritsar,B30,26-35,Female,6.6,Net Banking,Verified
INV002733,2024-05-25,118633,sip,839,Punjab,Chandigarh,T30,26-35,Male,19.0,Mandate,Verified
INV001960,2024-05-25,120507,redemption,171738,Uttar Pradesh,Agra,B30,36-45,Male,43.8,Mandate,Verified
INV003380,2024-05-25,149322,redemption,265692,Delhi,Noida,T30,36-45,Male,21.0,UPI,Verified
INV000091,2024-05-25,119095,sip,537,Haryana,Gurugram,T30,26-35,Male,14.6,Cheque,Verified
INV000695,2024-05-25,149322,redemption,314574,Gujarat,Surat,T30,36-45,Male,48.0,UPI,Verified
INV003979,2024-05-25,149323,lumpsum,319418,Madhya Pradesh,Indore,T30,36-45,Male,44.4,Cheque,Verified
INV003627,2024-05-25,119120,sip,990,Telangana,Hyderabad,T30,36-45,Male,39.9,UPI,Verified
INV000137,2024-05-25,101206,sip,50008,Rajasthan,Jaipur,T30,26-35,Female,12.0,Mandate,Verified
INV003678,2024-05-25,102885,lumpsum,237292,Gujarat,Ahmedabad,T30,26-35,Male,6.6,Cheque,Verified
INV004358,2024-05-25,119552,redemption,196207,Tamil Nadu,Coimbatore,B30,26-35,Male,6.5,Net Banking,Verified
INV001803,2024-05-25,101207,sip,2285,Rajasthan,Udaipur,B30,26-35,Female,20.6,UPI,Verified
INV004281,2024-05-25,149324,lumpsum,503051,Rajasthan,Jaipur,T30,26-35,Female,15.9,Cheque,Verified
INV004274,2024-05-25,120843,sip,4865,Rajasthan,Udaipur,B30,26-35,Male,20.4,Mandate,Verified
INV001463,2024-05-25,118635,lumpsum,6434,Maharashtra,Nashik,B30,36-45,Male,54.5,Mandate,Verified
INV001462,2024-05-25,120844,redemption,233368,Gujarat,Surat,T30,26-35,Male,19.4,UPI,Verified
INV003685,2024-05-25,125498,redemption,364146,Gujarat,Ahmedabad,T30,26-35,Male,10.4,Mandate,Verified
INV003835,2024-05-25,120503,lumpsum,159275,Delhi,Noida,T30,36-45,Female,58.3,UPI,Verified
INV002984,2024-05-25,119551,redemption,52449,Delhi,Gurugram,T30,26-35,Male,18.1,Cheque,Verified
INV003669,2024-05-25,100025,sip,2001,West Bengal,Kolkata,T30,18-25,Female,7.8,UPI,Verified
INV001163,2024-05-25,118635,sip,2294,Karnataka,Mysore,B30,26-35,Male,10.2,Cheque,Pending
INV003743,2024-05-25,119551,lumpsum,444565,West Bengal,Kolkata,T30,46-55,Male,79.9,UPI,Verified
INV000912,2024-05-25,101208,lumpsum,10170,Haryana,Faridabad,B30,36-45,Male,26.7,Net Banking,Pending
INV003825,2024-05-25,120843,sip,21798,Telangana,Hyderabad,T30,56+,Male,69.6,Cheque,Verified
INV003767,2024-05-25,120503,sip,4300,Madhya Pradesh,Bhopal,B30,36-45,Female,13.6,UPI,Verified
INV001672,2024-05-25,149324,sip,1615,Maharashtra,Pune,T30,18-25,Male,5.4,Cheque,Verified
INV003637,2024-05-25,119551,lumpsum,404463,Telangana,Hyderabad,T30,36-45,Male,18.6,UPI,Verified
INV002506,2024-05-25,100016,sip,993,Karnataka,Bangalore,T30,18-25,Female,3.2,Mandate,Verified
INV001763,2024-05-25,118633,redemption,365499,Uttar Pradesh,Lucknow,T30,46-55,Male,42.0,UPI,Verified
INV000244,2024-05-25,120844,redemption,176455,Telangana,Hyderabad,T30,26-35,Male,24.9,Net Banking,Verified
INV001167,2024-05-25,148568,sip,10442,Punjab,Amritsar,B30,36-45,Male,26.7,UPI,Verified
INV000179,2024-05-25,119095,sip,43522,Rajasthan,Udaipur,B30,26-35,Male,10.0,UPI,Verified
INV004844,2024-05-25,120505,lumpsum,110526,Maharashtra,Pune,T30,26-35,Male,15.7,Mandate,Verified
INV004064,2024-05-25,118633,lumpsum,469133,Uttar Pradesh,Lucknow,T30,26-35,Male,16.1,UPI,Verified
INV000039,2024-05-25,118635,sip,846,Madhya Pradesh,Bhopal,B30,26-35,Male,6.5,Mandate,Verified
INV000921,2024-05-25,125498,lumpsum,84733,Rajasthan,Jaipur,T30,26-35,Male,14.6,Mandate,Verified
INV001254,2024-05-25,102886,sip,2538,Punjab,Chandigarh,T30,26-35,Male,20.5,Cheque,Verified
INV000870,2024-05-25,118636,sip,1910,Rajasthan,Udaipur,B30,18-25,Male,5.0,Net Banking,Verified
INV004062,2024-05-25,119120,lumpsum,171168,Delhi,Noida,T30,36-45,Female,39.9,UPI,Verified
INV004217,2024-05-25,120507,lumpsum,109716,Punjab,Amritsar,B30,46-55,Female,30.7,Net Banking,Verified
INV001961,2024-05-26,148567,sip,519,Delhi,Gurugram,T30,26-35,Male,23.4,Mandate,Verified
INV003350,2024-05-26,102886,redemption,68472,Maharashtra,Nashik,B30,46-55,Female,37.7,Mandate,Verified
INV001343,2024-05-26,120844,lumpsum,489961,Gujarat,Surat,T30,18-25,Female,6.9,UPI,Verified
INV001131,2024-05-26,118633,lumpsum,250111,Tamil Nadu,Coimbatore,B30,36-45,Female,32.0,Cheque,Verified
INV003339,2024-05-26,148567,sip,8210,Rajasthan,Jaipur,T30,18-25,Male,5.4,Net Banking,Verified
INV001413,2024-05-26,118634,sip,2921,Karnataka,Bangalore,T30,36-45,Male,41.8,Mandate,Verified
INV004476,2024-05-26,120506,sip,6851,Gujarat,Surat,T30,26-35,Male,9.3,Cheque,Verified
INV001103,2024-05-26,119095,sip,14136,Karnataka,Mysore,B30,26-35,Female,6.4,Cheque,Verified
INV003961,2024-05-26,119094,lumpsum,172295,Rajasthan,Udaipur,B30,46-55,Male,39.6,Mandate,Verified
INV003866,2024-05-26,119598,lumpsum,192949,Rajasthan,Udaipur,B30,46-55,Female,92.0,Cheque,Verified
INV004564,2024-05-26,125498,sip,1139,Karnataka,Mysore,B30,26-35,Male,7.6,Mandate,Verified
INV003300,2024-05-26,119598,redemption,443965,Uttar Pradesh,Agra,B30,36-45,Male,13.3,Mandate,Verified
INV001835,2024-05-26,120504,sip,2070,Delhi,Noida,T30,26-35,Female,13.2,Net Banking,Verified
INV000245,2024-05-26,119120,sip,23709,Punjab,Amritsar,B30,26-35,Male,6.2,Cheque,Verified
INV001285,2024-05-26,119598,sip,1164,West Bengal,Kolkata,T30,18-25,Female,4.3,Cheque,Pending
INV004626,2024-05-26,102885,lumpsum,424965,Telangana,Hyderabad,T30,18-25,Female,5.5,Net Banking,Verified
INV001118,2024-05-26,148568,lumpsum,56927,Haryana,Gurugram,T30,18-25,Male,6.7,Net Banking,Verified
INV003047,2024-05-26,125498,redemption,290695,Maharashtra,Mumbai,T30,46-55,Male,40.0,Mandate,Verified
INV002276,2024-05-26,148568,lumpsum,392375,Telangana,Hyderabad,T30,46-55,Male,88.0,Mandate,Verified
INV002199,2024-05-26,118632,sip,2579,Gujarat,Ahmedabad,T30,26-35,Male,18.6,UPI,Verified
INV004709,2024-05-26,149324,sip,2947,Haryana,Gurugram,T30,36-45,Male,59.1,Mandate,Verified
INV004290,2024-05-26,119095,lumpsum,269443,Gujarat,Ahmedabad,T30,46-55,Male,41.9,Cheque,Verified
INV000494,2024-05-26,120842,lumpsum,451420,Punjab,Amritsar,B30,56+,Male,30.4,Net Banking,Verified
INV004705,2024-05-26,125498,lumpsum,201482,West Bengal,Kolkata,T30,26-35,Male,21.5,Cheque,Verified
INV000698,2024-05-26,102887,sip,492,Madhya Pradesh,Bhopal,B30,18-25,Male,7.1,Cheque,Verified
INV004558,2024-05-26,102887,redemption,123183,Rajasthan,Jaipur,T30,36-45,Male,56.3,Cheque,Verified
INV002388,2024-05-26,120504,redemption,122495,Haryana,Faridabad,B30,18-25,Male,4.8,Mandate,Verified
INV003205,2024-05-26,100033,sip,1150,Punjab,Chandigarh,T30,26-35,Female,16.1,Cheque,Verified
INV000257,2024-05-26,119092,lumpsum,465194,Gujarat,Surat,T30,36-45,Male,27.9,Mandate,Verified
INV002485,2024-05-26,118635,lumpsum,33337,Karnataka,Mysore,B30,46-55,Female,70.2,Net Banking,Verified
INV000656,2024-05-26,149323,redemption,313595,Gujarat,Surat,T30,18-25,Male,5.2,Mandate,Verified
INV000776,2024-05-26,101206,sip,8522,Rajasthan,Jaipur,T30,26-35,Male,12.4,Cheque,Verified
INV004036,2024-05-26,118635,lumpsum,38343,Uttar Pradesh,Agra,B30,56+,Female,51.7,Mandate,Verified
INV000724,2024-05-26,119599,lumpsum,152375,Uttar Pradesh,Kanpur,B30,46-55,Male,78.7,Mandate,Verified
INV000783,2024-05-26,118633,redemption,194421,Gujarat,Ahmedabad,T30,46-55,Male,92.0,Mandate,Verified
INV002308,2024-05-26,120504,sip,11300,Tamil Nadu,Chennai,T30,26-35,Male,19.0,Mandate,Verified
INV004744,2024-05-26,119598,lumpsum,390816,Telangana,Hyderabad,T30,26-35,Female,16.0,Cheque,Verified
INV002357,2024-05-26,149324,lumpsum,357435,Delhi,Gurugram,T30,26-35,Male,7.8,UPI,Verified
INV000984,2024-05-26,119092,redemption,94110,Telangana,Hyderabad,T30,26-35,Male,20.9,Mandate,Verified
INV004853,2024-05-26,119551,redemption,178254,Haryana,Gurugram,T30,26-35,Female,15.6,Net Banking,Verified
INV003065,2024-05-26,118633,sip,425,Uttar Pradesh,Kanpur,B30,46-55,Male,27.9,Net Banking,Verified
INV004999,2024-05-26,100016,sip,6290,Telangana,Hyderabad,T30,26-35,Male,24.8,Net Banking,Verified
INV004402,2024-05-26,120844,redemption,209124,Gujarat,Ahmedabad,T30,18-25,Female,6.4,UPI,Pending
INV003203,2024-05-26,101207,sip,10927,Telangana,Hyderabad,T30,26-35,Male,22.5,Net Banking,Verified
INV000923,2024-05-26,118632,sip,437,Uttar Pradesh,Lucknow,T30,26-35,Male,13.0,Cheque,Pending
INV001987,2024-05-26,149324,lumpsum,362118,Tamil Nadu,Coimbatore,B30,18-25,Male,7.2,Mandate,Verified
INV000919,2024-05-26,119598,redemption,212340,Telangana,Hyderabad,T30,46-55,Male,49.7,Cheque,Verified
INV003928,2024-05-26,101208,sip,893,Rajasthan,Jaipur,T30,36-45,Male,22.8,Net Banking,Verified
INV001759,2024-05-26,119093,sip,17661,Haryana,Faridabad,B30,36-45,Female,25.6,UPI,Verified
INV002141,2024-05-26,118634,lumpsum,153726,Delhi,New Delhi,T30,46-55,Male,36.2,Net Banking,Verified
INV001115,2024-05-26,118633,lumpsum,359541,Uttar Pradesh,Kanpur,B30,26-35,Male,20.7,Cheque,Verified
INV003639,2024-05-26,118632,sip,878,Telangana,Hyderabad,T30,36-45,Female,22.9,Net Banking,Verified
INV004533,2024-05-26,101207,sip,449,Gujarat,Ahmedabad,T30,36-45,Male,51.5,Mandate,Verified
INV004605,2024-05-26,148567,redemption,109075,Maharashtra,Nashik,B30,36-45,Male,17.8,Mandate,Verified
INV001410,2024-05-26,119092,sip,8581,Maharashtra,Mumbai,T30,46-55,Male,26.5,Mandate,Verified
INV001796,2024-05-26,120504,redemption,237028,Telangana,Hyderabad,T30,18-25,Male,6.7,Mandate,Verified
INV003281,2024-05-26,100025,sip,7802,Tamil Nadu,Coimbatore,B30,26-35,Male,21.9,UPI,Verified
INV003407,2024-05-26,118636,sip,3355,West Bengal,Kolkata,T30,26-35,Male,6.7,UPI,Verified
INV003174,2024-05-26,119094,lumpsum,131430,Tamil Nadu,Chennai,T30,26-35,Female,10.0,Cheque,Pending
INV001081,2024-05-26,125498,redemption,259760,Gujarat,Ahmedabad,T30,18-25,Male,7.6,Net Banking,Verified
INV001297,2024-05-26,119598,sip,9008,Punjab,Chandigarh,T30,36-45,Male,58.0,Cheque,Verified
INV002693,2024-05-26,120843,redemption,483397,Uttar Pradesh,Kanpur,B30,26-35,Male,22.5,UPI,Verified
INV001873,2024-05-26,102886,sip,496,Telangana,Hyderabad,T30,36-45,Female,38.9,Net Banking,Verified
INV002164,2024-05-27,102886,sip,29878,Punjab,Amritsar,B30,56+,Male,37.0,Mandate,Verified
INV004147,2024-05-27,125498,lumpsum,558165,Madhya Pradesh,Bhopal,B30,26-35,Female,10.1,UPI,Verified
INV000008,2024-05-27,101206,sip,8061,Punjab,Amritsar,B30,26-35,Female,18.6,Cheque,Verified
INV003637,2024-05-27,118635,redemption,536329,Telangana,Hyderabad,T30,36-45,Male,18.6,Mandate,Verified
INV000388,2024-05-27,120844,sip,11367,Maharashtra,Nashik,B30,36-45,Male,33.6,Net Banking,Verified
INV004648,2024-05-27,119094,sip,43668,Maharashtra,Pune,T30,36-45,Male,54.3,Cheque,Pending
INV003430,2024-05-27,149322,sip,9675,Gujarat,Ahmedabad,T30,26-35,Female,14.8,UPI,Verified
INV000395,2024-05-27,119598,redemption,175394,Delhi,Noida,T30,18-25,Male,3.4,Cheque,Verified
INV003992,2024-05-27,119092,sip,6258,Madhya Pradesh,Bhopal,B30,46-55,Female,86.8,Cheque,Verified
INV000737,2024-05-27,120505,sip,23717,Madhya Pradesh,Indore,T30,26-35,Female,10.0,Mandate,Verified
INV002037,2024-05-27,149324,sip,1997,Delhi,New Delhi,T30,56+,Male,22.0,Mandate,Verified
INV001155,2024-05-27,125498,sip,13845,Telangana,Hyderabad,T30,26-35,Female,16.7,Cheque,Verified
INV000071,2024-05-27,119093,lumpsum,458602,Madhya Pradesh,Bhopal,B30,26-35,Female,18.2,Mandate,Verified
INV003554,2024-05-27,125498,sip,912,Rajasthan,Jaipur,T30,26-35,Female,15.6,Mandate,Verified
INV002921,2024-05-27,119093,sip,12111,Punjab,Amritsar,B30,18-25,Female,5.4,Net Banking,Verified
INV002041,2024-05-27,120843,sip,16070,Madhya Pradesh,Indore,T30,26-35,Male,21.9,Net Banking,Verified
INV001029,2024-05-27,120841,sip,2884,Uttar Pradesh,Kanpur,B30,36-45,Male,44.2,UPI,Verified
INV001249,2024-05-27,125498,sip,7214,Maharashtra,Mumbai,T30,26-35,Female,16.4,Cheque,Verified
INV004574,2024-05-27,120507,sip,4871,Maharashtra,Mumbai,T30,36-45,Male,54.3,UPI,Verified
INV001031,2024-05-27,125497,redemption,102973,Delhi,New Delhi,T30,36-45,Female,23.0,Mandate,Verified
INV004621,2024-05-27,118636,sip,2025,Punjab,Amritsar,B30,36-45,Female,16.9,UPI,Verified
INV003597,2024-05-27,120505,lumpsum,469385,Punjab,Chandigarh,T30,18-25,Male,5.6,Cheque,Verified
INV003908,2024-05-27,100025,lumpsum,447230,Tamil Nadu,Coimbatore,B30,26-35,Female,13.8,UPI,Verified
INV003680,2024-05-27,149324,sip,17748,Karnataka,Mysore,B30,26-35,Male,21.3,Cheque,Pending
INV002915,2024-05-27,118634,lumpsum,52064,West Bengal,Kolkata,T30,18-25,Male,7.7,UPI,Verified
INV001504,2024-05-27,102885,redemption,191568,Haryana,Faridabad,B30,36-45,Male,25.5,Cheque,Verified
INV000234,2024-05-27,120842,sip,8136,Tamil Nadu,Coimbatore,B30,26-35,Male,23.8,Cheque,Verified
INV004712,2024-05-27,119120,sip,6986,Uttar Pradesh,Kanpur,B30,36-45,Male,55.7,UPI,Verified
INV003258,2024-05-27,119093,lumpsum,322893,Rajasthan,Udaipur,B30,26-35,Male,14.7,Net Banking,Verified
INV004833,2024-05-27,149324,sip,13405,Madhya Pradesh,Bhopal,B30,26-35,Female,16.5,Net Banking,Verified
INV004067,2024-05-27,119094,redemption,129034,Delhi,Gurugram,T30,26-35,Male,8.5,Net Banking,Verified
INV000631,2024-05-27,120841,sip,7210,Delhi,Noida,T30,36-45,Female,48.6,Net Banking,Verified
INV003752,2024-05-27,100025,lumpsum,474442,Uttar Pradesh,Lucknow,T30,46-55,Male,24.4,Mandate,Verified
INV004731,2024-05-27,102886,sip,16018,Punjab,Amritsar,B30,26-35,Male,17.6,Net Banking,Verified
INV001536,2024-05-27,119120,sip,476,Karnataka,Mysore,B30,26-35,Male,17.9,UPI,Verified
INV000635,2024-05-27,119093,lumpsum,278062,Delhi,New Delhi,T30,18-25,Female,4.2,Cheque,Verified
INV004845,2024-05-27,120503,sip,1190,West Bengal,Kolkata,T30,18-25,Male,7.5,UPI,Verified
INV001575,2024-05-27,100025,sip,10913,Karnataka,Bangalore,T30,26-35,Male,12.0,Net Banking,Verified
INV004071,2024-05-27,101207,sip,7345,Gujarat,Ahmedabad,T30,36-45,Female,22.2,Net Banking,Verified
INV003334,2024-05-27,100025,sip,9204,Maharashtra,Pune,T30,56+,Male,25.2,Cheque,Pending
INV000268,2024-05-27,119092,lumpsum,284953,Haryana,Gurugram,T30,18-25,Female,4.7,UPI,Verified
INV001307,2024-05-27,120507,lumpsum,531711,Delhi,Gurugram,T30,56+,Male,18.2,Cheque,Verified
INV000532,2024-05-27,101206,sip,537,Madhya Pradesh,Bhopal,B30,26-35,Male,9.0,UPI,Verified
INV001943,2024-05-27,118632,sip,46306,West Bengal,Kolkata,T30,56+,Female,28.3,Mandate,Pending
INV002137,2024-05-27,149323,redemption,97691,Tamil Nadu,Coimbatore,B30,36-45,Male,17.6,Cheque,Verified
INV001877,2024-05-27,119551,redemption,235579,Tamil Nadu,Coimbatore,B30,56+,Male,62.1,Mandate,Verified
INV000611,2024-05-27,125498,sip,3002,Uttar Pradesh,Agra,B30,26-35,Male,11.4,Net Banking,Verified
INV001853,2024-05-27,125497,sip,12115,Delhi,Noida,T30,18-25,Male,6.1,Cheque,Verified
INV001628,2024-05-27,119598,sip,2827,Rajasthan,Jaipur,T30,36-45,Female,45.6,Cheque,Verified
INV000241,2024-05-27,148569,lumpsum,319745,Telangana,Hyderabad,T30,26-35,Female,16.5,Mandate,Verified
INV004812,2024-05-27,119552,lumpsum,319648,Punjab,Amritsar,B30,18-25,Male,4.4,Net Banking,Verified
INV002265,2024-05-27,125497,sip,27455,Rajasthan,Jaipur,T30,18-25,Female,3.8,UPI,Verified
INV000716,2024-05-27,118632,lumpsum,201547,Maharashtra,Nashik,B30,56+,Male,15.1,Mandate,Verified
INV004889,2024-05-27,120507,sip,21184,Rajasthan,Jaipur,T30,46-55,Male,34.5,Mandate,Verified
INV002093,2024-05-27,125497,sip,47366,Punjab,Chandigarh,T30,26-35,Male,14.7,Mandate,Verified
INV000403,2024-05-28,119552,lumpsum,566523,Rajasthan,Jaipur,T30,18-25,Female,7.7,Cheque,Verified
INV002360,2024-05-28,102885,sip,2410,Maharashtra,Mumbai,T30,26-35,Male,11.6,Mandate,Verified
INV001233,2024-05-28,102886,sip,2424,Telangana,Hyderabad,T30,26-35,Male,11.7,Cheque,Verified
INV003276,2024-05-28,120506,sip,844,Telangana,Hyderabad,T30,46-55,Male,45.0,Net Banking,Pending
INV003916,2024-05-28,118634,sip,5330,Karnataka,Mysore,B30,26-35,Male,23.6,Net Banking,Verified
INV004962,2024-05-28,125498,lumpsum,8255,Uttar Pradesh,Agra,B30,18-25,Male,6.7,UPI,Verified
INV002509,2024-05-28,125498,sip,46271,Maharashtra,Mumbai,T30,36-45,Female,19.9,Net Banking,Verified
INV004644,2024-05-28,101206,redemption,511196,Maharashtra,Nashik,B30,36-45,Male,21.7,UPI,Verified
INV000985,2024-05-28,100025,lumpsum,220168,West Bengal,Kolkata,T30,26-35,Female,11.4,Mandate,Verified
INV002098,2024-05-28,118635,redemption,333514,Gujarat,Ahmedabad,T30,26-35,Male,15.6,Mandate,Verified
INV004911,2024-05-28,100033,lumpsum,276994,West Bengal,Kolkata,T30,26-35,Female,9.4,Cheque,Verified
INV001678,2024-05-28,120507,lumpsum,435998,Delhi,New Delhi,T30,36-45,Female,38.8,Cheque,Verified
INV001407,2024-05-28,101206,sip,444,Rajasthan,Udaipur,B30,26-35,Female,22.2,Mandate,Verified
INV000783,2024-05-28,125498,lumpsum,442739,Gujarat,Ahmedabad,T30,46-55,Male,92.0,Cheque,Verified
INV000777,2024-05-28,120843,sip,1190,Uttar Pradesh,Lucknow,T30,26-35,Male,15.7,UPI,Verified
INV001261,2024-05-28,120506,sip,443,Rajasthan,Jaipur,T30,46-55,Male,50.0,UPI,Verified
INV001564,2024-05-28,118636,sip,2310,Haryana,Faridabad,B30,46-55,Male,43.2,Cheque,Verified
INV001364,2024-05-28,148568,lumpsum,459373,Delhi,Gurugram,T30,26-35,Male,11.6,UPI,Verified
INV002964,2024-05-28,119094,sip,10601,Rajasthan,Udaipur,B30,46-55,Male,84.1,Mandate,Pending
INV000354,2024-05-28,149322,lumpsum,89556,Telangana,Hyderabad,T30,26-35,Male,21.2,UPI,Verified
INV002932,2024-05-28,119095,redemption,450400,Haryana,Gurugram,T30,36-45,Female,28.4,Net Banking,Verified
INV004433,2024-05-28,119552,sip,1964,Maharashtra,Mumbai,T30,26-35,Female,19.8,Cheque,Pending
INV001745,2024-05-28,125497,sip,1862,Madhya Pradesh,Indore,T30,18-25,Male,7.3,Cheque,Verified
INV000573,2024-05-28,148567,redemption,362945,Madhya Pradesh,Bhopal,B30,56+,Female,38.5,UPI,Verified
INV002674,2024-05-28,119095,lumpsum,129644,Karnataka,Mysore,B30,26-35,Female,7.4,UPI,Verified
INV002717,2024-05-28,119120,lumpsum,183149,Maharashtra,Nashik,B30,26-35,Female,24.8,Mandate,Verified
INV003414,2024-05-28,118634,lumpsum,112824,Maharashtra,Pune,T30,36-45,Female,20.3,Cheque,Verified
INV001234,2024-05-28,118632,sip,10051,Uttar Pradesh,Agra,B30,26-35,Male,24.4,UPI,Verified
INV001168,2024-05-28,102887,sip,2875,West Bengal,Kolkata,T30,46-55,Male,50.9,Mandate,Verified
INV002232,2024-05-28,119552,lumpsum,135174,Karnataka,Bangalore,T30,26-35,Female,16.9,UPI,Verified
INV000599,2024-05-28,120503,sip,464,Gujarat,Ahmedabad,T30,36-45,Male,24.0,Cheque,Verified
INV004008,2024-05-28,119092,sip,2820,Maharashtra,Nashik,B30,46-55,Male,17.2,UPI,Verified
INV002199,2024-05-28,118633,redemption,453266,Gujarat,Ahmedabad,T30,26-35,Male,18.6,UPI,Verified
INV000331,2024-05-28,120504,lumpsum,56561,Madhya Pradesh,Indore,T30,36-45,Male,15.5,Mandate,Verified
INV000430,2024-05-28,100016,sip,57123,Punjab,Amritsar,B30,18-25,Male,3.3,Cheque,Verified
INV004969,2024-05-28,119094,sip,3427,Karnataka,Bangalore,T30,36-45,Male,40.2,Mandate,Verified
INV003306,2024-05-28,120842,lumpsum,481178,Gujarat,Ahmedabad,T30,36-45,Male,14.6,Net Banking,Verified
INV003773,2024-05-28,120506,lumpsum,410190,West Bengal,Kolkata,T30,46-55,Female,53.9,Cheque,Verified
INV004761,2024-05-28,125498,lumpsum,106346,Madhya Pradesh,Indore,T30,26-35,Male,21.4,Cheque,Verified
INV003782,2024-05-28,102886,sip,3308,Tamil Nadu,Chennai,T30,36-45,Male,44.5,Mandate,Verified
INV003870,2024-05-28,119094,redemption,356467,West Bengal,Kolkata,T30,26-35,Male,15.0,Cheque,Verified
INV001173,2024-05-28,101208,sip,8213,Punjab,Chandigarh,T30,26-35,Female,7.8,Mandate,Verified
INV000847,2024-05-28,101207,sip,3234,West Bengal,Kolkata,T30,26-35,Female,17.8,Cheque,Verified
INV004340,2024-05-28,119599,sip,24541,Karnataka,Mysore,B30,26-35,Male,17.9,Net Banking,Verified
INV004927,2024-05-28,149323,sip,3133,Maharashtra,Nashik,B30,26-35,Male,19.5,Mandate,Verified
INV002831,2024-05-28,100033,sip,16500,Telangana,Hyderabad,T30,56+,Female,78.0,Mandate,Verified
INV001285,2024-05-28,120507,redemption,80977,West Bengal,Kolkata,T30,18-25,Female,4.3,UPI,Verified
INV004700,2024-05-28,118632,sip,3245,Gujarat,Ahmedabad,T30,26-35,Male,15.9,UPI,Verified
INV004276,2024-05-28,125498,redemption,418485,Punjab,Amritsar,B30,26-35,Male,13.4,Net Banking,Verified
INV004542,2024-05-28,148568,sip,11423,Maharashtra,Pune,T30,36-45,Male,53.7,Cheque,Verified
INV002577,2024-05-28,100025,sip,2113,Karnataka,Mysore,B30,36-45,Female,60.0,Mandate,Verified
INV000120,2024-05-28,119095,sip,2963,Tamil Nadu,Chennai,T30,26-35,Male,24.4,Mandate,Verified
INV002322,2024-05-28,119093,sip,1122,Tamil Nadu,Chennai,T30,18-25,Male,3.3,Net Banking,Verified
INV000974,2024-05-28,148568,sip,2710,Maharashtra,Mumbai,T30,46-55,Male,88.6,Cheque,Verified
INV000494,2024-05-28,118632,sip,4092,Punjab,Amritsar,B30,56+,Male,30.4,Net Banking,Verified
INV000494,2024-05-28,100016,lumpsum,297784,Punjab,Amritsar,B30,56+,Male,30.4,Mandate,Verified
INV000089,2024-05-28,102887,redemption,276174,Maharashtra,Mumbai,T30,26-35,Female,11.2,Net Banking,Verified
INV001977,2024-05-28,120505,lumpsum,56339,Punjab,Amritsar,B30,18-25,Female,3.3,Mandate,Verified
INV002862,2024-05-28,101206,redemption,115730,Telangana,Hyderabad,T30,56+,Male,72.7,Mandate,Verified
INV003874,2024-05-28,118636,sip,17416,Punjab,Amritsar,B30,26-35,Female,16.5,Net Banking,Verified
INV001411,2024-05-28,119095,redemption,223113,Delhi,Gurugram,T30,26-35,Female,7.1,Net Banking,Verified
INV001611,2024-05-28,102887,sip,2313,West Bengal,Kolkata,T30,18-25,Female,7.4,Mandate,Verified
INV003492,2024-05-28,119551,sip,6686,Gujarat,Ahmedabad,T30,36-45,Male,35.2,Mandate,Verified
INV003040,2024-05-28,101206,sip,15876,Karnataka,Bangalore,T30,26-35,Female,15.3,UPI,Verified
INV003757,2024-05-28,119094,sip,2778,Uttar Pradesh,Agra,B30,18-25,Male,3.7,Net Banking,Verified
INV003887,2024-05-28,120507,sip,8699,Rajasthan,Udaipur,B30,56+,Female,54.1,Net Banking,Verified
INV001379,2024-05-28,119552,sip,8144,Punjab,Amritsar,B30,56+,Female,74.3,Mandate,Pending
INV003044,2024-05-28,120843,sip,533,West Bengal,Kolkata,T30,18-25,Female,3.2,Mandate,Verified
INV000099,2024-05-28,102887,redemption,220524,Haryana,Gurugram,T30,36-45,Male,43.5,Net Banking,Verified
INV004331,2024-05-28,118636,sip,3320,Tamil Nadu,Coimbatore,B30,26-35,Male,12.4,UPI,Verified
INV002137,2024-05-28,120504,sip,57452,Tamil Nadu,Coimbatore,B30,36-45,Male,17.6,Net Banking,Verified
INV001822,2024-05-28,101206,sip,2097,Gujarat,Ahmedabad,T30,36-45,Male,59.6,Mandate,Verified
INV004299,2024-05-29,118636,lumpsum,153154,Telangana,Hyderabad,T30,26-35,Female,23.1,Cheque,Verified
INV004797,2024-05-29,125498,sip,45008,Gujarat,Ahmedabad,T30,56+,Male,18.9,Cheque,Pending
INV000027,2024-05-29,148567,sip,8455,Punjab,Chandigarh,T30,26-35,Male,20.7,Mandate,Verified
INV001344,2024-05-29,119598,lumpsum,333059,Rajasthan,Jaipur,T30,26-35,Male,10.0,Cheque,Pending
INV002372,2024-05-29,101208,lumpsum,489697,Maharashtra,Pune,T30,36-45,Female,28.6,Net Banking,Verified
INV003724,2024-05-29,118633,redemption,197123,Punjab,Amritsar,B30,56+,Male,52.5,Mandate,Verified
INV002419,2024-05-29,120843,redemption,89134,Madhya Pradesh,Bhopal,B30,36-45,Male,58.7,Cheque,Verified
INV000563,2024-05-29,120841,lumpsum,41400,Uttar Pradesh,Lucknow,T30,26-35,Male,15.5,Mandate,Verified
INV004321,2024-05-29,120503,sip,11155,West Bengal,Kolkata,T30,26-35,Male,16.0,Cheque,Verified
INV004465,2024-05-29,119093,sip,20991,Gujarat,Surat,T30,26-35,Male,14.2,Cheque,Verified
INV003597,2024-05-29,119092,sip,41577,Punjab,Chandigarh,T30,18-25,Male,5.6,Mandate,Verified
INV002169,2024-05-29,148568,lumpsum,200338,Punjab,Amritsar,B30,46-55,Male,70.3,UPI,Verified
INV003100,2024-05-29,120506,sip,3411,Telangana,Hyderabad,T30,26-35,Male,16.5,Net Banking,Verified
INV003777,2024-05-29,119094,sip,12031,Telangana,Hyderabad,T30,46-55,Male,94.5,UPI,Verified
INV000018,2024-05-29,125497,lumpsum,322985,Telangana,Hyderabad,T30,56+,Male,37.9,Net Banking,Verified
INV001197,2024-05-29,125497,sip,2817,West Bengal,Kolkata,T30,36-45,Female,29.6,Net Banking,Verified
INV002735,2024-05-29,120506,sip,5738,Tamil Nadu,Coimbatore,B30,18-25,Female,7.6,UPI,Verified
INV001809,2024-05-29,118633,lumpsum,35730,Telangana,Hyderabad,T30,46-55,Male,80.5,Net Banking,Verified
INV000298,2024-05-29,101208,lumpsum,60400,Uttar Pradesh,Kanpur,B30,18-25,Male,6.3,Net Banking,Verified
INV003089,2024-05-29,120843,redemption,131592,Uttar Pradesh,Agra,B30,26-35,Male,14.1,UPI,Verified
INV002664,2024-05-29,119094,lumpsum,266404,Karnataka,Bangalore,T30,26-35,Male,17.3,UPI,Verified
INV003806,2024-05-29,120504,redemption,334464,Karnataka,Bangalore,T30,26-35,Male,14.7,UPI,Verified
INV001611,2024-05-29,118634,sip,2663,West Bengal,Kolkata,T30,18-25,Female,7.4,Net Banking,Verified
INV004085,2024-05-29,119095,redemption,20482,Maharashtra,Pune,T30,36-45,Female,34.5,UPI,Verified
INV000089,2024-05-29,148568,sip,873,Maharashtra,Mumbai,T30,26-35,Female,11.2,UPI,Verified
INV001719,2024-05-29,149324,sip,1055,Rajasthan,Udaipur,B30,26-35,Male,19.2,Cheque,Verified
INV002179,2024-05-29,118634,sip,1661,Haryana,Gurugram,T30,26-35,Female,12.0,Cheque,Verified
INV002764,2024-05-29,148567,lumpsum,257997,Madhya Pradesh,Bhopal,B30,36-45,Male,40.8,UPI,Verified
INV001151,2024-05-29,125498,sip,1045,Uttar Pradesh,Agra,B30,26-35,Male,11.2,Mandate,Verified
INV003332,2024-05-29,119095,sip,2934,Uttar Pradesh,Kanpur,B30,46-55,Male,83.2,Cheque,Verified
INV003654,2024-05-29,101206,sip,5871,Delhi,New Delhi,T30,18-25,Male,6.6,Mandate,Verified
INV002656,2024-05-29,118633,sip,422,Tamil Nadu,Coimbatore,B30,26-35,Male,9.6,Cheque,Verified
INV000267,2024-05-29,118634,redemption,249365,Telangana,Hyderabad,T30,26-35,Male,17.7,Mandate,Verified
INV002696,2024-05-29,120842,sip,402,Punjab,Amritsar,B30,18-25,Male,7.1,Mandate,Verified
INV000326,2024-05-29,120844,sip,9354,Madhya Pradesh,Bhopal,B30,26-35,Female,11.0,Net Banking,Verified
INV004388,2024-05-29,119095,sip,1117,Gujarat,Surat,T30,26-35,Female,10.3,UPI,Verified
INV000164,2024-05-29,100016,sip,5556,Rajasthan,Udaipur,B30,18-25,Male,6.0,Net Banking,Verified
INV003731,2024-05-29,120507,redemption,338176,Tamil Nadu,Coimbatore,B30,26-35,Female,9.9,Cheque,Verified
INV000036,2024-05-29,120503,sip,2722,West Bengal,Kolkata,T30,36-45,Male,49.7,UPI,Verified
INV004493,2024-05-29,148569,lumpsum,319084,Tamil Nadu,Chennai,T30,36-45,Male,19.3,Cheque,Verified
INV000496,2024-05-29,118636,lumpsum,310422,Maharashtra,Mumbai,T30,36-45,Male,14.3,Net Banking,Verified
INV003075,2024-05-29,100025,sip,42141,Delhi,Gurugram,T30,46-55,Male,83.5,UPI,Pending
INV000087,2024-05-29,149324,lumpsum,416051,Rajasthan,Jaipur,T30,36-45,Male,56.2,Cheque,Verified
INV002137,2024-05-29,119094,sip,2078,Tamil Nadu,Coimbatore,B30,36-45,Male,17.6,Net Banking,Verified
INV003063,2024-05-29,149324,sip,1679,Maharashtra,Mumbai,T30,36-45,Female,45.0,Mandate,Verified
INV000631,2024-05-29,148567,sip,2061,Delhi,Noida,T30,36-45,Female,48.6,Net Banking,Verified
INV003248,2024-05-29,119093,sip,8682,Karnataka,Mysore,B30,26-35,Male,6.5,UPI,Verified
INV001753,2024-05-29,100025,sip,24210,Rajasthan,Jaipur,T30,26-35,Male,10.0,Net Banking,Verified
INV000522,2024-05-29,119092,lumpsum,336878,Punjab,Chandigarh,T30,26-35,Female,10.8,UPI,Verified
INV000470,2024-05-29,149322,lumpsum,193648,Madhya Pradesh,Bhopal,B30,26-35,Male,17.8,Net Banking,Verified
INV000073,2024-05-29,120504,sip,26594,Punjab,Amritsar,B30,18-25,Male,5.5,Cheque,Pending
INV001903,2024-05-30,118633,lumpsum,436193,Delhi,New Delhi,T30,26-35,Female,8.8,Net Banking,Verified
INV003450,2024-05-30,118633,sip,57670,Maharashtra,Nashik,B30,18-25,Female,4.2,Mandate,Verified
INV002062,2024-05-30,119552,lumpsum,272731,Telangana,Hyderabad,T30,18-25,Male,5.5,Net Banking,Verified
INV003501,2024-05-30,120843,sip,2260,Rajasthan,Udaipur,B30,26-35,Female,24.7,UPI,Verified
INV003473,2024-05-30,101206,sip,10046,Telangana,Hyderabad,T30,26-35,Male,16.5,UPI,Verified
INV002120,2024-05-30,101208,sip,5983,Tamil Nadu,Chennai,T30,26-35,Male,13.8,UPI,Verified
INV001903,2024-05-30,119552,lumpsum,386717,Delhi,New Delhi,T30,26-35,Female,8.8,Mandate,Verified
INV003311,2024-05-30,118636,sip,2298,Madhya Pradesh,Bhopal,B30,26-35,Male,9.5,Mandate,Verified
INV003151,2024-05-30,149322,sip,559,Tamil Nadu,Coimbatore,B30,56+,Female,69.5,Cheque,Verified
INV003264,2024-05-30,119094,sip,2212,Haryana,Faridabad,B30,18-25,Male,4.9,Mandate,Verified
INV001661,2024-05-30,118635,sip,2996,Uttar Pradesh,Lucknow,T30,56+,Female,26.4,Net Banking,Verified
INV003495,2024-05-30,118636,sip,5617,West Bengal,Kolkata,T30,26-35,Female,22.9,Mandate,Verified
INV003423,2024-05-30,102885,lumpsum,91994,Delhi,Noida,T30,18-25,Female,3.2,Mandate,Verified
INV003338,2024-05-30,120505,sip,1147,Haryana,Faridabad,B30,46-55,Male,69.2,Net Banking,Verified
INV003344,2024-05-30,120843,sip,1030,Haryana,Gurugram,T30,36-45,Female,52.5,Cheque,Verified
INV002149,2024-05-30,100033,lumpsum,444118,Tamil Nadu,Coimbatore,B30,26-35,Male,21.8,Cheque,Verified
INV003529,2024-05-30,119094,sip,2827,Tamil Nadu,Chennai,T30,36-45,Female,36.6,Net Banking,Verified
INV001550,2024-05-30,102885,sip,5122,Punjab,Chandigarh,T30,18-25,Male,4.1,Mandate,Verified
INV001950,2024-05-30,100025,sip,2107,Maharashtra,Pune,T30,26-35,Female,6.0,Net Banking,Verified
INV003974,2024-05-30,148568,redemption,297422,Maharashtra,Nashik,B30,46-55,Male,73.6,UPI,Verified
INV004700,2024-05-30,125497,sip,2770,Gujarat,Ahmedabad,T30,26-35,Male,15.9,Net Banking,Verified
INV004866,2024-05-30,120843,lumpsum,336270,Madhya Pradesh,Bhopal,B30,36-45,Male,14.6,Mandate,Verified
INV003744,2024-05-30,125498,sip,8275,Karnataka,Mysore,B30,18-25,Female,4.1,UPI,Verified
INV000214,2024-05-30,120507,redemption,61973,Madhya Pradesh,Indore,T30,26-35,Female,20.7,Net Banking,Verified
INV000801,2024-05-30,120843,redemption,223451,Karnataka,Mysore,B30,36-45,Male,18.3,Net Banking,Verified
INV002654,2024-05-30,118635,sip,10097,Delhi,New Delhi,T30,36-45,Female,38.2,UPI,Verified
INV004701,2024-05-30,119094,sip,4931,Haryana,Gurugram,T30,26-35,Male,7.3,UPI,Verified
INV000637,2024-05-30,118633,sip,8132,Punjab,Chandigarh,T30,26-35,Male,13.9,UPI,Verified
INV004205,2024-05-30,120844,redemption,148175,Telangana,Hyderabad,T30,56+,Female,56.9,Cheque,Verified
INV000895,2024-05-30,118632,sip,5809,Rajasthan,Udaipur,B30,26-35,Male,19.5,Cheque,Verified
INV000297,2024-05-30,148569,lumpsum,149371,Gujarat,Ahmedabad,T30,26-35,Male,13.0,Cheque,Verified
INV000363,2024-05-30,148567,sip,3497,Madhya Pradesh,Bhopal,B30,26-35,Male,22.6,Net Banking,Verified
INV002793,2024-05-30,125497,sip,25457,Madhya Pradesh,Bhopal,B30,36-45,Male,54.3,Net Banking,Verified
INV000532,2024-05-30,100016,redemption,310669,Madhya Pradesh,Bhopal,B30,26-35,Male,9.0,Mandate,Verified
INV000933,2024-05-30,119598,sip,11370,Rajasthan,Jaipur,T30,36-45,Female,14.9,Mandate,Verified
INV000132,2024-05-30,149322,sip,4908,Karnataka,Bangalore,T30,46-55,Female,37.1,Cheque,Verified
INV001301,2024-05-30,118633,redemption,394642,Delhi,New Delhi,T30,26-35,Male,19.1,Net Banking,Verified
INV002422,2024-05-30,120503,sip,1912,Tamil Nadu,Chennai,T30,36-45,Male,20.5,UPI,Verified
INV000054,2024-05-30,100016,sip,500,Telangana,Hyderabad,T30,46-55,Female,37.5,UPI,Pending
INV000131,2024-05-30,119551,lumpsum,482270,Telangana,Hyderabad,T30,36-45,Female,16.8,Cheque,Verified
INV002555,2024-05-30,119093,lumpsum,148310,Gujarat,Ahmedabad,T30,36-45,Male,24.5,UPI,Verified
INV004692,2024-05-30,120843,redemption,156822,Madhya Pradesh,Bhopal,B30,26-35,Male,11.6,UPI,Verified
INV000665,2024-05-30,100033,sip,2827,Rajasthan,Udaipur,B30,26-35,Female,6.6,Mandate,Pending
INV001066,2024-05-30,149323,sip,2840,Haryana,Gurugram,T30,26-35,Male,23.2,Mandate,Verified
INV000403,2024-05-30,120506,sip,1740,Rajasthan,Jaipur,T30,18-25,Female,7.7,Cheque,Verified
INV001083,2024-05-30,120843,lumpsum,92618,Gujarat,Ahmedabad,T30,46-55,Male,16.4,Net Banking,Verified
INV004476,2024-05-30,118635,sip,5512,Gujarat,Surat,T30,26-35,Male,9.3,Mandate,Verified
INV004443,2024-05-30,119095,lumpsum,438286,Maharashtra,Nashik,B30,26-35,Female,13.0,Cheque,Verified
INV004440,2024-05-30,119599,redemption,122504,Telangana,Hyderabad,T30,36-45,Male,33.5,Cheque,Verified
INV000074,2024-05-30,120503,sip,12235,Rajasthan,Jaipur,T30,26-35,Female,8.4,UPI,Verified
INV000445,2024-05-30,100016,sip,12897,Madhya Pradesh,Bhopal,B30,26-35,Female,24.7,Cheque,Verified
INV000302,2024-05-30,118632,redemption,307706,Telangana,Hyderabad,T30,36-45,Male,31.3,UPI,Verified
INV001015,2024-05-30,100025,redemption,23119,Haryana,Gurugram,T30,36-45,Female,21.1,Net Banking,Verified
INV004318,2024-05-30,120841,lumpsum,21249,Tamil Nadu,Coimbatore,B30,56+,Female,54.7,Cheque,Verified
INV000573,2024-05-30,120503,sip,8349,Madhya Pradesh,Bhopal,B30,56+,Female,38.5,UPI,Verified
INV001399,2024-05-30,120507,sip,2769,Delhi,New Delhi,T30,26-35,Female,16.4,UPI,Verified
INV004474,2024-05-30,120844,sip,4298,West Bengal,Kolkata,T30,46-55,Male,16.5,Net Banking,Verified
INV000575,2024-05-30,102887,sip,21363,Punjab,Amritsar,B30,26-35,Female,16.4,Cheque,Verified
INV000609,2024-05-30,100025,sip,970,Tamil Nadu,Coimbatore,B30,18-25,Male,3.9,Net Banking,Verified
INV000522,2024-05-30,102886,redemption,450200,Punjab,Chandigarh,T30,26-35,Female,10.8,Cheque,Verified
INV000114,2024-05-30,149323,redemption,260216,West Bengal,Kolkata,T30,36-45,Male,59.6,Cheque,Verified
INV000803,2024-05-30,148569,sip,1919,Karnataka,Mysore,B30,26-35,Female,20.6,UPI,Verified
INV002719,2024-05-30,119093,lumpsum,241922,Rajasthan,Jaipur,T30,18-25,Female,4.8,Mandate,Verified
INV003720,2024-05-30,101206,sip,572,Madhya Pradesh,Bhopal,B30,36-45,Female,49.4,Mandate,Verified
INV003719,2024-05-30,118636,sip,11888,Uttar Pradesh,Kanpur,B30,26-35,Female,8.3,Mandate,Verified
INV004464,2024-05-30,125498,sip,4632,Haryana,Faridabad,B30,26-35,Female,11.9,Net Banking,Verified
INV001650,2024-05-31,120503,lumpsum,232594,Madhya Pradesh,Indore,T30,36-45,Male,38.1,Net Banking,Verified
INV000279,2024-05-31,125497,sip,13210,Gujarat,Ahmedabad,T30,26-35,Male,12.4,Mandate,Verified
INV004922,2024-05-31,120504,redemption,210970,Haryana,Gurugram,T30,56+,Male,28.2,Mandate,Verified
INV001826,2024-05-31,101207,sip,1020,Punjab,Amritsar,B30,18-25,Male,4.7,Mandate,Verified
INV003665,2024-05-31,120841,sip,2536,Maharashtra,Nashik,B30,26-35,Female,11.8,Mandate,Verified
INV003343,2024-05-31,100033,lumpsum,74797,Telangana,Hyderabad,T30,36-45,Male,26.0,Net Banking,Verified
INV000088,2024-05-31,100033,lumpsum,156207,Delhi,Noida,T30,26-35,Male,20.4,Mandate,Verified
INV001795,2024-05-31,149324,lumpsum,298269,Madhya Pradesh,Indore,T30,46-55,Male,17.7,UPI,Verified
INV000258,2024-05-31,119094,sip,11103,Gujarat,Surat,T30,26-35,Male,11.6,Cheque,Verified
INV004137,2024-05-31,120505,sip,8244,West Bengal,Kolkata,T30,18-25,Female,6.2,UPI,Verified
INV004808,2024-05-31,118632,sip,12069,Uttar Pradesh,Kanpur,B30,36-45,Male,47.0,UPI,Verified
INV003716,2024-05-31,125497,sip,16272,Uttar Pradesh,Kanpur,B30,36-45,Male,37.7,Mandate,Verified
INV004888,2024-05-31,118634,lumpsum,119440,Delhi,Gurugram,T30,26-35,Female,6.7,Net Banking,Verified
INV003099,2024-05-31,148569,redemption,227717,Gujarat,Surat,T30,36-45,Male,14.4,Mandate,Pending
INV004270,2024-05-31,119094,sip,2540,Rajasthan,Udaipur,B30,18-25,Male,5.7,Net Banking,Verified
INV002395,2024-05-31,118633,sip,7547,West Bengal,Kolkata,T30,26-35,Male,13.0,UPI,Verified
INV002467,2024-05-31,119551,sip,2343,Punjab,Chandigarh,T30,36-45,Male,12.3,UPI,Verified
INV000241,2024-05-31,148568,lumpsum,445743,Telangana,Hyderabad,T30,26-35,Female,16.5,UPI,Verified
INV003115,2024-05-31,120503,sip,15800,Gujarat,Surat,T30,26-35,Male,23.9,Net Banking,Verified
INV001237,2024-05-31,118636,sip,48179,West Bengal,Kolkata,T30,26-35,Male,19.1,Net Banking,Verified
INV000105,2024-05-31,119120,sip,2534,Punjab,Chandigarh,T30,56+,Male,41.4,Cheque,Verified
INV000203,2024-05-31,100033,sip,7515,Maharashtra,Nashik,B30,26-35,Male,16.0,Cheque,Verified
INV000262,2024-05-31,119093,sip,5534,Telangana,Hyderabad,T30,36-45,Male,47.6,Cheque,Verified
INV004761,2024-05-31,119598,sip,1848,Madhya Pradesh,Indore,T30,26-35,Male,21.4,Mandate,Verified
INV000717,2024-05-31,101208,redemption,137619,Tamil Nadu,Chennai,T30,46-55,Male,44.9,UPI,Verified
INV003893,2024-05-31,120843,sip,16960,Karnataka,Bangalore,T30,46-55,Male,78.5,Net Banking,Verified
INV002259,2024-05-31,119551,sip,43862,Madhya Pradesh,Bhopal,B30,18-25,Female,6.7,Mandate,Verified
INV003567,2024-05-31,149323,lumpsum,176044,Tamil Nadu,Chennai,T30,46-55,Male,76.1,UPI,Verified
INV000746,2024-05-31,101206,lumpsum,329559,Madhya Pradesh,Bhopal,B30,36-45,Male,49.8,Cheque,Verified
INV000570,2024-05-31,148569,sip,51941,Madhya Pradesh,Bhopal,B30,26-35,Male,16.2,Cheque,Verified
INV004870,2024-05-31,102886,redemption,303589,Punjab,Amritsar,B30,46-55,Male,65.9,UPI,Verified
INV001662,2024-05-31,148567,sip,5334,Delhi,Gurugram,T30,36-45,Male,45.6,Net Banking,Verified
INV004408,2024-05-31,125498,sip,12597,Punjab,Amritsar,B30,26-35,Male,23.5,Mandate,Verified
INV004968,2024-05-31,118636,sip,1176,Delhi,Noida,T30,26-35,Male,22.2,UPI,Verified
INV002536,2024-05-31,100016,lumpsum,249795,West Bengal,Kolkata,T30,26-35,Male,11.9,Cheque,Verified
INV002003,2024-05-31,119599,lumpsum,491566,Delhi,New Delhi,T30,26-35,Female,20.1,Mandate,Pending
INV004295,2024-05-31,119598,sip,470,Karnataka,Bangalore,T30,36-45,Male,50.6,Cheque,Verified
INV003929,2024-05-31,120843,lumpsum,247049,Uttar Pradesh,Agra,B30,56+,Male,28.0,Mandate,Verified
INV001874,2024-05-31,148568,lumpsum,194920,Telangana,Hyderabad,T30,36-45,Male,21.3,Cheque,Verified
INV003847,2024-05-31,102887,sip,7669,Telangana,Hyderabad,T30,26-35,Male,19.7,Cheque,Verified
INV003763,2024-05-31,120843,sip,10229,Haryana,Faridabad,B30,26-35,Female,19.1,UPI,Verified
INV004475,2024-05-31,120504,sip,3358,Punjab,Amritsar,B30,26-35,Male,18.2,UPI,Verified
INV003200,2024-05-31,120505,lumpsum,97658,Punjab,Chandigarh,T30,46-55,Male,61.2,UPI,Verified
INV001604,2024-05-31,100025,lumpsum,412885,Haryana,Gurugram,T30,56+,Male,33.9,Net Banking,Verified
INV003913,2024-05-31,119093,sip,6411,Telangana,Hyderabad,T30,36-45,Male,51.7,Cheque,Verified
INV001336,2024-05-31,149324,sip,516,Tamil Nadu,Coimbatore,B30,18-25,Male,5.0,Net Banking,Verified
INV000605,2024-05-31,119551,sip,46223,Uttar Pradesh,Agra,B30,36-45,Male,35.6,Net Banking,Verified
INV002329,2024-05-31,119599,redemption,122346,Madhya Pradesh,Indore,T30,56+,Male,51.2,Cheque,Verified
INV000294,2024-05-31,120503,redemption,336190,Maharashtra,Nashik,B30,36-45,Female,30.8,UPI,Verified
INV003366,2024-05-31,118636,sip,2958,Madhya Pradesh,Bhopal,B30,18-25,Male,3.3,Mandate,Verified
INV004452,2024-05-31,118635,sip,20174,Rajasthan,Udaipur,B30,26-35,Male,17.6,Net Banking,Verified
INV002295,2024-05-31,120507,sip,16326,Telangana,Hyderabad,T30,26-35,Female,17.9,Net Banking,Verified
INV003141,2024-05-31,101206,sip,16713,Maharashtra,Pune,T30,36-45,Female,40.1,UPI,Verified
INV003025,2024-05-31,100016,sip,5781,Gujarat,Surat,T30,26-35,Female,11.9,UPI,Verified
INV003243,2024-05-31,118632,sip,3558,Rajasthan,Jaipur,T30,18-25,Female,4.0,Cheque,Verified
INV000218,2024-05-31,101207,sip,8003,Karnataka,Mysore,B30,36-45,Male,18.8,Net Banking,Verified
INV001120,2024-05-31,119094,sip,3147,Karnataka,Bangalore,T30,36-45,Male,37.9,Cheque,Verified
INV004542,2024-05-31,119095,sip,439,Maharashtra,Pune,T30,36-45,Male,53.7,Net Banking,Pending
INV004508,2024-05-31,100025,redemption,233610,Punjab,Amritsar,B30,36-45,Female,36.5,Net Banking,Verified
INV000741,2024-05-31,119095,sip,43027,Rajasthan,Udaipur,B30,26-35,Male,17.4,Net Banking,Verified
INV004678,2024-05-31,101206,sip,1170,West Bengal,Kolkata,T30,36-45,Female,15.3,UPI,Verified
INV002800,2024-05-31,118636,sip,407,West Bengal,Kolkata,T30,36-45,Male,51.9,Net Banking,Pending
INV000054,2024-05-31,100016,redemption,205457,Telangana,Hyderabad,T30,46-55,Female,37.5,Mandate,Verified
INV000348,2024-05-31,119552,lumpsum,246596,Madhya Pradesh,Bhopal,B30,46-55,Female,94.4,Net Banking,Verified
INV003872,2024-05-31,100033,sip,2115,Uttar Pradesh,Kanpur,B30,26-35,Male,20.1,UPI,Verified
INV001436,2024-05-31,119598,redemption,206643,Delhi,New Delhi,T30,26-35,Male,9.7,UPI,Verified
INV001397,2024-06-01,120504,lumpsum,294145,Delhi,New Delhi,T30,26-35,Male,20.8,Net Banking,Verified
INV002886,2024-06-01,119120,sip,23677,Tamil Nadu,Chennai,T30,18-25,Female,7.1,Net Banking,Verified
INV001174,2024-06-01,149323,redemption,314812,Maharashtra,Nashik,B30,36-45,Male,12.7,Mandate,Verified
INV003362,2024-06-01,119093,redemption,183163,Karnataka,Bangalore,T30,36-45,Female,22.6,Mandate,Verified
INV004298,2024-06-01,120507,sip,5366,Gujarat,Ahmedabad,T30,36-45,Female,55.5,Cheque,Verified
INV002647,2024-06-01,119598,sip,21407,Rajasthan,Jaipur,T30,46-55,Male,87.0,Net Banking,Verified
INV001484,2024-06-01,149322,lumpsum,384239,Tamil Nadu,Chennai,T30,36-45,Male,13.1,Net Banking,Verified
INV000730,2024-06-01,119095,lumpsum,80779,Maharashtra,Mumbai,T30,26-35,Male,19.5,Mandate,Verified
INV001650,2024-06-01,120843,sip,22679,Madhya Pradesh,Indore,T30,36-45,Male,38.1,UPI,Verified
INV003821,2024-06-01,118633,sip,16168,Delhi,Noida,T30,18-25,Female,6.4,Net Banking,Verified
INV000438,2024-06-01,118636,sip,1041,Delhi,New Delhi,T30,26-35,Male,11.6,UPI,Verified
INV004056,2024-06-01,118635,sip,15782,Haryana,Gurugram,T30,26-35,Male,8.3,UPI,Verified
INV004617,2024-06-01,120844,sip,1122,Karnataka,Bangalore,T30,26-35,Male,22.1,Cheque,Verified
INV002250,2024-06-01,120503,sip,48280,Telangana,Hyderabad,T30,36-45,Male,20.4,Cheque,Verified
INV001699,2024-06-01,102886,sip,9908,Madhya Pradesh,Indore,T30,26-35,Male,24.6,Cheque,Verified
INV002256,2024-06-01,120504,sip,2411,Rajasthan,Jaipur,T30,46-55,Male,49.6,UPI,Verified
INV004410,2024-06-01,120844,sip,15086,Tamil Nadu,Chennai,T30,36-45,Male,45.5,UPI,Verified
INV003219,2024-06-01,118635,redemption,196331,Maharashtra,Pune,T30,46-55,Male,57.8,Net Banking,Verified
INV003275,2024-06-01,118633,redemption,101629,Uttar Pradesh,Agra,B30,26-35,Female,8.1,Cheque,Verified
INV004659,2024-06-01,149324,lumpsum,216890,West Bengal,Kolkata,T30,18-25,Female,3.3,Mandate,Verified
INV000508,2024-06-01,120507,lumpsum,140533,Karnataka,Bangalore,T30,36-45,Female,12.8,Mandate,Verified
INV000667,2024-06-01,120844,lumpsum,227537,Telangana,Hyderabad,T30,26-35,Male,7.5,Mandate,Verified
INV004693,2024-06-01,120843,sip,8095,Maharashtra,Nashik,B30,36-45,Male,44.9,Net Banking,Verified
INV000677,2024-06-01,119552,lumpsum,103936,Telangana,Hyderabad,T30,26-35,Male,16.6,Mandate,Verified
INV000318,2024-06-01,118635,sip,8866,Madhya Pradesh,Bhopal,B30,46-55,Female,47.5,Net Banking,Verified
INV004531,2024-06-01,120504,sip,885,Haryana,Gurugram,T30,26-35,Male,8.4,UPI,Verified
INV000310,2024-06-01,148568,redemption,248595,Delhi,Noida,T30,36-45,Male,58.4,UPI,Verified
INV003449,2024-06-01,100033,sip,15878,Gujarat,Ahmedabad,T30,56+,Male,10.0,Cheque,Verified
INV001051,2024-06-01,100016,sip,2090,Haryana,Gurugram,T30,26-35,Male,8.2,Net Banking,Verified
INV004004,2024-06-01,120507,lumpsum,52059,Delhi,Gurugram,T30,18-25,Male,3.1,Mandate,Verified
INV000291,2024-06-01,119093,sip,894,Madhya Pradesh,Indore,T30,18-25,Female,6.2,Mandate,Verified
INV002333,2024-06-01,120842,sip,7414,Uttar Pradesh,Kanpur,B30,26-35,Male,23.7,Cheque,Verified
INV003813,2024-06-01,120505,sip,478,Rajasthan,Udaipur,B30,36-45,Male,23.6,Net Banking,Verified
INV001550,2024-06-01,101207,sip,11335,Punjab,Chandigarh,T30,18-25,Male,4.1,Net Banking,Verified
INV000256,2024-06-01,125498,lumpsum,245152,Delhi,New Delhi,T30,36-45,Male,14.0,Cheque,Verified
INV001491,2024-06-01,149322,redemption,86689,Tamil Nadu,Chennai,T30,56+,Male,78.5,Net Banking,Verified
INV003110,2024-06-01,100016,sip,878,Rajasthan,Jaipur,T30,26-35,Male,9.0,UPI,Verified
INV002898,2024-06-01,101207,sip,4124,Maharashtra,Pune,T30,26-35,Female,8.1,Mandate,Verified
INV003068,2024-06-01,148567,redemption,52787,Delhi,New Delhi,T30,26-35,Male,11.6,UPI,Verified
INV001298,2024-06-01,120503,redemption,182077,Delhi,Gurugram,T30,26-35,Female,24.4,Net Banking,Verified
INV001611,2024-06-01,102885,lumpsum,104307,West Bengal,Kolkata,T30,18-25,Female,7.4,Net Banking,Verified
INV000553,2024-06-01,119551,sip,3232,Rajasthan,Jaipur,T30,36-45,Male,50.4,Mandate,Verified
INV001769,2024-06-01,118633,sip,12856,Punjab,Chandigarh,T30,18-25,Male,7.4,Mandate,Verified
INV000072,2024-06-01,148568,sip,14832,Gujarat,Ahmedabad,T30,18-25,Female,6.4,Mandate,Verified
INV002322,2024-06-01,125497,sip,2278,Tamil Nadu,Chennai,T30,18-25,Male,3.3,UPI,Verified
INV004243,2024-06-01,119552,sip,4557,Punjab,Amritsar,B30,36-45,Female,38.7,Mandate,Verified
INV003780,2024-06-01,118633,sip,480,Haryana,Faridabad,B30,26-35,Male,10.1,Mandate,Verified
INV002261,2024-06-01,101208,sip,5577,Uttar Pradesh,Kanpur,B30,18-25,Male,5.0,Net Banking,Verified
INV002225,2024-06-01,119551,sip,4279,Punjab,Amritsar,B30,46-55,Male,86.2,Mandate,Verified
INV000102,2024-06-01,102887,sip,57404,Gujarat,Surat,T30,26-35,Male,21.9,Net Banking,Pending
INV004475,2024-06-01,119598,redemption,44222,Punjab,Amritsar,B30,26-35,Male,18.2,UPI,Verified
INV000874,2024-06-01,149323,sip,2687,Tamil Nadu,Chennai,T30,56+,Male,19.1,Net Banking,Verified
INV004934,2024-06-01,119094,redemption,407312,West Bengal,Kolkata,T30,26-35,Female,22.0,Mandate,Verified
INV002178,2024-06-01,100033,sip,16420,Gujarat,Ahmedabad,T30,36-45,Female,33.8,Cheque,Verified
INV002598,2024-06-01,118633,sip,15256,Uttar Pradesh,Lucknow,T30,26-35,Male,14.6,UPI,Verified
INV002393,2024-06-01,119551,lumpsum,531194,Madhya Pradesh,Bhopal,B30,26-35,Female,15.2,Mandate,Verified
INV001602,2024-06-01,119093,lumpsum,438224,West Bengal,Kolkata,T30,36-45,Male,27.0,UPI,Verified
INV001157,2024-06-01,101206,lumpsum,232121,Tamil Nadu,Coimbatore,B30,36-45,Female,23.0,Net Banking,Verified
INV002323,2024-06-01,120842,redemption,17449,West Bengal,Kolkata,T30,36-45,Female,33.7,Cheque,Verified
INV003945,2024-06-01,118632,sip,2300,Gujarat,Ahmedabad,T30,46-55,Female,48.3,Cheque,Verified
INV003402,2024-06-01,120503,sip,20047,Telangana,Hyderabad,T30,26-35,Male,20.5,Net Banking,Verified
INV004147,2024-06-01,120844,sip,1034,Madhya Pradesh,Bhopal,B30,26-35,Female,10.1,Net Banking,Verified
INV003972,2024-06-01,102886,lumpsum,238019,Uttar Pradesh,Agra,B30,26-35,Male,10.2,Net Banking,Verified
INV002802,2024-06-01,119551,sip,3387,Gujarat,Surat,T30,36-45,Female,32.8,Net Banking,Verified
INV000007,2024-06-01,149322,sip,49792,Uttar Pradesh,Kanpur,B30,26-35,Male,21.9,Cheque,Verified
INV004573,2024-06-02,148567,sip,4146,Madhya Pradesh,Indore,T30,36-45,Female,36.8,Mandate,Verified
INV003787,2024-06-02,119095,sip,7975,Karnataka,Mysore,B30,46-55,Male,29.3,Cheque,Verified
INV002905,2024-06-02,120504,sip,9151,Tamil Nadu,Chennai,T30,36-45,Female,32.4,Mandate,Verified
INV003041,2024-06-02,119552,sip,2198,Madhya Pradesh,Bhopal,B30,36-45,Male,32.0,Mandate,Verified
INV001591,2024-06-02,149322,redemption,418681,Rajasthan,Jaipur,T30,56+,Male,28.1,UPI,Verified
INV002805,2024-06-02,101206,sip,10084,Maharashtra,Mumbai,T30,26-35,Female,14.5,Net Banking,Verified
INV000988,2024-06-02,148569,lumpsum,233972,Rajasthan,Jaipur,T30,36-45,Male,28.7,Net Banking,Verified
INV004355,2024-06-02,120505,sip,933,Haryana,Gurugram,T30,18-25,Male,5.6,Net Banking,Pending
INV001432,2024-06-02,102886,sip,11717,Uttar Pradesh,Lucknow,T30,36-45,Male,12.6,Net Banking,Verified
INV003174,2024-06-02,101207,lumpsum,314798,Tamil Nadu,Chennai,T30,26-35,Female,10.0,UPI,Verified
INV003366,2024-06-02,148568,lumpsum,274000,Madhya Pradesh,Bhopal,B30,18-25,Male,3.3,Mandate,Verified
INV003480,2024-06-02,119598,sip,6923,Madhya Pradesh,Bhopal,B30,26-35,Male,24.4,Mandate,Verified
INV000800,2024-06-02,119093,lumpsum,507240,Delhi,New Delhi,T30,36-45,Female,58.8,Net Banking,Verified
INV002019,2024-06-02,118635,sip,5756,Delhi,New Delhi,T30,36-45,Male,19.8,Cheque,Verified
INV002123,2024-06-02,118633,lumpsum,543790,West Bengal,Kolkata,T30,26-35,Male,14.7,Cheque,Verified
INV004332,2024-06-02,101206,sip,3475,Haryana,Faridabad,B30,36-45,Female,52.1,UPI,Verified
INV002174,2024-06-02,101206,sip,20762,Gujarat,Ahmedabad,T30,36-45,Male,25.1,Net Banking,Verified
INV001802,2024-06-02,119552,lumpsum,325254,Punjab,Chandigarh,T30,46-55,Male,77.7,UPI,Verified
INV003660,2024-06-02,100033,redemption,372713,Delhi,Noida,T30,26-35,Male,6.8,Cheque,Pending
INV001235,2024-06-02,120505,sip,5580,Haryana,Faridabad,B30,26-35,Male,19.3,Cheque,Verified
INV002794,2024-06-02,119552,sip,2093,Madhya Pradesh,Bhopal,B30,56+,Male,39.9,Net Banking,Verified
INV001580,2024-06-02,101208,lumpsum,13783,Punjab,Chandigarh,T30,26-35,Male,18.7,Cheque,Pending
INV003437,2024-06-02,125497,sip,12674,Punjab,Amritsar,B30,46-55,Female,51.0,UPI,Verified
INV003453,2024-06-02,118633,sip,3210,Punjab,Chandigarh,T30,36-45,Male,56.3,Net Banking,Verified
INV002437,2024-06-02,118633,sip,1102,Haryana,Faridabad,B30,26-35,Male,24.8,Mandate,Verified
INV000079,2024-06-02,118632,sip,6588,Gujarat,Surat,T30,26-35,Male,17.0,Cheque,Verified
INV003012,2024-06-02,118634,sip,47809,Madhya Pradesh,Indore,T30,36-45,Male,41.8,Net Banking,Verified
INV000514,2024-06-02,119094,sip,2430,West Bengal,Kolkata,T30,36-45,Male,43.2,UPI,Pending
INV003859,2024-06-02,120841,sip,8919,Karnataka,Bangalore,T30,36-45,Male,28.5,Mandate,Verified
INV003211,2024-06-02,118632,sip,16268,Uttar Pradesh,Lucknow,T30,36-45,Male,55.1,Cheque,Verified
INV000091,2024-06-02,119092,sip,2329,Haryana,Gurugram,T30,26-35,Male,14.6,Net Banking,Verified
INV002216,2024-06-02,119599,sip,909,Maharashtra,Mumbai,T30,46-55,Male,26.5,Net Banking,Verified
INV004640,2024-06-02,119599,sip,9615,Telangana,Hyderabad,T30,36-45,Male,46.5,Net Banking,Verified
INV004968,2024-06-02,119552,redemption,157906,Delhi,Noida,T30,26-35,Male,22.2,UPI,Verified
INV001695,2024-06-02,148569,redemption,434660,Punjab,Amritsar,B30,36-45,Male,24.0,Mandate,Pending
INV001043,2024-06-02,148568,redemption,387583,Haryana,Gurugram,T30,18-25,Male,7.8,Cheque,Verified
INV003958,2024-06-02,101206,redemption,199983,Haryana,Faridabad,B30,18-25,Male,6.6,UPI,Verified
INV001178,2024-06-02,102887,redemption,343872,West Bengal,Kolkata,T30,26-35,Female,10.3,Mandate,Verified
INV003404,2024-06-02,125498,sip,20938,Tamil Nadu,Chennai,T30,36-45,Male,26.8,Cheque,Verified
INV004357,2024-06-02,125497,lumpsum,271239,Delhi,Gurugram,T30,46-55,Female,55.6,Net Banking,Verified
INV000609,2024-06-02,120844,redemption,32430,Tamil Nadu,Coimbatore,B30,18-25,Male,3.9,UPI,Verified
INV001813,2024-06-02,101207,redemption,118093,Karnataka,Mysore,B30,36-45,Male,27.0,Net Banking,Verified
INV003578,2024-06-02,125498,sip,4511,Uttar Pradesh,Lucknow,T30,36-45,Female,36.5,UPI,Verified
INV000014,2024-06-02,125497,sip,6852,Tamil Nadu,Chennai,T30,18-25,Male,4.3,Mandate,Verified
INV001536,2024-06-02,118633,sip,55507,Karnataka,Mysore,B30,26-35,Male,17.9,UPI,Verified
INV003851,2024-06-02,119092,sip,5186,Karnataka,Bangalore,T30,46-55,Male,60.6,UPI,Verified
INV003651,2024-06-02,100016,sip,439,Gujarat,Surat,T30,26-35,Male,14.6,Cheque,Verified
INV003795,2024-06-02,119552,redemption,76942,West Bengal,Kolkata,T30,18-25,Male,7.6,Net Banking,Verified
INV001069,2024-06-02,148568,sip,25766,Telangana,Hyderabad,T30,26-35,Male,19.1,Cheque,Verified
INV003410,2024-06-02,120503,sip,17471,Madhya Pradesh,Indore,T30,26-35,Male,7.7,Net Banking,Verified
INV001566,2024-06-02,119094,lumpsum,310514,West Bengal,Kolkata,T30,18-25,Male,7.8,Mandate,Verified
INV001668,2024-06-02,102887,sip,7150,Rajasthan,Udaipur,B30,36-45,Female,22.4,Cheque,Verified
INV003722,2024-06-02,118635,sip,25876,Maharashtra,Nashik,B30,36-45,Female,50.8,UPI,Verified
INV002182,2024-06-02,120505,sip,11390,Madhya Pradesh,Bhopal,B30,36-45,Male,54.3,Net Banking,Verified
INV003188,2024-06-02,119551,lumpsum,196508,Tamil Nadu,Coimbatore,B30,26-35,Male,11.0,Cheque,Verified
INV003897,2024-06-02,119598,sip,15507,Tamil Nadu,Coimbatore,B30,26-35,Male,24.0,Mandate,Verified
INV004630,2024-06-02,118632,sip,478,Madhya Pradesh,Bhopal,B30,26-35,Female,6.3,Net Banking,Verified
INV002896,2024-06-02,102885,redemption,12276,Maharashtra,Nashik,B30,26-35,Male,21.5,Mandate,Pending
INV004630,2024-06-02,120843,sip,2148,Madhya Pradesh,Bhopal,B30,26-35,Female,6.3,UPI,Verified
INV002321,2024-06-02,119095,sip,25499,Telangana,Hyderabad,T30,26-35,Male,22.5,Cheque,Pending
INV001563,2024-06-02,120843,sip,41877,Rajasthan,Jaipur,T30,36-45,Male,59.1,Net Banking,Verified
INV001137,2024-06-02,101206,sip,7046,West Bengal,Kolkata,T30,56+,Female,55.8,Mandate,Verified
INV003878,2024-06-02,100016,sip,12511,Haryana,Gurugram,T30,56+,Male,27.9,Net Banking,Verified
INV000625,2024-06-02,102885,lumpsum,413562,Rajasthan,Jaipur,T30,46-55,Female,19.7,Mandate,Verified
INV003338,2024-06-02,119094,sip,2977,Haryana,Faridabad,B30,46-55,Male,69.2,UPI,Verified
INV000939,2024-06-02,125498,sip,821,Karnataka,Bangalore,T30,26-35,Male,19.6,Cheque,Verified
INV001121,2024-06-03,119120,sip,26023,Rajasthan,Udaipur,B30,36-45,Male,52.0,Net Banking,Verified
INV003870,2024-06-03,102885,redemption,75903,West Bengal,Kolkata,T30,26-35,Male,15.0,Mandate,Verified
INV003161,2024-06-03,119552,sip,2230,Uttar Pradesh,Kanpur,B30,36-45,Female,30.2,UPI,Verified
INV001301,2024-06-03,120844,redemption,313412,Delhi,New Delhi,T30,26-35,Male,19.1,Cheque,Verified
INV003432,2024-06-03,102886,sip,10785,Uttar Pradesh,Agra,B30,56+,Female,11.2,Cheque,Pending
INV001326,2024-06-03,119551,sip,1089,Rajasthan,Udaipur,B30,46-55,Male,54.9,Cheque,Verified
INV002989,2024-06-03,149323,sip,2834,Haryana,Faridabad,B30,46-55,Male,16.3,Cheque,Verified
INV002367,2024-06-03,120844,sip,8000,Telangana,Hyderabad,T30,26-35,Male,13.9,Mandate,Verified
INV001976,2024-06-03,125497,sip,6418,Madhya Pradesh,Indore,T30,26-35,Female,6.1,Cheque,Verified
INV000856,2024-06-03,119599,lumpsum,303519,Madhya Pradesh,Indore,T30,26-35,Male,24.8,Mandate,Verified
INV001514,2024-06-03,119092,sip,5781,Delhi,Gurugram,T30,46-55,Male,75.8,Cheque,Pending
INV004439,2024-06-03,149323,sip,8079,Haryana,Faridabad,B30,26-35,Male,8.6,Net Banking,Verified
INV000609,2024-06-03,101207,redemption,267007,Tamil Nadu,Coimbatore,B30,18-25,Male,3.9,Mandate,Verified
INV000439,2024-06-03,120504,lumpsum,277443,Rajasthan,Udaipur,B30,56+,Male,23.4,Net Banking,Verified
INV004982,2024-06-03,118632,sip,4520,Haryana,Faridabad,B30,18-25,Female,7.9,UPI,Verified
INV002934,2024-06-03,120504,lumpsum,123431,Delhi,Noida,T30,36-45,Male,25.8,Net Banking,Verified
INV003581,2024-06-03,118632,sip,842,Tamil Nadu,Coimbatore,B30,56+,Male,15.3,Cheque,Verified
INV002418,2024-06-03,119598,sip,15190,Haryana,Faridabad,B30,36-45,Male,34.0,Net Banking,Pending
INV002491,2024-06-03,101206,redemption,33768,Karnataka,Mysore,B30,18-25,Male,4.4,Cheque,Verified
INV000844,2024-06-03,125498,sip,2812,Gujarat,Surat,T30,26-35,Male,6.5,Cheque,Verified
INV002535,2024-06-03,102885,redemption,387120,Rajasthan,Udaipur,B30,36-45,Male,22.6,Mandate,Verified
INV003661,2024-06-03,100033,lumpsum,256158,Delhi,Noida,T30,18-25,Female,6.4,Mandate,Verified
INV003633,2024-06-03,101206,redemption,109797,Madhya Pradesh,Bhopal,B30,26-35,Male,11.8,Cheque,Verified
INV001127,2024-06-03,100033,lumpsum,372954,West Bengal,Kolkata,T30,26-35,Female,14.9,Mandate,Verified
INV001573,2024-06-03,102885,redemption,540734,Tamil Nadu,Coimbatore,B30,26-35,Male,20.7,Mandate,Verified
INV004100,2024-06-03,120843,lumpsum,73955,Delhi,Gurugram,T30,26-35,Male,20.7,UPI,Verified
INV001355,2024-06-03,119093,sip,7936,Tamil Nadu,Chennai,T30,46-55,Female,89.8,Cheque,Verified
INV004538,2024-06-03,100025,sip,3436,Telangana,Hyderabad,T30,26-35,Male,23.3,UPI,Verified
INV003409,2024-06-03,120505,lumpsum,45559,Karnataka,Mysore,B30,46-55,Male,44.2,Cheque,Verified
INV002542,2024-06-03,101206,sip,3085,Telangana,Hyderabad,T30,26-35,Female,15.9,UPI,Verified
INV000057,2024-06-03,119092,sip,6162,Tamil Nadu,Chennai,T30,36-45,Male,59.9,Net Banking,Pending
INV002619,2024-06-03,119092,lumpsum,320602,Gujarat,Ahmedabad,T30,18-25,Male,3.4,UPI,Verified
INV002862,2024-06-03,120507,sip,3494,Telangana,Hyderabad,T30,56+,Male,72.7,UPI,Verified
INV001492,2024-06-03,120843,lumpsum,561517,Tamil Nadu,Chennai,T30,26-35,Male,19.6,Net Banking,Verified
INV000256,2024-06-03,119095,lumpsum,409027,Delhi,New Delhi,T30,36-45,Male,14.0,Net Banking,Verified
INV001624,2024-06-03,120842,lumpsum,32610,Uttar Pradesh,Lucknow,T30,26-35,Female,18.4,Net Banking,Verified
INV000886,2024-06-03,119092,lumpsum,11218,Punjab,Chandigarh,T30,26-35,Male,20.5,Mandate,Verified
INV002448,2024-06-03,125498,redemption,198075,Madhya Pradesh,Bhopal,B30,26-35,Male,24.7,Cheque,Verified
INV003435,2024-06-03,119120,lumpsum,32015,Maharashtra,Nashik,B30,26-35,Female,17.8,Mandate,Verified
INV002778,2024-06-03,120842,sip,8895,Punjab,Chandigarh,T30,26-35,Female,13.5,Net Banking,Verified
INV001387,2024-06-03,119095,sip,899,Tamil Nadu,Chennai,T30,36-45,Male,37.4,UPI,Verified
INV000788,2024-06-03,102886,sip,22030,Haryana,Gurugram,T30,26-35,Male,20.7,Mandate,Verified
INV004563,2024-06-03,102885,sip,8179,Gujarat,Surat,T30,46-55,Female,32.2,Cheque,Verified
INV002224,2024-06-03,118635,sip,54851,Rajasthan,Udaipur,B30,26-35,Male,21.4,UPI,Verified
INV000230,2024-06-03,119120,sip,8472,Haryana,Faridabad,B30,18-25,Male,3.3,Mandate,Verified
INV000901,2024-06-03,100033,sip,443,Delhi,Gurugram,T30,46-55,Female,67.4,Net Banking,Verified
INV004257,2024-06-03,148568,sip,2844,Telangana,Hyderabad,T30,36-45,Male,22.0,UPI,Verified
INV001911,2024-06-03,149324,lumpsum,266161,Gujarat,Surat,T30,46-55,Male,91.9,Cheque,Verified
INV000131,2024-06-03,120503,sip,8277,Telangana,Hyderabad,T30,36-45,Female,16.8,UPI,Pending
INV002114,2024-06-03,118632,lumpsum,317082,Rajasthan,Udaipur,B30,18-25,Female,5.5,Net Banking,Verified
INV004863,2024-06-03,118634,sip,859,Maharashtra,Mumbai,T30,26-35,Male,21.1,Cheque,Verified
INV002572,2024-06-03,120505,lumpsum,307944,Rajasthan,Jaipur,T30,56+,Male,19.5,Mandate,Verified
INV001401,2024-06-03,120503,sip,416,Tamil Nadu,Coimbatore,B30,26-35,Male,15.6,Mandate,Verified
INV001116,2024-06-03,119598,lumpsum,78793,Haryana,Faridabad,B30,36-45,Male,17.8,Mandate,Verified
INV001683,2024-06-03,120506,lumpsum,58623,Haryana,Gurugram,T30,26-35,Male,8.7,UPI,Verified
INV004754,2024-06-03,120505,lumpsum,380709,Telangana,Hyderabad,T30,36-45,Female,51.5,Net Banking,Verified
INV002177,2024-06-03,120504,redemption,496304,Haryana,Gurugram,T30,26-35,Male,13.2,UPI,Verified
INV001198,2024-06-03,119095,sip,29612,Maharashtra,Mumbai,T30,26-35,Female,20.4,Mandate,Verified
INV001618,2024-06-03,120506,sip,23707,Karnataka,Bangalore,T30,56+,Female,28.0,Mandate,Verified
INV004733,2024-06-03,100025,lumpsum,435231,Telangana,Hyderabad,T30,18-25,Male,5.4,UPI,Verified
INV001618,2024-06-03,100016,redemption,270242,Karnataka,Bangalore,T30,56+,Female,28.0,UPI,Verified
INV001160,2024-06-03,149322,sip,2335,Karnataka,Mysore,B30,36-45,Female,13.8,Net Banking,Verified
INV003360,2024-06-04,118636,redemption,256591,Madhya Pradesh,Indore,T30,26-35,Female,19.5,Cheque,Verified
INV004500,2024-06-04,100033,sip,11784,Karnataka,Mysore,B30,46-55,Male,45.2,Mandate,Verified
INV003429,2024-06-04,118632,lumpsum,78773,Telangana,Hyderabad,T30,26-35,Male,16.0,Cheque,Verified
INV002799,2024-06-04,119552,sip,17417,Uttar Pradesh,Lucknow,T30,36-45,Male,50.5,Mandate,Verified
INV004602,2024-06-04,101207,lumpsum,43522,Delhi,Noida,T30,26-35,Female,9.4,Net Banking,Verified
INV000312,2024-06-04,100033,sip,526,Gujarat,Ahmedabad,T30,18-25,Male,7.1,UPI,Verified
INV002949,2024-06-04,102885,sip,2431,Rajasthan,Jaipur,T30,26-35,Female,16.8,Net Banking,Verified
INV004595,2024-06-04,100016,sip,9936,Rajasthan,Udaipur,B30,36-45,Male,24.0,Mandate,Verified
INV001895,2024-06-04,149324,redemption,426356,Gujarat,Ahmedabad,T30,36-45,Male,56.4,UPI,Verified
INV002908,2024-06-04,119092,sip,1043,Maharashtra,Nashik,B30,36-45,Female,28.9,UPI,Verified
INV001265,2024-06-04,119120,lumpsum,354556,Tamil Nadu,Coimbatore,B30,26-35,Male,20.3,Mandate,Verified
INV001566,2024-06-04,100016,sip,1043,West Bengal,Kolkata,T30,18-25,Male,7.8,Cheque,Verified
INV002502,2024-06-04,118633,lumpsum,72722,Tamil Nadu,Coimbatore,B30,26-35,Male,23.6,Cheque,Verified
INV002513,2024-06-04,120844,lumpsum,176059,Punjab,Amritsar,B30,26-35,Female,10.6,Mandate,Verified
INV001068,2024-06-04,102887,lumpsum,103448,West Bengal,Kolkata,T30,26-35,Male,6.1,Net Banking,Verified
INV003666,2024-06-04,149324,lumpsum,44430,Gujarat,Surat,T30,18-25,Male,4.3,UPI,Verified
INV001467,2024-06-04,101207,lumpsum,166575,Punjab,Chandigarh,T30,36-45,Male,32.5,UPI,Verified
INV000482,2024-06-04,118634,sip,27133,Maharashtra,Mumbai,T30,26-35,Male,7.6,Net Banking,Pending
INV004359,2024-06-04,120843,sip,59608,Delhi,New Delhi,T30,26-35,Male,9.4,UPI,Pending
INV003705,2024-06-04,149322,sip,859,Telangana,Hyderabad,T30,26-35,Male,8.0,UPI,Verified
INV004857,2024-06-04,119120,sip,10972,Delhi,Noida,T30,26-35,Male,15.3,UPI,Verified
INV001677,2024-06-04,102885,redemption,250791,Rajasthan,Udaipur,B30,26-35,Male,23.2,Cheque,Verified
INV001233,2024-06-04,119599,sip,17067,Telangana,Hyderabad,T30,26-35,Male,11.7,Cheque,Verified
INV003521,2024-06-04,119551,sip,2477,Rajasthan,Jaipur,T30,46-55,Male,95.4,UPI,Verified
INV000477,2024-06-04,119120,redemption,523098,Uttar Pradesh,Lucknow,T30,18-25,Female,5.3,UPI,Verified
INV001004,2024-06-04,119552,redemption,273767,Uttar Pradesh,Kanpur,B30,18-25,Male,3.8,Mandate,Verified
INV003871,2024-06-04,119120,redemption,359245,Uttar Pradesh,Agra,B30,18-25,Male,7.6,Mandate,Verified
INV003783,2024-06-04,101206,sip,947,Madhya Pradesh,Indore,T30,18-25,Male,3.5,UPI,Pending
INV002497,2024-06-04,148568,sip,3196,Telangana,Hyderabad,T30,26-35,Female,13.0,Net Banking,Verified
INV004149,2024-06-04,149322,sip,54629,Rajasthan,Udaipur,B30,56+,Female,78.2,Mandate,Pending
INV003756,2024-06-04,118634,lumpsum,47771,Telangana,Hyderabad,T30,26-35,Male,6.9,UPI,Verified
INV000819,2024-06-04,119092,lumpsum,248559,Karnataka,Bangalore,T30,36-45,Male,56.5,Net Banking,Verified
INV000855,2024-06-04,120507,redemption,60449,Maharashtra,Pune,T30,56+,Male,57.1,Cheque,Verified
INV002740,2024-06-04,118633,lumpsum,237716,Maharashtra,Mumbai,T30,26-35,Female,24.5,Mandate,Verified
INV003698,2024-06-04,118632,sip,6872,Madhya Pradesh,Bhopal,B30,36-45,Female,41.5,Cheque,Verified
INV000210,2024-06-04,119094,sip,15629,Rajasthan,Jaipur,T30,26-35,Male,9.1,UPI,Verified
INV001629,2024-06-04,149323,lumpsum,170311,Madhya Pradesh,Indore,T30,26-35,Male,15.0,Mandate,Verified
INV001312,2024-06-04,119598,sip,14632,Delhi,Noida,T30,26-35,Male,6.9,Cheque,Verified
INV002683,2024-06-04,100025,sip,1009,Haryana,Faridabad,B30,26-35,Male,9.7,UPI,Verified
INV001904,2024-06-04,101208,sip,1985,West Bengal,Kolkata,T30,36-45,Female,55.0,Net Banking,Verified
INV000237,2024-06-04,100033,lumpsum,367683,Delhi,Gurugram,T30,36-45,Male,43.0,Net Banking,Verified
INV003938,2024-06-04,125498,sip,2578,Delhi,Gurugram,T30,36-45,Female,15.3,UPI,Verified
INV004376,2024-06-04,119598,redemption,329046,West Bengal,Kolkata,T30,46-55,Female,92.6,Mandate,Pending
INV003560,2024-06-04,149322,lumpsum,265554,Rajasthan,Udaipur,B30,26-35,Male,22.5,Mandate,Verified
INV004407,2024-06-04,120843,sip,28428,Punjab,Chandigarh,T30,18-25,Male,7.7,Cheque,Verified
INV001415,2024-06-04,101207,redemption,253184,Haryana,Gurugram,T30,56+,Male,33.1,UPI,Pending
INV001590,2024-06-04,125498,lumpsum,247254,Rajasthan,Jaipur,T30,36-45,Male,46.1,UPI,Verified
INV004653,2024-06-04,118633,sip,15984,Rajasthan,Jaipur,T30,46-55,Female,32.2,UPI,Verified
INV003865,2024-06-04,120843,lumpsum,226979,Gujarat,Ahmedabad,T30,18-25,Female,3.3,Net Banking,Verified
INV001181,2024-06-04,118634,sip,8002,West Bengal,Kolkata,T30,26-35,Male,21.0,Net Banking,Verified
INV004384,2024-06-04,102885,lumpsum,291702,Delhi,Noida,T30,26-35,Male,12.1,UPI,Verified
INV001865,2024-06-04,119094,sip,6423,Telangana,Hyderabad,T30,18-25,Female,4.3,Cheque,Verified
INV001865,2024-06-04,119092,lumpsum,194782,Telangana,Hyderabad,T30,18-25,Female,4.3,Cheque,Verified
INV004335,2024-06-04,125497,sip,2933,Gujarat,Ahmedabad,T30,26-35,Female,6.6,Cheque,Pending
INV001061,2024-06-04,119092,lumpsum,244936,Punjab,Amritsar,B30,18-25,Male,7.4,Mandate,Verified
INV001781,2024-06-04,119598,lumpsum,171772,Punjab,Amritsar,B30,36-45,Male,58.6,Cheque,Pending
INV000388,2024-06-04,119093,sip,43396,Maharashtra,Nashik,B30,36-45,Male,33.6,UPI,Verified
INV002085,2024-06-04,119599,sip,2445,Telangana,Hyderabad,T30,56+,Female,12.5,Net Banking,Verified
INV002964,2024-06-04,118634,sip,5571,Rajasthan,Udaipur,B30,46-55,Male,84.1,Net Banking,Verified
INV004676,2024-06-04,149324,lumpsum,208458,Gujarat,Ahmedabad,T30,56+,Male,23.9,Mandate,Verified
INV003798,2024-06-04,120507,sip,51283,Karnataka,Bangalore,T30,36-45,Male,53.9,Net Banking,Verified
INV004778,2024-06-04,119092,redemption,280583,Telangana,Hyderabad,T30,26-35,Female,14.4,Mandate,Verified
INV004204,2024-06-04,100033,sip,17644,Tamil Nadu,Chennai,T30,36-45,Male,51.7,Cheque,Verified
INV002598,2024-06-04,119551,lumpsum,502624,Uttar Pradesh,Lucknow,T30,26-35,Male,14.6,UPI,Verified
INV003840,2024-06-04,102885,sip,11828,Rajasthan,Jaipur,T30,36-45,Male,54.6,Cheque,Verified
INV003392,2024-06-04,119094,redemption,162156,West Bengal,Kolkata,T30,56+,Male,16.5,UPI,Verified
INV000802,2024-06-04,125497,lumpsum,96385,Gujarat,Ahmedabad,T30,36-45,Male,34.4,UPI,Pending
INV001458,2024-06-04,120844,sip,8376,Tamil Nadu,Coimbatore,B30,46-55,Male,34.9,Net Banking,Pending
INV004004,2024-06-04,118636,sip,1859,Delhi,Gurugram,T30,18-25,Male,3.1,Net Banking,Verified
INV000251,2024-06-04,118636,sip,12958,Haryana,Faridabad,B30,26-35,Male,19.4,Net Banking,Verified
INV000483,2024-06-04,125497,sip,8126,Haryana,Gurugram,T30,18-25,Male,7.7,Cheque,Verified
INV004537,2024-06-04,102887,redemption,25259,Delhi,New Delhi,T30,18-25,Female,5.9,Net Banking,Verified
INV003799,2024-06-04,120503,sip,6652,Punjab,Amritsar,B30,18-25,Male,5.6,Mandate,Verified
INV000547,2024-06-04,118634,lumpsum,304640,West Bengal,Kolkata,T30,26-35,Male,16.6,Net Banking,Verified
INV002486,2024-06-04,102885,sip,8057,Gujarat,Surat,T30,56+,Male,16.2,UPI,Verified
INV003226,2024-06-05,118632,redemption,359922,Haryana,Gurugram,T30,26-35,Male,21.5,Net Banking,Verified
INV000547,2024-06-05,120507,sip,1138,West Bengal,Kolkata,T30,26-35,Male,16.6,Mandate,Verified
INV000575,2024-06-05,102886,sip,11813,Punjab,Amritsar,B30,26-35,Female,16.4,Mandate,Verified
INV002264,2024-06-05,101208,redemption,445657,Tamil Nadu,Coimbatore,B30,46-55,Female,21.2,Mandate,Verified
INV000521,2024-06-05,149324,redemption,288801,West Bengal,Kolkata,T30,26-35,Male,9.7,UPI,Verified
INV003250,2024-06-05,120504,sip,11600,Gujarat,Ahmedabad,T30,26-35,Male,11.3,Net Banking,Verified
INV000600,2024-06-05,120504,sip,9524,Maharashtra,Mumbai,T30,26-35,Male,17.3,UPI,Verified
INV002384,2024-06-05,119092,sip,49207,Karnataka,Mysore,B30,26-35,Male,24.3,UPI,Verified
INV000717,2024-06-05,119599,redemption,518109,Tamil Nadu,Chennai,T30,46-55,Male,44.9,Net Banking,Verified
INV004780,2024-06-05,120504,redemption,161819,Haryana,Gurugram,T30,36-45,Male,42.4,Cheque,Verified
INV000231,2024-06-05,120505,lumpsum,358263,Rajasthan,Udaipur,B30,26-35,Female,22.9,Net Banking,Verified
INV000215,2024-06-05,148567,lumpsum,23718,Maharashtra,Nashik,B30,26-35,Female,18.3,Net Banking,Verified
INV000167,2024-06-05,118635,sip,6743,Gujarat,Ahmedabad,T30,56+,Male,55.3,Net Banking,Verified
INV004277,2024-06-05,102886,sip,2613,Telangana,Hyderabad,T30,26-35,Male,19.6,Net Banking,Verified
INV000763,2024-06-05,120843,sip,4966,Punjab,Amritsar,B30,26-35,Female,6.4,UPI,Verified
INV001628,2024-06-05,100016,sip,464,Rajasthan,Jaipur,T30,36-45,Female,45.6,Cheque,Verified
INV002139,2024-06-05,101207,sip,1843,Haryana,Gurugram,T30,36-45,Female,28.6,Net Banking,Verified
INV002633,2024-06-05,148567,sip,24795,Karnataka,Bangalore,T30,26-35,Female,8.1,UPI,Verified
INV002631,2024-06-05,125498,sip,43788,Uttar Pradesh,Kanpur,B30,46-55,Female,93.8,Mandate,Pending
INV003833,2024-06-05,100025,sip,1729,Delhi,New Delhi,T30,26-35,Male,11.7,Cheque,Verified
INV004915,2024-06-05,148569,lumpsum,369435,Uttar Pradesh,Kanpur,B30,26-35,Male,9.6,Cheque,Verified
INV003953,2024-06-05,102886,sip,50570,Maharashtra,Pune,T30,36-45,Male,17.4,Net Banking,Pending
INV000072,2024-06-05,120842,lumpsum,178049,Gujarat,Ahmedabad,T30,18-25,Female,6.4,Mandate,Verified
INV004239,2024-06-05,120504,sip,2281,Karnataka,Bangalore,T30,18-25,Female,6.3,UPI,Pending
INV004953,2024-06-05,149322,sip,826,Haryana,Faridabad,B30,36-45,Male,36.3,Mandate,Pending
INV003926,2024-06-05,118633,redemption,237556,West Bengal,Kolkata,T30,46-55,Male,92.8,Mandate,Verified
INV001742,2024-06-05,119552,sip,2163,Haryana,Gurugram,T30,18-25,Male,3.5,Mandate,Verified
INV002437,2024-06-05,120842,lumpsum,27505,Haryana,Faridabad,B30,26-35,Male,24.8,Mandate,Verified
INV002066,2024-06-05,120504,redemption,69994,West Bengal,Kolkata,T30,26-35,Female,23.3,UPI,Verified
INV000687,2024-06-05,119093,lumpsum,55201,Maharashtra,Pune,T30,36-45,Male,41.0,UPI,Verified
INV000245,2024-06-05,120505,redemption,33080,Punjab,Amritsar,B30,26-35,Male,6.2,Mandate,Verified
INV001265,2024-06-05,118633,sip,9659,Tamil Nadu,Coimbatore,B30,26-35,Male,20.3,Net Banking,Verified
INV000396,2024-06-05,119094,redemption,380791,Rajasthan,Jaipur,T30,46-55,Male,38.5,UPI,Verified
INV001510,2024-06-05,120844,sip,1872,Gujarat,Surat,T30,26-35,Male,15.4,Net Banking,Verified
INV002304,2024-06-05,149323,sip,26599,Karnataka,Mysore,B30,46-55,Male,57.7,Cheque,Verified
INV001042,2024-06-05,120503,sip,8427,Karnataka,Mysore,B30,26-35,Male,13.5,Mandate,Verified
INV002684,2024-06-05,120844,sip,563,Delhi,New Delhi,T30,36-45,Female,56.2,UPI,Verified
INV003503,2024-06-05,119599,redemption,318710,Karnataka,Mysore,B30,36-45,Male,26.3,Net Banking,Verified
INV003739,2024-06-05,120841,sip,3425,Gujarat,Surat,T30,46-55,Female,81.0,Cheque,Verified
INV000351,2024-06-05,120506,redemption,141482,Madhya Pradesh,Indore,T30,56+,Female,62.9,Net Banking,Pending
INV000371,2024-06-05,102886,lumpsum,128121,Uttar Pradesh,Agra,B30,26-35,Male,14.6,UPI,Verified
INV004428,2024-06-05,118633,sip,981,Rajasthan,Udaipur,B30,26-35,Female,6.7,Cheque,Verified
INV000934,2024-06-05,119598,sip,999,Delhi,Gurugram,T30,56+,Male,37.4,Net Banking,Verified
INV004604,2024-06-05,125497,sip,9717,Haryana,Gurugram,T30,46-55,Male,74.6,UPI,Verified
INV003880,2024-06-05,119094,sip,2737,Gujarat,Surat,T30,26-35,Male,9.6,Net Banking,Verified
INV001515,2024-06-05,120504,sip,2520,Tamil Nadu,Coimbatore,B30,18-25,Male,7.4,Net Banking,Verified
INV002276,2024-06-05,119094,sip,25984,Telangana,Hyderabad,T30,46-55,Male,88.0,Net Banking,Verified
INV004115,2024-06-05,101208,sip,41074,Madhya Pradesh,Indore,T30,56+,Male,69.9,Net Banking,Verified
INV003799,2024-06-06,100025,sip,17708,Punjab,Amritsar,B30,18-25,Male,5.6,Net Banking,Verified
INV000869,2024-06-06,119094,sip,10803,West Bengal,Kolkata,T30,26-35,Female,12.1,Net Banking,Verified
INV001874,2024-06-06,119095,lumpsum,378753,Telangana,Hyderabad,T30,36-45,Male,21.3,Cheque,Verified
INV003396,2024-06-06,102886,lumpsum,279362,Karnataka,Mysore,B30,26-35,Male,23.4,Net Banking,Verified
INV001530,2024-06-06,102885,sip,3012,Telangana,Hyderabad,T30,26-35,Male,21.0,Net Banking,Verified
INV001739,2024-06-06,118632,sip,21777,West Bengal,Kolkata,T30,36-45,Female,45.5,UPI,Verified
INV003383,2024-06-06,120841,sip,7708,Karnataka,Mysore,B30,18-25,Male,4.6,Cheque,Verified
INV000789,2024-06-06,148569,sip,1859,Gujarat,Surat,T30,56+,Male,47.7,Cheque,Verified
INV001736,2024-06-06,100016,lumpsum,267118,Rajasthan,Udaipur,B30,46-55,Female,69.5,Mandate,Verified
INV003311,2024-06-06,120506,sip,25268,Madhya Pradesh,Bhopal,B30,26-35,Male,9.5,Cheque,Verified
INV003338,2024-06-06,120504,redemption,301348,Haryana,Faridabad,B30,46-55,Male,69.2,Mandate,Verified
INV002262,2024-06-06,120503,lumpsum,319645,Rajasthan,Udaipur,B30,26-35,Male,8.2,UPI,Verified
INV000586,2024-06-06,118633,sip,44733,West Bengal,Kolkata,T30,36-45,Male,43.8,Mandate,Verified
INV001275,2024-06-06,102886,lumpsum,95094,Delhi,Noida,T30,36-45,Female,37.4,UPI,Verified
INV004278,2024-06-06,102887,redemption,426053,Punjab,Chandigarh,T30,26-35,Male,21.8,Mandate,Verified
INV002466,2024-06-06,118633,sip,9679,Madhya Pradesh,Indore,T30,36-45,Male,36.9,Cheque,Verified
INV001296,2024-06-06,118632,lumpsum,96817,Gujarat,Ahmedabad,T30,26-35,Male,15.0,Net Banking,Verified
INV003808,2024-06-06,149322,sip,5718,Madhya Pradesh,Bhopal,B30,46-55,Female,62.5,Mandate,Verified
INV003344,2024-06-06,120506,redemption,105775,Haryana,Gurugram,T30,36-45,Female,52.5,UPI,Verified
INV002606,2024-06-06,120843,sip,10577,Telangana,Hyderabad,T30,26-35,Female,8.1,Cheque,Verified
INV002911,2024-06-06,120504,redemption,237447,Gujarat,Surat,T30,26-35,Male,24.1,UPI,Verified
INV003391,2024-06-06,102887,sip,2513,West Bengal,Kolkata,T30,26-35,Male,20.2,Cheque,Pending
INV001909,2024-06-06,118634,redemption,451051,Telangana,Hyderabad,T30,36-45,Male,34.2,Net Banking,Verified
INV003422,2024-06-06,102887,lumpsum,114957,Uttar Pradesh,Lucknow,T30,26-35,Male,9.0,Net Banking,Verified
INV002060,2024-06-06,100016,sip,8133,Madhya Pradesh,Indore,T30,36-45,Male,31.8,Mandate,Verified
INV000127,2024-06-06,119092,lumpsum,163476,Delhi,Gurugram,T30,18-25,Male,7.3,UPI,Verified
INV000491,2024-06-06,119093,lumpsum,255712,Madhya Pradesh,Indore,T30,56+,Male,58.2,UPI,Verified
INV002693,2024-06-06,120504,sip,50991,Uttar Pradesh,Kanpur,B30,26-35,Male,22.5,Net Banking,Verified
INV002152,2024-06-06,100016,sip,16645,Tamil Nadu,Coimbatore,B30,46-55,Male,69.8,Mandate,Verified
INV003700,2024-06-06,120843,lumpsum,248317,Maharashtra,Nashik,B30,46-55,Male,42.6,Cheque,Verified
INV002813,2024-06-06,119598,redemption,296345,Punjab,Chandigarh,T30,26-35,Male,13.5,Net Banking,Verified
INV001478,2024-06-06,118634,sip,1983,Maharashtra,Mumbai,T30,36-45,Male,24.2,UPI,Pending
INV002130,2024-06-06,100016,sip,1171,Maharashtra,Pune,T30,46-55,Male,22.5,UPI,Pending
INV000169,2024-06-06,101208,redemption,112393,Rajasthan,Jaipur,T30,26-35,Male,6.9,UPI,Verified
INV000457,2024-06-06,148569,sip,5495,Haryana,Faridabad,B30,26-35,Female,22.3,Mandate,Verified
INV002898,2024-06-06,118636,sip,1042,Maharashtra,Pune,T30,26-35,Female,8.1,Mandate,Verified
INV002157,2024-06-06,102887,lumpsum,174503,Punjab,Chandigarh,T30,26-35,Male,16.9,UPI,Verified
INV002857,2024-06-06,120504,sip,832,West Bengal,Kolkata,T30,56+,Male,36.7,Cheque,Pending
INV001651,2024-06-06,101207,sip,2202,Gujarat,Ahmedabad,T30,18-25,Male,4.1,Mandate,Pending
INV004005,2024-06-06,120841,sip,432,West Bengal,Kolkata,T30,26-35,Male,11.0,Net Banking,Verified
INV002666,2024-06-06,148569,sip,5565,Madhya Pradesh,Bhopal,B30,46-55,Female,93.7,UPI,Verified
INV001362,2024-06-06,102885,sip,555,Uttar Pradesh,Agra,B30,18-25,Male,8.0,Mandate,Verified
INV002036,2024-06-06,125497,sip,56691,Madhya Pradesh,Indore,T30,26-35,Male,23.2,Cheque,Verified
INV000411,2024-06-06,125498,sip,3431,West Bengal,Kolkata,T30,26-35,Female,11.1,UPI,Verified
INV001662,2024-06-06,149324,sip,11423,Delhi,Gurugram,T30,36-45,Male,45.6,Mandate,Verified
INV002673,2024-06-06,120843,redemption,168834,Maharashtra,Mumbai,T30,26-35,Male,14.2,Net Banking,Verified
INV000351,2024-06-06,120843,sip,57161,Madhya Pradesh,Indore,T30,56+,Female,62.9,Net Banking,Verified
INV004666,2024-06-06,100033,lumpsum,163220,Rajasthan,Jaipur,T30,26-35,Male,24.1,Mandate,Verified
INV001029,2024-06-06,118633,redemption,453111,Uttar Pradesh,Kanpur,B30,36-45,Male,44.2,Mandate,Verified
INV003885,2024-06-06,120844,sip,4417,West Bengal,Kolkata,T30,36-45,Male,52.3,Cheque,Verified
INV003480,2024-06-06,102886,redemption,47206,Madhya Pradesh,Bhopal,B30,26-35,Male,24.4,Net Banking,Verified
INV000367,2024-06-06,118635,sip,1084,Haryana,Gurugram,T30,36-45,Male,38.5,Cheque,Verified
INV004505,2024-06-06,119092,lumpsum,326682,Punjab,Amritsar,B30,26-35,Male,7.8,Mandate,Verified
INV002390,2024-06-06,118632,sip,56890,Uttar Pradesh,Kanpur,B30,56+,Female,24.4,Mandate,Verified
INV002198,2024-06-06,101207,lumpsum,388707,Delhi,Gurugram,T30,36-45,Female,43.3,UPI,Verified
INV002188,2024-06-06,149322,sip,5047,Rajasthan,Jaipur,T30,26-35,Male,19.1,Net Banking,Verified
INV002619,2024-06-06,149323,lumpsum,110871,Gujarat,Ahmedabad,T30,18-25,Male,3.4,Mandate,Verified
INV003241,2024-06-06,120844,sip,2005,Madhya Pradesh,Bhopal,B30,26-35,Male,8.4,UPI,Verified
INV000526,2024-06-06,119094,redemption,166946,Tamil Nadu,Coimbatore,B30,26-35,Female,16.5,Cheque,Verified
INV000006,2024-06-06,100033,sip,1059,Madhya Pradesh,Bhopal,B30,46-55,Female,43.0,Cheque,Pending
INV000021,2024-06-06,120844,sip,20323,Uttar Pradesh,Agra,B30,46-55,Male,76.8,Cheque,Pending
INV000543,2024-06-06,100016,redemption,176986,Haryana,Gurugram,T30,36-45,Male,45.4,Net Banking,Verified
INV003612,2024-06-06,119094,sip,2856,Gujarat,Surat,T30,56+,Male,71.8,Mandate,Verified
INV003244,2024-06-06,120503,lumpsum,37705,Telangana,Hyderabad,T30,26-35,Female,21.1,UPI,Verified
INV004195,2024-06-07,120843,lumpsum,362844,Tamil Nadu,Coimbatore,B30,26-35,Male,9.1,UPI,Verified
INV003340,2024-06-07,120505,sip,8169,Madhya Pradesh,Indore,T30,26-35,Male,22.5,Mandate,Verified
INV003846,2024-06-07,102885,sip,8067,Uttar Pradesh,Agra,B30,46-55,Female,44.2,Cheque,Verified
INV001716,2024-06-07,149322,sip,7284,Haryana,Gurugram,T30,36-45,Male,45.0,Net Banking,Verified
INV001922,2024-06-07,149322,sip,1195,West Bengal,Kolkata,T30,18-25,Male,5.5,Cheque,Verified
INV000328,2024-06-07,148569,sip,25276,Madhya Pradesh,Bhopal,B30,26-35,Male,19.6,UPI,Verified
INV004684,2024-06-07,119095,sip,4528,Tamil Nadu,Chennai,T30,26-35,Male,22.0,Cheque,Verified
INV004901,2024-06-07,120843,lumpsum,215230,Haryana,Gurugram,T30,26-35,Female,10.8,Mandate,Verified
INV002752,2024-06-07,118634,sip,4347,Rajasthan,Udaipur,B30,26-35,Male,20.1,UPI,Verified
INV004132,2024-06-07,119095,sip,490,Rajasthan,Jaipur,T30,18-25,Male,6.3,UPI,Verified
INV000340,2024-06-07,120506,sip,7825,Delhi,Gurugram,T30,26-35,Female,21.4,Cheque,Verified
INV002215,2024-06-07,120503,sip,9926,Madhya Pradesh,Bhopal,B30,18-25,Male,3.4,Net Banking,Verified
INV001142,2024-06-07,101207,sip,4599,Uttar Pradesh,Lucknow,T30,26-35,Male,16.8,UPI,Verified
INV002030,2024-06-07,119120,sip,897,Madhya Pradesh,Bhopal,B30,36-45,Male,31.7,Cheque,Verified
INV000657,2024-06-07,120842,sip,1852,Tamil Nadu,Coimbatore,B30,26-35,Female,11.4,Net Banking,Verified
INV002213,2024-06-07,101208,sip,27363,Maharashtra,Pune,T30,36-45,Female,33.8,Cheque,Pending
INV001355,2024-06-07,119551,sip,6435,Tamil Nadu,Chennai,T30,46-55,Female,89.8,Mandate,Verified
INV004682,2024-06-07,120841,redemption,348433,Telangana,Hyderabad,T30,26-35,Female,8.7,Cheque,Verified
INV003129,2024-06-07,101207,redemption,417229,Haryana,Gurugram,T30,36-45,Female,33.4,UPI,Pending
INV004756,2024-06-07,149324,lumpsum,70127,Gujarat,Surat,T30,46-55,Male,41.1,Mandate,Verified
INV003730,2024-06-07,149324,sip,22425,Madhya Pradesh,Bhopal,B30,26-35,Male,23.1,Cheque,Verified
INV001418,2024-06-07,100025,sip,468,Delhi,Noida,T30,36-45,Male,39.2,Cheque,Verified
INV003907,2024-06-07,120507,sip,2328,Gujarat,Surat,T30,46-55,Male,62.6,Net Banking,Verified
INV004894,2024-06-07,102885,lumpsum,42044,Telangana,Hyderabad,T30,26-35,Female,21.0,Mandate,Verified
INV002174,2024-06-07,119094,lumpsum,440777,Gujarat,Ahmedabad,T30,36-45,Male,25.1,UPI,Verified
INV000069,2024-06-07,118633,sip,10838,Gujarat,Ahmedabad,T30,56+,Female,35.9,UPI,Verified
INV001119,2024-06-07,149323,sip,52420,West Bengal,Kolkata,T30,46-55,Female,63.4,UPI,Verified
INV000773,2024-06-07,118633,redemption,147570,Haryana,Faridabad,B30,26-35,Female,22.2,Mandate,Verified
INV004217,2024-06-07,100033,redemption,116292,Punjab,Amritsar,B30,46-55,Female,30.7,Net Banking,Verified
INV000960,2024-06-07,119120,lumpsum,350431,West Bengal,Kolkata,T30,46-55,Male,90.6,Cheque,Verified
INV002800,2024-06-07,119552,sip,554,West Bengal,Kolkata,T30,36-45,Male,51.9,Mandate,Verified
INV003005,2024-06-07,119092,sip,2190,Punjab,Amritsar,B30,26-35,Male,24.5,UPI,Verified
INV000847,2024-06-07,119095,redemption,302912,West Bengal,Kolkata,T30,26-35,Female,17.8,UPI,Verified
INV000193,2024-06-07,148568,lumpsum,226186,Delhi,Gurugram,T30,26-35,Female,11.6,Mandate,Verified
INV003003,2024-06-07,120841,sip,432,West Bengal,Kolkata,T30,18-25,Female,3.1,UPI,Verified
INV001812,2024-06-07,120842,lumpsum,300792,Tamil Nadu,Coimbatore,B30,18-25,Male,6.6,Cheque,Verified
INV002467,2024-06-07,120842,sip,2913,Punjab,Chandigarh,T30,36-45,Male,12.3,Mandate,Verified
INV000242,2024-06-07,120506,redemption,64147,Maharashtra,Nashik,B30,36-45,Male,40.2,Mandate,Verified
INV004143,2024-06-07,119093,sip,841,Gujarat,Ahmedabad,T30,18-25,Male,7.4,Mandate,Verified
INV003353,2024-06-07,149323,lumpsum,467070,Rajasthan,Udaipur,B30,26-35,Female,13.3,Mandate,Verified
INV004913,2024-06-07,101208,lumpsum,75471,Rajasthan,Udaipur,B30,26-35,Male,8.6,Cheque,Verified
INV000714,2024-06-07,125497,sip,2918,Uttar Pradesh,Kanpur,B30,26-35,Female,23.8,Net Banking,Verified
INV003731,2024-06-07,119552,redemption,314798,Tamil Nadu,Coimbatore,B30,26-35,Female,9.9,Cheque,Verified
INV003965,2024-06-07,118634,sip,7547,Uttar Pradesh,Lucknow,T30,56+,Male,28.3,Cheque,Verified
INV004595,2024-06-07,119092,redemption,212445,Rajasthan,Udaipur,B30,36-45,Male,24.0,Net Banking,Verified
INV004426,2024-06-07,120844,sip,2998,Rajasthan,Jaipur,T30,26-35,Male,10.4,UPI,Verified
INV002301,2024-06-07,119599,redemption,166356,Delhi,Gurugram,T30,18-25,Male,6.9,Mandate,Verified
INV004031,2024-06-07,125497,sip,4023,Gujarat,Ahmedabad,T30,36-45,Male,27.5,Mandate,Verified
INV003191,2024-06-07,118635,sip,3149,Madhya Pradesh,Bhopal,B30,18-25,Female,6.8,Mandate,Verified
INV002253,2024-06-07,118636,redemption,98724,West Bengal,Kolkata,T30,46-55,Male,28.6,Mandate,Verified
INV003761,2024-06-07,100025,sip,6949,Karnataka,Mysore,B30,46-55,Male,61.2,Mandate,Verified
INV000544,2024-06-07,148569,sip,1139,Madhya Pradesh,Bhopal,B30,18-25,Male,3.6,Mandate,Verified
INV001696,2024-06-07,101207,lumpsum,149157,West Bengal,Kolkata,T30,56+,Female,55.8,Mandate,Verified
INV001695,2024-06-07,119598,lumpsum,192217,Punjab,Amritsar,B30,36-45,Male,24.0,Mandate,Verified
INV003775,2024-06-07,119092,sip,7885,Maharashtra,Mumbai,T30,56+,Male,12.8,Net Banking,Verified
INV004045,2024-06-07,120843,lumpsum,142975,Madhya Pradesh,Indore,T30,18-25,Male,4.2,Cheque,Verified
INV000614,2024-06-07,119092,redemption,67461,Rajasthan,Udaipur,B30,26-35,Male,6.1,UPI,Verified
INV002495,2024-06-07,120504,sip,29130,Maharashtra,Nashik,B30,26-35,Male,6.6,Net Banking,Verified
INV001938,2024-06-07,119599,sip,2244,Karnataka,Mysore,B30,26-35,Male,17.4,Cheque,Verified
INV000425,2024-06-07,119092,lumpsum,365718,Rajasthan,Jaipur,T30,56+,Male,77.2,Net Banking,Verified
INV003011,2024-06-08,120506,redemption,542494,Gujarat,Ahmedabad,T30,18-25,Male,4.4,Mandate,Verified
INV001432,2024-06-08,119092,sip,441,Uttar Pradesh,Lucknow,T30,36-45,Male,12.6,UPI,Verified
INV000529,2024-06-08,102886,sip,7207,Maharashtra,Mumbai,T30,18-25,Male,4.7,Mandate,Verified
INV001585,2024-06-08,119120,sip,23485,Telangana,Hyderabad,T30,36-45,Male,28.3,Net Banking,Verified
INV003517,2024-06-08,118636,redemption,480150,Gujarat,Ahmedabad,T30,26-35,Male,16.6,Net Banking,Verified
INV001002,2024-06-08,118636,sip,15391,Telangana,Hyderabad,T30,36-45,Male,52.5,Mandate,Verified
INV004435,2024-06-08,119552,lumpsum,59435,Rajasthan,Jaipur,T30,26-35,Female,15.9,Cheque,Verified
INV000907,2024-06-08,120844,sip,2722,Karnataka,Bangalore,T30,46-55,Female,64.5,Cheque,Verified
INV003819,2024-06-08,120505,sip,22749,Haryana,Gurugram,T30,26-35,Male,19.0,UPI,Verified
INV001765,2024-06-08,102885,redemption,164782,Uttar Pradesh,Kanpur,B30,46-55,Male,95.2,Mandate,Verified
INV000249,2024-06-08,120506,sip,43446,Punjab,Amritsar,B30,26-35,Male,13.4,Cheque,Verified
INV003750,2024-06-08,100016,lumpsum,223984,Uttar Pradesh,Kanpur,B30,26-35,Female,23.6,UPI,Verified
INV003406,2024-06-08,149324,sip,6717,Madhya Pradesh,Bhopal,B30,26-35,Male,21.2,Cheque,Verified
INV000271,2024-06-08,119599,sip,1638,Tamil Nadu,Coimbatore,B30,26-35,Female,6.4,Net Banking,Verified
INV002192,2024-06-08,119094,sip,6615,Uttar Pradesh,Lucknow,T30,18-25,Male,6.9,Cheque,Verified
INV002400,2024-06-08,101208,sip,400,Punjab,Chandigarh,T30,36-45,Male,15.5,UPI,Verified
INV003572,2024-06-08,119599,lumpsum,216846,Punjab,Amritsar,B30,46-55,Male,65.9,UPI,Verified
INV001736,2024-06-08,100025,sip,2818,Rajasthan,Udaipur,B30,46-55,Female,69.5,Cheque,Verified
INV004527,2024-06-08,120507,sip,11673,West Bengal,Kolkata,T30,36-45,Male,39.6,Cheque,Verified
INV000107,2024-06-08,102885,lumpsum,287095,Maharashtra,Mumbai,T30,26-35,Male,14.7,UPI,Pending
INV003954,2024-06-08,118635,sip,1140,Rajasthan,Udaipur,B30,26-35,Male,7.1,Cheque,Verified
INV004892,2024-06-08,119120,lumpsum,407071,West Bengal,Kolkata,T30,26-35,Female,22.7,UPI,Verified
INV002394,2024-06-08,119598,lumpsum,325806,Delhi,Gurugram,T30,46-55,Male,84.9,UPI,Verified
INV003051,2024-06-08,101206,sip,25050,Haryana,Faridabad,B30,36-45,Male,40.2,Cheque,Verified
INV003280,2024-06-08,118635,sip,40592,Haryana,Faridabad,B30,26-35,Female,9.0,Cheque,Verified
INV000802,2024-06-08,120506,redemption,438287,Gujarat,Ahmedabad,T30,36-45,Male,34.4,Net Banking,Verified
INV002413,2024-06-08,118633,redemption,254316,Gujarat,Surat,T30,26-35,Male,14.4,UPI,Verified
INV000477,2024-06-08,100025,lumpsum,103873,Uttar Pradesh,Lucknow,T30,18-25,Female,5.3,UPI,Pending
INV000465,2024-06-08,118635,sip,2965,Maharashtra,Nashik,B30,26-35,Male,20.8,Net Banking,Verified
INV002127,2024-06-08,125497,redemption,96830,Rajasthan,Udaipur,B30,18-25,Male,7.4,Cheque,Verified
INV004846,2024-06-08,101206,redemption,37203,Rajasthan,Udaipur,B30,26-35,Male,9.2,Net Banking,Verified
INV000178,2024-06-08,101208,sip,8153,West Bengal,Kolkata,T30,56+,Female,43.0,Cheque,Verified
INV004843,2024-06-08,120844,sip,3255,Haryana,Faridabad,B30,56+,Male,49.8,Mandate,Verified
INV004831,2024-06-08,119093,redemption,501269,Maharashtra,Mumbai,T30,18-25,Female,5.9,Net Banking,Verified
INV003021,2024-06-08,102886,redemption,484986,Telangana,Hyderabad,T30,56+,Female,65.0,Net Banking,Verified
INV002067,2024-06-08,119092,sip,55897,Gujarat,Ahmedabad,T30,36-45,Female,46.2,Net Banking,Verified
INV003016,2024-06-08,120503,sip,28405,Madhya Pradesh,Bhopal,B30,26-35,Male,12.7,Mandate,Verified
INV003625,2024-06-08,119552,lumpsum,415346,Telangana,Hyderabad,T30,26-35,Female,22.0,UPI,Verified
INV000881,2024-06-08,125498,redemption,208113,Uttar Pradesh,Agra,B30,26-35,Male,17.1,UPI,Verified
INV000705,2024-06-08,120505,lumpsum,65377,Delhi,Noida,T30,26-35,Male,6.9,Mandate,Verified
INV003810,2024-06-08,120506,redemption,571591,Maharashtra,Nashik,B30,26-35,Male,24.7,Mandate,Verified
INV001041,2024-06-08,148569,sip,40761,Madhya Pradesh,Bhopal,B30,18-25,Male,5.1,Cheque,Verified
INV004070,2024-06-08,101208,lumpsum,19532,Maharashtra,Pune,T30,26-35,Male,13.8,Mandate,Verified
INV004610,2024-06-08,125498,redemption,260743,Telangana,Hyderabad,T30,26-35,Female,19.9,Mandate,Verified
INV000671,2024-06-08,118632,lumpsum,339299,Uttar Pradesh,Agra,B30,36-45,Female,15.3,Mandate,Verified
INV000915,2024-06-08,100025,redemption,199947,West Bengal,Kolkata,T30,36-45,Male,55.9,Mandate,Verified
INV004984,2024-06-08,125497,redemption,485680,Uttar Pradesh,Agra,B30,46-55,Female,78.8,Cheque,Verified
INV000963,2024-06-08,125497,sip,8079,Punjab,Chandigarh,T30,18-25,Male,4.9,Mandate,Verified
INV003738,2024-06-08,120505,redemption,517001,Delhi,Noida,T30,26-35,Male,19.0,Cheque,Verified
INV004390,2024-06-08,119092,sip,456,Gujarat,Ahmedabad,T30,18-25,Female,6.0,Cheque,Verified
INV002033,2024-06-08,148567,lumpsum,357533,Gujarat,Ahmedabad,T30,46-55,Male,18.9,Net Banking,Verified
INV002270,2024-06-08,120506,sip,4712,Madhya Pradesh,Indore,T30,46-55,Female,23.9,Mandate,Verified
INV001705,2024-06-08,119093,sip,22915,Haryana,Faridabad,B30,46-55,Male,84.3,Net Banking,Verified
INV004473,2024-06-08,148568,redemption,57796,Karnataka,Mysore,B30,18-25,Male,5.6,UPI,Verified
INV002722,2024-06-08,119551,sip,3087,Delhi,Noida,T30,36-45,Female,50.9,Cheque,Verified
INV002726,2024-06-08,119552,lumpsum,468931,Gujarat,Ahmedabad,T30,36-45,Male,16.9,Mandate,Verified
INV002040,2024-06-08,120506,lumpsum,96720,Karnataka,Mysore,B30,36-45,Female,49.1,UPI,Verified
INV004201,2024-06-08,100025,lumpsum,207673,Telangana,Hyderabad,T30,36-45,Male,20.2,Net Banking,Verified
INV004702,2024-06-08,118632,sip,56288,Maharashtra,Nashik,B30,26-35,Male,23.3,Cheque,Pending
INV004719,2024-06-08,120507,sip,1815,Haryana,Gurugram,T30,46-55,Male,86.8,Cheque,Verified
INV004655,2024-06-08,149324,lumpsum,31835,Telangana,Hyderabad,T30,36-45,Male,19.7,Net Banking,Pending
INV002766,2024-06-08,119551,redemption,78674,Punjab,Chandigarh,T30,26-35,Female,8.7,UPI,Verified
INV004401,2024-06-08,119599,sip,11533,Rajasthan,Udaipur,B30,26-35,Male,22.6,UPI,Verified
INV004003,2024-06-08,125497,lumpsum,166188,West Bengal,Kolkata,T30,26-35,Male,9.5,Mandate,Verified
INV004465,2024-06-08,119551,sip,47655,Gujarat,Surat,T30,26-35,Male,14.2,Mandate,Verified
INV002949,2024-06-08,120507,lumpsum,286640,Rajasthan,Jaipur,T30,26-35,Female,16.8,Cheque,Verified
INV001368,2024-06-08,101206,redemption,9909,Tamil Nadu,Chennai,T30,36-45,Female,23.3,Net Banking,Verified
INV002244,2024-06-08,118636,sip,9792,Maharashtra,Mumbai,T30,36-45,Male,49.4,Net Banking,Verified
INV004099,2024-06-08,118632,sip,48696,West Bengal,Kolkata,T30,26-35,Male,22.6,UPI,Verified
INV001592,2024-06-08,118634,lumpsum,70844,Telangana,Hyderabad,T30,18-25,Male,4.3,Cheque,Pending
INV004964,2024-06-08,102886,sip,8766,Rajasthan,Jaipur,T30,56+,Male,20.5,Cheque,Verified
INV000314,2024-06-08,120506,lumpsum,165874,West Bengal,Kolkata,T30,26-35,Male,20.5,UPI,Verified
INV004981,2024-06-08,102886,redemption,515668,Haryana,Faridabad,B30,18-25,Male,3.5,Net Banking,Verified
INV003130,2024-06-08,119093,redemption,270438,West Bengal,Kolkata,T30,18-25,Male,5.6,Mandate,Verified
INV000089,2024-06-09,102887,sip,9573,Maharashtra,Mumbai,T30,26-35,Female,11.2,UPI,Verified
INV001908,2024-06-09,118633,lumpsum,218136,Uttar Pradesh,Kanpur,B30,26-35,Female,22.6,Net Banking,Pending
INV000554,2024-06-09,120842,redemption,400867,Delhi,Noida,T30,36-45,Male,12.3,Mandate,Verified
INV000104,2024-06-09,120503,lumpsum,138854,Madhya Pradesh,Indore,T30,26-35,Male,8.1,Net Banking,Verified
INV004906,2024-06-09,101206,lumpsum,317908,Madhya Pradesh,Indore,T30,26-35,Male,9.9,Mandate,Verified
INV001744,2024-06-09,102886,sip,16540,Karnataka,Mysore,B30,26-35,Male,15.9,Mandate,Verified
INV002373,2024-06-09,148567,sip,2042,Maharashtra,Pune,T30,36-45,Male,56.3,Net Banking,Pending
INV004246,2024-06-09,118634,sip,2281,West Bengal,Kolkata,T30,36-45,Female,12.2,Cheque,Verified
INV000520,2024-06-09,149323,redemption,88519,West Bengal,Kolkata,T30,46-55,Female,59.4,UPI,Verified
INV001569,2024-06-09,118634,sip,8135,Punjab,Chandigarh,T30,46-55,Male,50.1,UPI,Verified
INV000989,2024-06-09,120843,redemption,137415,Gujarat,Surat,T30,36-45,Male,16.1,Net Banking,Verified
INV003536,2024-06-09,120844,sip,3089,Maharashtra,Nashik,B30,36-45,Male,36.9,Mandate,Verified
INV001128,2024-06-09,148568,sip,41185,West Bengal,Kolkata,T30,36-45,Female,43.2,Net Banking,Verified
INV003406,2024-06-09,120841,sip,14739,Madhya Pradesh,Bhopal,B30,26-35,Male,21.2,Net Banking,Verified
INV002189,2024-06-09,119551,sip,3548,Uttar Pradesh,Lucknow,T30,36-45,Male,37.4,Cheque,Pending
INV001913,2024-06-09,120506,redemption,390620,Tamil Nadu,Chennai,T30,26-35,Female,11.8,Net Banking,Verified
INV002782,2024-06-09,120506,lumpsum,374705,Punjab,Chandigarh,T30,18-25,Male,3.7,Mandate,Verified
INV001462,2024-06-09,101206,sip,13274,Gujarat,Surat,T30,26-35,Male,19.4,Cheque,Verified
INV004516,2024-06-09,149324,lumpsum,322931,Haryana,Gurugram,T30,36-45,Male,14.4,Mandate,Verified
INV000525,2024-06-09,118635,redemption,222501,Gujarat,Ahmedabad,T30,56+,Female,12.6,Cheque,Verified
INV000851,2024-06-09,119092,lumpsum,7944,Tamil Nadu,Chennai,T30,36-45,Male,39.2,Cheque,Verified
INV000545,2024-06-09,102887,redemption,281545,Telangana,Hyderabad,T30,26-35,Male,23.6,UPI,Verified
INV003836,2024-06-09,120503,sip,2174,Karnataka,Bangalore,T30,36-45,Male,12.4,Mandate,Verified
INV002219,2024-06-09,149324,sip,926,Karnataka,Mysore,B30,26-35,Male,6.9,Cheque,Verified
INV002453,2024-06-09,120503,sip,1607,Gujarat,Surat,T30,26-35,Female,16.1,Net Banking,Verified
INV000071,2024-06-09,101206,sip,40616,Madhya Pradesh,Bhopal,B30,26-35,Female,18.2,Net Banking,Verified
INV004993,2024-06-09,149322,redemption,252839,Karnataka,Bangalore,T30,36-45,Female,55.6,Net Banking,Verified
INV004473,2024-06-09,118634,sip,452,Karnataka,Mysore,B30,18-25,Male,5.6,Net Banking,Verified
INV003742,2024-06-09,100025,sip,8716,Tamil Nadu,Chennai,T30,56+,Female,53.9,UPI,Verified
INV000745,2024-06-09,149322,lumpsum,15994,Punjab,Chandigarh,T30,26-35,Female,13.2,Net Banking,Verified
INV002803,2024-06-09,119095,redemption,365372,Uttar Pradesh,Agra,B30,36-45,Male,31.9,Net Banking,Verified
INV003115,2024-06-09,149323,lumpsum,110645,Gujarat,Surat,T30,26-35,Male,23.9,Cheque,Verified
INV001336,2024-06-09,102885,sip,11174,Tamil Nadu,Coimbatore,B30,18-25,Male,5.0,UPI,Verified
INV001002,2024-06-09,119094,sip,594,Telangana,Hyderabad,T30,36-45,Male,52.5,Mandate,Pending
INV003511,2024-06-09,120841,lumpsum,269154,Haryana,Gurugram,T30,46-55,Male,36.8,Net Banking,Verified
INV001375,2024-06-09,119599,sip,10241,Haryana,Gurugram,T30,18-25,Male,6.3,Cheque,Verified
INV003298,2024-06-09,120844,lumpsum,310919,Gujarat,Surat,T30,26-35,Male,12.4,Mandate,Verified
INV004124,2024-06-09,100033,sip,10515,Maharashtra,Nashik,B30,56+,Male,76.4,Cheque,Verified
INV000616,2024-06-09,120505,sip,2999,Maharashtra,Nashik,B30,36-45,Male,50.4,UPI,Verified
INV002051,2024-06-09,120503,sip,40720,Gujarat,Ahmedabad,T30,46-55,Female,56.2,UPI,Verified
INV004701,2024-06-09,102887,lumpsum,74793,Haryana,Gurugram,T30,26-35,Male,7.3,Cheque,Verified
INV001363,2024-06-09,119093,lumpsum,299874,Karnataka,Mysore,B30,56+,Male,29.4,UPI,Verified
INV000675,2024-06-09,101206,sip,13433,Uttar Pradesh,Kanpur,B30,36-45,Male,27.9,Cheque,Verified
INV001202,2024-06-09,119120,sip,562,Karnataka,Bangalore,T30,26-35,Male,11.3,Mandate,Verified
INV001999,2024-06-09,119093,sip,8360,Rajasthan,Udaipur,B30,18-25,Male,5.8,Mandate,Verified
INV000337,2024-06-09,119093,sip,8276,Haryana,Faridabad,B30,56+,Female,73.4,Mandate,Verified
INV002819,2024-06-09,119094,lumpsum,383171,West Bengal,Kolkata,T30,26-35,Male,24.1,Mandate,Verified
INV002302,2024-06-09,120504,lumpsum,380597,West Bengal,Kolkata,T30,26-35,Male,10.1,UPI,Pending
INV000659,2024-06-09,125498,sip,2429,Haryana,Faridabad,B30,26-35,Male,17.2,Mandate,Verified
INV002247,2024-06-09,120503,sip,59371,Karnataka,Mysore,B30,18-25,Female,6.1,Cheque,Verified
INV002030,2024-06-09,119599,lumpsum,458171,Madhya Pradesh,Bhopal,B30,36-45,Male,31.7,Net Banking,Verified
INV003173,2024-06-09,119598,redemption,305256,Gujarat,Surat,T30,18-25,Male,7.1,Mandate,Verified
INV002846,2024-06-09,118636,sip,23768,Punjab,Amritsar,B30,36-45,Male,57.1,Cheque,Verified
INV001641,2024-06-09,119120,lumpsum,323581,Haryana,Faridabad,B30,26-35,Male,15.4,Net Banking,Verified
INV001645,2024-06-09,125497,redemption,212544,Uttar Pradesh,Kanpur,B30,46-55,Male,77.5,UPI,Verified
INV000228,2024-06-09,149324,sip,43091,Karnataka,Bangalore,T30,26-35,Male,7.2,Net Banking,Verified
INV001411,2024-06-09,102885,sip,27404,Delhi,Gurugram,T30,26-35,Female,7.1,Cheque,Verified
INV000495,2024-06-09,100016,redemption,386823,Gujarat,Surat,T30,26-35,Female,7.6,Cheque,Verified
INV001959,2024-06-09,102887,redemption,234609,Tamil Nadu,Chennai,T30,18-25,Female,4.7,Mandate,Verified
INV004452,2024-06-09,100033,sip,3392,Rajasthan,Udaipur,B30,26-35,Male,17.6,UPI,Verified
INV000130,2024-06-09,100016,lumpsum,63184,Madhya Pradesh,Indore,T30,56+,Female,69.4,Cheque,Verified
INV004452,2024-06-09,119092,lumpsum,272736,Rajasthan,Udaipur,B30,26-35,Male,17.6,Cheque,Verified
INV001329,2024-06-09,120842,redemption,225605,Punjab,Amritsar,B30,36-45,Female,37.2,Cheque,Verified
INV001170,2024-06-09,102885,redemption,93163,Karnataka,Mysore,B30,36-45,Male,34.6,Cheque,Pending
INV004436,2024-06-09,119093,sip,3236,Delhi,New Delhi,T30,56+,Male,30.3,Cheque,Verified
INV004281,2024-06-09,119120,sip,26834,Rajasthan,Jaipur,T30,26-35,Female,15.9,Net Banking,Verified
INV004858,2024-06-09,120503,sip,54665,Uttar Pradesh,Kanpur,B30,36-45,Male,56.4,UPI,Verified
INV003775,2024-06-09,148567,sip,42480,Maharashtra,Mumbai,T30,56+,Male,12.8,UPI,Verified
INV003069,2024-06-09,100016,sip,8027,Punjab,Chandigarh,T30,56+,Female,59.5,Mandate,Verified
INV001640,2024-06-09,119120,redemption,501246,Rajasthan,Jaipur,T30,36-45,Female,52.6,Net Banking,Verified
INV004592,2024-06-09,148568,redemption,59346,Maharashtra,Pune,T30,36-45,Male,56.6,Net Banking,Verified
INV002115,2024-06-09,119599,redemption,63181,Punjab,Chandigarh,T30,56+,Female,71.4,Mandate,Verified
INV001250,2024-06-09,101208,lumpsum,201571,Rajasthan,Udaipur,B30,26-35,Male,25.0,Net Banking,Verified
INV000367,2024-06-09,148567,redemption,132704,Haryana,Gurugram,T30,36-45,Male,38.5,UPI,Verified
INV004045,2024-06-09,102887,sip,2374,Madhya Pradesh,Indore,T30,18-25,Male,4.2,Cheque,Verified
INV000752,2024-06-09,102887,redemption,298357,Punjab,Chandigarh,T30,46-55,Male,32.7,Cheque,Verified
INV003569,2024-06-10,119599,sip,2937,Delhi,Gurugram,T30,46-55,Male,65.1,Cheque,Verified
INV003559,2024-06-10,118633,sip,4499,Uttar Pradesh,Kanpur,B30,26-35,Female,9.4,Cheque,Verified
INV002436,2024-06-10,120842,sip,5970,Gujarat,Surat,T30,46-55,Male,28.8,Mandate,Verified
INV004025,2024-06-10,118635,sip,2307,Gujarat,Ahmedabad,T30,56+,Male,18.7,Net Banking,Verified
INV001138,2024-06-10,101207,lumpsum,284887,Haryana,Faridabad,B30,46-55,Female,81.3,Cheque,Verified
INV002786,2024-06-10,125498,lumpsum,377391,Tamil Nadu,Coimbatore,B30,26-35,Female,13.3,Cheque,Verified
INV003573,2024-06-10,119094,sip,59237,Gujarat,Surat,T30,36-45,Male,51.8,Cheque,Verified
INV004001,2024-06-10,119598,sip,2011,Delhi,Noida,T30,56+,Female,52.7,Cheque,Verified
INV004080,2024-06-10,102886,sip,13282,Punjab,Amritsar,B30,26-35,Female,18.7,UPI,Pending
INV002415,2024-06-10,148568,sip,1981,West Bengal,Kolkata,T30,36-45,Male,13.9,UPI,Verified
INV002418,2024-06-10,120843,sip,814,Haryana,Faridabad,B30,36-45,Male,34.0,Cheque,Verified
INV001609,2024-06-10,119093,sip,4174,Punjab,Chandigarh,T30,26-35,Female,14.0,Mandate,Verified
INV003424,2024-06-10,149322,sip,21923,Madhya Pradesh,Indore,T30,26-35,Female,19.7,UPI,Verified
INV001101,2024-06-10,118632,redemption,182520,Madhya Pradesh,Bhopal,B30,18-25,Male,5.3,Cheque,Verified
INV003962,2024-06-10,101207,redemption,15147,Haryana,Gurugram,T30,26-35,Male,20.4,Net Banking,Verified
INV003549,2024-06-10,120506,sip,27615,Maharashtra,Pune,T30,56+,Male,76.9,UPI,Verified
INV000346,2024-06-10,118633,lumpsum,273050,Haryana,Faridabad,B30,26-35,Male,22.0,Cheque,Verified
INV003046,2024-06-10,100025,sip,5675,West Bengal,Kolkata,T30,36-45,Male,12.4,Net Banking,Verified
INV000266,2024-06-10,102886,redemption,394837,Madhya Pradesh,Indore,T30,56+,Male,67.6,Net Banking,Verified
INV004898,2024-06-10,149324,sip,2777,Haryana,Faridabad,B30,56+,Female,48.9,Cheque,Verified
INV000674,2024-06-10,120507,lumpsum,248956,Rajasthan,Udaipur,B30,26-35,Female,12.5,Cheque,Verified
INV000481,2024-06-10,120505,sip,14045,Madhya Pradesh,Bhopal,B30,26-35,Female,13.4,Cheque,Verified
INV002478,2024-06-10,119094,lumpsum,47841,Telangana,Hyderabad,T30,18-25,Male,4.4,Cheque,Verified
INV004770,2024-06-10,120844,lumpsum,42875,Gujarat,Surat,T30,18-25,Female,5.2,Cheque,Verified
INV002477,2024-06-10,125498,sip,2834,West Bengal,Kolkata,T30,46-55,Female,72.4,UPI,Verified
INV002347,2024-06-10,120503,sip,1648,Delhi,New Delhi,T30,26-35,Female,6.5,Mandate,Verified
INV003618,2024-06-10,148568,lumpsum,366642,Delhi,Gurugram,T30,46-55,Female,72.4,Mandate,Verified
INV000452,2024-06-10,119092,redemption,314966,Tamil Nadu,Coimbatore,B30,26-35,Male,18.1,Net Banking,Verified
INV004916,2024-06-10,118633,sip,23636,Haryana,Faridabad,B30,26-35,Male,12.5,Net Banking,Verified
INV001824,2024-06-10,119092,redemption,102338,Tamil Nadu,Coimbatore,B30,26-35,Female,8.9,Mandate,Verified
INV004326,2024-06-10,125497,lumpsum,153763,Delhi,Gurugram,T30,26-35,Male,7.5,Cheque,Verified
INV003762,2024-06-10,118634,lumpsum,20315,Telangana,Hyderabad,T30,36-45,Male,39.4,Mandate,Verified
INV000718,2024-06-10,101206,redemption,234074,Delhi,Gurugram,T30,26-35,Male,10.8,Cheque,Verified
INV001271,2024-06-10,149324,sip,8136,Haryana,Gurugram,T30,36-45,Male,52.4,Mandate,Verified
INV002143,2024-06-10,118635,sip,1063,Uttar Pradesh,Lucknow,T30,26-35,Male,11.8,Cheque,Verified
INV001876,2024-06-10,119598,lumpsum,375876,Delhi,Gurugram,T30,36-45,Male,13.3,Mandate,Verified
INV001914,2024-06-10,118635,redemption,10580,Delhi,Gurugram,T30,56+,Male,61.9,UPI,Verified
INV003647,2024-06-10,120504,sip,17028,Haryana,Faridabad,B30,56+,Male,57.2,UPI,Verified
INV004832,2024-06-10,120504,lumpsum,468292,Uttar Pradesh,Kanpur,B30,18-25,Male,3.8,Mandate,Verified
INV002349,2024-06-10,118634,sip,14976,Punjab,Amritsar,B30,26-35,Female,9.6,Cheque,Verified
INV002487,2024-06-10,125498,sip,9134,Punjab,Chandigarh,T30,26-35,Male,19.5,UPI,Verified
INV000234,2024-06-10,119092,lumpsum,387678,Tamil Nadu,Coimbatore,B30,26-35,Male,23.8,UPI,Verified
INV000646,2024-06-10,119093,sip,1051,Uttar Pradesh,Lucknow,T30,26-35,Female,23.9,UPI,Pending
INV003635,2024-06-10,120844,sip,28739,West Bengal,Kolkata,T30,56+,Female,55.1,UPI,Verified
INV001545,2024-06-10,148568,lumpsum,101686,Madhya Pradesh,Bhopal,B30,26-35,Male,11.5,UPI,Verified
INV004860,2024-06-10,119095,sip,1020,Punjab,Amritsar,B30,46-55,Male,47.7,Net Banking,Verified
INV004860,2024-06-10,102887,sip,8076,Punjab,Amritsar,B30,46-55,Male,47.7,Net Banking,Verified
INV002944,2024-06-10,148567,sip,12459,Karnataka,Mysore,B30,36-45,Female,28.1,Cheque,Verified
INV004866,2024-06-10,101207,sip,2253,Madhya Pradesh,Bhopal,B30,36-45,Male,14.6,UPI,Verified
INV003316,2024-06-10,119120,redemption,65420,Punjab,Chandigarh,T30,36-45,Male,22.9,UPI,Verified
INV000724,2024-06-10,120507,lumpsum,115298,Uttar Pradesh,Kanpur,B30,46-55,Male,78.7,Mandate,Verified
INV001496,2024-06-10,102887,sip,7797,West Bengal,Kolkata,T30,18-25,Male,4.5,Cheque,Verified
INV000086,2024-06-10,120504,sip,14025,Karnataka,Mysore,B30,18-25,Female,4.1,Cheque,Pending
INV004983,2024-06-10,149324,sip,7865,Madhya Pradesh,Bhopal,B30,26-35,Male,20.6,Net Banking,Verified
INV001505,2024-06-10,100033,lumpsum,57329,Uttar Pradesh,Lucknow,T30,26-35,Female,17.0,Net Banking,Verified
INV002440,2024-06-10,120506,lumpsum,385897,Karnataka,Bangalore,T30,18-25,Female,3.0,Net Banking,Verified
INV002553,2024-06-10,148567,sip,8948,Gujarat,Ahmedabad,T30,36-45,Female,47.8,Mandate,Verified
INV004210,2024-06-10,101206,lumpsum,521274,Madhya Pradesh,Bhopal,B30,56+,Male,23.9,Net Banking,Verified
INV001353,2024-06-10,118633,sip,21497,Punjab,Amritsar,B30,26-35,Male,6.5,UPI,Verified
INV002865,2024-06-10,149322,sip,40167,Maharashtra,Pune,T30,18-25,Male,3.3,Mandate,Verified
INV000023,2024-06-10,119093,sip,1075,West Bengal,Kolkata,T30,46-55,Female,61.9,Cheque,Verified
INV003173,2024-06-10,100025,redemption,202342,Gujarat,Surat,T30,18-25,Male,7.1,Net Banking,Verified
INV003359,2024-06-10,125498,sip,1136,Gujarat,Ahmedabad,T30,26-35,Male,18.4,Mandate,Verified
INV004733,2024-06-10,118633,lumpsum,103994,Telangana,Hyderabad,T30,18-25,Male,5.4,UPI,Verified
INV001238,2024-06-10,125498,sip,2878,Haryana,Gurugram,T30,26-35,Male,17.9,UPI,Verified
INV002010,2024-06-10,119093,lumpsum,76076,Uttar Pradesh,Agra,B30,56+,Male,11.6,Mandate,Pending
INV000407,2024-06-10,120507,lumpsum,104569,Tamil Nadu,Coimbatore,B30,36-45,Male,32.8,Cheque,Verified
INV001559,2024-06-10,101208,lumpsum,249630,Tamil Nadu,Coimbatore,B30,36-45,Male,41.9,Cheque,Verified
INV001901,2024-06-10,149324,lumpsum,20331,Delhi,New Delhi,T30,18-25,Female,3.4,Net Banking,Verified
INV001555,2024-06-10,119092,lumpsum,417839,Punjab,Amritsar,B30,26-35,Male,14.2,Cheque,Verified
INV004286,2024-06-10,119598,redemption,85310,Rajasthan,Udaipur,B30,36-45,Female,56.0,UPI,Verified
INV001434,2024-06-10,119094,sip,28001,Maharashtra,Mumbai,T30,46-55,Male,92.6,Mandate,Verified
INV004269,2024-06-10,100016,redemption,283331,Punjab,Chandigarh,T30,26-35,Male,21.0,Cheque,Verified
INV003823,2024-06-10,120507,sip,13723,Madhya Pradesh,Indore,T30,26-35,Male,10.5,UPI,Verified
INV001692,2024-06-11,148569,lumpsum,286318,Rajasthan,Jaipur,T30,26-35,Male,11.7,Cheque,Verified
INV002850,2024-06-11,100016,sip,13860,Uttar Pradesh,Lucknow,T30,46-55,Male,76.5,UPI,Verified
INV001048,2024-06-11,100033,sip,5431,Delhi,New Delhi,T30,46-55,Male,46.6,UPI,Verified
INV004016,2024-06-11,148569,sip,3138,Delhi,New Delhi,T30,36-45,Male,21.0,Cheque,Verified
INV004072,2024-06-11,119599,lumpsum,520637,Delhi,New Delhi,T30,36-45,Male,50.6,Mandate,Verified
INV002551,2024-06-11,149323,lumpsum,251459,West Bengal,Kolkata,T30,18-25,Female,5.9,Mandate,Verified
INV001497,2024-06-11,119120,lumpsum,263032,Maharashtra,Mumbai,T30,36-45,Male,56.8,Mandate,Verified
INV000444,2024-06-11,119095,lumpsum,517578,Maharashtra,Pune,T30,36-45,Female,42.1,Net Banking,Verified
INV002687,2024-06-11,101206,sip,3487,Delhi,New Delhi,T30,36-45,Male,25.9,UPI,Verified
INV000223,2024-06-11,120506,redemption,278599,West Bengal,Kolkata,T30,26-35,Male,6.3,Cheque,Verified
INV004623,2024-06-11,120507,sip,21802,Madhya Pradesh,Indore,T30,46-55,Female,44.9,Cheque,Verified
INV004755,2024-06-11,148567,sip,4171,Uttar Pradesh,Agra,B30,18-25,Female,6.5,UPI,Verified
INV000226,2024-06-11,148569,sip,2767,West Bengal,Kolkata,T30,36-45,Female,39.3,Mandate,Verified
INV004005,2024-06-11,119093,lumpsum,356023,West Bengal,Kolkata,T30,26-35,Male,11.0,UPI,Verified
INV002059,2024-06-11,125497,sip,401,Haryana,Faridabad,B30,46-55,Male,95.1,Net Banking,Verified
INV001336,2024-06-11,125498,sip,29218,Tamil Nadu,Coimbatore,B30,18-25,Male,5.0,Cheque,Verified
INV002250,2024-06-11,120506,sip,8869,Telangana,Hyderabad,T30,36-45,Male,20.4,Net Banking,Verified
INV000289,2024-06-11,119095,sip,1133,Delhi,Gurugram,T30,36-45,Male,54.2,Cheque,Verified
INV003996,2024-06-11,149323,redemption,272506,Karnataka,Bangalore,T30,36-45,Female,39.8,Net Banking,Verified
INV004536,2024-06-11,100025,lumpsum,72000,Telangana,Hyderabad,T30,26-35,Female,6.3,UPI,Verified
INV004181,2024-06-11,102887,sip,524,Uttar Pradesh,Lucknow,T30,26-35,Female,17.8,Net Banking,Verified
INV003920,2024-06-11,120505,sip,47127,Punjab,Chandigarh,T30,26-35,Male,20.3,Mandate,Verified
INV001928,2024-06-11,101206,lumpsum,380135,Telangana,Hyderabad,T30,46-55,Female,29.2,UPI,Verified
INV003748,2024-06-11,102887,sip,15860,Madhya Pradesh,Indore,T30,46-55,Male,66.4,Net Banking,Verified
INV003651,2024-06-11,119551,redemption,340907,Gujarat,Surat,T30,26-35,Male,14.6,Net Banking,Verified
INV002116,2024-06-11,118634,sip,6370,Karnataka,Bangalore,T30,18-25,Male,3.8,Cheque,Verified
INV003344,2024-06-11,101208,lumpsum,353812,Haryana,Gurugram,T30,36-45,Female,52.5,Mandate,Pending
INV003344,2024-06-11,102886,redemption,325713,Haryana,Gurugram,T30,36-45,Female,52.5,Cheque,Verified
INV003912,2024-06-11,102886,sip,401,West Bengal,Kolkata,T30,26-35,Male,8.5,Mandate,Verified
INV000678,2024-06-11,100025,sip,1861,Gujarat,Surat,T30,26-35,Male,19.1,Cheque,Verified
INV004962,2024-06-11,118636,lumpsum,562392,Uttar Pradesh,Agra,B30,18-25,Male,6.7,Cheque,Verified
INV003830,2024-06-11,120507,sip,40989,Punjab,Amritsar,B30,26-35,Male,17.6,Cheque,Verified
INV001738,2024-06-11,120503,sip,47866,Karnataka,Bangalore,T30,36-45,Female,41.2,Mandate,Verified
INV002200,2024-06-11,120506,lumpsum,64067,Madhya Pradesh,Indore,T30,26-35,Male,23.1,Cheque,Verified
INV003374,2024-06-11,118635,sip,1038,Karnataka,Mysore,B30,26-35,Male,15.8,UPI,Verified
INV002201,2024-06-11,148567,lumpsum,516524,Haryana,Gurugram,T30,36-45,Male,34.5,Net Banking,Verified
INV003427,2024-06-11,100016,sip,53987,West Bengal,Kolkata,T30,18-25,Male,4.4,UPI,Verified
INV001428,2024-06-11,120503,lumpsum,182048,Delhi,New Delhi,T30,26-35,Male,17.8,Net Banking,Verified
INV004419,2024-06-11,120844,sip,2921,Karnataka,Mysore,B30,18-25,Female,3.1,UPI,Verified
INV002993,2024-06-11,118633,lumpsum,506195,Maharashtra,Pune,T30,46-55,Male,36.0,UPI,Verified
INV000014,2024-06-11,101206,redemption,282307,Tamil Nadu,Chennai,T30,18-25,Male,4.3,Mandate,Verified
INV002613,2024-06-11,119551,sip,7433,Karnataka,Bangalore,T30,46-55,Female,44.3,Cheque,Verified
INV000960,2024-06-11,149323,redemption,419757,West Bengal,Kolkata,T30,46-55,Male,90.6,Mandate,Verified
INV002149,2024-06-11,118634,sip,2250,Tamil Nadu,Coimbatore,B30,26-35,Male,21.8,Cheque,Verified
INV003306,2024-06-11,119552,lumpsum,369081,Gujarat,Ahmedabad,T30,36-45,Male,14.6,Cheque,Verified
INV003669,2024-06-12,120843,lumpsum,46563,West Bengal,Kolkata,T30,18-25,Female,7.8,UPI,Verified
INV004953,2024-06-12,100033,redemption,243439,Haryana,Faridabad,B30,36-45,Male,36.3,Cheque,Verified
INV003660,2024-06-12,149324,lumpsum,139427,Delhi,Noida,T30,26-35,Male,6.8,Cheque,Verified
INV001497,2024-06-12,119551,sip,9734,Maharashtra,Mumbai,T30,36-45,Male,56.8,Cheque,Verified
INV003940,2024-06-12,102885,sip,7277,West Bengal,Kolkata,T30,36-45,Male,21.6,Cheque,Verified
INV003926,2024-06-12,100025,redemption,345118,West Bengal,Kolkata,T30,46-55,Male,92.8,Cheque,Verified
INV004718,2024-06-12,101208,sip,516,Delhi,New Delhi,T30,56+,Male,52.4,Cheque,Verified
INV000021,2024-06-12,119599,sip,48124,Uttar Pradesh,Agra,B30,46-55,Male,76.8,UPI,Verified
INV002208,2024-06-12,101206,lumpsum,440028,Punjab,Chandigarh,T30,56+,Male,61.1,UPI,Verified
INV002117,2024-06-12,102886,redemption,180103,Delhi,Gurugram,T30,26-35,Male,21.7,Mandate,Verified
INV003894,2024-06-12,120843,redemption,318613,Tamil Nadu,Coimbatore,B30,26-35,Male,14.9,Net Banking,Verified
INV002175,2024-06-12,120507,sip,9818,Uttar Pradesh,Kanpur,B30,36-45,Male,47.8,Net Banking,Verified
INV003647,2024-06-12,120503,lumpsum,519597,Haryana,Faridabad,B30,56+,Male,57.2,Cheque,Verified
INV004805,2024-06-12,119092,lumpsum,285888,Madhya Pradesh,Indore,T30,26-35,Female,7.6,Net Banking,Verified
INV000225,2024-06-12,149323,lumpsum,539905,Delhi,New Delhi,T30,56+,Male,44.0,Net Banking,Verified
INV002133,2024-06-12,120841,lumpsum,43832,Rajasthan,Udaipur,B30,26-35,Male,23.0,Mandate,Verified
INV001640,2024-06-12,148568,lumpsum,116894,Rajasthan,Jaipur,T30,36-45,Female,52.6,Net Banking,Verified
INV003964,2024-06-12,118634,sip,52103,Punjab,Chandigarh,T30,26-35,Male,16.7,Cheque,Verified
INV003097,2024-06-12,119599,sip,5128,Punjab,Chandigarh,T30,26-35,Male,21.5,Net Banking,Verified
INV002228,2024-06-12,148569,sip,505,Uttar Pradesh,Kanpur,B30,18-25,Male,7.7,Net Banking,Verified
INV002096,2024-06-12,120842,sip,2944,Delhi,New Delhi,T30,18-25,Female,6.9,Net Banking,Verified
INV003515,2024-06-12,119092,sip,11356,West Bengal,Kolkata,T30,26-35,Male,16.3,UPI,Verified
INV003116,2024-06-12,148567,sip,1605,Rajasthan,Udaipur,B30,26-35,Female,8.7,Mandate,Verified
INV000262,2024-06-12,100025,sip,15796,Telangana,Hyderabad,T30,36-45,Male,47.6,Net Banking,Pending
INV003695,2024-06-12,101207,lumpsum,390053,Karnataka,Bangalore,T30,36-45,Male,31.0,UPI,Verified
INV002157,2024-06-12,120507,sip,2055,Punjab,Chandigarh,T30,26-35,Male,16.9,Cheque,Verified
INV003043,2024-06-12,148567,redemption,228820,Karnataka,Bangalore,T30,26-35,Male,21.2,UPI,Verified
INV002339,2024-06-12,119093,redemption,337021,Delhi,New Delhi,T30,36-45,Male,46.4,UPI,Verified
INV001115,2024-06-12,120507,redemption,128621,Uttar Pradesh,Kanpur,B30,26-35,Male,20.7,UPI,Verified
INV003125,2024-06-12,119599,sip,2414,Punjab,Chandigarh,T30,36-45,Female,30.8,UPI,Verified
INV002975,2024-06-12,100033,sip,5002,Rajasthan,Udaipur,B30,26-35,Male,15.1,Cheque,Verified
INV004948,2024-06-12,120506,redemption,307864,Madhya Pradesh,Indore,T30,56+,Male,54.1,Mandate,Verified
INV004846,2024-06-12,125498,redemption,137797,Rajasthan,Udaipur,B30,26-35,Male,9.2,Net Banking,Pending
INV000860,2024-06-12,119551,lumpsum,22455,Madhya Pradesh,Bhopal,B30,36-45,Female,51.8,Net Banking,Verified
INV000947,2024-06-12,120507,lumpsum,302233,Delhi,Noida,T30,26-35,Male,11.0,Net Banking,Verified
INV001287,2024-06-12,149324,sip,49573,Telangana,Hyderabad,T30,36-45,Female,19.1,Cheque,Verified
INV003798,2024-06-12,120504,sip,3179,Karnataka,Bangalore,T30,36-45,Male,53.9,Mandate,Verified
INV000645,2024-06-12,100033,lumpsum,62353,Karnataka,Bangalore,T30,18-25,Male,3.9,Mandate,Verified
INV001580,2024-06-12,119551,redemption,366129,Punjab,Chandigarh,T30,26-35,Male,18.7,UPI,Verified
INV000662,2024-06-12,118636,sip,578,Gujarat,Surat,T30,36-45,Female,20.1,Cheque,Verified
INV000957,2024-06-12,148568,lumpsum,103250,Madhya Pradesh,Bhopal,B30,36-45,Male,38.2,Net Banking,Verified
INV004374,2024-06-12,125498,sip,13787,Maharashtra,Nashik,B30,36-45,Female,16.5,Cheque,Verified
INV001709,2024-06-12,118633,sip,22750,Delhi,New Delhi,T30,36-45,Male,55.9,Net Banking,Verified
INV002275,2024-06-12,120505,lumpsum,224801,Maharashtra,Mumbai,T30,18-25,Male,7.1,Mandate,Verified
INV000665,2024-06-12,120841,sip,8209,Rajasthan,Udaipur,B30,26-35,Female,6.6,Mandate,Verified
INV002769,2024-06-12,148567,sip,2068,Maharashtra,Pune,T30,18-25,Female,4.5,Net Banking,Verified
INV000667,2024-06-12,120507,sip,28344,Telangana,Hyderabad,T30,26-35,Male,7.5,UPI,Verified
INV000935,2024-06-12,100025,lumpsum,60241,Telangana,Hyderabad,T30,36-45,Male,14.6,UPI,Verified
INV004124,2024-06-12,119552,sip,1027,Maharashtra,Nashik,B30,56+,Male,76.4,Cheque,Verified
INV003297,2024-06-12,120841,sip,1824,Madhya Pradesh,Bhopal,B30,36-45,Female,16.3,Cheque,Verified
INV003342,2024-06-12,102887,sip,45289,Tamil Nadu,Chennai,T30,56+,Male,32.8,Net Banking,Verified
INV002369,2024-06-12,120503,sip,15818,Madhya Pradesh,Bhopal,B30,36-45,Male,33.6,Mandate,Verified
INV003822,2024-06-12,120506,lumpsum,383445,Rajasthan,Jaipur,T30,26-35,Male,12.9,UPI,Verified
INV000779,2024-06-12,148568,lumpsum,102608,Gujarat,Ahmedabad,T30,36-45,Male,35.3,Mandate,Verified
INV000791,2024-06-12,102886,lumpsum,230681,Madhya Pradesh,Bhopal,B30,26-35,Male,18.4,Cheque,Verified
INV000810,2024-06-12,102887,redemption,121259,Rajasthan,Jaipur,T30,26-35,Male,11.2,Net Banking,Pending
INV001763,2024-06-12,119551,sip,54171,Uttar Pradesh,Lucknow,T30,46-55,Male,42.0,UPI,Verified
INV000875,2024-06-12,102886,sip,2918,Gujarat,Surat,T30,46-55,Female,71.8,Net Banking,Verified
INV000836,2024-06-12,100016,sip,56629,Haryana,Gurugram,T30,26-35,Male,24.4,Net Banking,Pending
INV004203,2024-06-12,119095,sip,2440,Madhya Pradesh,Indore,T30,18-25,Male,7.9,Mandate,Pending
INV000864,2024-06-12,120844,lumpsum,272145,Tamil Nadu,Chennai,T30,26-35,Female,24.9,Mandate,Verified
INV004178,2024-06-12,120842,sip,419,Rajasthan,Jaipur,T30,26-35,Male,24.4,UPI,Verified
INV004191,2024-06-12,102885,sip,13813,Maharashtra,Nashik,B30,26-35,Female,19.5,Net Banking,Verified
INV004183,2024-06-12,102887,sip,867,West Bengal,Kolkata,T30,26-35,Male,13.2,UPI,Verified
INV001569,2024-06-12,102886,sip,55248,Punjab,Chandigarh,T30,46-55,Male,50.1,Net Banking,Verified
INV004137,2024-06-12,120507,sip,5332,West Bengal,Kolkata,T30,18-25,Female,6.2,UPI,Verified
INV004468,2024-06-12,125497,sip,8689,Telangana,Hyderabad,T30,46-55,Female,20.8,Net Banking,Verified
INV004348,2024-06-12,119094,redemption,8231,Delhi,New Delhi,T30,26-35,Female,13.4,Cheque,Verified
INV001315,2024-06-12,119095,sip,12413,Telangana,Hyderabad,T30,46-55,Female,32.9,Mandate,Pending
INV004586,2024-06-12,119093,lumpsum,230298,Telangana,Hyderabad,T30,18-25,Male,4.4,UPI,Verified
INV002503,2024-06-12,118634,sip,6326,Gujarat,Ahmedabad,T30,26-35,Male,11.5,UPI,Verified
INV001674,2024-06-12,118634,sip,3093,Delhi,Noida,T30,26-35,Male,12.0,Cheque,Verified
INV001195,2024-06-12,101208,redemption,193208,Gujarat,Surat,T30,26-35,Male,6.4,Net Banking,Verified
INV004560,2024-06-12,125498,lumpsum,129929,Tamil Nadu,Coimbatore,B30,36-45,Male,42.7,Cheque,Verified
INV004044,2024-06-12,102885,lumpsum,362095,Rajasthan,Jaipur,T30,46-55,Male,82.3,Net Banking,Verified
INV004555,2024-06-12,120842,sip,1700,Uttar Pradesh,Lucknow,T30,36-45,Female,24.4,Mandate,Verified
INV001521,2024-06-12,120844,sip,2990,Haryana,Faridabad,B30,18-25,Male,4.9,Net Banking,Verified
INV004530,2024-06-12,101206,sip,852,Maharashtra,Nashik,B30,36-45,Male,36.2,UPI,Verified
INV001322,2024-06-12,118633,sip,5866,Uttar Pradesh,Lucknow,T30,26-35,Female,10.5,Cheque,Verified
INV004533,2024-06-12,102887,sip,1164,Gujarat,Ahmedabad,T30,36-45,Male,51.5,Mandate,Verified
INV002011,2024-06-12,119598,redemption,283118,Tamil Nadu,Chennai,T30,36-45,Male,41.1,Cheque,Pending
INV004641,2024-06-12,149323,sip,5437,Haryana,Faridabad,B30,56+,Male,42.4,Cheque,Verified
INV000360,2024-06-12,120842,lumpsum,467864,Maharashtra,Mumbai,T30,36-45,Female,55.3,Net Banking,Verified
INV000542,2024-06-12,100016,sip,429,Haryana,Faridabad,B30,36-45,Male,20.3,UPI,Verified
INV004019,2024-06-12,120503,sip,2799,Tamil Nadu,Chennai,T30,26-35,Male,20.9,Cheque,Verified
INV004525,2024-06-12,118636,redemption,316583,Haryana,Gurugram,T30,26-35,Male,11.4,Cheque,Verified
INV002789,2024-06-13,119095,sip,23873,Madhya Pradesh,Bhopal,B30,26-35,Female,7.8,Cheque,Verified
INV002430,2024-06-13,125498,sip,4354,Madhya Pradesh,Bhopal,B30,26-35,Male,16.2,Cheque,Verified
INV001040,2024-06-13,148568,redemption,102323,Punjab,Chandigarh,T30,56+,Female,43.4,Cheque,Verified
INV004282,2024-06-13,118633,sip,21699,Punjab,Amritsar,B30,26-35,Male,20.8,UPI,Verified
INV003926,2024-06-13,120505,redemption,454831,West Bengal,Kolkata,T30,46-55,Male,92.8,UPI,Verified
INV001124,2024-06-13,120843,sip,9654,Madhya Pradesh,Indore,T30,36-45,Male,39.0,Mandate,Verified
INV000764,2024-06-13,120842,lumpsum,475557,Punjab,Chandigarh,T30,26-35,Male,15.6,Net Banking,Verified
INV001796,2024-06-13,148568,lumpsum,405591,Telangana,Hyderabad,T30,18-25,Male,6.7,Mandate,Verified
INV003419,2024-06-13,120844,lumpsum,91357,Maharashtra,Pune,T30,18-25,Male,5.3,Cheque,Verified
INV002552,2024-06-13,118633,sip,51556,Delhi,Gurugram,T30,36-45,Male,24.4,Cheque,Verified
INV004967,2024-06-13,125497,sip,5900,Telangana,Hyderabad,T30,26-35,Male,14.3,UPI,Verified
INV003008,2024-06-13,120842,sip,408,Rajasthan,Jaipur,T30,36-45,Female,37.4,Cheque,Pending
INV002013,2024-06-13,120507,redemption,240699,Rajasthan,Jaipur,T30,46-55,Male,30.2,Net Banking,Pending
INV004948,2024-06-13,120505,sip,21835,Madhya Pradesh,Indore,T30,56+,Male,54.1,UPI,Verified
INV000795,2024-06-13,100016,lumpsum,489466,Uttar Pradesh,Kanpur,B30,36-45,Male,37.2,Cheque,Verified
INV000282,2024-06-13,100016,redemption,77323,Uttar Pradesh,Agra,B30,36-45,Female,55.7,Net Banking,Verified
INV001998,2024-06-13,149324,sip,4921,Haryana,Faridabad,B30,26-35,Male,19.2,UPI,Verified
INV002901,2024-06-13,120503,sip,1826,Delhi,Noida,T30,26-35,Male,17.4,Net Banking,Verified
INV000449,2024-06-13,120843,sip,9464,Haryana,Faridabad,B30,18-25,Male,6.8,Net Banking,Verified
INV002472,2024-06-13,118634,sip,24343,Maharashtra,Mumbai,T30,26-35,Female,19.1,Mandate,Verified
INV002979,2024-06-13,102887,lumpsum,220468,Punjab,Chandigarh,T30,36-45,Female,56.2,UPI,Verified
INV000201,2024-06-13,120844,sip,3146,Madhya Pradesh,Indore,T30,46-55,Male,87.0,Mandate,Verified
INV000549,2024-06-13,119092,sip,8276,Tamil Nadu,Coimbatore,B30,46-55,Female,59.6,Cheque,Verified
INV003236,2024-06-13,102887,sip,497,Madhya Pradesh,Bhopal,B30,18-25,Male,3.4,Net Banking,Verified
INV004504,2024-06-13,120506,sip,516,Telangana,Hyderabad,T30,46-55,Male,46.3,UPI,Verified
INV002722,2024-06-13,120505,sip,1193,Delhi,Noida,T30,36-45,Female,50.9,UPI,Verified
INV000179,2024-06-13,119094,sip,16132,Rajasthan,Udaipur,B30,26-35,Male,10.0,Cheque,Verified
INV004522,2024-06-13,125498,lumpsum,293017,Punjab,Chandigarh,T30,46-55,Female,69.1,Net Banking,Verified
INV001630,2024-06-13,120504,sip,4825,Telangana,Hyderabad,T30,36-45,Male,15.4,UPI,Verified
INV004376,2024-06-13,125497,lumpsum,282020,West Bengal,Kolkata,T30,46-55,Female,92.6,Net Banking,Verified
INV000239,2024-06-13,119599,sip,45263,Punjab,Amritsar,B30,36-45,Female,13.2,Net Banking,Verified
INV000248,2024-06-13,120504,redemption,250320,Madhya Pradesh,Indore,T30,36-45,Female,28.6,Mandate,Verified
INV002030,2024-06-13,120503,redemption,50153,Madhya Pradesh,Bhopal,B30,36-45,Male,31.7,Mandate,Verified
INV001094,2024-06-13,119093,lumpsum,334337,Haryana,Gurugram,T30,26-35,Male,21.6,Net Banking,Verified
INV000667,2024-06-13,118633,lumpsum,79280,Telangana,Hyderabad,T30,26-35,Male,7.5,Net Banking,Verified
INV000121,2024-06-13,118636,sip,2297,Telangana,Hyderabad,T30,18-25,Male,7.8,Cheque,Verified
INV004118,2024-06-13,102885,sip,3483,Punjab,Chandigarh,T30,36-45,Male,26.2,Mandate,Verified
INV001111,2024-06-13,100016,lumpsum,494592,Delhi,Gurugram,T30,18-25,Male,7.8,UPI,Verified
INV004900,2024-06-13,149324,sip,20522,Delhi,Noida,T30,36-45,Male,32.1,Net Banking,Verified
INV000675,2024-06-13,120506,sip,2701,Uttar Pradesh,Kanpur,B30,36-45,Male,27.9,Cheque,Verified
INV000931,2024-06-13,119599,sip,5292,Tamil Nadu,Coimbatore,B30,26-35,Male,11.3,Net Banking,Verified
INV000268,2024-06-13,119092,sip,20174,Haryana,Gurugram,T30,18-25,Female,4.7,UPI,Verified
INV004304,2024-06-13,101208,redemption,358259,Haryana,Gurugram,T30,18-25,Male,5.5,Net Banking,Verified
INV000084,2024-06-13,101207,sip,29144,West Bengal,Kolkata,T30,26-35,Male,11.2,UPI,Verified
INV003432,2024-06-13,120844,sip,6182,Uttar Pradesh,Agra,B30,56+,Female,11.2,Mandate,Pending
INV000356,2024-06-13,120504,sip,864,Haryana,Faridabad,B30,56+,Male,71.7,Cheque,Verified
INV001303,2024-06-13,102887,lumpsum,284204,Delhi,Noida,T30,56+,Male,52.6,UPI,Verified
INV001482,2024-06-13,125498,sip,4409,Madhya Pradesh,Indore,T30,46-55,Female,87.0,Net Banking,Verified
INV002384,2024-06-13,148567,sip,5646,Karnataka,Mysore,B30,26-35,Male,24.3,UPI,Verified
INV003785,2024-06-13,148568,sip,2188,Karnataka,Bangalore,T30,36-45,Male,28.2,Mandate,Verified
INV003887,2024-06-13,148567,sip,530,Rajasthan,Udaipur,B30,56+,Female,54.1,Mandate,Verified
INV003829,2024-06-13,101207,sip,24400,Punjab,Amritsar,B30,36-45,Male,55.6,Mandate,Verified
INV001528,2024-06-13,118635,sip,15483,Telangana,Hyderabad,T30,26-35,Female,20.7,Cheque,Verified
INV001161,2024-06-13,119092,sip,56363,Uttar Pradesh,Kanpur,B30,26-35,Male,13.4,Net Banking,Verified
INV003774,2024-06-13,120505,sip,8153,Madhya Pradesh,Indore,T30,26-35,Male,17.5,UPI,Verified
INV003580,2024-06-13,101206,redemption,173827,Gujarat,Ahmedabad,T30,26-35,Male,22.5,Cheque,Verified
INV003720,2024-06-13,125497,sip,1812,Madhya Pradesh,Bhopal,B30,36-45,Female,49.4,Cheque,Verified
INV001454,2024-06-13,120503,sip,994,Tamil Nadu,Chennai,T30,26-35,Male,9.3,UPI,Verified
INV002350,2024-06-14,120505,lumpsum,124236,Tamil Nadu,Chennai,T30,26-35,Male,23.0,Mandate,Verified
INV004055,2024-06-14,119551,sip,544,Gujarat,Ahmedabad,T30,26-35,Male,8.8,Mandate,Verified
INV004777,2024-06-14,120504,redemption,257919,Karnataka,Bangalore,T30,18-25,Male,7.7,Cheque,Verified
INV004231,2024-06-14,125498,lumpsum,444430,West Bengal,Kolkata,T30,56+,Male,17.5,UPI,Verified
INV004299,2024-06-14,120505,sip,914,Telangana,Hyderabad,T30,26-35,Female,23.1,Cheque,Verified
INV000533,2024-06-14,119092,lumpsum,99443,Rajasthan,Jaipur,T30,56+,Male,25.1,Cheque,Verified
INV001689,2024-06-14,119093,sip,16765,Haryana,Faridabad,B30,36-45,Male,40.4,Mandate,Verified
INV004225,2024-06-14,119095,sip,1048,Karnataka,Bangalore,T30,26-35,Male,24.8,Mandate,Verified
INV000825,2024-06-14,100033,redemption,406901,Madhya Pradesh,Bhopal,B30,18-25,Female,5.5,Cheque,Verified
INV001009,2024-06-14,118632,lumpsum,269485,Punjab,Chandigarh,T30,26-35,Male,21.2,Cheque,Verified
INV002557,2024-06-14,100025,lumpsum,374068,West Bengal,Kolkata,T30,26-35,Female,18.2,Net Banking,Verified
INV004752,2024-06-14,148567,lumpsum,294722,Delhi,Gurugram,T30,36-45,Female,14.9,Cheque,Verified
INV004366,2024-06-14,102887,lumpsum,135955,Delhi,New Delhi,T30,46-55,Female,81.1,UPI,Verified
INV004751,2024-06-14,125498,sip,12443,Maharashtra,Pune,T30,36-45,Female,15.6,Net Banking,Verified
INV001959,2024-06-14,120506,redemption,334694,Tamil Nadu,Chennai,T30,18-25,Female,4.7,UPI,Verified
INV002286,2024-06-14,101206,lumpsum,167264,Tamil Nadu,Coimbatore,B30,18-25,Male,5.9,UPI,Verified
INV001615,2024-06-14,119599,redemption,383463,Tamil Nadu,Chennai,T30,26-35,Male,15.7,Net Banking,Verified
INV002616,2024-06-14,120842,sip,17433,Tamil Nadu,Coimbatore,B30,26-35,Male,21.9,Net Banking,Verified
INV004096,2024-06-14,118633,sip,2762,Tamil Nadu,Coimbatore,B30,36-45,Male,57.1,Mandate,Verified
INV001497,2024-06-14,119598,sip,15233,Maharashtra,Mumbai,T30,36-45,Male,56.8,Mandate,Verified
INV002073,2024-06-14,119094,sip,6262,Uttar Pradesh,Kanpur,B30,56+,Male,73.1,Mandate,Verified
INV003408,2024-06-14,125497,sip,585,West Bengal,Kolkata,T30,18-25,Male,6.1,Mandate,Verified
INV000544,2024-06-14,120505,lumpsum,292057,Madhya Pradesh,Bhopal,B30,18-25,Male,3.6,UPI,Verified
INV004950,2024-06-14,148568,sip,8228,Madhya Pradesh,Indore,T30,26-35,Male,9.8,Cheque,Pending
INV003973,2024-06-14,101208,sip,13662,Rajasthan,Jaipur,T30,26-35,Male,11.4,Cheque,Verified
INV002399,2024-06-14,118633,redemption,85554,Gujarat,Ahmedabad,T30,46-55,Female,34.7,UPI,Verified
INV004917,2024-06-14,120505,sip,17276,Uttar Pradesh,Kanpur,B30,26-35,Male,18.3,Net Banking,Verified
INV002466,2024-06-14,118635,lumpsum,424796,Madhya Pradesh,Indore,T30,36-45,Male,36.9,UPI,Verified
INV003520,2024-06-14,119552,sip,1978,Uttar Pradesh,Lucknow,T30,18-25,Male,4.5,Cheque,Verified
INV003693,2024-06-14,120842,redemption,95566,Madhya Pradesh,Bhopal,B30,36-45,Male,25.2,Mandate,Verified
INV001890,2024-06-14,100016,sip,1930,Madhya Pradesh,Bhopal,B30,26-35,Male,21.9,UPI,Verified
INV004447,2024-06-14,102886,lumpsum,410894,West Bengal,Kolkata,T30,36-45,Female,53.4,UPI,Verified
INV000130,2024-06-14,120844,lumpsum,504229,Madhya Pradesh,Indore,T30,56+,Female,69.4,Net Banking,Verified
INV000195,2024-06-14,101206,lumpsum,108496,Madhya Pradesh,Bhopal,B30,36-45,Female,56.5,Cheque,Verified
INV000137,2024-06-14,120506,sip,13687,Rajasthan,Jaipur,T30,26-35,Female,12.0,UPI,Verified
INV000643,2024-06-14,100016,redemption,428270,Haryana,Faridabad,B30,26-35,Female,23.5,Cheque,Verified
INV003649,2024-06-14,102887,lumpsum,318452,Haryana,Gurugram,T30,46-55,Female,79.9,Mandate,Verified
INV001043,2024-06-14,100016,sip,2834,Haryana,Gurugram,T30,18-25,Male,7.8,UPI,Verified
INV000163,2024-06-14,100033,sip,22062,Uttar Pradesh,Kanpur,B30,46-55,Male,70.4,UPI,Verified
INV002185,2024-06-14,125498,sip,24820,Punjab,Chandigarh,T30,26-35,Male,21.0,Net Banking,Verified
INV003529,2024-06-14,102886,sip,1853,Tamil Nadu,Chennai,T30,36-45,Female,36.6,Net Banking,Verified
INV004392,2024-06-14,120505,redemption,28171,West Bengal,Kolkata,T30,18-25,Male,6.7,Cheque,Verified
INV001658,2024-06-14,102886,sip,5707,Rajasthan,Jaipur,T30,36-45,Female,48.4,Cheque,Verified
INV002940,2024-06-14,118633,lumpsum,365439,Haryana,Faridabad,B30,26-35,Male,18.3,Cheque,Pending
INV002488,2024-06-14,118636,lumpsum,363773,Delhi,Gurugram,T30,26-35,Male,12.2,Net Banking,Pending
INV004106,2024-06-14,101206,sip,3354,Gujarat,Surat,T30,26-35,Male,16.3,Net Banking,Verified
INV002933,2024-06-14,149323,redemption,147110,Madhya Pradesh,Indore,T30,36-45,Female,39.4,Mandate,Verified
INV000314,2024-06-14,101208,redemption,192345,West Bengal,Kolkata,T30,26-35,Male,20.5,Cheque,Verified
INV001569,2024-06-14,149323,sip,2292,Punjab,Chandigarh,T30,46-55,Male,50.1,Mandate,Verified
INV002985,2024-06-14,120844,sip,428,Gujarat,Ahmedabad,T30,36-45,Male,26.4,Cheque,Verified
INV003450,2024-06-14,102887,sip,11565,Maharashtra,Nashik,B30,18-25,Female,4.2,Net Banking,Verified
INV002767,2024-06-14,149322,sip,23779,Madhya Pradesh,Indore,T30,26-35,Male,10.8,Mandate,Pending
INV002441,2024-06-14,125497,redemption,166602,Punjab,Chandigarh,T30,26-35,Male,19.6,Cheque,Verified
INV002043,2024-06-14,101208,lumpsum,287256,Uttar Pradesh,Lucknow,T30,18-25,Male,6.7,Mandate,Verified
INV000922,2024-06-14,100016,sip,5359,Karnataka,Mysore,B30,26-35,Male,22.4,Net Banking,Verified
INV001340,2024-06-14,118633,lumpsum,143745,Karnataka,Mysore,B30,36-45,Male,37.6,Net Banking,Verified
INV000310,2024-06-14,101207,lumpsum,466396,Delhi,Noida,T30,36-45,Male,58.4,Cheque,Verified
INV003742,2024-06-14,149324,redemption,362813,Tamil Nadu,Chennai,T30,56+,Female,53.9,Mandate,Verified
INV001361,2024-06-14,125498,sip,11421,West Bengal,Kolkata,T30,26-35,Female,21.1,Net Banking,Verified
INV002945,2024-06-14,119120,sip,9937,Maharashtra,Nashik,B30,26-35,Male,15.6,Cheque,Verified
INV001866,2024-06-15,119551,sip,13497,Telangana,Hyderabad,T30,36-45,Female,33.9,Cheque,Verified
INV001165,2024-06-15,119094,lumpsum,263157,Delhi,Noida,T30,46-55,Female,48.5,Cheque,Verified
INV004650,2024-06-15,118635,redemption,432942,Punjab,Chandigarh,T30,56+,Male,28.2,Mandate,Verified
INV004262,2024-06-15,118633,sip,599,Uttar Pradesh,Agra,B30,26-35,Male,6.2,Net Banking,Verified
INV002927,2024-06-15,120504,redemption,56072,Punjab,Amritsar,B30,56+,Male,29.1,Mandate,Verified
INV001914,2024-06-15,120504,sip,2671,Delhi,Gurugram,T30,56+,Male,61.9,Cheque,Verified
INV002543,2024-06-15,119552,redemption,121417,Madhya Pradesh,Indore,T30,18-25,Female,7.7,Net Banking,Verified
INV002248,2024-06-15,118636,lumpsum,81118,Delhi,New Delhi,T30,26-35,Male,8.1,Mandate,Verified
INV001917,2024-06-15,102886,sip,2117,Telangana,Hyderabad,T30,26-35,Male,22.9,UPI,Verified
INV000399,2024-06-15,125498,sip,8892,Karnataka,Bangalore,T30,26-35,Male,14.3,UPI,Verified
INV002345,2024-06-15,119552,lumpsum,40835,Uttar Pradesh,Agra,B30,36-45,Male,38.3,UPI,Verified
INV003435,2024-06-15,102885,sip,2117,Maharashtra,Nashik,B30,26-35,Female,17.8,UPI,Verified
INV001026,2024-06-15,119598,sip,4807,Haryana,Gurugram,T30,26-35,Male,12.1,Mandate,Verified
INV004475,2024-06-15,148568,lumpsum,359706,Punjab,Amritsar,B30,26-35,Male,18.2,Cheque,Verified
INV004123,2024-06-15,119094,sip,1955,Haryana,Gurugram,T30,36-45,Male,53.8,Net Banking,Verified
INV001925,2024-06-15,119552,sip,48046,Uttar Pradesh,Kanpur,B30,36-45,Male,20.1,Mandate,Pending
INV004956,2024-06-15,120844,sip,7897,Maharashtra,Mumbai,T30,46-55,Male,62.4,Net Banking,Verified
INV001569,2024-06-15,100016,lumpsum,510446,Punjab,Chandigarh,T30,46-55,Male,50.1,UPI,Verified
INV000180,2024-06-15,120504,sip,4353,Tamil Nadu,Coimbatore,B30,46-55,Female,24.7,Cheque,Verified
INV003300,2024-06-15,120842,sip,2267,Uttar Pradesh,Agra,B30,36-45,Male,13.3,Mandate,Verified
INV004266,2024-06-15,102886,sip,6521,Delhi,New Delhi,T30,36-45,Male,35.9,UPI,Verified
INV002266,2024-06-15,118633,lumpsum,357268,Telangana,Hyderabad,T30,26-35,Male,12.0,Mandate,Verified
INV002149,2024-06-15,101208,sip,4869,Tamil Nadu,Coimbatore,B30,26-35,Male,21.8,UPI,Verified
INV002460,2024-06-15,125497,sip,4792,Madhya Pradesh,Bhopal,B30,36-45,Male,44.8,Net Banking,Verified
INV002228,2024-06-15,120843,lumpsum,431107,Uttar Pradesh,Kanpur,B30,18-25,Male,7.7,Mandate,Pending
INV003310,2024-06-15,102885,sip,9716,Telangana,Hyderabad,T30,26-35,Male,8.0,UPI,Verified
INV004657,2024-06-15,118635,redemption,424638,Madhya Pradesh,Indore,T30,26-35,Female,23.0,Mandate,Verified
INV003187,2024-06-15,102886,sip,2610,Haryana,Faridabad,B30,26-35,Female,21.5,Cheque,Verified
INV004614,2024-06-15,100016,sip,4338,Delhi,New Delhi,T30,18-25,Male,7.7,Mandate,Verified
INV004459,2024-06-15,120844,redemption,13154,Maharashtra,Pune,T30,26-35,Female,9.2,UPI,Verified
INV000645,2024-06-15,119094,sip,581,Karnataka,Bangalore,T30,18-25,Male,3.9,UPI,Verified
INV001794,2024-06-15,125498,sip,48598,Haryana,Gurugram,T30,26-35,Male,23.2,Mandate,Verified
INV001355,2024-06-15,119094,redemption,233008,Tamil Nadu,Chennai,T30,46-55,Female,89.8,UPI,Verified
INV001392,2024-06-15,120507,lumpsum,295921,Rajasthan,Udaipur,B30,26-35,Male,18.5,Net Banking,Verified
INV002925,2024-06-15,119093,sip,21643,West Bengal,Kolkata,T30,36-45,Female,48.6,Net Banking,Pending
INV004131,2024-06-15,148569,sip,502,Uttar Pradesh,Kanpur,B30,26-35,Male,10.3,Cheque,Verified
INV000772,2024-06-15,100033,sip,7415,Karnataka,Bangalore,T30,56+,Female,16.1,Mandate,Verified
INV000371,2024-06-15,125497,sip,8816,Uttar Pradesh,Agra,B30,26-35,Male,14.6,Mandate,Verified
INV000110,2024-06-15,102887,sip,9647,Uttar Pradesh,Agra,B30,46-55,Female,85.3,UPI,Verified
INV001025,2024-06-15,120842,redemption,24580,Maharashtra,Pune,T30,18-25,Male,5.7,Mandate,Verified
INV001573,2024-06-15,148569,lumpsum,433017,Tamil Nadu,Coimbatore,B30,26-35,Male,20.7,Cheque,Verified
INV003220,2024-06-15,120507,lumpsum,409191,Madhya Pradesh,Bhopal,B30,26-35,Male,7.6,Cheque,Verified
INV002206,2024-06-15,119093,lumpsum,527994,Tamil Nadu,Chennai,T30,18-25,Male,7.7,Mandate,Verified
INV001611,2024-06-15,100033,lumpsum,280414,West Bengal,Kolkata,T30,18-25,Female,7.4,Net Banking,Verified
INV004112,2024-06-15,119092,lumpsum,221523,Madhya Pradesh,Bhopal,B30,46-55,Male,30.0,Mandate,Verified
INV002044,2024-06-15,100016,redemption,159501,Gujarat,Ahmedabad,T30,26-35,Female,19.1,UPI,Verified
INV003568,2024-06-15,118634,lumpsum,380994,Tamil Nadu,Chennai,T30,18-25,Female,5.3,Net Banking,Verified
INV004973,2024-06-15,120503,sip,45630,Tamil Nadu,Coimbatore,B30,26-35,Male,11.3,UPI,Verified
INV004711,2024-06-15,149324,sip,2096,Rajasthan,Udaipur,B30,56+,Male,70.9,Mandate,Verified
INV003767,2024-06-15,102887,redemption,355541,Madhya Pradesh,Bhopal,B30,36-45,Female,13.6,Cheque,Verified
INV004764,2024-06-15,118636,sip,504,Punjab,Amritsar,B30,46-55,Female,79.4,UPI,Verified
INV000259,2024-06-15,101207,sip,24533,Tamil Nadu,Coimbatore,B30,36-45,Male,17.2,Net Banking,Verified
INV003418,2024-06-15,149324,sip,17605,Delhi,Gurugram,T30,36-45,Male,22.3,UPI,Verified
INV004555,2024-06-15,149323,sip,8513,Uttar Pradesh,Lucknow,T30,36-45,Female,24.4,Cheque,Verified
INV003238,2024-06-15,119598,redemption,293902,Telangana,Hyderabad,T30,26-35,Male,24.1,Mandate,Verified
INV002051,2024-06-15,120841,lumpsum,108848,Gujarat,Ahmedabad,T30,46-55,Female,56.2,Net Banking,Verified
INV003011,2024-06-15,120504,sip,504,Gujarat,Ahmedabad,T30,18-25,Male,4.4,Mandate,Verified
INV004157,2024-06-15,148569,sip,10914,Madhya Pradesh,Indore,T30,36-45,Male,39.1,Net Banking,Verified
INV004343,2024-06-15,125497,sip,14165,Madhya Pradesh,Bhopal,B30,18-25,Male,7.9,Mandate,Verified
INV003610,2024-06-15,119120,redemption,157486,Delhi,Gurugram,T30,26-35,Male,16.9,Mandate,Verified
INV002051,2024-06-15,125497,redemption,315707,Gujarat,Ahmedabad,T30,46-55,Female,56.2,Net Banking,Pending
INV004362,2024-06-15,101207,sip,1968,West Bengal,Kolkata,T30,26-35,Female,12.1,Net Banking,Verified
INV001603,2024-06-15,125497,sip,2305,Uttar Pradesh,Agra,B30,46-55,Female,53.9,Mandate,Verified
INV000231,2024-06-15,102886,redemption,387395,Rajasthan,Udaipur,B30,26-35,Female,22.9,Net Banking,Verified
INV004290,2024-06-16,120841,redemption,44993,Gujarat,Ahmedabad,T30,46-55,Male,41.9,UPI,Verified
INV004634,2024-06-16,119093,redemption,137763,Tamil Nadu,Chennai,T30,26-35,Male,15.1,Mandate,Verified
INV000091,2024-06-16,120841,lumpsum,521268,Haryana,Gurugram,T30,26-35,Male,14.6,UPI,Verified
INV001553,2024-06-16,119093,lumpsum,193849,Delhi,Noida,T30,26-35,Male,23.5,Cheque,Verified
INV003786,2024-06-16,149324,sip,8371,Rajasthan,Jaipur,T30,36-45,Male,55.0,Mandate,Verified
INV004200,2024-06-16,120505,sip,4787,Rajasthan,Udaipur,B30,36-45,Male,35.9,Cheque,Verified
INV000739,2024-06-16,120844,redemption,301645,Uttar Pradesh,Agra,B30,46-55,Female,97.0,Mandate,Verified
INV002543,2024-06-16,149322,sip,8955,Madhya Pradesh,Indore,T30,18-25,Female,7.7,Net Banking,Verified
INV002664,2024-06-16,101206,sip,8299,Karnataka,Bangalore,T30,26-35,Male,17.3,Net Banking,Verified
INV002295,2024-06-16,102887,lumpsum,251056,Telangana,Hyderabad,T30,26-35,Female,17.9,UPI,Verified
INV004726,2024-06-16,100025,redemption,441411,Karnataka,Bangalore,T30,26-35,Male,16.6,Cheque,Verified
INV000755,2024-06-16,120506,sip,1105,Uttar Pradesh,Agra,B30,26-35,Female,13.1,UPI,Verified
INV004650,2024-06-16,120844,sip,824,Punjab,Chandigarh,T30,56+,Male,28.2,Mandate,Verified
INV003131,2024-06-16,149324,lumpsum,198348,West Bengal,Kolkata,T30,36-45,Female,14.9,Cheque,Verified
INV000125,2024-06-16,119599,sip,494,Tamil Nadu,Coimbatore,B30,36-45,Male,35.6,Cheque,Verified
INV003436,2024-06-16,149323,sip,2344,Maharashtra,Mumbai,T30,36-45,Female,54.4,Mandate,Verified
INV003222,2024-06-16,119599,redemption,101693,Punjab,Amritsar,B30,56+,Female,11.7,Mandate,Verified
INV003732,2024-06-16,118636,lumpsum,375181,West Bengal,Kolkata,T30,36-45,Male,56.1,Mandate,Verified
INV000844,2024-06-16,119120,sip,4505,Gujarat,Surat,T30,26-35,Male,6.5,Cheque,Verified
INV004911,2024-06-16,100025,sip,8598,West Bengal,Kolkata,T30,26-35,Female,9.4,Cheque,Verified
INV003634,2024-06-16,100025,redemption,256008,Punjab,Chandigarh,T30,46-55,Female,87.5,UPI,Verified
INV002704,2024-06-16,101207,redemption,491542,Delhi,Noida,T30,36-45,Female,47.8,Net Banking,Pending
INV000161,2024-06-16,119599,lumpsum,347480,Rajasthan,Jaipur,T30,18-25,Female,6.8,Net Banking,Verified
INV000583,2024-06-16,101206,redemption,15604,Punjab,Amritsar,B30,26-35,Male,8.7,Mandate,Verified
INV002102,2024-06-16,120841,sip,2180,Madhya Pradesh,Bhopal,B30,26-35,Male,9.2,Net Banking,Verified
INV000546,2024-06-16,149323,sip,1732,Karnataka,Mysore,B30,26-35,Male,9.5,Mandate,Verified
INV000217,2024-06-16,118634,redemption,223116,Tamil Nadu,Chennai,T30,56+,Male,50.1,Net Banking,Pending
INV004792,2024-06-16,101208,sip,1044,Tamil Nadu,Chennai,T30,26-35,Male,20.5,Mandate,Verified
INV003089,2024-06-16,101207,sip,552,Uttar Pradesh,Agra,B30,26-35,Male,14.1,Cheque,Verified
INV003830,2024-06-16,100016,sip,10728,Punjab,Amritsar,B30,26-35,Male,17.6,Net Banking,Verified
INV001024,2024-06-16,118633,sip,1806,Uttar Pradesh,Agra,B30,18-25,Female,6.7,Cheque,Verified
INV004147,2024-06-16,120844,sip,2664,Madhya Pradesh,Bhopal,B30,26-35,Female,10.1,Mandate,Verified
INV003615,2024-06-16,120844,sip,16937,Rajasthan,Jaipur,T30,36-45,Male,32.6,Mandate,Verified
INV003258,2024-06-16,102885,sip,2883,Rajasthan,Udaipur,B30,26-35,Male,14.7,Mandate,Verified
INV001194,2024-06-16,149322,sip,15195,Karnataka,Bangalore,T30,18-25,Male,7.7,Net Banking,Verified
INV003160,2024-06-16,119598,sip,21346,Delhi,Gurugram,T30,26-35,Male,24.9,Mandate,Verified
INV004783,2024-06-16,148568,lumpsum,418094,Tamil Nadu,Coimbatore,B30,36-45,Male,39.0,Cheque,Verified
INV003630,2024-06-16,118633,sip,15296,Karnataka,Bangalore,T30,18-25,Female,4.9,Net Banking,Verified
INV004833,2024-06-16,149323,lumpsum,98874,Madhya Pradesh,Bhopal,B30,26-35,Female,16.5,Net Banking,Pending
INV002095,2024-06-16,125497,lumpsum,79095,Punjab,Amritsar,B30,26-35,Male,9.2,Mandate,Verified
INV004643,2024-06-16,119095,sip,11998,Delhi,Noida,T30,26-35,Female,12.4,Mandate,Verified
INV003579,2024-06-16,118633,redemption,7137,West Bengal,Kolkata,T30,18-25,Male,4.6,UPI,Verified
INV004232,2024-06-16,118632,redemption,320856,Tamil Nadu,Chennai,T30,26-35,Male,19.0,UPI,Verified
INV004230,2024-06-16,148568,lumpsum,327942,Karnataka,Bangalore,T30,18-25,Female,7.4,Net Banking,Verified
INV001500,2024-06-16,149323,sip,559,Maharashtra,Pune,T30,26-35,Female,6.5,Net Banking,Verified
INV000440,2024-06-16,120504,lumpsum,256675,Uttar Pradesh,Agra,B30,18-25,Male,6.7,Net Banking,Verified
INV004758,2024-06-16,119552,redemption,83951,Punjab,Amritsar,B30,18-25,Female,4.4,Net Banking,Verified
INV004756,2024-06-16,100016,sip,4958,Gujarat,Surat,T30,46-55,Male,41.1,Net Banking,Verified
INV003065,2024-06-16,119093,lumpsum,230501,Uttar Pradesh,Kanpur,B30,46-55,Male,27.9,UPI,Verified
INV000163,2024-06-16,148569,lumpsum,437171,Uttar Pradesh,Kanpur,B30,46-55,Male,70.4,Cheque,Verified
INV003766,2024-06-16,120842,sip,17085,West Bengal,Kolkata,T30,36-45,Male,52.3,UPI,Verified
INV001978,2024-06-16,119598,sip,10528,Telangana,Hyderabad,T30,36-45,Male,15.5,Net Banking,Verified
INV001355,2024-06-16,101208,sip,10784,Tamil Nadu,Chennai,T30,46-55,Female,89.8,Mandate,Pending
INV004179,2024-06-16,101207,sip,5584,Maharashtra,Pune,T30,26-35,Female,19.3,Net Banking,Verified
INV000846,2024-06-16,102887,lumpsum,428517,Rajasthan,Udaipur,B30,26-35,Female,21.7,UPI,Verified
INV000578,2024-06-16,125498,sip,4593,Maharashtra,Nashik,B30,26-35,Male,10.9,Cheque,Pending
INV003012,2024-06-16,119552,sip,1095,Madhya Pradesh,Indore,T30,36-45,Male,41.8,UPI,Pending
INV003658,2024-06-16,120506,redemption,79127,West Bengal,Kolkata,T30,26-35,Male,6.3,UPI,Verified
INV004363,2024-06-16,125498,sip,2065,Delhi,Noida,T30,26-35,Male,20.5,Mandate,Pending
INV002881,2024-06-16,120842,redemption,341691,Uttar Pradesh,Agra,B30,26-35,Female,11.4,Net Banking,Pending
INV004996,2024-06-16,119092,sip,7402,Delhi,New Delhi,T30,46-55,Male,87.8,Net Banking,Verified
INV003009,2024-06-16,102887,sip,578,Karnataka,Bangalore,T30,26-35,Male,20.1,Net Banking,Verified
INV000079,2024-06-16,148568,redemption,28793,Gujarat,Surat,T30,26-35,Male,17.0,UPI,Verified
INV003878,2024-06-17,100033,sip,10739,Haryana,Gurugram,T30,56+,Male,27.9,Mandate,Verified
INV000115,2024-06-17,120504,sip,3461,Tamil Nadu,Coimbatore,B30,36-45,Male,16.6,Cheque,Verified
INV004968,2024-06-17,119120,sip,2371,Delhi,Noida,T30,26-35,Male,22.2,UPI,Pending
INV000260,2024-06-17,149322,redemption,315295,Delhi,Gurugram,T30,18-25,Male,4.1,Cheque,Verified
INV000524,2024-06-17,148567,lumpsum,533907,West Bengal,Kolkata,T30,56+,Male,37.4,UPI,Verified
INV003911,2024-06-17,101206,sip,5981,Telangana,Hyderabad,T30,36-45,Male,21.5,Net Banking,Verified
INV000262,2024-06-17,120843,lumpsum,265822,Telangana,Hyderabad,T30,36-45,Male,47.6,UPI,Verified
INV003227,2024-06-17,120841,redemption,324646,Maharashtra,Mumbai,T30,36-45,Male,41.8,Net Banking,Verified
INV003187,2024-06-17,119120,sip,9711,Haryana,Faridabad,B30,26-35,Female,21.5,Mandate,Verified
INV002216,2024-06-17,119120,sip,48168,Maharashtra,Mumbai,T30,46-55,Male,26.5,Net Banking,Verified
INV003225,2024-06-17,118632,sip,812,West Bengal,Kolkata,T30,26-35,Male,9.2,Mandate,Verified
INV002073,2024-06-17,120844,redemption,83454,Uttar Pradesh,Kanpur,B30,56+,Male,73.1,Cheque,Verified
INV003298,2024-06-17,119094,sip,406,Gujarat,Surat,T30,26-35,Male,12.4,Mandate,Verified
INV003582,2024-06-17,119599,sip,26871,Uttar Pradesh,Kanpur,B30,36-45,Male,43.1,Mandate,Verified
INV004755,2024-06-17,101208,sip,16861,Uttar Pradesh,Agra,B30,18-25,Female,6.5,UPI,Verified
INV000841,2024-06-17,100016,sip,6062,Maharashtra,Mumbai,T30,36-45,Male,56.5,Mandate,Verified
INV000843,2024-06-17,118632,redemption,268259,Maharashtra,Mumbai,T30,26-35,Male,10.2,Net Banking,Verified
INV003460,2024-06-17,149322,lumpsum,314747,Delhi,New Delhi,T30,26-35,Male,14.6,Net Banking,Pending
INV000980,2024-06-17,148567,sip,53594,West Bengal,Kolkata,T30,18-25,Female,7.3,Cheque,Verified
INV000826,2024-06-17,148568,lumpsum,339880,Madhya Pradesh,Bhopal,B30,36-45,Female,44.3,UPI,Verified
INV003949,2024-06-17,120842,sip,26124,Madhya Pradesh,Bhopal,B30,56+,Male,54.8,Net Banking,Verified
INV002553,2024-06-17,101208,redemption,398575,Gujarat,Ahmedabad,T30,36-45,Female,47.8,Mandate,Verified
INV001039,2024-06-17,148567,lumpsum,121088,Gujarat,Surat,T30,36-45,Male,12.8,Net Banking,Verified
INV003074,2024-06-17,120842,lumpsum,194766,Haryana,Faridabad,B30,26-35,Male,8.3,Net Banking,Verified
INV003496,2024-06-17,120842,sip,1685,Telangana,Hyderabad,T30,26-35,Male,14.9,UPI,Verified
INV001658,2024-06-17,149322,lumpsum,78808,Rajasthan,Jaipur,T30,36-45,Female,48.4,Cheque,Verified
INV002261,2024-06-17,118636,lumpsum,428588,Uttar Pradesh,Kanpur,B30,18-25,Male,5.0,UPI,Verified
INV002458,2024-06-17,120842,sip,457,West Bengal,Kolkata,T30,18-25,Male,7.1,Net Banking,Verified
INV001857,2024-06-17,100025,lumpsum,458631,Tamil Nadu,Chennai,T30,26-35,Male,24.0,Cheque,Verified
INV002147,2024-06-17,102886,lumpsum,454649,Madhya Pradesh,Bhopal,B30,26-35,Male,14.4,Mandate,Verified
INV002119,2024-06-17,118636,lumpsum,6409,Tamil Nadu,Coimbatore,B30,26-35,Female,11.8,UPI,Verified
INV003078,2024-06-17,101208,sip,953,Haryana,Gurugram,T30,36-45,Male,57.5,UPI,Pending
INV002932,2024-06-17,119092,sip,1100,Haryana,Gurugram,T30,36-45,Female,28.4,Cheque,Verified
INV000052,2024-06-17,149324,redemption,304131,Tamil Nadu,Coimbatore,B30,26-35,Male,19.1,Cheque,Verified
INV002570,2024-06-17,119120,sip,4862,Punjab,Chandigarh,T30,36-45,Male,55.3,Mandate,Pending
INV003713,2024-06-17,120844,sip,20699,West Bengal,Kolkata,T30,36-45,Female,29.9,UPI,Verified
INV004934,2024-06-17,102885,redemption,98070,West Bengal,Kolkata,T30,26-35,Female,22.0,Net Banking,Pending
INV004817,2024-06-17,149324,lumpsum,203604,Haryana,Faridabad,B30,26-35,Male,20.4,Cheque,Verified
INV004247,2024-06-17,118632,sip,6156,Tamil Nadu,Chennai,T30,18-25,Male,4.9,UPI,Verified
INV001020,2024-06-17,119551,redemption,240304,Maharashtra,Mumbai,T30,26-35,Female,13.5,UPI,Verified
INV004038,2024-06-17,102887,lumpsum,289572,Gujarat,Surat,T30,26-35,Female,24.6,UPI,Verified
INV004887,2024-06-17,125497,sip,2825,Gujarat,Surat,T30,56+,Female,79.4,Mandate,Verified
INV001822,2024-06-17,149323,sip,4568,Gujarat,Ahmedabad,T30,36-45,Male,59.6,Net Banking,Verified
INV001778,2024-06-17,100025,lumpsum,4590,Maharashtra,Mumbai,T30,26-35,Male,9.7,UPI,Verified
INV000023,2024-06-17,119599,lumpsum,238238,West Bengal,Kolkata,T30,46-55,Female,61.9,Net Banking,Verified
INV003800,2024-06-17,125497,sip,919,Madhya Pradesh,Bhopal,B30,26-35,Male,18.8,UPI,Verified
INV000458,2024-06-17,118634,lumpsum,409942,Rajasthan,Udaipur,B30,56+,Male,18.9,Cheque,Verified
INV003616,2024-06-17,120503,sip,2646,Rajasthan,Jaipur,T30,36-45,Female,14.0,Mandate,Pending
INV002718,2024-06-17,101208,sip,2369,Telangana,Hyderabad,T30,36-45,Male,15.6,UPI,Verified
INV004563,2024-06-17,119552,sip,2655,Gujarat,Surat,T30,46-55,Female,32.2,Mandate,Verified
INV000325,2024-06-17,118634,sip,8377,Haryana,Faridabad,B30,26-35,Male,20.9,Cheque,Verified
INV004917,2024-06-17,125498,sip,7081,Uttar Pradesh,Kanpur,B30,26-35,Male,18.3,Cheque,Verified
INV000935,2024-06-17,119552,redemption,309634,Telangana,Hyderabad,T30,36-45,Male,14.6,Net Banking,Verified
INV003207,2024-06-17,120503,sip,1189,Rajasthan,Jaipur,T30,46-55,Male,48.9,Cheque,Verified
INV001090,2024-06-17,148568,sip,26171,Karnataka,Bangalore,T30,46-55,Male,45.9,Net Banking,Verified
INV003752,2024-06-17,120843,sip,881,Uttar Pradesh,Lucknow,T30,46-55,Male,24.4,UPI,Verified
INV003302,2024-06-17,148569,redemption,63747,Uttar Pradesh,Lucknow,T30,18-25,Male,3.0,Mandate,Verified
INV001990,2024-06-17,120505,sip,1164,Punjab,Amritsar,B30,26-35,Male,9.3,Cheque,Verified
INV003360,2024-06-17,148568,sip,1722,Madhya Pradesh,Indore,T30,26-35,Female,19.5,Cheque,Verified
INV002397,2024-06-17,120506,sip,15823,Tamil Nadu,Coimbatore,B30,26-35,Male,20.2,UPI,Verified
INV004656,2024-06-17,149322,sip,4467,Haryana,Gurugram,T30,18-25,Male,4.7,Cheque,Verified
INV002168,2024-06-17,148568,lumpsum,12498,Rajasthan,Jaipur,T30,36-45,Male,34.9,Cheque,Verified
INV004995,2024-06-17,120843,redemption,207357,West Bengal,Kolkata,T30,36-45,Male,53.0,Mandate,Pending
INV003426,2024-06-17,118636,sip,887,Karnataka,Bangalore,T30,46-55,Male,27.8,UPI,Verified
INV004346,2024-06-17,125498,lumpsum,388408,Tamil Nadu,Coimbatore,B30,26-35,Male,19.4,Net Banking,Verified
INV004347,2024-06-17,118634,redemption,287101,West Bengal,Kolkata,T30,36-45,Male,20.5,Mandate,Verified
INV004145,2024-06-17,148569,redemption,356101,Gujarat,Surat,T30,18-25,Male,4.9,Cheque,Verified
INV000432,2024-06-17,120506,sip,21182,Maharashtra,Pune,T30,18-25,Female,6.7,UPI,Verified
INV000849,2024-06-17,118633,lumpsum,38328,Delhi,Gurugram,T30,56+,Female,32.5,Net Banking,Verified
INV000586,2024-06-17,100016,lumpsum,389388,West Bengal,Kolkata,T30,36-45,Male,43.8,Mandate,Verified
INV002813,2024-06-17,120842,lumpsum,86537,Punjab,Chandigarh,T30,26-35,Male,13.5,Cheque,Verified
INV001157,2024-06-17,118633,redemption,341942,Tamil Nadu,Coimbatore,B30,36-45,Female,23.0,Net Banking,Verified
INV003369,2024-06-17,119551,lumpsum,246861,Delhi,Noida,T30,26-35,Male,21.4,UPI,Verified
INV004203,2024-06-17,148567,lumpsum,99497,Madhya Pradesh,Indore,T30,18-25,Male,7.9,Net Banking,Verified
INV003824,2024-06-17,118634,sip,2361,Telangana,Hyderabad,T30,26-35,Male,9.4,Net Banking,Pending
INV003569,2024-06-17,119598,sip,22565,Delhi,Gurugram,T30,46-55,Male,65.1,Mandate,Verified
INV000743,2024-06-17,118632,sip,4100,Telangana,Hyderabad,T30,26-35,Male,22.8,UPI,Verified
INV001662,2024-06-18,120504,sip,3139,Delhi,Gurugram,T30,36-45,Male,45.6,Net Banking,Verified
INV003865,2024-06-18,149324,redemption,86900,Gujarat,Ahmedabad,T30,18-25,Female,3.3,Mandate,Verified
INV004948,2024-06-18,118635,sip,5160,Madhya Pradesh,Indore,T30,56+,Male,54.1,UPI,Verified
INV001725,2024-06-18,120507,lumpsum,172917,Tamil Nadu,Coimbatore,B30,36-45,Male,30.0,UPI,Verified
INV001856,2024-06-18,102887,lumpsum,226727,Delhi,New Delhi,T30,36-45,Female,43.5,Mandate,Verified
INV000274,2024-06-18,119120,sip,2310,Uttar Pradesh,Kanpur,B30,26-35,Male,23.7,UPI,Pending
INV004826,2024-06-18,119094,sip,2254,Tamil Nadu,Coimbatore,B30,26-35,Male,14.7,UPI,Verified
INV003458,2024-06-18,148569,sip,534,Gujarat,Surat,T30,36-45,Male,21.3,UPI,Verified
INV004084,2024-06-18,119095,sip,8089,Telangana,Hyderabad,T30,26-35,Male,9.9,Mandate,Verified
INV002007,2024-06-18,100033,sip,1765,Haryana,Faridabad,B30,18-25,Male,4.2,Cheque,Verified
INV001314,2024-06-18,119599,sip,2156,Gujarat,Ahmedabad,T30,26-35,Female,19.2,Net Banking,Verified
INV000260,2024-06-18,119092,lumpsum,292529,Delhi,Gurugram,T30,18-25,Male,4.1,Cheque,Verified
INV000498,2024-06-18,101208,lumpsum,522624,Telangana,Hyderabad,T30,26-35,Female,22.1,Net Banking,Verified
INV003074,2024-06-18,119598,sip,17965,Haryana,Faridabad,B30,26-35,Male,8.3,Net Banking,Verified
INV002198,2024-06-18,120842,sip,2410,Delhi,Gurugram,T30,36-45,Female,43.3,Net Banking,Verified
INV002342,2024-06-18,120506,sip,28742,Maharashtra,Mumbai,T30,26-35,Male,15.8,Cheque,Verified
INV004724,2024-06-18,100025,redemption,172709,Telangana,Hyderabad,T30,26-35,Male,24.1,Cheque,Verified
INV003073,2024-06-18,100025,redemption,75754,Punjab,Amritsar,B30,26-35,Male,11.9,Cheque,Pending
INV002683,2024-06-18,119092,sip,47269,Haryana,Faridabad,B30,26-35,Male,9.7,Mandate,Verified
INV001166,2024-06-18,119095,lumpsum,345000,Punjab,Chandigarh,T30,26-35,Male,21.4,Mandate,Verified
INV001794,2024-06-18,102885,sip,45362,Haryana,Gurugram,T30,26-35,Male,23.2,Cheque,Verified
INV002349,2024-06-18,118634,sip,3109,Punjab,Amritsar,B30,26-35,Female,9.6,Mandate,Verified
INV003060,2024-06-18,118634,sip,1023,Rajasthan,Jaipur,T30,56+,Female,16.6,Mandate,Pending
INV000155,2024-06-18,100016,sip,2876,Madhya Pradesh,Bhopal,B30,26-35,Female,17.4,Cheque,Verified
INV000585,2024-06-18,119552,sip,48997,Telangana,Hyderabad,T30,46-55,Female,47.0,Cheque,Verified
INV001143,2024-06-18,120504,sip,23107,Delhi,Noida,T30,26-35,Male,10.7,Mandate,Pending
INV001705,2024-06-18,120843,lumpsum,461240,Haryana,Faridabad,B30,46-55,Male,84.3,Mandate,Verified
INV000676,2024-06-18,119093,sip,6361,Rajasthan,Udaipur,B30,56+,Male,71.7,Mandate,Pending
INV002033,2024-06-18,101206,sip,12697,Gujarat,Ahmedabad,T30,46-55,Male,18.9,Net Banking,Verified
INV002557,2024-06-18,119599,sip,2299,West Bengal,Kolkata,T30,26-35,Female,18.2,UPI,Verified
INV003477,2024-06-18,118633,redemption,360882,Delhi,Gurugram,T30,36-45,Female,23.1,Mandate,Verified
INV001602,2024-06-18,119598,redemption,349486,West Bengal,Kolkata,T30,36-45,Male,27.0,UPI,Verified
INV001938,2024-06-18,102886,lumpsum,159439,Karnataka,Mysore,B30,26-35,Male,17.4,Mandate,Verified
INV002868,2024-06-18,101207,lumpsum,450661,Gujarat,Ahmedabad,T30,26-35,Female,24.7,Mandate,Verified
INV000319,2024-06-18,102885,lumpsum,285668,Maharashtra,Mumbai,T30,56+,Male,74.8,Cheque,Verified
INV000678,2024-06-18,118636,lumpsum,451114,Gujarat,Surat,T30,26-35,Male,19.1,Cheque,Pending
INV002919,2024-06-18,149324,sip,2727,Maharashtra,Mumbai,T30,18-25,Female,7.7,Cheque,Verified
INV003736,2024-06-18,125497,lumpsum,232523,Karnataka,Mysore,B30,18-25,Male,4.9,Net Banking,Verified
INV000016,2024-06-18,100025,sip,28090,Tamil Nadu,Chennai,T30,26-35,Female,21.0,Cheque,Verified
INV000236,2024-06-18,102887,sip,1680,Karnataka,Bangalore,T30,36-45,Male,26.2,Net Banking,Verified
INV002564,2024-06-18,118635,sip,6737,Maharashtra,Pune,T30,18-25,Male,5.6,Mandate,Verified
INV000043,2024-06-18,100016,lumpsum,113513,Madhya Pradesh,Indore,T30,26-35,Male,23.7,UPI,Verified
INV003584,2024-06-18,149324,redemption,121087,Punjab,Amritsar,B30,26-35,Male,12.6,Cheque,Verified
INV000718,2024-06-18,120841,sip,868,Delhi,Gurugram,T30,26-35,Male,10.8,Mandate,Verified
INV000768,2024-06-18,148567,sip,10366,Delhi,Noida,T30,56+,Male,12.2,Mandate,Verified
INV004049,2024-06-18,118633,lumpsum,82252,Gujarat,Ahmedabad,T30,36-45,Male,31.1,Net Banking,Verified
INV004049,2024-06-18,125497,lumpsum,283761,Gujarat,Ahmedabad,T30,36-45,Male,31.1,UPI,Verified
INV000709,2024-06-18,119095,sip,47744,Telangana,Hyderabad,T30,26-35,Female,13.6,Mandate,Verified
INV003158,2024-06-18,118632,sip,2410,Karnataka,Mysore,B30,26-35,Male,21.1,UPI,Pending
INV002726,2024-06-18,119093,sip,2514,Gujarat,Ahmedabad,T30,36-45,Male,16.9,Cheque,Verified
INV002749,2024-06-18,119093,lumpsum,365539,West Bengal,Kolkata,T30,46-55,Female,58.7,Net Banking,Verified
INV003647,2024-06-18,118635,sip,2973,Haryana,Faridabad,B30,56+,Male,57.2,UPI,Verified
INV004486,2024-06-18,149323,lumpsum,423506,Uttar Pradesh,Agra,B30,26-35,Male,14.4,UPI,Verified
INV003597,2024-06-18,149322,lumpsum,65461,Punjab,Chandigarh,T30,18-25,Male,5.6,Mandate,Verified
INV000212,2024-06-18,102887,sip,5127,Rajasthan,Udaipur,B30,36-45,Male,54.3,Net Banking,Verified
INV004128,2024-06-18,102886,sip,2110,Haryana,Faridabad,B30,18-25,Male,3.3,Cheque,Verified
INV004032,2024-06-18,102887,sip,948,West Bengal,Kolkata,T30,46-55,Male,55.5,Net Banking,Verified
INV001458,2024-06-18,102887,lumpsum,21064,Tamil Nadu,Coimbatore,B30,46-55,Male,34.9,Mandate,Verified
INV003031,2024-06-18,120844,redemption,390923,Karnataka,Bangalore,T30,18-25,Male,7.7,UPI,Verified
INV003400,2024-06-18,119092,lumpsum,218309,Tamil Nadu,Coimbatore,B30,36-45,Female,15.0,Cheque,Verified
INV000587,2024-06-18,100033,lumpsum,68094,Punjab,Chandigarh,T30,26-35,Male,15.5,UPI,Verified
INV004298,2024-06-18,148569,sip,8645,Gujarat,Ahmedabad,T30,36-45,Female,55.5,Net Banking,Verified
INV004880,2024-06-18,102887,sip,47433,Punjab,Chandigarh,T30,26-35,Male,6.3,Cheque,Verified
INV001282,2024-06-18,148567,sip,27853,West Bengal,Kolkata,T30,18-25,Female,5.2,Net Banking,Verified
INV004901,2024-06-18,125498,sip,598,Haryana,Gurugram,T30,26-35,Female,10.8,Mandate,Verified
INV003380,2024-06-18,118633,sip,6385,Delhi,Noida,T30,36-45,Male,21.0,Mandate,Verified
INV002736,2024-06-18,119598,lumpsum,403095,Karnataka,Mysore,B30,18-25,Female,6.2,Net Banking,Verified
INV002170,2024-06-18,101208,sip,418,Delhi,New Delhi,T30,26-35,Female,14.7,UPI,Verified
INV001629,2024-06-18,120505,sip,8622,Madhya Pradesh,Indore,T30,26-35,Male,15.0,Mandate,Verified
INV001420,2024-06-18,100025,lumpsum,117285,Rajasthan,Jaipur,T30,36-45,Male,32.2,Net Banking,Verified
INV002890,2024-06-18,149324,redemption,308580,Rajasthan,Jaipur,T30,36-45,Female,49.2,Mandate,Verified
INV003288,2024-06-18,119599,lumpsum,434049,Punjab,Chandigarh,T30,56+,Male,57.9,Net Banking,Verified
INV000073,2024-06-18,119093,sip,532,Punjab,Amritsar,B30,18-25,Male,5.5,Net Banking,Verified
INV000624,2024-06-18,120507,sip,28225,West Bengal,Kolkata,T30,56+,Male,79.6,Net Banking,Verified
INV004004,2024-06-18,119598,sip,6982,Delhi,Gurugram,T30,18-25,Male,3.1,Mandate,Verified
INV002159,2024-06-18,119093,sip,21509,Haryana,Gurugram,T30,26-35,Male,7.0,Cheque,Verified
INV003561,2024-06-18,125498,sip,48622,West Bengal,Kolkata,T30,26-35,Male,22.0,Mandate,Verified
INV002499,2024-06-18,119092,redemption,219472,Gujarat,Surat,T30,26-35,Male,23.0,Cheque,Verified
INV000094,2024-06-18,120842,redemption,338043,West Bengal,Kolkata,T30,18-25,Male,3.7,Cheque,Verified
INV002591,2024-06-19,149323,sip,5677,Gujarat,Ahmedabad,T30,18-25,Male,3.7,UPI,Verified
INV000203,2024-06-19,120505,redemption,455954,Maharashtra,Nashik,B30,26-35,Male,16.0,UPI,Verified
INV003408,2024-06-19,101206,sip,848,West Bengal,Kolkata,T30,18-25,Male,6.1,Net Banking,Verified
INV003844,2024-06-19,119598,sip,11217,Maharashtra,Nashik,B30,26-35,Female,15.9,Net Banking,Verified
INV003256,2024-06-19,149324,redemption,223077,Punjab,Amritsar,B30,46-55,Male,26.0,UPI,Verified
INV000614,2024-06-19,120844,lumpsum,432337,Rajasthan,Udaipur,B30,26-35,Male,6.1,UPI,Verified
INV001758,2024-06-19,120503,redemption,175518,Gujarat,Surat,T30,18-25,Female,7.9,Cheque,Verified
INV001062,2024-06-19,125498,lumpsum,395511,Karnataka,Bangalore,T30,26-35,Male,21.1,Mandate,Verified
INV002868,2024-06-19,101208,sip,55333,Gujarat,Ahmedabad,T30,26-35,Female,24.7,Cheque,Verified
INV000481,2024-06-19,119551,lumpsum,459774,Madhya Pradesh,Bhopal,B30,26-35,Female,13.4,Cheque,Verified
INV004112,2024-06-19,118634,sip,12974,Madhya Pradesh,Bhopal,B30,46-55,Male,30.0,Mandate,Verified
INV001597,2024-06-19,119094,sip,15773,West Bengal,Kolkata,T30,36-45,Male,46.1,Mandate,Verified
INV002551,2024-06-19,149322,sip,6425,West Bengal,Kolkata,T30,18-25,Female,5.9,Mandate,Verified
INV000477,2024-06-19,101206,lumpsum,165692,Uttar Pradesh,Lucknow,T30,18-25,Female,5.3,Cheque,Verified
INV001077,2024-06-19,149322,lumpsum,149562,Uttar Pradesh,Lucknow,T30,26-35,Male,6.4,Net Banking,Verified
INV004297,2024-06-19,101208,sip,3142,Karnataka,Bangalore,T30,36-45,Female,19.5,Net Banking,Verified
INV003455,2024-06-19,119093,lumpsum,344608,Tamil Nadu,Coimbatore,B30,46-55,Male,40.2,UPI,Verified
INV004104,2024-06-19,118634,sip,25544,Tamil Nadu,Coimbatore,B30,26-35,Male,10.5,Cheque,Verified
INV000493,2024-06-19,101208,sip,8157,Punjab,Chandigarh,T30,18-25,Male,4.2,Cheque,Verified
INV002260,2024-06-19,120506,lumpsum,509484,Telangana,Hyderabad,T30,26-35,Female,10.1,Mandate,Verified
INV000208,2024-06-19,118636,sip,2572,Gujarat,Surat,T30,36-45,Male,28.3,Net Banking,Verified
INV002563,2024-06-19,125497,sip,4248,Madhya Pradesh,Indore,T30,18-25,Female,6.8,Net Banking,Verified
INV004963,2024-06-19,119551,sip,2575,Delhi,Noida,T30,36-45,Female,59.6,Mandate,Pending
INV003321,2024-06-19,149324,lumpsum,255275,Karnataka,Bangalore,T30,46-55,Male,22.5,UPI,Verified
INV003480,2024-06-19,120505,lumpsum,348140,Madhya Pradesh,Bhopal,B30,26-35,Male,24.4,Net Banking,Verified
INV002508,2024-06-19,102887,sip,4299,West Bengal,Kolkata,T30,46-55,Male,60.8,UPI,Verified
INV002721,2024-06-19,118633,sip,818,Tamil Nadu,Chennai,T30,46-55,Female,25.7,Mandate,Verified
INV002080,2024-06-19,101207,lumpsum,45148,Tamil Nadu,Coimbatore,B30,26-35,Male,21.3,Cheque,Verified
INV000524,2024-06-19,120842,sip,42984,West Bengal,Kolkata,T30,56+,Male,37.4,Mandate,Verified
INV003660,2024-06-19,120842,sip,2573,Delhi,Noida,T30,26-35,Male,6.8,Cheque,Verified
INV003121,2024-06-19,119598,lumpsum,88609,Telangana,Hyderabad,T30,36-45,Male,13.7,Cheque,Verified
INV002894,2024-06-19,118636,sip,418,Delhi,Noida,T30,26-35,Male,10.4,Net Banking,Verified
INV003329,2024-06-19,120843,redemption,297429,Madhya Pradesh,Indore,T30,56+,Male,25.2,Net Banking,Verified
INV000713,2024-06-19,148567,sip,44050,Delhi,Noida,T30,36-45,Female,23.7,Mandate,Pending
INV001377,2024-06-19,149324,sip,4991,Maharashtra,Mumbai,T30,56+,Female,64.7,Net Banking,Verified
INV002495,2024-06-19,118636,sip,535,Maharashtra,Nashik,B30,26-35,Male,6.6,Cheque,Verified
INV003352,2024-06-19,120504,sip,1114,Maharashtra,Mumbai,T30,36-45,Male,59.3,Mandate,Verified
INV003396,2024-06-19,119095,sip,1005,Karnataka,Mysore,B30,26-35,Male,23.4,Net Banking,Verified
INV003298,2024-06-19,148567,lumpsum,459443,Gujarat,Surat,T30,26-35,Male,12.4,UPI,Verified
INV003095,2024-06-19,119598,lumpsum,268873,Madhya Pradesh,Bhopal,B30,18-25,Male,5.1,UPI,Verified
INV001374,2024-06-19,120843,redemption,20108,Madhya Pradesh,Indore,T30,36-45,Male,14.2,Mandate,Verified
INV003250,2024-06-19,120842,redemption,381882,Gujarat,Ahmedabad,T30,26-35,Male,11.3,UPI,Verified
INV003371,2024-06-19,118633,redemption,223402,Maharashtra,Pune,T30,26-35,Female,14.8,Net Banking,Verified
INV000129,2024-06-19,101207,sip,6065,Punjab,Amritsar,B30,26-35,Female,21.4,Net Banking,Verified
INV004035,2024-06-19,119599,sip,527,Gujarat,Ahmedabad,T30,26-35,Male,12.2,Mandate,Verified
INV000224,2024-06-19,119094,redemption,183108,Telangana,Hyderabad,T30,26-35,Male,23.6,Cheque,Verified
INV000326,2024-06-19,119093,lumpsum,141055,Madhya Pradesh,Bhopal,B30,26-35,Female,11.0,Cheque,Verified
INV003678,2024-06-19,148568,lumpsum,377130,Gujarat,Ahmedabad,T30,26-35,Male,6.6,Net Banking,Verified
INV000383,2024-06-19,119551,redemption,18488,Telangana,Hyderabad,T30,26-35,Female,23.4,UPI,Verified
INV000062,2024-06-19,101208,lumpsum,398495,Haryana,Faridabad,B30,46-55,Male,22.9,UPI,Verified
INV003851,2024-06-19,102886,sip,7271,Karnataka,Bangalore,T30,46-55,Male,60.6,Mandate,Verified
INV002847,2024-06-19,120506,sip,423,Haryana,Faridabad,B30,26-35,Male,13.4,UPI,Verified
INV003862,2024-06-19,118634,sip,596,Madhya Pradesh,Indore,T30,26-35,Male,17.0,Cheque,Verified
INV000372,2024-06-19,148567,sip,2779,Gujarat,Surat,T30,36-45,Male,12.4,Cheque,Verified
INV004316,2024-06-19,100025,sip,17724,Karnataka,Bangalore,T30,46-55,Male,79.5,Cheque,Verified
INV002009,2024-06-19,100025,sip,12577,Telangana,Hyderabad,T30,36-45,Female,57.5,Cheque,Verified
INV002828,2024-06-19,100016,lumpsum,137255,West Bengal,Kolkata,T30,26-35,Male,21.8,Mandate,Verified
INV002502,2024-06-19,102886,sip,2867,Tamil Nadu,Coimbatore,B30,26-35,Male,23.6,Cheque,Verified
INV004142,2024-06-19,120841,sip,6388,West Bengal,Kolkata,T30,26-35,Male,12.0,Cheque,Verified
INV002603,2024-06-19,100025,lumpsum,435941,Haryana,Gurugram,T30,36-45,Male,28.4,Net Banking,Verified
INV001987,2024-06-19,148568,sip,7236,Tamil Nadu,Coimbatore,B30,18-25,Male,7.2,Cheque,Verified
INV002036,2024-06-19,120505,sip,15197,Madhya Pradesh,Indore,T30,26-35,Male,23.2,Mandate,Verified
INV003167,2024-06-19,118632,sip,5832,Telangana,Hyderabad,T30,26-35,Male,19.8,Mandate,Verified
INV000861,2024-06-19,125498,sip,2095,Uttar Pradesh,Lucknow,T30,18-25,Male,4.2,Mandate,Verified
INV000399,2024-06-19,120842,sip,809,Karnataka,Bangalore,T30,26-35,Male,14.3,Cheque,Verified
INV004007,2024-06-19,119093,sip,2592,Delhi,New Delhi,T30,18-25,Female,4.5,Cheque,Verified
INV000648,2024-06-19,148569,sip,7944,Uttar Pradesh,Kanpur,B30,18-25,Female,5.8,Cheque,Verified
INV003869,2024-06-19,120507,lumpsum,259710,Maharashtra,Mumbai,T30,18-25,Male,5.0,Cheque,Verified
INV004187,2024-06-19,120841,redemption,5146,Haryana,Gurugram,T30,18-25,Male,5.6,Cheque,Verified
INV003168,2024-06-19,102885,redemption,25093,Uttar Pradesh,Lucknow,T30,18-25,Male,5.1,Cheque,Verified
INV004297,2024-06-19,119599,sip,13903,Karnataka,Bangalore,T30,36-45,Female,19.5,Cheque,Pending
INV002643,2024-06-19,148568,lumpsum,141880,Telangana,Hyderabad,T30,36-45,Male,29.2,Mandate,Verified
INV004376,2024-06-20,102885,sip,517,West Bengal,Kolkata,T30,46-55,Female,92.6,Mandate,Verified
INV001116,2024-06-20,118636,sip,4163,Haryana,Faridabad,B30,36-45,Male,17.8,Net Banking,Verified
INV003044,2024-06-20,149322,sip,2682,West Bengal,Kolkata,T30,18-25,Female,3.2,UPI,Verified
INV001954,2024-06-20,100016,lumpsum,209359,Uttar Pradesh,Agra,B30,26-35,Male,15.6,Net Banking,Verified
INV001849,2024-06-20,120505,sip,46968,Gujarat,Ahmedabad,T30,36-45,Female,49.3,Cheque,Pending
INV002070,2024-06-20,119092,lumpsum,231051,Telangana,Hyderabad,T30,36-45,Male,40.3,UPI,Verified
INV000581,2024-06-20,148567,sip,8364,Tamil Nadu,Coimbatore,B30,36-45,Male,26.4,Net Banking,Verified
INV004492,2024-06-20,100016,sip,1041,Madhya Pradesh,Bhopal,B30,26-35,Male,18.6,Cheque,Verified
INV004490,2024-06-20,119598,sip,541,Madhya Pradesh,Indore,T30,18-25,Female,3.9,Mandate,Verified
INV001951,2024-06-20,119599,sip,5300,Punjab,Chandigarh,T30,26-35,Male,10.6,UPI,Verified
INV004339,2024-06-20,148568,sip,2433,Uttar Pradesh,Lucknow,T30,26-35,Female,7.3,Cheque,Verified
INV002722,2024-06-20,149324,sip,1745,Delhi,Noida,T30,36-45,Female,50.9,Net Banking,Verified
INV000663,2024-06-20,120844,sip,20295,Haryana,Gurugram,T30,26-35,Female,13.8,Net Banking,Verified
INV001802,2024-06-20,118632,sip,15779,Punjab,Chandigarh,T30,46-55,Male,77.7,Cheque,Verified
INV000243,2024-06-20,125497,sip,2072,Punjab,Chandigarh,T30,26-35,Male,21.5,UPI,Verified
INV002509,2024-06-20,120506,lumpsum,321630,Maharashtra,Mumbai,T30,36-45,Female,19.9,Net Banking,Verified
INV002651,2024-06-20,119552,redemption,219916,Haryana,Faridabad,B30,26-35,Male,12.5,Cheque,Verified
INV000810,2024-06-20,119094,lumpsum,35258,Rajasthan,Jaipur,T30,26-35,Male,11.2,Net Banking,Verified
INV002561,2024-06-20,120505,redemption,85635,Gujarat,Ahmedabad,T30,18-25,Female,4.6,Net Banking,Verified
INV001379,2024-06-20,149324,sip,49427,Punjab,Amritsar,B30,56+,Female,74.3,Cheque,Pending
INV002449,2024-06-20,119598,sip,5665,Punjab,Amritsar,B30,46-55,Male,78.3,Cheque,Verified
INV001148,2024-06-20,102887,sip,2298,Punjab,Chandigarh,T30,56+,Male,26.7,UPI,Verified
INV002082,2024-06-20,100033,redemption,371057,Telangana,Hyderabad,T30,36-45,Male,59.5,Net Banking,Verified
INV002138,2024-06-20,118633,redemption,526287,Karnataka,Bangalore,T30,46-55,Female,78.2,Mandate,Verified
INV000806,2024-06-20,149323,sip,14805,Maharashtra,Pune,T30,46-55,Male,90.4,Cheque,Verified
INV003858,2024-06-20,120844,sip,55102,Rajasthan,Jaipur,T30,36-45,Male,21.6,Mandate,Verified
INV000153,2024-06-20,101208,sip,4796,Karnataka,Mysore,B30,26-35,Male,14.1,Cheque,Verified
INV003824,2024-06-20,119599,sip,16045,Telangana,Hyderabad,T30,26-35,Male,9.4,Mandate,Verified
INV002508,2024-06-20,101207,sip,47916,West Bengal,Kolkata,T30,46-55,Male,60.8,Cheque,Verified
INV000604,2024-06-20,120841,lumpsum,465830,Karnataka,Bangalore,T30,26-35,Male,9.5,Mandate,Verified
INV004796,2024-06-20,119551,lumpsum,25743,Delhi,Noida,T30,18-25,Male,4.6,UPI,Verified
INV001871,2024-06-20,148568,lumpsum,291633,Delhi,Gurugram,T30,56+,Male,13.9,Net Banking,Verified
INV002650,2024-06-20,125498,sip,3158,Telangana,Hyderabad,T30,26-35,Male,13.7,Net Banking,Verified
INV003598,2024-06-20,120504,sip,5890,Delhi,Gurugram,T30,26-35,Female,12.7,Cheque,Pending
INV001616,2024-06-20,119599,sip,2257,Tamil Nadu,Chennai,T30,26-35,Male,23.2,Cheque,Verified
INV003128,2024-06-20,102886,lumpsum,135853,Uttar Pradesh,Kanpur,B30,18-25,Female,7.7,Net Banking,Verified
INV002527,2024-06-20,120503,sip,578,Telangana,Hyderabad,T30,18-25,Male,6.8,Cheque,Verified
INV001843,2024-06-20,149323,lumpsum,348138,West Bengal,Kolkata,T30,46-55,Male,51.9,Cheque,Verified
INV001095,2024-06-20,100016,sip,441,Maharashtra,Nashik,B30,18-25,Female,3.8,Cheque,Verified
INV001843,2024-06-20,101208,redemption,551762,West Bengal,Kolkata,T30,46-55,Male,51.9,Net Banking,Verified
INV000346,2024-06-20,100033,sip,16931,Haryana,Faridabad,B30,26-35,Male,22.0,Net Banking,Pending
INV001753,2024-06-20,119120,sip,10630,Rajasthan,Jaipur,T30,26-35,Male,10.0,Mandate,Verified
INV002466,2024-06-20,102887,sip,10850,Madhya Pradesh,Indore,T30,36-45,Male,36.9,Cheque,Verified
INV004830,2024-06-20,120844,sip,22221,Gujarat,Ahmedabad,T30,26-35,Male,15.1,Cheque,Verified
INV000099,2024-06-20,119094,lumpsum,138090,Haryana,Gurugram,T30,36-45,Male,43.5,Net Banking,Verified
INV000699,2024-06-20,120841,lumpsum,421989,Rajasthan,Jaipur,T30,18-25,Male,7.7,UPI,Verified
INV001110,2024-06-20,125497,sip,50376,Punjab,Amritsar,B30,26-35,Male,21.9,Mandate,Verified
INV004318,2024-06-20,102886,redemption,57004,Tamil Nadu,Coimbatore,B30,56+,Female,54.7,Cheque,Verified
INV004833,2024-06-20,120842,sip,5799,Madhya Pradesh,Bhopal,B30,26-35,Female,16.5,Net Banking,Verified
INV000137,2024-06-20,101207,redemption,302584,Rajasthan,Jaipur,T30,26-35,Female,12.0,UPI,Verified
INV003589,2024-06-20,100025,sip,6902,Maharashtra,Nashik,B30,26-35,Female,11.4,Net Banking,Verified
INV000568,2024-06-20,119598,lumpsum,71565,Delhi,New Delhi,T30,36-45,Male,48.4,Net Banking,Verified
INV002399,2024-06-20,100025,sip,25432,Gujarat,Ahmedabad,T30,46-55,Female,34.7,UPI,Verified
INV002039,2024-06-20,119598,redemption,397591,Madhya Pradesh,Bhopal,B30,46-55,Male,17.3,Net Banking,Verified
INV002741,2024-06-20,148569,sip,50021,West Bengal,Kolkata,T30,26-35,Male,19.9,Net Banking,Verified
INV001264,2024-06-20,120503,sip,6237,Madhya Pradesh,Indore,T30,26-35,Female,12.0,UPI,Verified
INV004504,2024-06-20,119092,sip,22744,Telangana,Hyderabad,T30,46-55,Male,46.3,Cheque,Verified
INV004017,2024-06-20,101207,sip,7146,West Bengal,Kolkata,T30,36-45,Male,36.7,Cheque,Verified
INV003407,2024-06-20,149323,sip,14283,West Bengal,Kolkata,T30,26-35,Male,6.7,UPI,Verified
INV002159,2024-06-20,100025,lumpsum,206186,Haryana,Gurugram,T30,26-35,Male,7.0,Cheque,Pending
INV001997,2024-06-20,125497,sip,1112,Delhi,New Delhi,T30,56+,Female,24.8,Cheque,Verified
INV004413,2024-06-20,102887,sip,2102,Maharashtra,Mumbai,T30,26-35,Male,14.7,UPI,Verified
INV001922,2024-06-20,119599,sip,10329,West Bengal,Kolkata,T30,18-25,Male,5.5,UPI,Verified
INV002926,2024-06-20,125497,sip,14742,Telangana,Hyderabad,T30,26-35,Male,16.6,Net Banking,Verified
INV000682,2024-06-20,148569,lumpsum,112020,Delhi,New Delhi,T30,56+,Female,69.2,UPI,Verified
INV004461,2024-06-20,120843,lumpsum,525344,Tamil Nadu,Chennai,T30,46-55,Male,80.3,Mandate,Verified
INV004510,2024-06-21,120844,lumpsum,454845,Haryana,Gurugram,T30,56+,Male,71.8,Cheque,Verified
INV002397,2024-06-21,119552,lumpsum,215930,Tamil Nadu,Coimbatore,B30,26-35,Male,20.2,UPI,Verified
INV004604,2024-06-21,102887,sip,14483,Haryana,Gurugram,T30,46-55,Male,74.6,Mandate,Verified
INV001841,2024-06-21,125498,sip,16574,Madhya Pradesh,Bhopal,B30,36-45,Male,41.3,Cheque,Verified
INV000890,2024-06-21,119095,redemption,67228,Karnataka,Bangalore,T30,26-35,Male,13.5,Cheque,Verified
INV001500,2024-06-21,120842,redemption,388955,Maharashtra,Pune,T30,26-35,Female,6.5,UPI,Verified
INV003809,2024-06-21,119094,sip,17282,Tamil Nadu,Coimbatore,B30,36-45,Male,45.3,Net Banking,Verified
INV004516,2024-06-21,149322,sip,26637,Haryana,Gurugram,T30,36-45,Male,14.4,Net Banking,Verified
INV000455,2024-06-21,119552,lumpsum,549193,Punjab,Chandigarh,T30,18-25,Male,3.2,Mandate,Verified
INV000500,2024-06-21,125497,redemption,124387,West Bengal,Kolkata,T30,26-35,Female,19.9,Cheque,Pending
INV002208,2024-06-21,119598,sip,40292,Punjab,Chandigarh,T30,56+,Male,61.1,Cheque,Verified
INV000506,2024-06-21,148567,sip,2748,Gujarat,Ahmedabad,T30,36-45,Female,43.0,Mandate,Verified
INV002083,2024-06-21,100025,sip,10316,Gujarat,Surat,T30,26-35,Male,21.2,Mandate,Verified
INV003007,2024-06-21,102886,sip,15625,Haryana,Faridabad,B30,26-35,Male,21.8,UPI,Verified
INV002140,2024-06-21,119551,sip,44823,Tamil Nadu,Chennai,T30,26-35,Male,15.4,UPI,Verified
INV004070,2024-06-21,100025,redemption,51625,Maharashtra,Pune,T30,26-35,Male,13.8,Mandate,Verified
INV001199,2024-06-21,101206,sip,2154,Telangana,Hyderabad,T30,46-55,Male,94.6,Net Banking,Verified
INV000631,2024-06-21,148568,sip,2727,Delhi,Noida,T30,36-45,Female,48.6,Mandate,Verified
INV000877,2024-06-21,101207,sip,55064,Telangana,Hyderabad,T30,36-45,Female,15.8,UPI,Verified
INV001581,2024-06-21,125497,redemption,15578,Madhya Pradesh,Indore,T30,18-25,Female,5.7,Cheque,Verified
INV000844,2024-06-21,119092,lumpsum,127757,Gujarat,Surat,T30,26-35,Male,6.5,UPI,Verified
INV000300,2024-06-21,148567,sip,3111,Madhya Pradesh,Bhopal,B30,18-25,Male,3.8,Mandate,Verified
INV004761,2024-06-21,102886,redemption,87232,Madhya Pradesh,Indore,T30,26-35,Male,21.4,Cheque,Verified
INV002557,2024-06-21,118634,sip,476,West Bengal,Kolkata,T30,26-35,Female,18.2,Mandate,Verified
INV002346,2024-06-21,120844,sip,428,Maharashtra,Mumbai,T30,36-45,Male,54.5,Net Banking,Verified
INV004357,2024-06-21,149322,sip,960,Delhi,Gurugram,T30,46-55,Female,55.6,UPI,Verified
INV002357,2024-06-21,102886,sip,1712,Delhi,Gurugram,T30,26-35,Male,7.8,Mandate,Verified
INV003811,2024-06-21,118634,redemption,395256,Gujarat,Surat,T30,46-55,Female,83.6,UPI,Verified
INV004343,2024-06-21,148568,sip,12234,Madhya Pradesh,Bhopal,B30,18-25,Male,7.9,Cheque,Pending
INV000343,2024-06-21,149323,sip,8759,Punjab,Chandigarh,T30,36-45,Male,28.5,Cheque,Verified
INV002206,2024-06-21,119092,redemption,145730,Tamil Nadu,Chennai,T30,18-25,Male,7.7,UPI,Verified
INV001998,2024-06-21,119092,lumpsum,143943,Haryana,Faridabad,B30,26-35,Male,19.2,UPI,Verified
INV003878,2024-06-21,118632,sip,8589,Haryana,Gurugram,T30,56+,Male,27.9,UPI,Verified
INV000369,2024-06-21,119095,sip,547,Delhi,Gurugram,T30,26-35,Male,20.7,UPI,Verified
INV004755,2024-06-21,101206,sip,2249,Uttar Pradesh,Agra,B30,18-25,Female,6.5,Cheque,Verified
INV004495,2024-06-21,119093,lumpsum,294195,Punjab,Amritsar,B30,36-45,Female,24.4,Cheque,Verified
INV002738,2024-06-21,118635,redemption,555708,Haryana,Faridabad,B30,36-45,Male,38.7,UPI,Verified
INV002134,2024-06-21,102886,redemption,14560,Rajasthan,Udaipur,B30,26-35,Male,24.8,UPI,Verified
INV001528,2024-06-21,148568,sip,29502,Telangana,Hyderabad,T30,26-35,Female,20.7,UPI,Verified
INV001460,2024-06-21,100025,lumpsum,460177,Uttar Pradesh,Kanpur,B30,36-45,Male,45.4,Cheque,Verified
INV000057,2024-06-21,119551,sip,2761,Tamil Nadu,Chennai,T30,36-45,Male,59.9,Net Banking,Verified
INV000540,2024-06-21,120504,sip,29509,Tamil Nadu,Coimbatore,B30,26-35,Female,10.4,UPI,Verified
INV002597,2024-06-21,119552,lumpsum,190039,West Bengal,Kolkata,T30,26-35,Male,12.0,UPI,Verified
INV001488,2024-06-21,119120,sip,5486,Punjab,Chandigarh,T30,18-25,Female,5.2,Mandate,Verified
INV002281,2024-06-21,149323,sip,8413,Uttar Pradesh,Lucknow,T30,18-25,Female,3.1,Mandate,Verified
INV003888,2024-06-21,100033,sip,4274,Telangana,Hyderabad,T30,56+,Female,8.6,Mandate,Verified
INV000593,2024-06-21,120843,lumpsum,72638,Telangana,Hyderabad,T30,56+,Male,50.2,UPI,Pending
INV001394,2024-06-21,101207,lumpsum,171671,Karnataka,Bangalore,T30,56+,Male,42.9,Cheque,Verified
INV001909,2024-06-21,120507,sip,51982,Telangana,Hyderabad,T30,36-45,Male,34.2,Cheque,Verified
INV002262,2024-06-21,120507,lumpsum,425714,Rajasthan,Udaipur,B30,26-35,Male,8.2,Mandate,Verified
INV003258,2024-06-21,120844,redemption,448781,Rajasthan,Udaipur,B30,26-35,Male,14.7,Net Banking,Verified
INV003045,2024-06-21,101206,sip,923,Telangana,Hyderabad,T30,26-35,Male,12.2,Net Banking,Verified
INV003334,2024-06-22,120507,sip,512,Maharashtra,Pune,T30,56+,Male,25.2,Net Banking,Pending
INV002588,2024-06-22,119093,lumpsum,81198,West Bengal,Kolkata,T30,18-25,Male,5.5,Cheque,Verified
INV000920,2024-06-22,118634,lumpsum,575995,Delhi,Gurugram,T30,56+,Male,19.8,Cheque,Verified
INV003391,2024-06-22,100033,redemption,479369,West Bengal,Kolkata,T30,26-35,Male,20.2,Net Banking,Verified
INV001457,2024-06-22,100025,sip,28100,Gujarat,Ahmedabad,T30,26-35,Male,17.7,UPI,Verified
INV004026,2024-06-22,119093,lumpsum,14510,Haryana,Faridabad,B30,26-35,Female,8.3,Net Banking,Verified
INV003422,2024-06-22,101208,sip,2490,Uttar Pradesh,Lucknow,T30,26-35,Male,9.0,Mandate,Verified
INV002994,2024-06-22,100033,sip,478,Karnataka,Mysore,B30,18-25,Male,8.0,Net Banking,Verified
INV003439,2024-06-22,119599,redemption,249284,West Bengal,Kolkata,T30,18-25,Female,3.9,UPI,Verified
INV002565,2024-06-22,118634,sip,9550,Rajasthan,Jaipur,T30,26-35,Male,10.0,Net Banking,Verified
INV003264,2024-06-22,119092,redemption,208676,Haryana,Faridabad,B30,18-25,Male,4.9,Cheque,Verified
INV003409,2024-06-22,118636,sip,5025,Karnataka,Mysore,B30,46-55,Male,44.2,UPI,Verified
INV001712,2024-06-22,100016,sip,2021,West Bengal,Kolkata,T30,18-25,Male,6.2,Cheque,Verified
INV002890,2024-06-22,120844,lumpsum,288704,Rajasthan,Jaipur,T30,36-45,Female,49.2,Mandate,Verified
INV000216,2024-06-22,120504,sip,59315,Karnataka,Mysore,B30,26-35,Male,21.9,UPI,Verified
INV004119,2024-06-22,120844,sip,579,Uttar Pradesh,Kanpur,B30,26-35,Female,13.0,Net Banking,Verified
INV002735,2024-06-22,125498,sip,21044,Tamil Nadu,Coimbatore,B30,18-25,Female,7.6,UPI,Verified
INV003336,2024-06-22,125497,sip,5714,Punjab,Amritsar,B30,46-55,Female,45.8,Mandate,Verified
INV001748,2024-06-22,100016,lumpsum,329120,Gujarat,Ahmedabad,T30,36-45,Female,16.2,Mandate,Verified
INV001673,2024-06-22,125498,sip,2496,West Bengal,Kolkata,T30,26-35,Male,23.0,UPI,Verified
INV003467,2024-06-22,119599,sip,11626,Madhya Pradesh,Indore,T30,46-55,Female,89.7,Mandate,Verified
INV001548,2024-06-22,125497,sip,27755,Delhi,New Delhi,T30,26-35,Male,24.8,Cheque,Verified
INV001482,2024-06-22,120844,sip,50077,Madhya Pradesh,Indore,T30,46-55,Female,87.0,UPI,Verified
INV004082,2024-06-22,120507,sip,16695,Punjab,Amritsar,B30,56+,Male,26.0,Cheque,Pending
INV002334,2024-06-22,118635,sip,1149,Gujarat,Surat,T30,56+,Male,40.4,Mandate,Verified
INV001470,2024-06-22,118632,redemption,380703,Haryana,Gurugram,T30,36-45,Male,26.2,Mandate,Verified
INV002732,2024-06-22,120841,redemption,562684,Uttar Pradesh,Lucknow,T30,18-25,Male,4.5,Cheque,Verified
INV004113,2024-06-22,149324,sip,1025,Gujarat,Ahmedabad,T30,36-45,Male,51.8,Net Banking,Pending
INV004178,2024-06-22,119095,sip,1089,Rajasthan,Jaipur,T30,26-35,Male,24.4,Mandate,Verified
INV002767,2024-06-22,102885,sip,4859,Madhya Pradesh,Indore,T30,26-35,Male,10.8,Mandate,Verified
INV003829,2024-06-22,125498,sip,470,Punjab,Amritsar,B30,36-45,Male,55.6,Mandate,Verified
INV004638,2024-06-22,119095,sip,428,Delhi,New Delhi,T30,26-35,Male,6.3,Mandate,Pending
INV000683,2024-06-22,120842,sip,8624,Maharashtra,Mumbai,T30,26-35,Female,17.4,Cheque,Verified
INV004361,2024-06-22,119120,sip,2430,Haryana,Faridabad,B30,26-35,Female,18.4,Mandate,Verified
INV002757,2024-06-22,120843,sip,2082,Madhya Pradesh,Indore,T30,18-25,Male,5.0,Net Banking,Verified
INV001605,2024-06-22,120843,sip,16443,Uttar Pradesh,Kanpur,B30,26-35,Female,12.4,UPI,Verified
INV001349,2024-06-22,149323,sip,439,Haryana,Gurugram,T30,18-25,Female,5.3,UPI,Pending
INV000252,2024-06-22,102885,sip,24177,Gujarat,Surat,T30,46-55,Female,24.4,Mandate,Verified
INV003749,2024-06-22,118633,sip,27253,Delhi,New Delhi,T30,36-45,Female,25.6,Mandate,Verified
INV001381,2024-06-22,119552,lumpsum,91078,Karnataka,Mysore,B30,26-35,Male,7.3,Net Banking,Verified
INV000205,2024-06-22,118635,sip,8894,Haryana,Faridabad,B30,18-25,Male,4.4,Mandate,Pending
INV001689,2024-06-22,118635,lumpsum,136860,Haryana,Faridabad,B30,36-45,Male,40.4,Mandate,Verified
INV000789,2024-06-22,119598,sip,418,Gujarat,Surat,T30,56+,Male,47.7,Mandate,Verified
INV000693,2024-06-22,119551,lumpsum,138506,Haryana,Faridabad,B30,26-35,Male,11.0,Net Banking,Verified
INV001644,2024-06-22,101206,sip,4695,Madhya Pradesh,Bhopal,B30,18-25,Female,6.7,Cheque,Verified
INV003391,2024-06-22,120842,sip,3555,West Bengal,Kolkata,T30,26-35,Male,20.2,UPI,Pending
INV001762,2024-06-22,125497,sip,2978,Punjab,Amritsar,B30,18-25,Female,7.5,Mandate,Verified
INV004311,2024-06-22,149324,lumpsum,344296,Uttar Pradesh,Agra,B30,26-35,Female,17.0,Cheque,Verified
INV003526,2024-06-22,120506,sip,15154,Maharashtra,Nashik,B30,36-45,Male,24.2,UPI,Verified
INV004715,2024-06-22,120506,sip,9800,Tamil Nadu,Chennai,T30,46-55,Male,56.9,Cheque,Verified
INV004372,2024-06-22,118633,sip,454,Haryana,Faridabad,B30,26-35,Female,22.9,Net Banking,Verified
INV003025,2024-06-22,149322,sip,14129,Gujarat,Surat,T30,26-35,Female,11.9,Cheque,Verified
INV001592,2024-06-22,148568,redemption,114731,Telangana,Hyderabad,T30,18-25,Male,4.3,UPI,Verified
INV002994,2024-06-22,119093,sip,3327,Karnataka,Mysore,B30,18-25,Male,8.0,Net Banking,Verified
INV004651,2024-06-22,120844,sip,1137,Rajasthan,Udaipur,B30,46-55,Male,39.1,UPI,Verified
INV001922,2024-06-22,101208,lumpsum,203634,West Bengal,Kolkata,T30,18-25,Male,5.5,UPI,Verified
INV000822,2024-06-22,120504,lumpsum,34523,Punjab,Amritsar,B30,26-35,Male,9.2,Net Banking,Verified
INV000417,2024-06-22,148569,sip,3215,Haryana,Gurugram,T30,26-35,Female,13.5,Cheque,Pending
INV004923,2024-06-22,149322,sip,3493,Karnataka,Mysore,B30,26-35,Male,19.3,Mandate,Verified
INV004321,2024-06-23,101206,sip,3234,West Bengal,Kolkata,T30,26-35,Male,16.0,Cheque,Pending
INV002345,2024-06-23,102885,sip,4612,Uttar Pradesh,Agra,B30,36-45,Male,38.3,Net Banking,Verified
INV002311,2024-06-23,100025,lumpsum,41186,Rajasthan,Udaipur,B30,36-45,Male,31.5,Mandate,Verified
INV003599,2024-06-23,118632,sip,27019,Madhya Pradesh,Indore,T30,46-55,Male,43.2,Net Banking,Verified
INV004202,2024-06-23,100033,sip,579,West Bengal,Kolkata,T30,36-45,Female,56.9,UPI,Verified
INV004293,2024-06-23,118636,sip,50390,Rajasthan,Jaipur,T30,36-45,Male,54.9,Mandate,Verified
INV002520,2024-06-23,119552,sip,2182,Tamil Nadu,Chennai,T30,36-45,Male,48.9,Cheque,Verified
INV002921,2024-06-23,102887,sip,48187,Punjab,Amritsar,B30,18-25,Female,5.4,UPI,Verified
INV004114,2024-06-23,100025,sip,8224,Tamil Nadu,Coimbatore,B30,26-35,Male,9.4,Net Banking,Verified
INV001828,2024-06-23,120842,sip,1658,Gujarat,Surat,T30,36-45,Male,27.7,UPI,Verified
INV002149,2024-06-23,102886,sip,24042,Tamil Nadu,Coimbatore,B30,26-35,Male,21.8,Cheque,Verified
INV004383,2024-06-23,120843,sip,8302,Madhya Pradesh,Bhopal,B30,36-45,Female,23.8,Mandate,Verified
INV003027,2024-06-23,120844,sip,952,Telangana,Hyderabad,T30,26-35,Male,20.8,UPI,Verified
INV003936,2024-06-23,148567,redemption,298849,Punjab,Chandigarh,T30,36-45,Male,19.8,UPI,Verified
INV000861,2024-06-23,148567,sip,7713,Uttar Pradesh,Lucknow,T30,18-25,Male,4.2,Net Banking,Verified
INV003211,2024-06-23,148568,sip,2960,Uttar Pradesh,Lucknow,T30,36-45,Male,55.1,Cheque,Verified
INV000371,2024-06-23,119092,sip,7601,Uttar Pradesh,Agra,B30,26-35,Male,14.6,Mandate,Verified
INV002490,2024-06-23,101208,sip,45646,Gujarat,Surat,T30,36-45,Female,28.1,Net Banking,Pending
INV001221,2024-06-23,101206,sip,803,Delhi,New Delhi,T30,26-35,Female,22.4,Mandate,Verified
INV000645,2024-06-23,120504,lumpsum,170484,Karnataka,Bangalore,T30,18-25,Male,3.9,UPI,Verified
INV004271,2024-06-23,120843,lumpsum,158727,Maharashtra,Mumbai,T30,18-25,Male,3.2,Net Banking,Verified
INV000645,2024-06-23,125497,lumpsum,382068,Karnataka,Bangalore,T30,18-25,Male,3.9,UPI,Verified
INV003824,2024-06-23,119094,lumpsum,355883,Telangana,Hyderabad,T30,26-35,Male,9.4,Cheque,Pending
INV004621,2024-06-23,119095,sip,55848,Punjab,Amritsar,B30,36-45,Female,16.9,Mandate,Verified
INV002000,2024-06-23,119599,redemption,109665,Rajasthan,Jaipur,T30,36-45,Female,57.6,UPI,Verified
INV003681,2024-06-23,120843,sip,1708,Telangana,Hyderabad,T30,26-35,Female,17.4,Cheque,Verified
INV000387,2024-06-23,120503,redemption,442759,Gujarat,Surat,T30,36-45,Male,53.8,Net Banking,Verified
INV003745,2024-06-23,102886,lumpsum,442953,West Bengal,Kolkata,T30,36-45,Male,17.8,Net Banking,Verified
INV004273,2024-06-23,118635,lumpsum,308007,Haryana,Faridabad,B30,26-35,Male,17.5,UPI,Verified
INV004007,2024-06-23,119092,sip,10373,Delhi,New Delhi,T30,18-25,Female,4.5,Cheque,Verified
INV003506,2024-06-23,101207,lumpsum,211755,Tamil Nadu,Chennai,T30,56+,Female,55.5,Cheque,Verified
INV000008,2024-06-23,102887,sip,55850,Punjab,Amritsar,B30,26-35,Female,18.6,Net Banking,Verified
INV000366,2024-06-23,120504,sip,9896,Telangana,Hyderabad,T30,36-45,Male,55.4,Net Banking,Verified
INV004994,2024-06-23,118632,sip,50949,Delhi,New Delhi,T30,36-45,Male,31.9,Cheque,Verified
INV000187,2024-06-23,149324,lumpsum,185221,Karnataka,Bangalore,T30,56+,Male,13.4,Net Banking,Verified
INV000784,2024-06-23,119599,redemption,371388,Tamil Nadu,Chennai,T30,36-45,Male,19.6,UPI,Verified
INV000186,2024-06-23,120841,redemption,374819,Maharashtra,Mumbai,T30,18-25,Male,3.1,UPI,Verified
INV004450,2024-06-23,100033,lumpsum,162097,Tamil Nadu,Coimbatore,B30,36-45,Male,16.7,UPI,Verified
INV001787,2024-06-23,149323,sip,1071,Maharashtra,Nashik,B30,56+,Female,37.0,Mandate,Verified
INV000081,2024-06-23,118635,sip,1705,Gujarat,Surat,T30,36-45,Male,31.0,UPI,Verified
INV003209,2024-06-23,101208,sip,10041,Delhi,Gurugram,T30,46-55,Male,76.0,Net Banking,Pending
INV003338,2024-06-23,148568,sip,26099,Haryana,Faridabad,B30,46-55,Male,69.2,UPI,Verified
INV003892,2024-06-23,149322,sip,597,Punjab,Amritsar,B30,46-55,Male,24.4,UPI,Verified
INV003021,2024-06-23,119599,lumpsum,33054,Telangana,Hyderabad,T30,56+,Female,65.0,Mandate,Verified
INV004125,2024-06-23,119598,sip,1981,Gujarat,Surat,T30,26-35,Male,9.4,Cheque,Verified
INV001504,2024-06-23,118635,sip,15279,Haryana,Faridabad,B30,36-45,Male,25.5,Net Banking,Verified
INV000918,2024-06-23,125497,redemption,21605,Delhi,Gurugram,T30,26-35,Male,23.2,UPI,Verified
INV004462,2024-06-23,119094,sip,411,Madhya Pradesh,Indore,T30,26-35,Female,14.9,Cheque,Verified
INV001466,2024-06-23,149324,lumpsum,331493,Delhi,Noida,T30,46-55,Female,20.3,Cheque,Verified
INV002266,2024-06-23,119094,sip,2401,Telangana,Hyderabad,T30,26-35,Male,12.0,Mandate,Verified
INV003518,2024-06-23,148569,sip,5806,Madhya Pradesh,Bhopal,B30,26-35,Male,6.7,Mandate,Verified
INV000765,2024-06-23,125498,lumpsum,62049,Telangana,Hyderabad,T30,18-25,Male,4.6,UPI,Verified
INV002906,2024-06-23,102885,sip,1184,Telangana,Hyderabad,T30,26-35,Male,19.9,UPI,Verified
INV002311,2024-06-23,102885,lumpsum,117669,Rajasthan,Udaipur,B30,36-45,Male,31.5,Mandate,Verified
INV003794,2024-06-23,149323,redemption,101532,Gujarat,Ahmedabad,T30,26-35,Male,22.1,Mandate,Pending
INV000074,2024-06-23,120506,sip,11469,Rajasthan,Jaipur,T30,26-35,Female,8.4,Net Banking,Verified
INV003047,2024-06-23,120504,sip,59851,Maharashtra,Mumbai,T30,46-55,Male,40.0,UPI,Verified
INV002915,2024-06-23,120841,sip,2712,West Bengal,Kolkata,T30,18-25,Male,7.7,Mandate,Verified
INV001466,2024-06-23,149323,sip,927,Delhi,Noida,T30,46-55,Female,20.3,UPI,Verified
INV000291,2024-06-23,120841,sip,473,Madhya Pradesh,Indore,T30,18-25,Female,6.2,Cheque,Verified
INV002158,2024-06-23,148567,sip,2054,Madhya Pradesh,Indore,T30,26-35,Male,14.5,UPI,Verified
INV004287,2024-06-23,149322,sip,14621,Gujarat,Surat,T30,26-35,Female,18.1,Cheque,Verified
INV004816,2024-06-23,101207,sip,25396,Karnataka,Bangalore,T30,18-25,Male,4.1,Net Banking,Verified
INV000668,2024-06-23,148568,sip,482,Telangana,Hyderabad,T30,18-25,Male,4.8,Cheque,Verified
INV004479,2024-06-23,100033,sip,1103,Rajasthan,Jaipur,T30,36-45,Male,43.7,UPI,Pending
INV002064,2024-06-23,100033,sip,957,Uttar Pradesh,Lucknow,T30,18-25,Male,3.5,Mandate,Verified
INV000526,2024-06-23,100025,lumpsum,214720,Tamil Nadu,Coimbatore,B30,26-35,Female,16.5,UPI,Verified
INV000026,2024-06-23,149322,sip,516,West Bengal,Kolkata,T30,36-45,Male,29.5,Cheque,Verified
INV000251,2024-06-23,125498,redemption,240687,Haryana,Faridabad,B30,26-35,Male,19.4,UPI,Verified
INV004098,2024-06-23,149322,sip,5199,Delhi,Noida,T30,26-35,Male,11.3,Mandate,Verified
INV003006,2024-06-23,119599,lumpsum,455613,West Bengal,Kolkata,T30,26-35,Male,9.5,UPI,Verified
INV002568,2024-06-23,120844,lumpsum,77683,Uttar Pradesh,Lucknow,T30,26-35,Female,7.3,UPI,Verified
INV004900,2024-06-23,118636,lumpsum,85246,Delhi,Noida,T30,36-45,Male,32.1,Cheque,Verified
INV001472,2024-06-23,118636,sip,53046,West Bengal,Kolkata,T30,18-25,Male,5.4,Net Banking,Verified
INV003254,2024-06-23,119120,sip,8991,Uttar Pradesh,Lucknow,T30,26-35,Male,9.5,Mandate,Verified
INV003771,2024-06-23,125497,sip,22825,Telangana,Hyderabad,T30,46-55,Male,47.6,UPI,Verified
INV001822,2024-06-23,148568,sip,6584,Gujarat,Ahmedabad,T30,36-45,Male,59.6,UPI,Verified
INV002083,2024-06-23,149322,sip,8013,Gujarat,Surat,T30,26-35,Male,21.2,Mandate,Verified
INV000747,2024-06-23,148568,lumpsum,58163,West Bengal,Kolkata,T30,36-45,Female,40.3,Mandate,Verified
INV004225,2024-06-23,119093,sip,26458,Karnataka,Bangalore,T30,26-35,Male,24.8,Mandate,Verified
INV003571,2024-06-24,119095,sip,4301,Haryana,Faridabad,B30,36-45,Male,53.1,UPI,Verified
INV004303,2024-06-24,119093,sip,13729,Punjab,Chandigarh,T30,26-35,Male,24.4,Mandate,Verified
INV001654,2024-06-24,119120,sip,15930,Uttar Pradesh,Lucknow,T30,36-45,Female,28.1,Cheque,Verified
INV002380,2024-06-24,120504,sip,988,Gujarat,Surat,T30,26-35,Male,19.4,Cheque,Verified
INV002671,2024-06-24,119551,sip,48718,Madhya Pradesh,Indore,T30,18-25,Male,6.3,Cheque,Pending
INV001308,2024-06-24,118632,sip,10672,Rajasthan,Jaipur,T30,36-45,Male,19.3,UPI,Verified
INV004281,2024-06-24,149324,sip,7800,Rajasthan,Jaipur,T30,26-35,Female,15.9,Mandate,Verified
INV003346,2024-06-24,149324,sip,965,Punjab,Chandigarh,T30,46-55,Male,16.7,Net Banking,Verified
INV000339,2024-06-24,120503,sip,27255,Uttar Pradesh,Kanpur,B30,26-35,Male,22.3,UPI,Verified
INV004212,2024-06-24,125498,sip,5249,Uttar Pradesh,Kanpur,B30,36-45,Male,41.5,Mandate,Verified
INV000113,2024-06-24,119551,sip,2964,Punjab,Chandigarh,T30,26-35,Female,7.3,UPI,Pending
INV004539,2024-06-24,120503,sip,2538,Haryana,Faridabad,B30,26-35,Male,18.0,Net Banking,Verified
INV000145,2024-06-24,118636,sip,5618,Delhi,New Delhi,T30,26-35,Male,9.3,Cheque,Verified
INV002224,2024-06-24,125498,sip,13224,Rajasthan,Udaipur,B30,26-35,Male,21.4,Net Banking,Verified
INV004842,2024-06-24,119094,redemption,271430,Rajasthan,Udaipur,B30,46-55,Male,32.8,Net Banking,Verified
INV000641,2024-06-24,120842,lumpsum,95282,Punjab,Amritsar,B30,26-35,Male,14.5,UPI,Verified
INV002779,2024-06-24,100033,sip,22309,Uttar Pradesh,Lucknow,T30,26-35,Male,10.4,Net Banking,Pending
INV002251,2024-06-24,125497,sip,14596,Punjab,Chandigarh,T30,26-35,Female,16.8,Net Banking,Verified
INV004276,2024-06-24,125497,sip,1982,Punjab,Amritsar,B30,26-35,Male,13.4,Cheque,Verified
INV001791,2024-06-24,119551,sip,504,Delhi,New Delhi,T30,26-35,Male,13.3,UPI,Pending
INV004239,2024-06-24,118635,sip,884,Karnataka,Bangalore,T30,18-25,Female,6.3,Cheque,Verified
INV003895,2024-06-24,120843,redemption,199319,Maharashtra,Nashik,B30,26-35,Male,14.2,Cheque,Verified
INV003031,2024-06-24,119598,sip,7321,Karnataka,Bangalore,T30,18-25,Male,7.7,Net Banking,Verified
INV004018,2024-06-24,118633,sip,14000,Punjab,Chandigarh,T30,56+,Male,47.9,UPI,Verified
INV004307,2024-06-24,120505,sip,400,Haryana,Faridabad,B30,26-35,Male,19.3,Net Banking,Verified
INV002293,2024-06-24,119093,lumpsum,376598,Tamil Nadu,Coimbatore,B30,26-35,Female,24.3,Cheque,Verified
INV004454,2024-06-24,120506,redemption,405190,West Bengal,Kolkata,T30,36-45,Male,37.4,Net Banking,Pending
INV000370,2024-06-24,120503,redemption,502132,Delhi,Noida,T30,26-35,Female,12.4,UPI,Verified
INV003606,2024-06-24,119551,redemption,429930,Maharashtra,Pune,T30,36-45,Male,23.6,Net Banking,Verified
INV004173,2024-06-24,102886,lumpsum,472954,West Bengal,Kolkata,T30,26-35,Male,16.9,UPI,Verified
INV002020,2024-06-24,148568,sip,905,Karnataka,Mysore,B30,18-25,Male,5.8,UPI,Verified
INV002729,2024-06-24,120506,lumpsum,232262,Uttar Pradesh,Kanpur,B30,26-35,Female,15.4,UPI,Verified
INV003755,2024-06-24,120841,sip,599,Punjab,Chandigarh,T30,46-55,Male,42.7,UPI,Verified
INV002643,2024-06-24,119094,sip,1095,Telangana,Hyderabad,T30,36-45,Male,29.2,Mandate,Pending
INV000445,2024-06-24,102886,redemption,22822,Madhya Pradesh,Bhopal,B30,26-35,Female,24.7,Net Banking,Verified
INV000033,2024-06-24,119092,sip,527,Delhi,New Delhi,T30,36-45,Female,12.4,UPI,Verified
INV002261,2024-06-24,120504,sip,5940,Uttar Pradesh,Kanpur,B30,18-25,Male,5.0,Cheque,Pending
INV004750,2024-06-24,148568,redemption,210326,Madhya Pradesh,Bhopal,B30,26-35,Female,13.9,Net Banking,Verified
INV004689,2024-06-24,118634,sip,592,West Bengal,Kolkata,T30,26-35,Male,25.0,UPI,Verified
INV000241,2024-06-24,102885,sip,1181,Telangana,Hyderabad,T30,26-35,Female,16.5,UPI,Verified
INV000407,2024-06-24,119094,sip,46622,Tamil Nadu,Coimbatore,B30,36-45,Male,32.8,Cheque,Verified
INV003220,2024-06-24,125498,sip,3170,Madhya Pradesh,Bhopal,B30,26-35,Male,7.6,Mandate,Verified
INV004244,2024-06-24,118634,sip,2467,Karnataka,Bangalore,T30,26-35,Male,16.8,Mandate,Verified
INV003509,2024-06-24,118634,sip,2336,Haryana,Gurugram,T30,36-45,Male,14.5,Cheque,Verified
INV001825,2024-06-24,100033,sip,2353,Haryana,Faridabad,B30,26-35,Male,21.7,Cheque,Verified
INV001320,2024-06-24,102887,redemption,179205,Punjab,Amritsar,B30,36-45,Male,31.8,Cheque,Verified
INV000885,2024-06-24,100016,sip,1180,Gujarat,Ahmedabad,T30,26-35,Male,12.3,Net Banking,Verified
INV003644,2024-06-24,120843,sip,27535,Gujarat,Ahmedabad,T30,26-35,Female,8.2,Mandate,Pending
INV000305,2024-06-24,101208,sip,4778,Rajasthan,Udaipur,B30,36-45,Male,21.4,Cheque,Pending
INV004288,2024-06-24,119095,lumpsum,12356,Punjab,Amritsar,B30,18-25,Female,6.1,Cheque,Verified
INV002468,2024-06-24,118635,sip,983,West Bengal,Kolkata,T30,46-55,Male,48.8,Mandate,Verified
INV002325,2024-06-24,119552,redemption,116025,Rajasthan,Udaipur,B30,36-45,Male,48.8,Net Banking,Verified
INV000302,2024-06-24,119551,sip,1667,Telangana,Hyderabad,T30,36-45,Male,31.3,Net Banking,Verified
INV000755,2024-06-24,101206,lumpsum,385744,Uttar Pradesh,Agra,B30,26-35,Female,13.1,UPI,Verified
INV003218,2024-06-24,125498,sip,12441,Tamil Nadu,Chennai,T30,18-25,Male,6.0,Cheque,Verified
INV000597,2024-06-24,119092,lumpsum,432163,Gujarat,Surat,T30,46-55,Male,48.6,Mandate,Pending
INV000131,2024-06-24,119551,sip,9365,Telangana,Hyderabad,T30,36-45,Female,16.8,UPI,Verified
INV004101,2024-06-24,101208,lumpsum,441666,Telangana,Hyderabad,T30,46-55,Male,44.6,Cheque,Verified
INV001385,2024-06-24,101207,sip,5623,Tamil Nadu,Chennai,T30,26-35,Male,13.7,Cheque,Verified
INV003488,2024-06-24,149322,redemption,190180,Gujarat,Surat,T30,46-55,Male,37.3,Net Banking,Verified
INV003711,2024-06-24,102887,sip,7794,Telangana,Hyderabad,T30,36-45,Female,13.1,Cheque,Verified
INV003179,2024-06-24,119552,sip,28243,Rajasthan,Jaipur,T30,36-45,Male,53.3,Cheque,Verified
INV004043,2024-06-24,118636,sip,1687,Punjab,Amritsar,B30,36-45,Female,39.5,Mandate,Pending
INV002928,2024-06-24,118635,redemption,75453,Tamil Nadu,Coimbatore,B30,26-35,Male,9.4,Net Banking,Verified
INV001596,2024-06-24,149323,redemption,184489,Telangana,Hyderabad,T30,46-55,Male,61.3,Cheque,Verified
INV004566,2024-06-24,102885,lumpsum,353935,Punjab,Chandigarh,T30,26-35,Male,20.1,UPI,Pending
INV001731,2024-06-24,149323,sip,2279,Madhya Pradesh,Bhopal,B30,46-55,Male,30.4,UPI,Verified
INV003660,2024-06-24,125497,sip,6657,Delhi,Noida,T30,26-35,Male,6.8,UPI,Verified
INV001524,2024-06-24,119551,sip,1894,Madhya Pradesh,Bhopal,B30,26-35,Male,7.7,UPI,Verified
INV001782,2024-06-24,120506,sip,5138,Uttar Pradesh,Agra,B30,36-45,Female,47.5,Cheque,Verified
INV000501,2024-06-24,102885,sip,9392,Punjab,Chandigarh,T30,18-25,Male,4.0,UPI,Verified
INV002214,2024-06-24,100016,lumpsum,170204,Delhi,Gurugram,T30,36-45,Female,50.5,Net Banking,Verified
INV001662,2024-06-24,120505,sip,906,Delhi,Gurugram,T30,36-45,Male,45.6,Cheque,Pending
INV001525,2024-06-24,118633,sip,1183,Maharashtra,Mumbai,T30,36-45,Male,55.8,Net Banking,Verified
INV003997,2024-06-24,119095,sip,11394,Telangana,Hyderabad,T30,36-45,Male,48.3,Net Banking,Verified
INV001317,2024-06-25,149322,sip,3332,Punjab,Chandigarh,T30,26-35,Female,8.9,UPI,Verified
INV000814,2024-06-25,148569,sip,43308,Delhi,New Delhi,T30,26-35,Male,17.8,Net Banking,Verified
INV001465,2024-06-25,101208,lumpsum,392719,Punjab,Amritsar,B30,26-35,Male,21.0,UPI,Verified
INV002987,2024-06-25,120842,lumpsum,216677,West Bengal,Kolkata,T30,18-25,Male,4.4,Cheque,Verified
INV004064,2024-06-25,100016,redemption,393957,Uttar Pradesh,Lucknow,T30,26-35,Male,16.1,Mandate,Verified
INV004764,2024-06-25,100025,lumpsum,219353,Punjab,Amritsar,B30,46-55,Female,79.4,Mandate,Verified
INV004606,2024-06-25,120506,sip,3326,Gujarat,Surat,T30,36-45,Male,57.2,UPI,Verified
INV001938,2024-06-25,118635,sip,438,Karnataka,Mysore,B30,26-35,Male,17.4,UPI,Verified
INV003185,2024-06-25,149324,sip,43742,Rajasthan,Udaipur,B30,26-35,Female,23.1,Mandate,Verified
INV000764,2024-06-25,120506,lumpsum,336537,Punjab,Chandigarh,T30,26-35,Male,15.6,Mandate,Verified
INV001550,2024-06-25,120842,lumpsum,486856,Punjab,Chandigarh,T30,18-25,Male,4.1,Cheque,Verified
INV004270,2024-06-25,119598,sip,15931,Rajasthan,Udaipur,B30,18-25,Male,5.7,UPI,Verified
INV001063,2024-06-25,101206,sip,5958,Haryana,Faridabad,B30,26-35,Male,24.1,Net Banking,Pending
INV001156,2024-06-25,119093,sip,2865,Madhya Pradesh,Indore,T30,56+,Female,58.8,UPI,Verified
INV000161,2024-06-25,118632,sip,3225,Rajasthan,Jaipur,T30,18-25,Female,6.8,Cheque,Verified
INV001217,2024-06-25,118635,sip,5731,Rajasthan,Jaipur,T30,26-35,Male,21.5,Cheque,Verified
INV004298,2024-06-25,120505,sip,9107,Gujarat,Ahmedabad,T30,36-45,Female,55.5,Cheque,Verified
INV000525,2024-06-25,120841,sip,52786,Gujarat,Ahmedabad,T30,56+,Female,12.6,Mandate,Verified
INV000663,2024-06-25,119552,sip,494,Haryana,Gurugram,T30,26-35,Female,13.8,UPI,Verified
INV003792,2024-06-25,119599,sip,8400,Maharashtra,Pune,T30,46-55,Male,17.9,UPI,Verified
INV000045,2024-06-25,120841,sip,24208,Uttar Pradesh,Lucknow,T30,36-45,Male,26.2,Cheque,Pending
INV000490,2024-06-25,119552,redemption,389844,Delhi,New Delhi,T30,26-35,Male,10.0,Cheque,Verified
INV002234,2024-06-25,149324,redemption,283250,Rajasthan,Jaipur,T30,26-35,Male,24.5,Cheque,Pending
INV002688,2024-06-25,120843,sip,8871,Uttar Pradesh,Lucknow,T30,26-35,Male,23.5,Cheque,Pending
INV004045,2024-06-25,119095,sip,11069,Madhya Pradesh,Indore,T30,18-25,Male,4.2,Mandate,Verified
INV001603,2024-06-25,120506,lumpsum,395229,Uttar Pradesh,Agra,B30,46-55,Female,53.9,Net Banking,Verified
INV003395,2024-06-25,148569,sip,3392,Gujarat,Ahmedabad,T30,36-45,Male,39.2,Net Banking,Verified
INV004119,2024-06-25,119598,sip,1902,Uttar Pradesh,Kanpur,B30,26-35,Female,13.0,Net Banking,Verified
INV000328,2024-06-25,120503,redemption,267023,Madhya Pradesh,Bhopal,B30,26-35,Male,19.6,UPI,Verified
INV004024,2024-06-25,120507,lumpsum,242819,Telangana,Hyderabad,T30,36-45,Male,23.1,Mandate,Verified
INV001407,2024-06-25,101206,sip,403,Rajasthan,Udaipur,B30,26-35,Female,22.2,Mandate,Verified
INV004698,2024-06-25,149323,lumpsum,167933,Gujarat,Surat,T30,36-45,Female,39.2,Cheque,Verified
INV000857,2024-06-25,118632,lumpsum,277041,Gujarat,Ahmedabad,T30,26-35,Female,23.6,Mandate,Verified
INV002505,2024-06-25,102885,lumpsum,458327,Tamil Nadu,Coimbatore,B30,36-45,Female,21.1,Net Banking,Verified
INV002832,2024-06-25,101206,lumpsum,411954,Uttar Pradesh,Lucknow,T30,26-35,Male,15.9,Cheque,Verified
INV000967,2024-06-25,118635,sip,2554,Gujarat,Ahmedabad,T30,26-35,Female,12.2,Net Banking,Verified
INV002831,2024-06-25,119095,sip,1123,Telangana,Hyderabad,T30,56+,Female,78.0,Net Banking,Verified
INV002060,2024-06-25,120506,sip,50411,Madhya Pradesh,Indore,T30,36-45,Male,31.8,Mandate,Verified
INV001701,2024-06-25,148568,lumpsum,118605,Karnataka,Mysore,B30,26-35,Female,24.4,Net Banking,Verified
INV003300,2024-06-25,119551,sip,48106,Uttar Pradesh,Agra,B30,36-45,Male,13.3,Net Banking,Verified
INV004337,2024-06-25,120507,lumpsum,542888,Delhi,Noida,T30,18-25,Male,4.0,Mandate,Verified
INV003049,2024-06-25,100033,lumpsum,56052,Gujarat,Ahmedabad,T30,26-35,Male,15.5,Net Banking,Verified
INV004882,2024-06-25,119092,sip,1751,Madhya Pradesh,Bhopal,B30,26-35,Male,15.2,Mandate,Verified
INV000317,2024-06-25,120841,sip,926,West Bengal,Kolkata,T30,36-45,Male,50.2,UPI,Verified
INV001060,2024-06-25,102887,sip,6385,Telangana,Hyderabad,T30,36-45,Male,29.0,Mandate,Verified
INV000650,2024-06-25,119598,redemption,125937,Karnataka,Mysore,B30,26-35,Male,22.8,Net Banking,Verified
INV003553,2024-06-25,149323,lumpsum,318705,Punjab,Amritsar,B30,36-45,Male,33.0,Cheque,Verified
INV003045,2024-06-25,100025,sip,2049,Telangana,Hyderabad,T30,26-35,Male,12.2,Mandate,Verified
INV002850,2024-06-25,119599,sip,3321,Uttar Pradesh,Lucknow,T30,46-55,Male,76.5,Net Banking,Pending
INV002181,2024-06-25,119095,redemption,361873,Gujarat,Surat,T30,26-35,Male,18.3,Cheque,Verified
INV002251,2024-06-25,120842,sip,2775,Punjab,Chandigarh,T30,26-35,Female,16.8,Mandate,Verified
INV002388,2024-06-25,148568,redemption,545999,Haryana,Faridabad,B30,18-25,Male,4.8,Net Banking,Verified
INV004925,2024-06-25,148567,redemption,388965,Maharashtra,Pune,T30,18-25,Female,5.4,Cheque,Verified
INV000919,2024-06-25,119120,lumpsum,23712,Telangana,Hyderabad,T30,46-55,Male,49.7,Net Banking,Pending
INV004268,2024-06-25,125498,lumpsum,522037,Delhi,Gurugram,T30,26-35,Female,10.1,UPI,Verified
INV002811,2024-06-25,149323,redemption,282984,Uttar Pradesh,Agra,B30,36-45,Male,43.7,UPI,Verified
INV003405,2024-06-25,120504,redemption,275599,Rajasthan,Jaipur,T30,26-35,Male,11.5,Mandate,Verified
INV002904,2024-06-25,120841,sip,1016,West Bengal,Kolkata,T30,36-45,Male,52.2,Mandate,Verified
INV003095,2024-06-25,148567,redemption,16096,Madhya Pradesh,Bhopal,B30,18-25,Male,5.1,Net Banking,Verified
INV000760,2024-06-25,119120,sip,2646,West Bengal,Kolkata,T30,36-45,Male,29.2,Mandate,Pending
INV001804,2024-06-25,118634,sip,2219,Punjab,Amritsar,B30,26-35,Male,20.1,Cheque,Verified
INV000441,2024-06-25,120843,redemption,159240,Tamil Nadu,Chennai,T30,26-35,Female,8.3,Mandate,Verified
INV004351,2024-06-26,120842,sip,26660,Karnataka,Bangalore,T30,18-25,Male,6.3,UPI,Verified
INV001815,2024-06-26,120844,lumpsum,21102,West Bengal,Kolkata,T30,26-35,Female,23.7,Net Banking,Verified
INV002330,2024-06-26,120507,sip,54263,Madhya Pradesh,Indore,T30,26-35,Female,17.5,Mandate,Verified
INV001292,2024-06-26,148568,sip,6639,Punjab,Chandigarh,T30,46-55,Male,22.9,Mandate,Verified
INV003749,2024-06-26,119552,redemption,72899,Delhi,New Delhi,T30,36-45,Female,25.6,Cheque,Verified
INV000485,2024-06-26,118636,redemption,336787,Rajasthan,Jaipur,T30,26-35,Male,19.5,Net Banking,Verified
INV001757,2024-06-26,102887,sip,5771,Telangana,Hyderabad,T30,46-55,Male,87.3,Net Banking,Verified
INV000690,2024-06-26,119094,sip,10566,Delhi,Gurugram,T30,46-55,Male,98.7,Mandate,Verified
INV001929,2024-06-26,101208,sip,4567,Rajasthan,Jaipur,T30,56+,Male,60.1,Mandate,Pending
INV004352,2024-06-26,101206,lumpsum,168036,Punjab,Chandigarh,T30,18-25,Female,5.8,Mandate,Verified
INV004281,2024-06-26,120842,sip,11287,Rajasthan,Jaipur,T30,26-35,Female,15.9,Cheque,Verified
INV000586,2024-06-26,118635,redemption,124438,West Bengal,Kolkata,T30,36-45,Male,43.8,Net Banking,Pending
INV000756,2024-06-26,118634,sip,411,Tamil Nadu,Chennai,T30,36-45,Male,44.2,Mandate,Verified
INV003189,2024-06-26,119552,sip,6282,Tamil Nadu,Chennai,T30,36-45,Female,44.6,Mandate,Verified
INV001330,2024-06-26,120844,sip,868,Delhi,Gurugram,T30,46-55,Male,76.9,Cheque,Verified
INV001284,2024-06-26,119551,sip,1032,West Bengal,Kolkata,T30,36-45,Male,49.0,Mandate,Verified
INV000800,2024-06-26,148569,sip,2749,Delhi,New Delhi,T30,36-45,Female,58.8,Net Banking,Verified
INV002710,2024-06-26,120843,sip,9540,Haryana,Faridabad,B30,26-35,Male,22.6,Cheque,Verified
INV000457,2024-06-26,118636,lumpsum,256399,Haryana,Faridabad,B30,26-35,Female,22.3,Mandate,Verified
INV001742,2024-06-26,118635,sip,954,Haryana,Gurugram,T30,18-25,Male,3.5,UPI,Verified
INV001545,2024-06-26,100033,lumpsum,167605,Madhya Pradesh,Bhopal,B30,26-35,Male,11.5,UPI,Verified
INV000821,2024-06-26,102885,sip,1136,Uttar Pradesh,Kanpur,B30,36-45,Male,50.1,Cheque,Verified
INV004267,2024-06-26,120842,sip,7776,Gujarat,Surat,T30,46-55,Male,99.7,Net Banking,Verified
INV000573,2024-06-26,120842,sip,8340,Madhya Pradesh,Bhopal,B30,56+,Female,38.5,Cheque,Verified
INV002834,2024-06-26,119598,sip,5372,West Bengal,Kolkata,T30,18-25,Male,6.9,UPI,Pending
INV002267,2024-06-26,101207,lumpsum,293024,Haryana,Faridabad,B30,18-25,Male,4.7,Mandate,Verified
INV004445,2024-06-26,102886,sip,8455,Delhi,Noida,T30,36-45,Male,25.7,UPI,Verified
INV000494,2024-06-26,119094,sip,56076,Punjab,Amritsar,B30,56+,Male,30.4,Net Banking,Verified
INV001969,2024-06-26,119095,sip,2266,Uttar Pradesh,Kanpur,B30,26-35,Male,9.7,Mandate,Verified
INV001888,2024-06-26,101207,sip,11149,Delhi,New Delhi,T30,18-25,Female,6.4,Mandate,Verified
INV000848,2024-06-26,149323,redemption,402224,Tamil Nadu,Chennai,T30,26-35,Male,20.4,UPI,Verified
INV004540,2024-06-26,120842,sip,515,Punjab,Chandigarh,T30,36-45,Male,48.9,Cheque,Verified
INV000361,2024-06-26,120844,sip,1176,Maharashtra,Pune,T30,46-55,Male,27.1,Net Banking,Verified
INV004109,2024-06-26,118633,lumpsum,238943,Uttar Pradesh,Lucknow,T30,56+,Female,59.8,Net Banking,Verified
INV001482,2024-06-26,102886,lumpsum,73476,Madhya Pradesh,Indore,T30,46-55,Female,87.0,Net Banking,Verified
INV004835,2024-06-26,102885,lumpsum,527076,Maharashtra,Nashik,B30,56+,Male,12.9,Cheque,Verified
INV001580,2024-06-26,118635,redemption,62735,Punjab,Chandigarh,T30,26-35,Male,18.7,Mandate,Verified
INV000367,2024-06-26,100016,sip,1675,Haryana,Gurugram,T30,36-45,Male,38.5,UPI,Verified
INV004003,2024-06-26,101207,sip,1186,West Bengal,Kolkata,T30,26-35,Male,9.5,Net Banking,Verified
INV001205,2024-06-26,102887,lumpsum,461463,Madhya Pradesh,Bhopal,B30,26-35,Male,24.1,Cheque,Verified
INV002351,2024-06-26,118632,sip,4490,Gujarat,Ahmedabad,T30,36-45,Male,18.9,Net Banking,Verified
INV004895,2024-06-26,101208,sip,10724,Delhi,Noida,T30,36-45,Male,43.2,Net Banking,Verified
INV003054,2024-06-26,102886,lumpsum,412756,Telangana,Hyderabad,T30,56+,Female,77.1,Mandate,Pending
INV003987,2024-06-26,125498,sip,17774,Tamil Nadu,Coimbatore,B30,26-35,Female,24.1,Net Banking,Pending
INV000040,2024-06-26,148569,sip,1989,Karnataka,Mysore,B30,26-35,Male,14.7,Net Banking,Verified
INV002788,2024-06-26,149323,redemption,318894,Uttar Pradesh,Agra,B30,26-35,Male,23.5,Net Banking,Verified
INV003989,2024-06-26,120841,lumpsum,366378,Maharashtra,Nashik,B30,26-35,Male,24.6,UPI,Verified
INV000969,2024-06-26,119094,lumpsum,237206,Uttar Pradesh,Lucknow,T30,18-25,Male,6.2,Cheque,Verified
INV002546,2024-06-26,149322,sip,8597,Gujarat,Surat,T30,26-35,Male,19.3,UPI,Verified
INV004139,2024-06-26,125498,sip,2930,West Bengal,Kolkata,T30,56+,Female,61.1,Net Banking,Verified
INV000215,2024-06-26,101208,redemption,330348,Maharashtra,Nashik,B30,26-35,Female,18.3,Cheque,Verified
INV000966,2024-06-26,101207,lumpsum,95822,Telangana,Hyderabad,T30,26-35,Male,22.8,Cheque,Verified
INV003178,2024-06-26,102887,lumpsum,178881,Telangana,Hyderabad,T30,46-55,Female,60.9,Net Banking,Verified
INV001194,2024-06-26,148568,sip,6099,Karnataka,Bangalore,T30,18-25,Male,7.7,Net Banking,Verified
INV002597,2024-06-26,120841,sip,2110,West Bengal,Kolkata,T30,26-35,Male,12.0,Cheque,Verified
INV003916,2024-06-26,100033,sip,21752,Karnataka,Mysore,B30,26-35,Male,23.6,Net Banking,Verified
INV003922,2024-06-26,100025,redemption,395967,Tamil Nadu,Chennai,T30,56+,Male,59.9,Net Banking,Verified
INV003922,2024-06-26,118636,lumpsum,239661,Tamil Nadu,Chennai,T30,56+,Male,59.9,Net Banking,Verified
INV003506,2024-06-26,120844,sip,8384,Tamil Nadu,Chennai,T30,56+,Female,55.5,Mandate,Verified
INV001635,2024-06-26,118633,redemption,483569,Tamil Nadu,Chennai,T30,26-35,Male,18.6,Net Banking,Verified
INV001369,2024-06-26,119552,sip,1166,Gujarat,Ahmedabad,T30,46-55,Male,83.8,Net Banking,Verified
INV004118,2024-06-26,100033,sip,1162,Punjab,Chandigarh,T30,36-45,Male,26.2,Net Banking,Verified
INV002810,2024-06-26,118635,sip,56853,Punjab,Amritsar,B30,36-45,Male,33.2,UPI,Verified
INV002220,2024-06-26,102885,redemption,213856,Punjab,Chandigarh,T30,46-55,Male,29.9,UPI,Verified
INV001139,2024-06-26,119093,sip,597,Gujarat,Ahmedabad,T30,36-45,Male,43.6,Net Banking,Verified
INV000268,2024-06-26,119094,sip,10438,Haryana,Gurugram,T30,18-25,Female,4.7,Net Banking,Verified
INV004887,2024-06-26,119094,redemption,63497,Gujarat,Surat,T30,56+,Female,79.4,Net Banking,Verified
INV000051,2024-06-27,119095,lumpsum,275973,Haryana,Gurugram,T30,36-45,Male,21.0,Mandate,Verified
INV001639,2024-06-27,119552,sip,40250,West Bengal,Kolkata,T30,56+,Male,14.3,Cheque,Verified
INV002799,2024-06-27,119092,sip,8801,Uttar Pradesh,Lucknow,T30,36-45,Male,50.5,Cheque,Verified
INV004826,2024-06-27,120504,sip,802,Tamil Nadu,Coimbatore,B30,26-35,Male,14.7,UPI,Verified
INV002939,2024-06-27,101208,sip,1018,Rajasthan,Udaipur,B30,18-25,Male,3.1,Cheque,Verified
INV003566,2024-06-27,100016,lumpsum,285248,Tamil Nadu,Coimbatore,B30,26-35,Male,8.7,Cheque,Verified
INV004828,2024-06-27,101208,lumpsum,223398,Gujarat,Surat,T30,56+,Female,58.3,Cheque,Verified
INV002161,2024-06-27,118635,redemption,503838,Maharashtra,Nashik,B30,26-35,Male,11.4,Cheque,Verified
INV003015,2024-06-27,120506,sip,2899,Madhya Pradesh,Indore,T30,18-25,Male,4.4,Net Banking,Verified
INV004384,2024-06-27,119599,redemption,114331,Delhi,Noida,T30,26-35,Male,12.1,Mandate,Verified
INV004420,2024-06-27,120505,sip,9415,Haryana,Gurugram,T30,36-45,Male,14.6,Mandate,Verified
INV004081,2024-06-27,119094,redemption,516896,Karnataka,Bangalore,T30,46-55,Female,43.8,Net Banking,Verified
INV000080,2024-06-27,149323,sip,26498,Telangana,Hyderabad,T30,26-35,Male,12.4,Mandate,Verified
INV001912,2024-06-27,101208,lumpsum,288456,Haryana,Gurugram,T30,26-35,Male,10.4,Mandate,Verified
INV000854,2024-06-27,120506,sip,2024,Karnataka,Bangalore,T30,46-55,Female,79.7,UPI,Verified
INV001086,2024-06-27,120503,sip,10836,Tamil Nadu,Coimbatore,B30,56+,Male,26.6,Mandate,Verified
INV001094,2024-06-27,148569,lumpsum,300322,Haryana,Gurugram,T30,26-35,Male,21.6,UPI,Pending
INV003262,2024-06-27,101207,sip,24127,Telangana,Hyderabad,T30,46-55,Male,80.2,UPI,Verified
INV004461,2024-06-27,149322,lumpsum,122398,Tamil Nadu,Chennai,T30,46-55,Male,80.3,Mandate,Verified
INV002526,2024-06-27,148568,sip,15875,Madhya Pradesh,Bhopal,B30,18-25,Female,3.5,Net Banking,Verified
INV003555,2024-06-27,120503,sip,29154,Karnataka,Mysore,B30,26-35,Male,18.6,Cheque,Verified
INV002167,2024-06-27,120504,sip,881,Rajasthan,Jaipur,T30,26-35,Female,8.7,UPI,Verified
INV004024,2024-06-27,119093,lumpsum,123892,Telangana,Hyderabad,T30,36-45,Male,23.1,Mandate,Verified
INV001816,2024-06-27,149324,redemption,397666,Telangana,Hyderabad,T30,26-35,Male,9.0,UPI,Verified
INV004679,2024-06-27,120506,sip,6498,Madhya Pradesh,Indore,T30,18-25,Female,4.0,UPI,Verified
INV001077,2024-06-27,148567,lumpsum,487938,Uttar Pradesh,Lucknow,T30,26-35,Male,6.4,Net Banking,Verified
INV001478,2024-06-27,101207,redemption,70265,Maharashtra,Mumbai,T30,36-45,Male,24.2,Cheque,Verified
INV001578,2024-06-27,118632,redemption,139936,Punjab,Amritsar,B30,26-35,Female,19.6,Net Banking,Verified
INV002834,2024-06-27,119093,lumpsum,216135,West Bengal,Kolkata,T30,18-25,Male,6.9,Mandate,Verified
INV004025,2024-06-27,119120,sip,14496,Gujarat,Ahmedabad,T30,56+,Male,18.7,UPI,Verified
INV001946,2024-06-27,120505,lumpsum,374673,Delhi,Noida,T30,26-35,Male,13.2,UPI,Verified
INV000736,2024-06-27,101208,redemption,127737,Haryana,Faridabad,B30,36-45,Female,39.4,Cheque,Verified
INV000022,2024-06-27,148568,sip,3421,Telangana,Hyderabad,T30,36-45,Male,37.4,Mandate,Verified
INV003931,2024-06-27,120505,lumpsum,268385,Madhya Pradesh,Indore,T30,26-35,Male,17.7,Net Banking,Verified
INV000011,2024-06-27,100025,redemption,259480,West Bengal,Kolkata,T30,26-35,Male,9.6,UPI,Verified
INV001609,2024-06-27,101208,redemption,223995,Punjab,Chandigarh,T30,26-35,Female,14.0,UPI,Verified
INV002683,2024-06-27,149324,redemption,309289,Haryana,Faridabad,B30,26-35,Male,9.7,Cheque,Verified
INV001801,2024-06-27,102885,lumpsum,93972,Delhi,New Delhi,T30,36-45,Male,44.3,Mandate,Verified
INV004621,2024-06-27,119552,redemption,265646,Punjab,Amritsar,B30,36-45,Female,16.9,Mandate,Verified
INV004618,2024-06-27,118634,sip,573,Gujarat,Ahmedabad,T30,18-25,Male,6.7,UPI,Verified
INV002871,2024-06-27,100033,sip,2791,Delhi,Gurugram,T30,26-35,Male,15.2,Cheque,Verified
INV001411,2024-06-27,120842,sip,872,Delhi,Gurugram,T30,26-35,Female,7.1,Net Banking,Verified
INV000378,2024-06-27,120504,lumpsum,245659,Madhya Pradesh,Bhopal,B30,26-35,Male,8.7,Cheque,Verified
INV001690,2024-06-27,119095,redemption,427898,Rajasthan,Jaipur,T30,36-45,Male,27.6,Mandate,Verified
INV004442,2024-06-27,120507,sip,22956,Haryana,Faridabad,B30,18-25,Male,5.8,UPI,Verified
INV004810,2024-06-27,118633,sip,973,Telangana,Hyderabad,T30,26-35,Female,14.5,UPI,Verified
INV002682,2024-06-27,120507,sip,595,Karnataka,Mysore,B30,26-35,Male,17.9,Mandate,Pending
INV000303,2024-06-27,119093,sip,1009,West Bengal,Kolkata,T30,18-25,Female,5.0,UPI,Pending
INV000754,2024-06-27,118635,sip,1928,West Bengal,Kolkata,T30,26-35,Male,8.0,Net Banking,Verified
INV000757,2024-06-27,119551,lumpsum,201862,Madhya Pradesh,Indore,T30,36-45,Male,25.4,Cheque,Verified
INV003491,2024-06-27,120844,sip,12887,Delhi,Noida,T30,46-55,Male,92.5,Net Banking,Verified
INV004330,2024-06-27,100016,sip,560,Haryana,Faridabad,B30,46-55,Female,92.7,Net Banking,Verified
INV000130,2024-06-27,120843,redemption,205794,Madhya Pradesh,Indore,T30,56+,Female,69.4,UPI,Verified
INV000755,2024-06-27,101207,sip,1155,Uttar Pradesh,Agra,B30,26-35,Female,13.1,Net Banking,Verified
INV001753,2024-06-27,148567,sip,2136,Rajasthan,Jaipur,T30,26-35,Male,10.0,Cheque,Verified
INV003874,2024-06-27,101208,sip,8620,Punjab,Amritsar,B30,26-35,Female,16.5,Net Banking,Verified
INV003719,2024-06-27,102887,lumpsum,139155,Uttar Pradesh,Kanpur,B30,26-35,Female,8.3,Mandate,Pending
INV003945,2024-06-27,119093,sip,1168,Gujarat,Ahmedabad,T30,46-55,Female,48.3,Cheque,Verified
INV003239,2024-06-27,118635,sip,9494,Uttar Pradesh,Agra,B30,56+,Female,48.3,Cheque,Verified
INV004611,2024-06-27,102886,lumpsum,312786,Madhya Pradesh,Bhopal,B30,18-25,Female,6.1,Net Banking,Pending
INV000847,2024-06-27,119094,redemption,57128,West Bengal,Kolkata,T30,26-35,Female,17.8,Cheque,Verified
INV004969,2024-06-27,119094,redemption,488807,Karnataka,Bangalore,T30,36-45,Male,40.2,Mandate,Verified
INV001383,2024-06-27,120506,sip,52482,Maharashtra,Pune,T30,26-35,Male,18.6,Net Banking,Verified
INV002126,2024-06-28,102887,sip,2853,Delhi,New Delhi,T30,26-35,Female,22.0,Cheque,Verified
INV001498,2024-06-28,119095,sip,23803,Gujarat,Ahmedabad,T30,36-45,Male,34.7,Net Banking,Verified
INV001518,2024-06-28,119092,sip,4092,Karnataka,Mysore,B30,18-25,Male,3.9,Net Banking,Verified
INV003505,2024-06-28,119120,lumpsum,514570,West Bengal,Kolkata,T30,56+,Female,53.5,Mandate,Verified
INV004548,2024-06-28,149324,sip,2896,Delhi,Noida,T30,36-45,Female,58.1,Cheque,Verified
INV001082,2024-06-28,125497,sip,43329,Uttar Pradesh,Lucknow,T30,46-55,Female,64.2,Mandate,Verified
INV000941,2024-06-28,120505,lumpsum,412890,Rajasthan,Udaipur,B30,26-35,Male,7.2,Mandate,Pending
INV003469,2024-06-28,118635,lumpsum,161410,Maharashtra,Nashik,B30,26-35,Male,9.9,Mandate,Verified
INV004871,2024-06-28,120841,sip,6723,Punjab,Chandigarh,T30,26-35,Male,9.2,Net Banking,Verified
INV003650,2024-06-28,120506,sip,2182,Telangana,Hyderabad,T30,46-55,Male,87.3,Cheque,Verified
INV000148,2024-06-28,101207,sip,2869,Telangana,Hyderabad,T30,18-25,Female,3.5,Cheque,Verified
INV001366,2024-06-28,149323,lumpsum,239716,Maharashtra,Pune,T30,26-35,Female,13.6,UPI,Verified
INV000316,2024-06-28,118634,sip,2801,Karnataka,Bangalore,T30,46-55,Female,39.5,UPI,Verified
INV001069,2024-06-28,119552,sip,907,Telangana,Hyderabad,T30,26-35,Male,19.1,Net Banking,Verified
INV001879,2024-06-28,119095,sip,21171,Uttar Pradesh,Lucknow,T30,18-25,Female,6.3,Net Banking,Verified
INV004191,2024-06-28,119092,sip,525,Maharashtra,Nashik,B30,26-35,Female,19.5,UPI,Verified
INV000441,2024-06-28,119092,sip,4213,Tamil Nadu,Chennai,T30,26-35,Female,8.3,Mandate,Verified
INV000295,2024-06-28,101207,sip,2099,Rajasthan,Jaipur,T30,56+,Male,76.0,Net Banking,Verified
INV004687,2024-06-28,120844,sip,521,Madhya Pradesh,Bhopal,B30,36-45,Female,15.1,Mandate,Verified
INV002197,2024-06-28,149324,lumpsum,275393,Delhi,Noida,T30,18-25,Male,6.3,Net Banking,Verified
INV003384,2024-06-28,119552,sip,7436,Tamil Nadu,Coimbatore,B30,36-45,Male,51.8,Cheque,Verified
INV004609,2024-06-28,118632,lumpsum,82517,Karnataka,Bangalore,T30,26-35,Female,10.3,Cheque,Verified
INV000421,2024-06-28,119552,sip,982,Tamil Nadu,Chennai,T30,36-45,Male,31.9,Cheque,Verified
INV002684,2024-06-28,119551,lumpsum,430277,Delhi,New Delhi,T30,36-45,Female,56.2,Cheque,Verified
INV001725,2024-06-28,118634,sip,15428,Tamil Nadu,Coimbatore,B30,36-45,Male,30.0,UPI,Verified
INV000710,2024-06-28,120503,sip,24721,Delhi,Noida,T30,26-35,Male,6.1,Cheque,Verified
INV002081,2024-06-28,120842,lumpsum,459180,Telangana,Hyderabad,T30,26-35,Male,14.2,Cheque,Verified
INV001672,2024-06-28,118632,sip,40799,Maharashtra,Pune,T30,18-25,Male,5.4,Net Banking,Verified
INV001672,2024-06-28,119120,sip,2187,Maharashtra,Pune,T30,18-25,Male,5.4,Mandate,Verified
INV001845,2024-06-28,120503,lumpsum,100254,Uttar Pradesh,Agra,B30,26-35,Female,14.8,Net Banking,Verified
INV001321,2024-06-28,100025,sip,11372,Telangana,Hyderabad,T30,46-55,Male,74.1,UPI,Verified
INV003001,2024-06-28,120507,sip,10391,Haryana,Faridabad,B30,56+,Female,48.8,Net Banking,Verified
INV000020,2024-06-28,120842,sip,5092,Delhi,Noida,T30,36-45,Female,17.0,Cheque,Pending
INV004242,2024-06-28,119552,sip,9996,Punjab,Amritsar,B30,26-35,Male,14.9,Mandate,Verified
INV001157,2024-06-28,119092,sip,5543,Tamil Nadu,Coimbatore,B30,36-45,Female,23.0,Net Banking,Verified
INV003096,2024-06-28,101208,lumpsum,419906,Uttar Pradesh,Kanpur,B30,26-35,Male,12.4,Cheque,Pending
INV001841,2024-06-28,148568,sip,10655,Madhya Pradesh,Bhopal,B30,36-45,Male,41.3,Cheque,Verified
INV003723,2024-06-28,101208,sip,2360,Tamil Nadu,Chennai,T30,26-35,Female,10.9,UPI,Verified
INV000695,2024-06-28,120503,redemption,345368,Gujarat,Surat,T30,36-45,Male,48.0,Mandate,Verified
INV002005,2024-06-28,149322,sip,2072,Maharashtra,Pune,T30,18-25,Male,7.1,Cheque,Verified
INV004057,2024-06-28,149324,sip,2345,Rajasthan,Jaipur,T30,26-35,Male,9.9,Net Banking,Verified
INV001526,2024-06-28,119552,lumpsum,97370,Madhya Pradesh,Bhopal,B30,26-35,Female,19.1,Cheque,Verified
INV004232,2024-06-28,119598,lumpsum,87125,Tamil Nadu,Chennai,T30,26-35,Male,19.0,Cheque,Verified
INV002245,2024-06-28,120505,redemption,132160,Karnataka,Mysore,B30,26-35,Female,24.6,Net Banking,Verified
INV000715,2024-06-28,118636,sip,537,Uttar Pradesh,Agra,B30,26-35,Male,24.2,Net Banking,Verified
INV001123,2024-06-28,118632,lumpsum,263763,Uttar Pradesh,Lucknow,T30,26-35,Male,23.9,Net Banking,Pending
INV003805,2024-06-28,148568,lumpsum,371895,Madhya Pradesh,Indore,T30,26-35,Female,17.0,Net Banking,Verified
INV003803,2024-06-28,120505,sip,2166,Rajasthan,Jaipur,T30,26-35,Male,10.8,UPI,Verified
INV000507,2024-06-28,120841,lumpsum,109997,Gujarat,Ahmedabad,T30,36-45,Male,44.1,UPI,Verified
INV004593,2024-06-28,100016,redemption,83235,Punjab,Amritsar,B30,26-35,Male,13.7,Mandate,Verified
INV000591,2024-06-28,118634,sip,5819,Karnataka,Bangalore,T30,18-25,Male,4.1,Cheque,Verified
INV001920,2024-06-28,120503,redemption,389888,Madhya Pradesh,Indore,T30,36-45,Female,24.5,UPI,Verified
INV003257,2024-06-28,101208,lumpsum,260573,Rajasthan,Jaipur,T30,56+,Male,34.8,Net Banking,Verified
INV000777,2024-06-28,120504,lumpsum,238470,Uttar Pradesh,Lucknow,T30,26-35,Male,15.7,Mandate,Verified
INV001987,2024-06-28,125497,sip,27694,Tamil Nadu,Coimbatore,B30,18-25,Male,7.2,Net Banking,Verified
INV003592,2024-06-28,101208,redemption,390263,Madhya Pradesh,Indore,T30,56+,Female,27.6,Cheque,Verified
INV003637,2024-06-28,149323,lumpsum,39784,Telangana,Hyderabad,T30,36-45,Male,18.6,Net Banking,Verified
INV003768,2024-06-28,148567,sip,8647,Telangana,Hyderabad,T30,18-25,Male,4.9,UPI,Verified
INV002984,2024-06-28,119599,sip,2350,Delhi,Gurugram,T30,26-35,Male,18.1,UPI,Verified
INV003808,2024-06-28,149324,sip,1629,Madhya Pradesh,Bhopal,B30,46-55,Female,62.5,Mandate,Verified
INV002274,2024-06-28,101208,sip,1709,Tamil Nadu,Coimbatore,B30,18-25,Female,6.9,Cheque,Verified
INV002218,2024-06-28,100033,sip,17997,Punjab,Amritsar,B30,36-45,Male,52.7,Net Banking,Verified
INV003821,2024-06-28,149322,sip,43580,Delhi,Noida,T30,18-25,Female,6.4,Net Banking,Verified
INV000255,2024-06-29,119599,sip,12037,Haryana,Gurugram,T30,26-35,Female,19.9,Net Banking,Verified
INV001033,2024-06-29,119120,lumpsum,326325,Punjab,Amritsar,B30,36-45,Male,19.9,Net Banking,Pending
INV000228,2024-06-29,118633,lumpsum,290911,Karnataka,Bangalore,T30,26-35,Male,7.2,Mandate,Verified
INV004051,2024-06-29,148568,sip,10629,Rajasthan,Udaipur,B30,36-45,Female,28.8,Cheque,Verified
INV000505,2024-06-29,119598,sip,26053,Rajasthan,Jaipur,T30,36-45,Male,40.9,UPI,Verified
INV000820,2024-06-29,120842,lumpsum,381434,Telangana,Hyderabad,T30,36-45,Male,50.2,Mandate,Verified
INV003082,2024-06-29,118636,redemption,382148,Telangana,Hyderabad,T30,26-35,Male,18.7,UPI,Verified
INV000509,2024-06-29,120844,lumpsum,88750,Madhya Pradesh,Bhopal,B30,56+,Male,26.5,Cheque,Pending
INV000784,2024-06-29,148567,redemption,233651,Tamil Nadu,Chennai,T30,36-45,Male,19.6,Net Banking,Verified
INV000581,2024-06-29,119599,sip,11840,Tamil Nadu,Coimbatore,B30,36-45,Male,26.4,Cheque,Verified
INV001240,2024-06-29,119552,lumpsum,334219,Madhya Pradesh,Indore,T30,18-25,Male,7.6,Cheque,Verified
INV002557,2024-06-29,102885,sip,4358,West Bengal,Kolkata,T30,26-35,Female,18.2,Cheque,Verified
INV004205,2024-06-29,149324,sip,4094,Telangana,Hyderabad,T30,56+,Female,56.9,Cheque,Pending
INV003492,2024-06-29,119120,redemption,90578,Gujarat,Ahmedabad,T30,36-45,Male,35.2,Net Banking,Verified
INV002852,2024-06-29,120841,sip,443,West Bengal,Kolkata,T30,46-55,Male,69.5,Mandate,Verified
INV003277,2024-06-29,120505,sip,20532,Rajasthan,Jaipur,T30,18-25,Male,3.3,Mandate,Verified
INV000207,2024-06-29,101206,sip,48497,Madhya Pradesh,Indore,T30,26-35,Female,18.0,Cheque,Pending
INV004224,2024-06-29,100025,sip,813,Haryana,Faridabad,B30,56+,Male,34.4,Net Banking,Verified
INV001298,2024-06-29,149324,sip,564,Delhi,Gurugram,T30,26-35,Female,24.4,Net Banking,Verified
INV003762,2024-06-29,101208,sip,1954,Telangana,Hyderabad,T30,36-45,Male,39.4,Cheque,Verified
INV004776,2024-06-29,119093,sip,7475,Punjab,Chandigarh,T30,36-45,Male,22.9,Cheque,Verified
INV002710,2024-06-29,100033,sip,443,Haryana,Faridabad,B30,26-35,Male,22.6,UPI,Verified
INV002437,2024-06-29,149323,sip,20275,Haryana,Faridabad,B30,26-35,Male,24.8,UPI,Pending
INV004184,2024-06-29,119093,sip,3461,Karnataka,Bangalore,T30,26-35,Male,9.9,UPI,Verified
INV002621,2024-06-29,119120,sip,13942,Uttar Pradesh,Agra,B30,26-35,Female,22.6,UPI,Verified
INV002737,2024-06-29,118633,sip,43169,Gujarat,Ahmedabad,T30,18-25,Female,5.4,Mandate,Verified
INV001222,2024-06-29,119092,sip,11139,Delhi,Noida,T30,26-35,Female,14.9,Cheque,Verified
INV001356,2024-06-29,120844,lumpsum,104693,Gujarat,Ahmedabad,T30,26-35,Male,19.7,Mandate,Verified
INV004326,2024-06-29,119092,sip,14140,Delhi,Gurugram,T30,26-35,Male,7.5,Net Banking,Verified
INV001355,2024-06-29,120841,redemption,470667,Tamil Nadu,Chennai,T30,46-55,Female,89.8,UPI,Verified
INV004372,2024-06-29,118635,sip,9457,Haryana,Faridabad,B30,26-35,Female,22.9,Mandate,Verified
INV001440,2024-06-29,119120,lumpsum,252050,West Bengal,Kolkata,T30,26-35,Male,11.3,Cheque,Verified
INV004654,2024-06-29,148569,redemption,335534,Haryana,Gurugram,T30,46-55,Female,95.0,Mandate,Pending
INV002949,2024-06-29,120507,sip,4647,Rajasthan,Jaipur,T30,26-35,Female,16.8,UPI,Verified
INV003160,2024-06-29,120843,redemption,277262,Delhi,Gurugram,T30,26-35,Male,24.9,Cheque,Verified
INV004365,2024-06-29,100016,redemption,36630,Delhi,Gurugram,T30,26-35,Male,19.4,Net Banking,Verified
INV003426,2024-06-29,148567,sip,8622,Karnataka,Bangalore,T30,46-55,Male,27.8,UPI,Verified
INV001728,2024-06-29,101208,sip,55928,Karnataka,Bangalore,T30,26-35,Male,17.0,Cheque,Verified
INV002201,2024-06-29,149323,redemption,283515,Haryana,Gurugram,T30,36-45,Male,34.5,Mandate,Verified
INV004362,2024-06-29,119599,sip,926,West Bengal,Kolkata,T30,26-35,Female,12.1,Cheque,Verified
INV002891,2024-06-29,119094,sip,1724,Haryana,Faridabad,B30,36-45,Female,56.5,UPI,Verified
INV002330,2024-06-29,125497,lumpsum,76760,Madhya Pradesh,Indore,T30,26-35,Female,17.5,Net Banking,Verified
INV003744,2024-06-29,149322,lumpsum,62905,Karnataka,Mysore,B30,18-25,Female,4.1,Cheque,Verified
INV003811,2024-06-29,102885,sip,41931,Gujarat,Surat,T30,46-55,Female,83.6,Net Banking,Verified
INV003595,2024-06-29,100025,lumpsum,395374,Tamil Nadu,Coimbatore,B30,56+,Female,74.5,UPI,Verified
INV000394,2024-06-29,100033,lumpsum,411340,Maharashtra,Mumbai,T30,26-35,Male,12.2,Mandate,Verified
INV001144,2024-06-29,120841,sip,26546,Tamil Nadu,Coimbatore,B30,36-45,Male,16.7,Cheque,Verified
INV004152,2024-06-29,119599,sip,2231,Rajasthan,Udaipur,B30,56+,Male,44.0,Cheque,Verified
INV004363,2024-06-29,148569,redemption,291526,Delhi,Noida,T30,26-35,Male,20.5,Mandate,Verified
INV002181,2024-06-29,119092,sip,21003,Gujarat,Surat,T30,26-35,Male,18.3,Net Banking,Verified
INV002186,2024-06-29,101206,sip,42433,Haryana,Faridabad,B30,18-25,Female,7.9,Mandate,Verified
INV000103,2024-06-29,101207,sip,584,Punjab,Chandigarh,T30,26-35,Female,18.2,Net Banking,Verified
INV002353,2024-06-29,148569,sip,7747,West Bengal,Kolkata,T30,46-55,Male,40.5,Cheque,Verified
INV004447,2024-06-29,119598,sip,21608,West Bengal,Kolkata,T30,36-45,Female,53.4,UPI,Verified
INV002622,2024-06-29,102887,sip,28122,Karnataka,Mysore,B30,18-25,Female,4.0,Mandate,Verified
INV003872,2024-06-29,125497,sip,16316,Uttar Pradesh,Kanpur,B30,26-35,Male,20.1,Net Banking,Verified
INV002625,2024-06-29,125498,lumpsum,274602,Karnataka,Bangalore,T30,46-55,Female,99.3,Cheque,Verified
INV001977,2024-06-29,149322,sip,23702,Punjab,Amritsar,B30,18-25,Female,3.3,Net Banking,Verified
INV001968,2024-06-29,149322,sip,26306,Tamil Nadu,Chennai,T30,26-35,Female,24.9,Net Banking,Verified
INV000596,2024-06-29,148567,sip,8801,Madhya Pradesh,Indore,T30,56+,Male,21.3,Cheque,Verified
INV003686,2024-06-29,118635,redemption,151518,Gujarat,Surat,T30,18-25,Male,3.8,Mandate,Verified
INV001470,2024-06-29,118634,sip,1065,Haryana,Gurugram,T30,36-45,Male,26.2,Cheque,Pending
INV000456,2024-06-29,120841,sip,21304,Karnataka,Mysore,B30,26-35,Male,17.2,UPI,Verified
INV001413,2024-06-29,101208,lumpsum,61325,Karnataka,Bangalore,T30,36-45,Male,41.8,Net Banking,Pending
INV000469,2024-06-29,120504,redemption,207581,Tamil Nadu,Coimbatore,B30,18-25,Male,4.7,Cheque,Verified
INV002834,2024-06-29,120841,lumpsum,127891,West Bengal,Kolkata,T30,18-25,Male,6.9,Net Banking,Verified
INV001009,2024-06-30,120504,sip,7509,Punjab,Chandigarh,T30,26-35,Male,21.2,UPI,Verified
INV001267,2024-06-30,101208,sip,8960,Uttar Pradesh,Kanpur,B30,46-55,Female,26.8,UPI,Verified
INV003942,2024-06-30,149324,sip,836,Haryana,Faridabad,B30,26-35,Female,23.3,UPI,Verified
INV002974,2024-06-30,100016,sip,401,Telangana,Hyderabad,T30,26-35,Female,21.9,Net Banking,Verified
INV002480,2024-06-30,148567,lumpsum,114341,West Bengal,Kolkata,T30,26-35,Male,20.5,UPI,Verified
INV003344,2024-06-30,120844,lumpsum,362608,Haryana,Gurugram,T30,36-45,Female,52.5,Net Banking,Verified
INV002745,2024-06-30,118633,sip,987,Uttar Pradesh,Agra,B30,18-25,Male,7.6,UPI,Verified
INV003987,2024-06-30,120506,lumpsum,138407,Tamil Nadu,Coimbatore,B30,26-35,Female,24.1,Net Banking,Verified
INV001526,2024-06-30,118633,sip,17336,Madhya Pradesh,Bhopal,B30,26-35,Female,19.1,Cheque,Verified
INV001608,2024-06-30,120844,sip,569,Delhi,Gurugram,T30,26-35,Male,13.1,Net Banking,Verified
INV001587,2024-06-30,149324,lumpsum,303341,Punjab,Chandigarh,T30,26-35,Male,22.3,Cheque,Verified
INV001933,2024-06-30,120843,sip,2355,Rajasthan,Udaipur,B30,26-35,Male,16.4,Cheque,Verified
INV002477,2024-06-30,148567,sip,50284,West Bengal,Kolkata,T30,46-55,Female,72.4,UPI,Pending
INV004998,2024-06-30,120507,sip,15490,Gujarat,Ahmedabad,T30,36-45,Male,24.2,Mandate,Verified
INV001001,2024-06-30,102886,sip,2052,Madhya Pradesh,Indore,T30,26-35,Female,20.7,Cheque,Verified
INV000537,2024-06-30,101208,lumpsum,25294,Uttar Pradesh,Lucknow,T30,36-45,Female,42.3,Mandate,Verified
INV002143,2024-06-30,119598,lumpsum,205021,Uttar Pradesh,Lucknow,T30,26-35,Male,11.8,Cheque,Verified
INV001602,2024-06-30,148569,sip,2618,West Bengal,Kolkata,T30,36-45,Male,27.0,Net Banking,Verified
INV004401,2024-06-30,148567,sip,7043,Rajasthan,Udaipur,B30,26-35,Male,22.6,Mandate,Pending
INV001067,2024-06-30,119093,redemption,353400,Haryana,Gurugram,T30,26-35,Male,16.6,Mandate,Verified
INV003309,2024-06-30,100016,sip,2545,Delhi,New Delhi,T30,26-35,Male,20.0,Mandate,Verified
INV001787,2024-06-30,149322,lumpsum,38157,Maharashtra,Nashik,B30,56+,Female,37.0,Net Banking,Verified
INV000633,2024-06-30,120843,sip,3359,Karnataka,Bangalore,T30,46-55,Male,69.2,UPI,Verified
INV002183,2024-06-30,149323,sip,8751,Uttar Pradesh,Kanpur,B30,46-55,Female,98.2,UPI,Verified
INV000567,2024-06-30,119095,lumpsum,242329,Delhi,New Delhi,T30,26-35,Male,9.1,Cheque,Verified
INV000191,2024-06-30,119551,lumpsum,214129,Karnataka,Bangalore,T30,26-35,Male,23.1,Mandate,Verified
INV001275,2024-06-30,119552,sip,16208,Delhi,Noida,T30,36-45,Female,37.4,Cheque,Verified
INV004944,2024-06-30,148567,sip,2022,West Bengal,Kolkata,T30,18-25,Male,4.5,Mandate,Verified
INV004388,2024-06-30,119551,sip,8518,Gujarat,Surat,T30,26-35,Female,10.3,Cheque,Verified
INV000057,2024-06-30,120504,lumpsum,243183,Tamil Nadu,Chennai,T30,36-45,Male,59.9,Mandate,Verified
INV004434,2024-06-30,100033,redemption,205806,Gujarat,Surat,T30,46-55,Male,17.7,Cheque,Verified
INV003072,2024-06-30,120504,redemption,470467,Tamil Nadu,Coimbatore,B30,18-25,Male,3.8,Mandate,Verified
INV004827,2024-06-30,120506,redemption,339352,Uttar Pradesh,Kanpur,B30,56+,Female,43.7,Cheque,Verified
INV002454,2024-06-30,148568,sip,8164,Uttar Pradesh,Agra,B30,36-45,Male,37.5,Net Banking,Verified
INV001170,2024-06-30,119093,sip,1140,Karnataka,Mysore,B30,36-45,Male,34.6,Net Banking,Verified
INV002894,2024-06-30,120505,sip,2821,Delhi,Noida,T30,26-35,Male,10.4,UPI,Verified
INV002598,2024-06-30,119095,sip,7917,Uttar Pradesh,Lucknow,T30,26-35,Male,14.6,UPI,Verified
INV003557,2024-06-30,102885,sip,2812,Karnataka,Bangalore,T30,46-55,Female,81.8,Net Banking,Verified
INV004010,2024-06-30,148567,lumpsum,279418,Telangana,Hyderabad,T30,36-45,Male,37.1,Net Banking,Verified
INV003518,2024-06-30,149322,sip,12300,Madhya Pradesh,Bhopal,B30,26-35,Male,6.7,Cheque,Verified
INV003603,2024-06-30,119551,lumpsum,137236,Madhya Pradesh,Indore,T30,36-45,Male,52.4,UPI,Verified
INV004870,2024-06-30,120842,sip,3279,Punjab,Amritsar,B30,46-55,Male,65.9,Mandate,Verified
INV001109,2024-06-30,102887,sip,13807,Delhi,Noida,T30,26-35,Male,18.4,Net Banking,Verified
INV002008,2024-06-30,148569,lumpsum,256507,Haryana,Gurugram,T30,46-55,Male,83.3,Net Banking,Verified
INV004025,2024-06-30,120507,redemption,281552,Gujarat,Ahmedabad,T30,56+,Male,18.7,Cheque,Verified
INV000883,2024-06-30,119598,sip,2785,Tamil Nadu,Chennai,T30,18-25,Female,3.7,Mandate,Pending
INV000495,2024-06-30,119599,sip,4102,Gujarat,Surat,T30,26-35,Female,7.6,UPI,Verified
INV001772,2024-06-30,125497,sip,56830,Telangana,Hyderabad,T30,36-45,Male,31.2,Mandate,Verified
INV002681,2024-06-30,102887,sip,2590,Maharashtra,Nashik,B30,18-25,Female,7.2,Net Banking,Verified
INV003406,2024-06-30,118636,sip,7829,Madhya Pradesh,Bhopal,B30,26-35,Male,21.2,UPI,Verified
INV004084,2024-06-30,119092,sip,56198,Telangana,Hyderabad,T30,26-35,Male,9.9,Mandate,Verified
INV000331,2024-06-30,149322,sip,1948,Madhya Pradesh,Indore,T30,36-45,Male,15.5,Net Banking,Verified
INV002070,2024-06-30,120843,sip,13187,Telangana,Hyderabad,T30,36-45,Male,40.3,Mandate,Verified
INV000309,2024-06-30,119093,sip,1066,Delhi,Gurugram,T30,26-35,Male,18.1,Net Banking,Verified
INV000244,2024-06-30,118632,lumpsum,549104,Telangana,Hyderabad,T30,26-35,Male,24.9,Cheque,Verified
INV000888,2024-06-30,120843,lumpsum,404423,Gujarat,Ahmedabad,T30,26-35,Male,21.9,Mandate,Verified
INV000425,2024-06-30,101207,redemption,313544,Rajasthan,Jaipur,T30,56+,Male,77.2,Net Banking,Verified
INV000979,2024-06-30,149324,sip,7766,Karnataka,Bangalore,T30,26-35,Male,24.7,Net Banking,Verified
INV002373,2024-06-30,119095,redemption,417626,Maharashtra,Pune,T30,36-45,Male,56.3,Mandate,Verified
INV004549,2024-06-30,102886,sip,473,Tamil Nadu,Chennai,T30,36-45,Male,40.7,Net Banking,Pending
INV003121,2024-06-30,120506,lumpsum,187095,Telangana,Hyderabad,T30,36-45,Male,13.7,UPI,Verified
INV002561,2024-06-30,120842,lumpsum,480694,Gujarat,Ahmedabad,T30,18-25,Female,4.6,UPI,Verified
INV001757,2024-06-30,101208,sip,1926,Telangana,Hyderabad,T30,46-55,Male,87.3,Mandate,Verified
INV003429,2024-06-30,119094,redemption,236469,Telangana,Hyderabad,T30,26-35,Male,16.0,Cheque,Verified
INV000319,2024-06-30,119095,sip,15853,Maharashtra,Mumbai,T30,56+,Male,74.8,Cheque,Verified
INV002077,2024-06-30,119552,sip,2433,West Bengal,Kolkata,T30,18-25,Female,6.3,Mandate,Verified
INV004755,2024-06-30,119551,redemption,400742,Uttar Pradesh,Agra,B30,18-25,Female,6.5,Mandate,Verified
INV002244,2024-06-30,119598,sip,1854,Maharashtra,Mumbai,T30,36-45,Male,49.4,Mandate,Verified
INV004212,2024-07-01,119599,sip,16999,Uttar Pradesh,Kanpur,B30,36-45,Male,41.5,UPI,Verified
INV001208,2024-07-01,118635,redemption,223777,Gujarat,Ahmedabad,T30,56+,Male,18.7,Cheque,Verified
INV004617,2024-07-01,148568,redemption,143426,Karnataka,Bangalore,T30,26-35,Male,22.1,Net Banking,Verified
INV000182,2024-07-01,101206,lumpsum,91278,Tamil Nadu,Chennai,T30,36-45,Male,38.1,UPI,Verified
INV004358,2024-07-01,125497,sip,2472,Tamil Nadu,Coimbatore,B30,26-35,Male,6.5,Net Banking,Verified
INV004753,2024-07-01,102887,sip,14381,Karnataka,Mysore,B30,36-45,Female,18.4,Mandate,Verified
INV000101,2024-07-01,119120,sip,2610,Madhya Pradesh,Indore,T30,26-35,Male,20.8,Cheque,Verified
INV003302,2024-07-01,148569,sip,1756,Uttar Pradesh,Lucknow,T30,18-25,Male,3.0,Cheque,Verified
INV002408,2024-07-01,120507,sip,434,Rajasthan,Jaipur,T30,56+,Male,56.2,UPI,Verified
INV004528,2024-07-01,120507,sip,557,Madhya Pradesh,Indore,T30,46-55,Male,82.5,Mandate,Verified
INV002718,2024-07-01,119094,sip,3447,Telangana,Hyderabad,T30,36-45,Male,15.6,UPI,Verified
INV001077,2024-07-01,101206,redemption,341447,Uttar Pradesh,Lucknow,T30,26-35,Male,6.4,UPI,Verified
INV004357,2024-07-01,149324,sip,17378,Delhi,Gurugram,T30,46-55,Female,55.6,UPI,Verified
INV000520,2024-07-01,100033,sip,5515,West Bengal,Kolkata,T30,46-55,Female,59.4,Net Banking,Verified
INV001658,2024-07-01,118634,sip,546,Rajasthan,Jaipur,T30,36-45,Female,48.4,Mandate,Verified
INV002372,2024-07-01,119599,lumpsum,205337,Maharashtra,Pune,T30,36-45,Female,28.6,Cheque,Verified
INV001997,2024-07-01,100016,sip,2514,Delhi,New Delhi,T30,56+,Female,24.8,Mandate,Verified
INV004172,2024-07-01,102887,sip,4322,Madhya Pradesh,Indore,T30,26-35,Male,18.5,Mandate,Verified
INV004437,2024-07-01,119551,sip,900,Telangana,Hyderabad,T30,26-35,Male,13.7,Cheque,Verified
INV002712,2024-07-01,149324,sip,7486,Karnataka,Bangalore,T30,46-55,Male,24.8,UPI,Pending
INV000066,2024-07-01,125498,redemption,411564,Haryana,Faridabad,B30,56+,Male,64.2,Mandate,Verified
INV004106,2024-07-01,149322,sip,2446,Gujarat,Surat,T30,26-35,Male,16.3,Net Banking,Verified
INV001063,2024-07-01,119599,redemption,93489,Haryana,Faridabad,B30,26-35,Male,24.1,Net Banking,Verified
INV002870,2024-07-01,125498,sip,2424,Karnataka,Mysore,B30,26-35,Female,23.7,Cheque,Verified
INV000860,2024-07-01,118632,sip,6960,Madhya Pradesh,Bhopal,B30,36-45,Female,51.8,Cheque,Verified
INV002348,2024-07-01,120504,sip,11412,Uttar Pradesh,Agra,B30,26-35,Male,13.4,UPI,Verified
INV004120,2024-07-01,101207,sip,4900,Telangana,Hyderabad,T30,18-25,Male,7.2,UPI,Verified
INV001551,2024-07-01,118632,sip,2395,Tamil Nadu,Chennai,T30,26-35,Female,21.7,UPI,Verified
INV002826,2024-07-01,149322,lumpsum,102048,Haryana,Gurugram,T30,26-35,Male,20.5,Net Banking,Verified
INV000591,2024-07-01,118634,sip,947,Karnataka,Bangalore,T30,18-25,Male,4.1,UPI,Verified
INV004664,2024-07-01,100033,redemption,409318,Karnataka,Bangalore,T30,26-35,Male,18.6,Cheque,Verified
INV000970,2024-07-01,120842,lumpsum,285720,Tamil Nadu,Coimbatore,B30,46-55,Male,28.8,Net Banking,Pending
INV003009,2024-07-01,101208,redemption,199519,Karnataka,Bangalore,T30,26-35,Male,20.1,Cheque,Verified
INV004134,2024-07-01,118632,sip,2475,West Bengal,Kolkata,T30,36-45,Male,24.4,UPI,Verified
INV004741,2024-07-01,120841,sip,8079,Telangana,Hyderabad,T30,26-35,Female,24.9,Net Banking,Pending
INV003732,2024-07-01,119092,lumpsum,278633,West Bengal,Kolkata,T30,36-45,Male,56.1,UPI,Verified
INV000584,2024-07-01,119095,sip,2207,Uttar Pradesh,Kanpur,B30,46-55,Female,20.9,UPI,Pending
INV004744,2024-07-01,149324,sip,20705,Telangana,Hyderabad,T30,26-35,Female,16.0,Net Banking,Verified
INV003503,2024-07-01,101207,redemption,329672,Karnataka,Mysore,B30,36-45,Male,26.3,Cheque,Verified
INV003151,2024-07-01,118636,sip,2123,Tamil Nadu,Coimbatore,B30,56+,Female,69.5,Mandate,Verified
INV001116,2024-07-01,148569,sip,49151,Haryana,Faridabad,B30,36-45,Male,17.8,Cheque,Verified
INV001825,2024-07-01,102887,sip,23253,Haryana,Faridabad,B30,26-35,Male,21.7,Cheque,Verified
INV001190,2024-07-01,100016,sip,12241,Maharashtra,Mumbai,T30,26-35,Male,15.6,Cheque,Verified
INV002170,2024-07-01,120843,lumpsum,119916,Delhi,New Delhi,T30,26-35,Female,14.7,Mandate,Verified
INV004405,2024-07-01,148568,redemption,496031,Madhya Pradesh,Indore,T30,36-45,Female,35.9,Net Banking,Pending
INV000793,2024-07-01,148568,lumpsum,211777,West Bengal,Kolkata,T30,26-35,Female,8.4,UPI,Pending
INV001009,2024-07-01,120841,lumpsum,325247,Punjab,Chandigarh,T30,26-35,Male,21.2,Mandate,Verified
INV001737,2024-07-01,102887,redemption,376007,Telangana,Hyderabad,T30,26-35,Female,10.1,Net Banking,Verified
INV003847,2024-07-01,100016,lumpsum,135173,Telangana,Hyderabad,T30,26-35,Male,19.7,Net Banking,Verified
INV001777,2024-07-01,119094,sip,1759,West Bengal,Kolkata,T30,18-25,Female,7.6,Cheque,Pending
INV001196,2024-07-01,148567,sip,1092,Punjab,Chandigarh,T30,26-35,Male,21.4,UPI,Verified
INV001548,2024-07-01,102887,sip,16527,Delhi,New Delhi,T30,26-35,Male,24.8,Cheque,Verified
INV002381,2024-07-01,119092,sip,2795,Karnataka,Mysore,B30,36-45,Male,23.1,Net Banking,Verified
INV001751,2024-07-01,101207,lumpsum,67968,Tamil Nadu,Coimbatore,B30,18-25,Male,6.8,UPI,Verified
INV000077,2024-07-01,119093,lumpsum,407955,Rajasthan,Jaipur,T30,36-45,Male,23.0,Cheque,Verified
INV001977,2024-07-01,102885,sip,2303,Punjab,Amritsar,B30,18-25,Female,3.3,Cheque,Verified
INV000219,2024-07-01,120843,sip,20268,Gujarat,Ahmedabad,T30,26-35,Male,22.3,Net Banking,Verified
INV003431,2024-07-01,120507,sip,3276,Karnataka,Mysore,B30,18-25,Male,6.3,Mandate,Verified
INV001609,2024-07-01,100033,lumpsum,418594,Punjab,Chandigarh,T30,26-35,Female,14.0,Cheque,Verified
INV001683,2024-07-01,118634,sip,15375,Haryana,Gurugram,T30,26-35,Male,8.7,UPI,Verified
INV001331,2024-07-01,118635,sip,7243,Gujarat,Ahmedabad,T30,26-35,Male,17.5,UPI,Verified
INV001832,2024-07-01,119092,sip,5217,Punjab,Chandigarh,T30,18-25,Male,3.8,Net Banking,Verified
INV001975,2024-07-02,118632,lumpsum,32845,Delhi,New Delhi,T30,36-45,Female,35.3,UPI,Verified
INV000690,2024-07-02,100016,lumpsum,308448,Delhi,Gurugram,T30,46-55,Male,98.7,Mandate,Verified
INV003197,2024-07-02,118635,lumpsum,6114,Punjab,Chandigarh,T30,26-35,Male,24.7,Mandate,Pending
INV000453,2024-07-02,119552,sip,13940,Rajasthan,Udaipur,B30,46-55,Male,40.4,Mandate,Verified
INV002166,2024-07-02,118633,sip,2229,Haryana,Gurugram,T30,36-45,Male,33.3,Mandate,Verified
INV002137,2024-07-02,148568,sip,2068,Tamil Nadu,Coimbatore,B30,36-45,Male,17.6,Net Banking,Verified
INV003745,2024-07-02,149324,redemption,20597,West Bengal,Kolkata,T30,36-45,Male,17.8,Net Banking,Verified
INV001124,2024-07-02,119552,sip,1875,Madhya Pradesh,Indore,T30,36-45,Male,39.0,Net Banking,Verified
INV004343,2024-07-02,102885,redemption,287098,Madhya Pradesh,Bhopal,B30,18-25,Male,7.9,Net Banking,Verified
INV001695,2024-07-02,119598,sip,905,Punjab,Amritsar,B30,36-45,Male,24.0,Cheque,Verified
INV001587,2024-07-02,118633,lumpsum,74602,Punjab,Chandigarh,T30,26-35,Male,22.3,Cheque,Verified
INV000270,2024-07-02,119120,sip,907,Maharashtra,Mumbai,T30,18-25,Male,7.6,UPI,Verified
INV002004,2024-07-02,102886,sip,5496,Uttar Pradesh,Agra,B30,18-25,Male,7.3,Mandate,Verified
INV000428,2024-07-02,120843,sip,6258,Delhi,Gurugram,T30,36-45,Male,27.2,UPI,Verified
INV000916,2024-07-02,148569,sip,21951,Maharashtra,Nashik,B30,26-35,Male,9.1,UPI,Verified
INV004827,2024-07-02,120507,redemption,17146,Uttar Pradesh,Kanpur,B30,56+,Female,43.7,Cheque,Verified
INV004199,2024-07-02,125497,sip,16381,Tamil Nadu,Chennai,T30,56+,Male,76.5,Cheque,Verified
INV003919,2024-07-02,149322,sip,11698,Uttar Pradesh,Lucknow,T30,18-25,Male,3.4,Net Banking,Verified
INV003022,2024-07-02,148569,sip,552,Telangana,Hyderabad,T30,46-55,Male,60.2,UPI,Verified
INV002092,2024-07-02,119120,sip,4019,Punjab,Amritsar,B30,18-25,Male,7.7,Mandate,Verified
INV003638,2024-07-02,100025,lumpsum,103036,West Bengal,Kolkata,T30,56+,Male,27.1,Cheque,Verified
INV002981,2024-07-02,120505,lumpsum,182030,Maharashtra,Mumbai,T30,18-25,Female,7.3,UPI,Verified
INV001263,2024-07-02,119551,sip,5257,Rajasthan,Jaipur,T30,36-45,Male,54.6,Cheque,Verified
INV004896,2024-07-02,120505,redemption,200590,Uttar Pradesh,Agra,B30,18-25,Female,3.5,UPI,Verified
INV000114,2024-07-02,119599,lumpsum,285128,West Bengal,Kolkata,T30,36-45,Male,59.6,Cheque,Verified
INV004201,2024-07-02,100016,lumpsum,14923,Telangana,Hyderabad,T30,36-45,Male,20.2,Cheque,Verified
INV000748,2024-07-02,125498,sip,458,Uttar Pradesh,Agra,B30,26-35,Male,18.7,Mandate,Verified
INV003479,2024-07-02,120504,sip,21409,West Bengal,Kolkata,T30,36-45,Female,44.7,Net Banking,Verified
INV002252,2024-07-02,119094,sip,13944,Maharashtra,Pune,T30,36-45,Female,46.4,UPI,Verified
INV000726,2024-07-02,120841,sip,464,Punjab,Chandigarh,T30,26-35,Male,21.1,Mandate,Verified
INV002299,2024-07-02,119599,sip,538,Karnataka,Mysore,B30,36-45,Female,26.8,UPI,Verified
INV002151,2024-07-02,120842,sip,52120,Rajasthan,Jaipur,T30,26-35,Female,18.1,Net Banking,Verified
INV004546,2024-07-02,120504,lumpsum,45861,Karnataka,Mysore,B30,36-45,Male,28.4,Mandate,Verified
INV004952,2024-07-02,120506,sip,4997,Uttar Pradesh,Kanpur,B30,26-35,Male,15.9,Mandate,Verified
INV002822,2024-07-02,101206,sip,10346,Karnataka,Bangalore,T30,46-55,Male,79.5,Net Banking,Verified
INV002801,2024-07-02,118634,sip,2340,Madhya Pradesh,Indore,T30,18-25,Male,6.4,Cheque,Verified
INV004005,2024-07-02,119093,sip,4141,West Bengal,Kolkata,T30,26-35,Male,11.0,Cheque,Verified
INV004947,2024-07-02,125498,sip,16286,Telangana,Hyderabad,T30,26-35,Female,19.7,Cheque,Verified
INV001826,2024-07-02,119598,sip,17845,Punjab,Amritsar,B30,18-25,Male,4.7,UPI,Pending
INV000858,2024-07-02,100033,sip,44994,Tamil Nadu,Chennai,T30,36-45,Female,28.7,Cheque,Verified
INV001378,2024-07-02,148568,sip,1017,Delhi,Noida,T30,36-45,Male,21.1,Cheque,Verified
INV002472,2024-07-02,148567,redemption,176858,Maharashtra,Mumbai,T30,26-35,Female,19.1,Cheque,Verified
INV000635,2024-07-02,125498,sip,2799,Delhi,New Delhi,T30,18-25,Female,4.2,Cheque,Verified
INV003405,2024-07-02,100033,sip,2437,Rajasthan,Jaipur,T30,26-35,Male,11.5,Mandate,Verified
INV000954,2024-07-02,118636,redemption,362619,Haryana,Faridabad,B30,26-35,Female,8.3,Cheque,Verified
INV004479,2024-07-02,149323,sip,48611,Rajasthan,Jaipur,T30,36-45,Male,43.7,Cheque,Verified
INV001694,2024-07-02,119599,sip,8846,Punjab,Amritsar,B30,46-55,Female,36.8,Net Banking,Verified
INV003812,2024-07-02,101207,sip,3227,Haryana,Faridabad,B30,18-25,Female,3.6,Cheque,Verified
INV000339,2024-07-02,120507,redemption,126730,Uttar Pradesh,Kanpur,B30,26-35,Male,22.3,UPI,Verified
INV004523,2024-07-02,120841,sip,2058,Haryana,Gurugram,T30,26-35,Female,13.5,Mandate,Verified
INV003208,2024-07-02,120841,sip,3544,Madhya Pradesh,Bhopal,B30,46-55,Male,80.0,Mandate,Verified
INV001672,2024-07-02,120843,redemption,58666,Maharashtra,Pune,T30,18-25,Male,5.4,Cheque,Verified
INV004840,2024-07-02,120504,lumpsum,68040,Maharashtra,Pune,T30,18-25,Male,6.5,Mandate,Verified
INV003903,2024-07-02,119598,sip,21502,Karnataka,Mysore,B30,18-25,Female,6.6,UPI,Verified
INV002483,2024-07-02,100016,lumpsum,248678,Delhi,New Delhi,T30,46-55,Female,60.8,Net Banking,Verified
INV002996,2024-07-02,120504,lumpsum,497949,Madhya Pradesh,Bhopal,B30,26-35,Male,20.7,Cheque,Verified
INV001672,2024-07-02,120844,sip,2639,Maharashtra,Pune,T30,18-25,Male,5.4,Cheque,Verified
INV003257,2024-07-02,119094,lumpsum,198299,Rajasthan,Jaipur,T30,56+,Male,34.8,UPI,Verified
INV001910,2024-07-02,101207,lumpsum,379577,Karnataka,Mysore,B30,26-35,Female,15.2,Mandate,Verified
INV003330,2024-07-02,118632,sip,5049,Gujarat,Surat,T30,46-55,Female,44.1,Net Banking,Verified
INV003346,2024-07-02,120503,sip,882,Punjab,Chandigarh,T30,46-55,Male,16.7,Net Banking,Verified
INV002121,2024-07-02,148569,sip,16480,Madhya Pradesh,Bhopal,B30,18-25,Female,3.5,Mandate,Verified
INV001673,2024-07-02,102887,sip,452,West Bengal,Kolkata,T30,26-35,Male,23.0,Cheque,Verified
INV001829,2024-07-02,118634,sip,2313,Punjab,Chandigarh,T30,26-35,Male,22.7,Mandate,Verified
INV003779,2024-07-03,120842,lumpsum,164744,Delhi,New Delhi,T30,26-35,Male,21.9,UPI,Verified
INV001203,2024-07-03,120504,sip,13627,Uttar Pradesh,Lucknow,T30,18-25,Male,5.0,UPI,Verified
INV002751,2024-07-03,118634,sip,2851,Delhi,New Delhi,T30,36-45,Male,45.4,Mandate,Verified
INV003409,2024-07-03,102886,lumpsum,264015,Karnataka,Mysore,B30,46-55,Male,44.2,UPI,Verified
INV001805,2024-07-03,120503,sip,497,Gujarat,Ahmedabad,T30,36-45,Male,44.9,Cheque,Pending
INV000718,2024-07-03,149322,sip,564,Delhi,Gurugram,T30,26-35,Male,10.8,UPI,Verified
INV000485,2024-07-03,118634,sip,17284,Rajasthan,Jaipur,T30,26-35,Male,19.5,UPI,Verified
INV002798,2024-07-03,119598,sip,8365,Tamil Nadu,Coimbatore,B30,26-35,Female,24.5,Cheque,Pending
INV000117,2024-07-03,118633,lumpsum,259271,Karnataka,Bangalore,T30,26-35,Female,15.6,UPI,Verified
INV002451,2024-07-03,101206,sip,49365,Punjab,Chandigarh,T30,18-25,Male,6.6,Mandate,Verified
INV001315,2024-07-03,118634,sip,1687,Telangana,Hyderabad,T30,46-55,Female,32.9,UPI,Pending
INV002007,2024-07-03,119551,sip,8640,Haryana,Faridabad,B30,18-25,Male,4.2,Mandate,Verified
INV000517,2024-07-03,120503,lumpsum,328151,Punjab,Amritsar,B30,36-45,Female,31.8,Net Banking,Verified
INV003401,2024-07-03,118634,sip,443,Rajasthan,Jaipur,T30,26-35,Female,18.1,Mandate,Verified
INV003217,2024-07-03,102886,lumpsum,141500,Delhi,Noida,T30,56+,Male,18.3,UPI,Verified
INV003317,2024-07-03,149322,sip,11717,Delhi,New Delhi,T30,18-25,Male,6.6,Cheque,Verified
INV000206,2024-07-03,118632,lumpsum,262031,Punjab,Amritsar,B30,26-35,Male,9.8,Mandate,Verified
INV001669,2024-07-03,101208,sip,6617,West Bengal,Kolkata,T30,26-35,Female,6.3,Net Banking,Verified
INV001321,2024-07-03,100016,sip,2365,Telangana,Hyderabad,T30,46-55,Male,74.1,Mandate,Verified
INV001986,2024-07-03,119599,sip,13070,Madhya Pradesh,Indore,T30,36-45,Female,17.4,UPI,Verified
INV001965,2024-07-03,120841,sip,16078,Telangana,Hyderabad,T30,56+,Male,24.6,Net Banking,Verified
INV002783,2024-07-03,101208,sip,11976,West Bengal,Kolkata,T30,26-35,Male,7.0,UPI,Verified
INV000852,2024-07-03,119599,lumpsum,385577,Maharashtra,Nashik,B30,26-35,Female,18.1,UPI,Verified
INV001450,2024-07-03,148569,sip,3261,Rajasthan,Udaipur,B30,26-35,Female,16.8,UPI,Verified
INV001780,2024-07-03,101207,sip,15367,Punjab,Amritsar,B30,46-55,Male,84.1,UPI,Verified
INV001039,2024-07-03,118632,sip,1752,Gujarat,Surat,T30,36-45,Male,12.8,Net Banking,Verified
INV001709,2024-07-03,120505,sip,8431,Delhi,New Delhi,T30,36-45,Male,55.9,Mandate,Verified
INV003301,2024-07-03,148568,sip,14569,Rajasthan,Udaipur,B30,26-35,Male,14.2,Mandate,Verified
INV000249,2024-07-03,120503,lumpsum,499795,Punjab,Amritsar,B30,26-35,Male,13.4,Cheque,Verified
INV001944,2024-07-03,148567,lumpsum,263948,Telangana,Hyderabad,T30,18-25,Male,4.4,Cheque,Verified
INV000772,2024-07-03,119094,sip,50101,Karnataka,Bangalore,T30,56+,Female,16.1,Mandate,Verified
INV002533,2024-07-03,125498,sip,809,Haryana,Faridabad,B30,46-55,Male,73.5,Net Banking,Pending
INV001618,2024-07-03,120503,sip,10508,Karnataka,Bangalore,T30,56+,Female,28.0,Mandate,Verified
INV003418,2024-07-03,119598,sip,2590,Delhi,Gurugram,T30,36-45,Male,22.3,Net Banking,Verified
INV000182,2024-07-03,149323,sip,1825,Tamil Nadu,Chennai,T30,36-45,Male,38.1,UPI,Verified
INV004970,2024-07-03,148568,sip,9516,Maharashtra,Nashik,B30,36-45,Female,27.6,Mandate,Verified
INV003495,2024-07-03,125498,sip,7382,West Bengal,Kolkata,T30,26-35,Female,22.9,Cheque,Verified
INV000093,2024-07-03,102885,sip,49954,Maharashtra,Mumbai,T30,36-45,Female,59.0,Net Banking,Verified
INV003277,2024-07-03,148568,sip,1172,Rajasthan,Jaipur,T30,18-25,Male,3.3,UPI,Verified
INV000897,2024-07-03,119093,sip,1000,Maharashtra,Nashik,B30,36-45,Male,22.3,Mandate,Verified
INV004023,2024-07-03,120504,sip,1700,Tamil Nadu,Chennai,T30,46-55,Male,69.6,Cheque,Verified
INV001137,2024-07-03,118633,sip,502,West Bengal,Kolkata,T30,56+,Female,55.8,Cheque,Verified
INV000289,2024-07-03,149322,lumpsum,369980,Delhi,Gurugram,T30,36-45,Male,54.2,Net Banking,Verified
INV003719,2024-07-03,118635,sip,3352,Uttar Pradesh,Kanpur,B30,26-35,Female,8.3,Net Banking,Verified
INV002461,2024-07-03,101208,sip,2427,West Bengal,Kolkata,T30,26-35,Male,19.5,Mandate,Verified
INV001591,2024-07-03,125497,lumpsum,69092,Rajasthan,Jaipur,T30,56+,Male,28.1,Cheque,Verified
INV002882,2024-07-03,119095,sip,977,Gujarat,Ahmedabad,T30,36-45,Male,52.7,Cheque,Verified
INV001832,2024-07-03,119551,redemption,327028,Punjab,Chandigarh,T30,18-25,Male,3.8,Net Banking,Verified
INV003558,2024-07-03,101208,sip,4652,Uttar Pradesh,Lucknow,T30,18-25,Male,6.1,Net Banking,Verified
INV004285,2024-07-04,101208,sip,5032,Punjab,Chandigarh,T30,26-35,Male,8.0,Net Banking,Verified
INV003602,2024-07-04,119552,lumpsum,61818,Maharashtra,Nashik,B30,46-55,Male,75.4,Cheque,Verified
INV002162,2024-07-04,101207,sip,56730,Madhya Pradesh,Indore,T30,46-55,Male,40.2,Net Banking,Verified
INV001542,2024-07-04,125498,sip,1869,Uttar Pradesh,Lucknow,T30,36-45,Male,49.1,Cheque,Verified
INV003027,2024-07-04,118632,sip,43535,Telangana,Hyderabad,T30,26-35,Male,20.8,UPI,Verified
INV001076,2024-07-04,120841,sip,21474,Delhi,Noida,T30,26-35,Female,6.2,Net Banking,Verified
INV000465,2024-07-04,120503,sip,2041,Maharashtra,Nashik,B30,26-35,Male,20.8,Net Banking,Verified
INV001368,2024-07-04,148567,lumpsum,283415,Tamil Nadu,Chennai,T30,36-45,Female,23.3,Cheque,Verified
INV002182,2024-07-04,100016,lumpsum,404082,Madhya Pradesh,Bhopal,B30,36-45,Male,54.3,Cheque,Verified
INV001640,2024-07-04,102887,lumpsum,164572,Rajasthan,Jaipur,T30,36-45,Female,52.6,Mandate,Verified
INV004428,2024-07-04,120844,lumpsum,22818,Rajasthan,Udaipur,B30,26-35,Female,6.7,Cheque,Verified
INV002772,2024-07-04,118635,sip,2833,Haryana,Faridabad,B30,26-35,Male,14.7,Cheque,Verified
INV002552,2024-07-04,149324,sip,7972,Delhi,Gurugram,T30,36-45,Male,24.4,Cheque,Verified
INV003264,2024-07-04,120505,sip,2935,Haryana,Faridabad,B30,18-25,Male,4.9,UPI,Verified
INV002016,2024-07-04,119120,sip,1683,Delhi,Noida,T30,46-55,Male,17.2,UPI,Pending
INV002457,2024-07-04,148567,lumpsum,303838,Gujarat,Surat,T30,36-45,Male,39.2,UPI,Verified
INV002683,2024-07-04,118634,lumpsum,117310,Haryana,Faridabad,B30,26-35,Male,9.7,Mandate,Verified
INV001137,2024-07-04,120505,sip,2495,West Bengal,Kolkata,T30,56+,Female,55.8,UPI,Verified
INV002119,2024-07-04,101208,redemption,327514,Tamil Nadu,Coimbatore,B30,26-35,Female,11.8,Cheque,Verified
INV001842,2024-07-04,118636,lumpsum,425233,Gujarat,Surat,T30,26-35,Male,14.4,Net Banking,Verified
INV000390,2024-07-04,100016,lumpsum,11210,Karnataka,Bangalore,T30,26-35,Male,24.9,Net Banking,Verified
INV002787,2024-07-04,118633,lumpsum,151763,Uttar Pradesh,Kanpur,B30,18-25,Male,4.8,Mandate,Verified
INV002781,2024-07-04,120844,lumpsum,112678,Tamil Nadu,Chennai,T30,26-35,Female,13.3,UPI,Verified
INV002909,2024-07-04,120843,sip,9744,Rajasthan,Udaipur,B30,36-45,Male,44.1,UPI,Verified
INV001236,2024-07-04,120844,sip,2974,Telangana,Hyderabad,T30,46-55,Male,93.7,UPI,Verified
INV001561,2024-07-04,101208,sip,29182,Rajasthan,Udaipur,B30,36-45,Male,39.4,Mandate,Pending
INV002729,2024-07-04,120841,lumpsum,261123,Uttar Pradesh,Kanpur,B30,26-35,Female,15.4,UPI,Verified
INV003482,2024-07-04,101207,sip,903,Madhya Pradesh,Indore,T30,18-25,Female,6.3,UPI,Verified
INV004347,2024-07-04,120844,lumpsum,481028,West Bengal,Kolkata,T30,36-45,Male,20.5,Mandate,Verified
INV003402,2024-07-04,148569,sip,2250,Telangana,Hyderabad,T30,26-35,Male,20.5,Net Banking,Verified
INV004149,2024-07-04,119093,sip,14750,Rajasthan,Udaipur,B30,56+,Female,78.2,Cheque,Verified
INV004998,2024-07-04,101208,lumpsum,462396,Gujarat,Ahmedabad,T30,36-45,Male,24.2,Mandate,Verified
INV004506,2024-07-04,119094,lumpsum,266088,Karnataka,Mysore,B30,46-55,Male,76.9,Mandate,Verified
INV004061,2024-07-04,148567,sip,45711,Punjab,Chandigarh,T30,26-35,Male,22.2,Net Banking,Pending
INV001411,2024-07-04,119599,sip,20823,Delhi,Gurugram,T30,26-35,Female,7.1,UPI,Verified
INV003783,2024-07-04,118635,sip,5755,Madhya Pradesh,Indore,T30,18-25,Male,3.5,Cheque,Verified
INV004578,2024-07-04,120506,redemption,443412,Haryana,Gurugram,T30,26-35,Male,21.0,Net Banking,Verified
INV004003,2024-07-04,148569,redemption,350216,West Bengal,Kolkata,T30,26-35,Male,9.5,Mandate,Verified
INV004616,2024-07-04,119092,sip,40028,West Bengal,Kolkata,T30,26-35,Female,18.1,Net Banking,Verified
INV004127,2024-07-04,120505,sip,434,Madhya Pradesh,Indore,T30,36-45,Female,27.3,UPI,Verified
INV004183,2024-07-04,149324,sip,513,West Bengal,Kolkata,T30,26-35,Male,13.2,UPI,Verified
INV001294,2024-07-04,119598,sip,8375,Telangana,Hyderabad,T30,56+,Female,14.3,Mandate,Verified
INV003824,2024-07-04,101208,lumpsum,469696,Telangana,Hyderabad,T30,26-35,Male,9.4,Net Banking,Pending
INV003164,2024-07-04,119095,sip,7748,Madhya Pradesh,Indore,T30,26-35,Male,23.9,Net Banking,Verified
INV001631,2024-07-04,119552,sip,1975,Haryana,Faridabad,B30,36-45,Male,55.9,Cheque,Verified
INV004865,2024-07-04,120504,redemption,260023,Maharashtra,Nashik,B30,56+,Male,77.2,Net Banking,Verified
INV001106,2024-07-04,101206,sip,1696,Tamil Nadu,Chennai,T30,26-35,Male,13.1,Net Banking,Verified
INV003047,2024-07-04,120504,lumpsum,240354,Maharashtra,Mumbai,T30,46-55,Male,40.0,Mandate,Verified
INV000665,2024-07-04,100033,sip,2164,Rajasthan,Udaipur,B30,26-35,Female,6.6,Mandate,Verified
INV004660,2024-07-04,118634,sip,1991,Uttar Pradesh,Agra,B30,18-25,Male,4.9,Mandate,Verified
INV001185,2024-07-04,120842,sip,525,Haryana,Faridabad,B30,26-35,Female,22.5,Cheque,Verified
INV003219,2024-07-04,148567,lumpsum,7528,Maharashtra,Pune,T30,46-55,Male,57.8,Mandate,Verified
INV004956,2024-07-04,118633,sip,1881,Maharashtra,Mumbai,T30,46-55,Male,62.4,Mandate,Verified
INV000023,2024-07-05,120843,sip,15838,West Bengal,Kolkata,T30,46-55,Female,61.9,Net Banking,Verified
INV000736,2024-07-05,119094,lumpsum,261373,Haryana,Faridabad,B30,36-45,Female,39.4,Mandate,Verified
INV001863,2024-07-05,119094,redemption,47043,Rajasthan,Jaipur,T30,36-45,Male,24.2,Mandate,Verified
INV000444,2024-07-05,101206,sip,476,Maharashtra,Pune,T30,36-45,Female,42.1,Net Banking,Verified
INV003340,2024-07-05,120504,sip,40893,Madhya Pradesh,Indore,T30,26-35,Male,22.5,Mandate,Verified
INV003166,2024-07-05,100016,sip,20165,Karnataka,Bangalore,T30,26-35,Female,7.1,UPI,Verified
INV001983,2024-07-05,125498,sip,3118,West Bengal,Kolkata,T30,36-45,Male,30.6,Net Banking,Verified
INV000875,2024-07-05,101208,lumpsum,450212,Gujarat,Surat,T30,46-55,Female,71.8,Mandate,Verified
INV003630,2024-07-05,102886,sip,1067,Karnataka,Bangalore,T30,18-25,Female,4.9,UPI,Verified
INV002390,2024-07-05,148567,sip,10555,Uttar Pradesh,Kanpur,B30,56+,Female,24.4,UPI,Verified
INV003673,2024-07-05,125498,lumpsum,65581,Maharashtra,Mumbai,T30,26-35,Male,23.5,Mandate,Verified
INV000638,2024-07-05,120841,sip,58835,Rajasthan,Udaipur,B30,26-35,Male,12.7,Cheque,Verified
INV004981,2024-07-05,148569,sip,3326,Haryana,Faridabad,B30,18-25,Male,3.5,Mandate,Verified
INV000074,2024-07-05,149323,sip,28204,Rajasthan,Jaipur,T30,26-35,Female,8.4,Mandate,Verified
INV001458,2024-07-05,120844,lumpsum,140168,Tamil Nadu,Coimbatore,B30,46-55,Male,34.9,Mandate,Pending
INV003347,2024-07-05,120503,sip,450,Rajasthan,Udaipur,B30,18-25,Male,3.7,Net Banking,Verified
INV000382,2024-07-05,102887,redemption,235230,Gujarat,Ahmedabad,T30,26-35,Male,20.5,Net Banking,Verified
INV003543,2024-07-05,102885,lumpsum,374623,Maharashtra,Nashik,B30,26-35,Male,8.3,Net Banking,Pending
INV002804,2024-07-05,120842,sip,424,Madhya Pradesh,Indore,T30,36-45,Male,39.9,UPI,Verified
INV002652,2024-07-05,125498,lumpsum,420624,Gujarat,Surat,T30,36-45,Male,40.6,UPI,Verified
INV003031,2024-07-05,119094,redemption,7261,Karnataka,Bangalore,T30,18-25,Male,7.7,Net Banking,Pending
INV002280,2024-07-05,100033,lumpsum,150471,Karnataka,Mysore,B30,18-25,Male,3.5,UPI,Verified
INV003373,2024-07-05,119552,redemption,17831,Gujarat,Surat,T30,56+,Male,62.9,Mandate,Verified
INV004285,2024-07-05,100016,sip,2885,Punjab,Chandigarh,T30,26-35,Male,8.0,Cheque,Verified
INV003587,2024-07-05,101206,sip,29509,Telangana,Hyderabad,T30,26-35,Female,16.4,Mandate,Verified
INV000522,2024-07-05,119092,sip,12172,Punjab,Chandigarh,T30,26-35,Female,10.8,Mandate,Verified
INV004719,2024-07-05,101207,sip,4590,Haryana,Gurugram,T30,46-55,Male,86.8,Net Banking,Verified
INV004892,2024-07-05,120503,redemption,19463,West Bengal,Kolkata,T30,26-35,Female,22.7,UPI,Verified
INV002401,2024-07-05,118632,sip,970,West Bengal,Kolkata,T30,26-35,Male,20.9,Net Banking,Verified
INV002903,2024-07-05,119093,lumpsum,135206,Madhya Pradesh,Indore,T30,36-45,Male,45.0,Mandate,Verified
INV003767,2024-07-05,119551,sip,28995,Madhya Pradesh,Bhopal,B30,36-45,Female,13.6,Cheque,Verified
INV000296,2024-07-05,149322,lumpsum,390245,Madhya Pradesh,Indore,T30,26-35,Male,16.7,UPI,Verified
INV001951,2024-07-05,149324,sip,2001,Punjab,Chandigarh,T30,26-35,Male,10.6,Net Banking,Verified
INV003295,2024-07-05,100016,sip,576,Gujarat,Ahmedabad,T30,26-35,Male,20.8,UPI,Verified
INV004471,2024-07-05,102886,sip,8634,Delhi,New Delhi,T30,26-35,Female,20.2,Net Banking,Verified
INV002705,2024-07-05,102886,sip,2999,Uttar Pradesh,Lucknow,T30,46-55,Female,90.6,UPI,Verified
INV001186,2024-07-05,102887,sip,3598,Maharashtra,Pune,T30,26-35,Male,19.8,Cheque,Verified
INV000573,2024-07-05,101208,redemption,408810,Madhya Pradesh,Bhopal,B30,56+,Female,38.5,UPI,Verified
INV004753,2024-07-05,119093,lumpsum,275928,Karnataka,Mysore,B30,36-45,Female,18.4,Mandate,Verified
INV003074,2024-07-05,120842,sip,50186,Haryana,Faridabad,B30,26-35,Male,8.3,Mandate,Verified
INV000765,2024-07-05,149323,sip,3205,Telangana,Hyderabad,T30,18-25,Male,4.6,Cheque,Verified
INV002696,2024-07-05,101208,sip,4799,Punjab,Amritsar,B30,18-25,Male,7.1,Net Banking,Verified
INV000503,2024-07-05,120504,redemption,68474,Madhya Pradesh,Bhopal,B30,26-35,Female,22.2,Net Banking,Verified
INV003130,2024-07-05,120504,lumpsum,113313,West Bengal,Kolkata,T30,18-25,Male,5.6,Net Banking,Verified
INV002129,2024-07-05,125498,sip,2598,Rajasthan,Jaipur,T30,56+,Male,10.0,Cheque,Verified
INV003063,2024-07-05,102887,sip,2430,Maharashtra,Mumbai,T30,36-45,Female,45.0,UPI,Verified
INV000155,2024-07-05,120844,sip,1758,Madhya Pradesh,Bhopal,B30,26-35,Female,17.4,UPI,Verified
INV004731,2024-07-05,119094,lumpsum,422684,Punjab,Amritsar,B30,26-35,Male,17.6,Net Banking,Pending
INV002111,2024-07-05,148568,sip,3585,Telangana,Hyderabad,T30,36-45,Female,29.2,Mandate,Verified
INV003989,2024-07-05,120842,sip,1999,Maharashtra,Nashik,B30,26-35,Male,24.6,Mandate,Verified
INV001945,2024-07-05,119093,sip,3437,Gujarat,Ahmedabad,T30,26-35,Male,8.0,UPI,Verified
INV002626,2024-07-05,125498,sip,8350,Karnataka,Bangalore,T30,36-45,Male,29.4,UPI,Verified
INV002590,2024-07-05,118635,sip,2711,West Bengal,Kolkata,T30,36-45,Male,45.1,Cheque,Verified
INV001415,2024-07-05,119598,sip,1849,Haryana,Gurugram,T30,56+,Male,33.1,Net Banking,Verified
INV000739,2024-07-05,102887,sip,494,Uttar Pradesh,Agra,B30,46-55,Female,97.0,Cheque,Verified
INV000539,2024-07-05,119095,sip,27289,Haryana,Faridabad,B30,26-35,Female,13.4,Cheque,Verified
INV002255,2024-07-05,149324,sip,404,Rajasthan,Jaipur,T30,26-35,Male,24.0,Net Banking,Verified
INV002689,2024-07-05,118635,sip,1135,Madhya Pradesh,Bhopal,B30,26-35,Male,7.4,UPI,Pending
INV001641,2024-07-05,119095,sip,8749,Haryana,Faridabad,B30,26-35,Male,15.4,Cheque,Verified
INV000228,2024-07-05,148568,sip,48800,Karnataka,Bangalore,T30,26-35,Male,7.2,Cheque,Verified
INV003397,2024-07-05,119598,sip,8852,Haryana,Faridabad,B30,26-35,Male,11.7,Net Banking,Verified
INV000309,2024-07-05,148568,sip,956,Delhi,Gurugram,T30,26-35,Male,18.1,Cheque,Pending
INV002083,2024-07-05,149324,sip,48257,Gujarat,Surat,T30,26-35,Male,21.2,Cheque,Verified
INV002706,2024-07-05,120507,redemption,315958,Haryana,Faridabad,B30,46-55,Female,22.8,Cheque,Verified
INV000107,2024-07-05,149324,redemption,383536,Maharashtra,Mumbai,T30,26-35,Male,14.7,Net Banking,Verified
INV004805,2024-07-05,119094,sip,6115,Madhya Pradesh,Indore,T30,26-35,Female,7.6,Net Banking,Verified
INV001538,2024-07-05,101206,sip,893,Madhya Pradesh,Bhopal,B30,18-25,Female,3.1,Net Banking,Verified
INV002158,2024-07-05,119095,lumpsum,546288,Madhya Pradesh,Indore,T30,26-35,Male,14.5,Mandate,Verified
INV003246,2024-07-05,118636,sip,2548,Gujarat,Ahmedabad,T30,26-35,Male,12.7,Net Banking,Verified
INV003120,2024-07-06,148569,sip,442,Punjab,Amritsar,B30,26-35,Male,19.1,UPI,Verified
INV001489,2024-07-06,100033,redemption,58878,Delhi,Gurugram,T30,36-45,Female,16.5,Net Banking,Verified
INV002203,2024-07-06,118632,lumpsum,486188,Karnataka,Mysore,B30,46-55,Male,25.9,UPI,Verified
INV003401,2024-07-06,125498,sip,15994,Rajasthan,Jaipur,T30,26-35,Female,18.1,Cheque,Verified
INV004465,2024-07-06,120842,sip,895,Gujarat,Surat,T30,26-35,Male,14.2,Cheque,Verified
INV004851,2024-07-06,119598,redemption,195187,Uttar Pradesh,Lucknow,T30,26-35,Male,9.3,Cheque,Verified
INV003477,2024-07-06,119094,redemption,402241,Delhi,Gurugram,T30,36-45,Female,23.1,Cheque,Verified
INV000578,2024-07-06,120504,sip,6235,Maharashtra,Nashik,B30,26-35,Male,10.9,Cheque,Verified
INV003539,2024-07-06,100025,sip,22181,Rajasthan,Udaipur,B30,56+,Female,54.9,Net Banking,Verified
INV002431,2024-07-06,148568,redemption,350518,Delhi,Noida,T30,26-35,Female,14.8,Mandate,Verified
INV004853,2024-07-06,119598,sip,24833,Haryana,Gurugram,T30,26-35,Female,15.6,Cheque,Verified
INV004640,2024-07-06,118632,sip,5173,Telangana,Hyderabad,T30,36-45,Male,46.5,Cheque,Verified
INV003253,2024-07-06,119120,sip,416,West Bengal,Kolkata,T30,56+,Male,30.2,UPI,Verified
INV001354,2024-07-06,149324,redemption,142588,Tamil Nadu,Coimbatore,B30,18-25,Male,7.0,Mandate,Verified
INV001037,2024-07-06,102886,sip,8336,Haryana,Faridabad,B30,36-45,Female,41.8,Cheque,Pending
INV002018,2024-07-06,101207,sip,2495,Uttar Pradesh,Agra,B30,26-35,Female,18.0,Mandate,Pending
INV001489,2024-07-06,118634,sip,2739,Delhi,Gurugram,T30,36-45,Female,16.5,Net Banking,Verified
INV001002,2024-07-06,120504,sip,482,Telangana,Hyderabad,T30,36-45,Male,52.5,Net Banking,Verified
INV001235,2024-07-06,148569,sip,58715,Haryana,Faridabad,B30,26-35,Male,19.3,UPI,Verified
INV000703,2024-07-06,118633,lumpsum,214684,Delhi,New Delhi,T30,26-35,Male,15.4,Net Banking,Verified
INV004831,2024-07-06,119094,redemption,426674,Maharashtra,Mumbai,T30,18-25,Female,5.9,UPI,Verified
INV001262,2024-07-06,118632,sip,11146,Karnataka,Bangalore,T30,26-35,Male,14.0,Net Banking,Verified
INV004833,2024-07-06,149323,sip,14957,Madhya Pradesh,Bhopal,B30,26-35,Female,16.5,Cheque,Verified
INV004228,2024-07-06,120842,sip,23140,Madhya Pradesh,Bhopal,B30,26-35,Female,18.0,Mandate,Verified
INV000412,2024-07-06,149322,sip,12954,Rajasthan,Udaipur,B30,18-25,Male,7.4,Mandate,Verified
INV002560,2024-07-06,125498,sip,2662,Haryana,Faridabad,B30,26-35,Male,6.4,Mandate,Verified
INV003745,2024-07-06,120505,lumpsum,290419,West Bengal,Kolkata,T30,36-45,Male,17.8,Cheque,Pending
INV002238,2024-07-06,148569,sip,2177,Gujarat,Surat,T30,36-45,Male,58.3,UPI,Verified
INV000228,2024-07-06,101206,sip,50771,Karnataka,Bangalore,T30,26-35,Male,7.2,Net Banking,Verified
INV004019,2024-07-06,120504,sip,28244,Tamil Nadu,Chennai,T30,26-35,Male,20.9,Mandate,Verified
INV004145,2024-07-06,120841,sip,1055,Gujarat,Surat,T30,18-25,Male,4.9,Net Banking,Verified
INV002991,2024-07-06,118635,sip,10370,Tamil Nadu,Chennai,T30,26-35,Female,13.0,Net Banking,Verified
INV002542,2024-07-06,120503,redemption,400651,Telangana,Hyderabad,T30,26-35,Female,15.9,Net Banking,Verified
INV003254,2024-07-06,120843,sip,6743,Uttar Pradesh,Lucknow,T30,26-35,Male,9.5,Cheque,Verified
INV003780,2024-07-06,120843,sip,7810,Haryana,Faridabad,B30,26-35,Male,10.1,Net Banking,Verified
INV001048,2024-07-06,120843,sip,4171,Delhi,New Delhi,T30,46-55,Male,46.6,Net Banking,Verified
INV000283,2024-07-06,118633,lumpsum,198591,West Bengal,Kolkata,T30,46-55,Male,18.1,Net Banking,Verified
INV003951,2024-07-06,118635,lumpsum,329702,Uttar Pradesh,Lucknow,T30,18-25,Male,7.8,UPI,Verified
INV002033,2024-07-06,118632,sip,9247,Gujarat,Ahmedabad,T30,46-55,Male,18.9,Net Banking,Verified
INV000350,2024-07-06,148568,sip,16066,Uttar Pradesh,Lucknow,T30,46-55,Male,32.0,UPI,Pending
INV003447,2024-07-06,120505,sip,8756,West Bengal,Kolkata,T30,26-35,Male,7.0,Mandate,Verified
INV001407,2024-07-06,119551,sip,14942,Rajasthan,Udaipur,B30,26-35,Female,22.2,UPI,Verified
INV002054,2024-07-06,118632,sip,12360,Telangana,Hyderabad,T30,26-35,Male,17.8,Mandate,Verified
INV004891,2024-07-06,148567,redemption,133923,Telangana,Hyderabad,T30,46-55,Female,83.5,Cheque,Verified
INV000109,2024-07-06,118635,sip,1005,Karnataka,Bangalore,T30,26-35,Female,15.0,UPI,Verified
INV000647,2024-07-06,101207,lumpsum,72332,Punjab,Chandigarh,T30,46-55,Male,46.5,Cheque,Verified
INV001357,2024-07-06,119094,sip,6903,Gujarat,Ahmedabad,T30,36-45,Female,58.4,Cheque,Verified
INV004943,2024-07-06,100033,sip,6119,Telangana,Hyderabad,T30,26-35,Male,8.8,Cheque,Verified
INV000295,2024-07-06,120842,sip,7527,Rajasthan,Jaipur,T30,56+,Male,76.0,Cheque,Verified
INV003961,2024-07-06,148569,sip,55155,Rajasthan,Udaipur,B30,46-55,Male,39.6,Net Banking,Verified
INV003313,2024-07-06,102885,sip,1836,Delhi,Noida,T30,26-35,Male,16.1,Cheque,Verified
INV001424,2024-07-06,120507,redemption,25301,Haryana,Gurugram,T30,26-35,Male,18.9,Cheque,Verified
INV002722,2024-07-06,120841,sip,2560,Delhi,Noida,T30,36-45,Female,50.9,Cheque,Verified
INV004910,2024-07-06,101208,sip,12480,Karnataka,Mysore,B30,26-35,Female,22.7,Net Banking,Verified
INV000942,2024-07-06,119551,lumpsum,319546,Haryana,Faridabad,B30,56+,Male,70.2,Mandate,Verified
INV003366,2024-07-06,102887,redemption,53853,Madhya Pradesh,Bhopal,B30,18-25,Male,3.3,Net Banking,Verified
INV002164,2024-07-06,118636,lumpsum,97267,Punjab,Amritsar,B30,56+,Male,37.0,Net Banking,Verified
INV000739,2024-07-06,149323,redemption,161147,Uttar Pradesh,Agra,B30,46-55,Female,97.0,Cheque,Verified
INV004185,2024-07-06,118632,sip,4598,Tamil Nadu,Coimbatore,B30,46-55,Male,38.5,Cheque,Verified
INV000334,2024-07-06,120843,sip,6478,Uttar Pradesh,Lucknow,T30,56+,Male,22.6,UPI,Verified
INV000334,2024-07-06,148568,lumpsum,192348,Uttar Pradesh,Lucknow,T30,56+,Male,22.6,UPI,Verified
INV001329,2024-07-06,148569,sip,2865,Punjab,Amritsar,B30,36-45,Female,37.2,UPI,Verified
INV000493,2024-07-06,100025,sip,47606,Punjab,Chandigarh,T30,18-25,Male,4.2,Mandate,Verified
INV004676,2024-07-06,119095,sip,587,Gujarat,Ahmedabad,T30,56+,Male,23.9,Mandate,Verified
INV000287,2024-07-06,148568,redemption,342773,Uttar Pradesh,Kanpur,B30,56+,Female,15.9,Cheque,Pending
INV001556,2024-07-06,118632,redemption,479099,Maharashtra,Nashik,B30,18-25,Male,3.3,Net Banking,Verified
INV001118,2024-07-06,120506,redemption,438231,Haryana,Gurugram,T30,18-25,Male,6.7,UPI,Verified
INV000148,2024-07-06,149324,lumpsum,233728,Telangana,Hyderabad,T30,18-25,Female,3.5,UPI,Verified
INV004137,2024-07-06,102887,sip,3153,West Bengal,Kolkata,T30,18-25,Female,6.2,Mandate,Verified
INV000362,2024-07-06,149324,lumpsum,375712,Telangana,Hyderabad,T30,26-35,Male,10.9,Mandate,Verified
INV002971,2024-07-06,100033,sip,1005,Tamil Nadu,Coimbatore,B30,36-45,Male,48.3,Mandate,Verified
INV003766,2024-07-06,118635,sip,8985,West Bengal,Kolkata,T30,36-45,Male,52.3,UPI,Pending
INV003277,2024-07-06,102885,sip,24269,Rajasthan,Jaipur,T30,18-25,Male,3.3,Cheque,Verified
INV004274,2024-07-06,120507,lumpsum,10922,Rajasthan,Udaipur,B30,26-35,Male,20.4,UPI,Verified
INV003061,2024-07-07,118635,lumpsum,295997,Uttar Pradesh,Lucknow,T30,26-35,Female,11.9,Net Banking,Verified
INV002566,2024-07-07,120503,sip,1178,Uttar Pradesh,Kanpur,B30,26-35,Female,23.0,Cheque,Verified
INV002024,2024-07-07,120507,sip,500,West Bengal,Kolkata,T30,26-35,Male,17.6,Mandate,Verified
INV004680,2024-07-07,102886,sip,507,Punjab,Chandigarh,T30,36-45,Male,26.8,Net Banking,Verified
INV000428,2024-07-07,120505,sip,437,Delhi,Gurugram,T30,36-45,Male,27.2,Mandate,Verified
INV002347,2024-07-07,120843,sip,420,Delhi,New Delhi,T30,26-35,Female,6.5,Net Banking,Verified
INV000004,2024-07-07,148569,sip,9761,Punjab,Chandigarh,T30,26-35,Male,20.0,UPI,Verified
INV002668,2024-07-07,148567,lumpsum,332034,Delhi,Gurugram,T30,26-35,Male,9.8,UPI,Verified
INV000285,2024-07-07,120505,lumpsum,312793,Madhya Pradesh,Indore,T30,18-25,Female,3.6,UPI,Pending
INV003325,2024-07-07,120507,sip,476,Haryana,Faridabad,B30,26-35,Male,17.3,UPI,Verified
INV004654,2024-07-07,120507,sip,5737,Haryana,Gurugram,T30,46-55,Female,95.0,Net Banking,Verified
INV002969,2024-07-07,100025,sip,6077,Karnataka,Bangalore,T30,26-35,Male,15.4,UPI,Verified
INV000337,2024-07-07,119092,sip,2319,Haryana,Faridabad,B30,56+,Female,73.4,Mandate,Verified
INV003798,2024-07-07,120843,sip,17923,Karnataka,Bangalore,T30,36-45,Male,53.9,Net Banking,Verified
INV002174,2024-07-07,119120,redemption,529613,Gujarat,Ahmedabad,T30,36-45,Male,25.1,UPI,Verified
INV001929,2024-07-07,119093,sip,44109,Rajasthan,Jaipur,T30,56+,Male,60.1,Net Banking,Verified
INV001275,2024-07-07,102887,sip,9850,Delhi,Noida,T30,36-45,Female,37.4,Mandate,Verified
INV003769,2024-07-07,119092,redemption,353709,Gujarat,Ahmedabad,T30,46-55,Female,74.8,Cheque,Verified
INV004714,2024-07-07,119092,lumpsum,446818,Madhya Pradesh,Bhopal,B30,36-45,Male,31.3,Mandate,Verified
INV004544,2024-07-07,118632,sip,44284,Maharashtra,Mumbai,T30,36-45,Male,52.1,UPI,Verified
INV001990,2024-07-07,120842,sip,2378,Punjab,Amritsar,B30,26-35,Male,9.3,Cheque,Verified
INV000503,2024-07-07,118634,sip,27005,Madhya Pradesh,Bhopal,B30,26-35,Female,22.2,Mandate,Verified
INV002645,2024-07-07,118632,lumpsum,132351,Haryana,Gurugram,T30,46-55,Female,67.7,Mandate,Verified
INV000421,2024-07-07,102887,sip,29659,Tamil Nadu,Chennai,T30,36-45,Male,31.9,Cheque,Verified
INV003226,2024-07-07,148567,sip,55271,Haryana,Gurugram,T30,26-35,Male,21.5,Cheque,Verified
INV000521,2024-07-07,118636,sip,2543,West Bengal,Kolkata,T30,26-35,Male,9.7,UPI,Verified
INV004495,2024-07-07,101208,sip,5171,Punjab,Amritsar,B30,36-45,Female,24.4,Cheque,Verified
INV002952,2024-07-07,101207,lumpsum,494304,Punjab,Amritsar,B30,18-25,Male,7.1,Mandate,Verified
INV003669,2024-07-07,119095,sip,1856,West Bengal,Kolkata,T30,18-25,Female,7.8,Cheque,Verified
INV004464,2024-07-07,102885,sip,8410,Haryana,Faridabad,B30,26-35,Female,11.9,UPI,Verified
INV000069,2024-07-07,148568,sip,5050,Gujarat,Ahmedabad,T30,56+,Female,35.9,UPI,Verified
INV003707,2024-07-07,119093,sip,56780,Telangana,Hyderabad,T30,36-45,Female,55.5,Net Banking,Verified
INV001334,2024-07-07,119093,redemption,160581,Punjab,Amritsar,B30,36-45,Male,38.6,Cheque,Verified
INV001400,2024-07-07,148567,lumpsum,281868,Tamil Nadu,Coimbatore,B30,36-45,Male,36.5,Cheque,Verified
INV004993,2024-07-07,148569,sip,2512,Karnataka,Bangalore,T30,36-45,Female,55.6,Cheque,Verified
INV004992,2024-07-07,125497,lumpsum,376369,Rajasthan,Udaipur,B30,26-35,Male,11.1,Mandate,Pending
INV004350,2024-07-07,118636,redemption,113702,Delhi,Noida,T30,36-45,Male,13.0,UPI,Verified
INV002867,2024-07-07,101206,redemption,213194,West Bengal,Kolkata,T30,18-25,Male,5.0,Cheque,Verified
INV002906,2024-07-07,120503,sip,402,Telangana,Hyderabad,T30,26-35,Male,19.9,UPI,Verified
INV001247,2024-07-07,119092,sip,28853,West Bengal,Kolkata,T30,36-45,Male,48.1,Mandate,Verified
INV001666,2024-07-07,119551,sip,51182,Madhya Pradesh,Bhopal,B30,36-45,Male,58.1,Net Banking,Pending
INV003973,2024-07-07,149322,sip,2929,Rajasthan,Jaipur,T30,26-35,Male,11.4,UPI,Verified
INV003577,2024-07-07,118632,sip,5445,Punjab,Amritsar,B30,26-35,Female,22.7,UPI,Verified
INV003885,2024-07-07,119092,sip,28073,West Bengal,Kolkata,T30,36-45,Male,52.3,Mandate,Verified
INV001180,2024-07-07,120507,sip,40097,Telangana,Hyderabad,T30,26-35,Male,10.5,Net Banking,Verified
INV002464,2024-07-07,119094,sip,562,Karnataka,Bangalore,T30,26-35,Female,22.9,Cheque,Verified
INV002758,2024-07-07,102887,sip,21956,Delhi,Gurugram,T30,26-35,Male,7.3,Cheque,Verified
INV002392,2024-07-07,148567,sip,1167,Madhya Pradesh,Indore,T30,56+,Female,68.4,Cheque,Verified
INV001012,2024-07-07,120505,sip,2789,Karnataka,Mysore,B30,26-35,Female,17.6,Net Banking,Verified
INV001829,2024-07-07,118632,sip,3217,Punjab,Chandigarh,T30,26-35,Male,22.7,UPI,Verified
INV001657,2024-07-07,125497,lumpsum,31500,Madhya Pradesh,Bhopal,B30,56+,Male,41.6,Mandate,Verified
INV004298,2024-07-07,120507,redemption,144306,Gujarat,Ahmedabad,T30,36-45,Female,55.5,Mandate,Verified
INV002810,2024-07-07,101208,sip,28296,Punjab,Amritsar,B30,36-45,Male,33.2,UPI,Verified
INV001737,2024-07-07,101207,sip,42080,Telangana,Hyderabad,T30,26-35,Female,10.1,Mandate,Verified
INV004243,2024-07-07,100016,redemption,524410,Punjab,Amritsar,B30,36-45,Female,38.7,UPI,Pending
INV000752,2024-07-07,119093,sip,2439,Punjab,Chandigarh,T30,46-55,Male,32.7,Net Banking,Verified
INV004477,2024-07-08,120841,lumpsum,332291,Delhi,Gurugram,T30,46-55,Female,88.3,UPI,Verified
INV003693,2024-07-08,118634,redemption,107034,Madhya Pradesh,Bhopal,B30,36-45,Male,25.2,Mandate,Verified
INV002617,2024-07-08,120841,lumpsum,193528,Maharashtra,Nashik,B30,26-35,Male,13.9,UPI,Verified
INV004709,2024-07-08,102886,sip,8959,Haryana,Gurugram,T30,36-45,Male,59.1,Mandate,Verified
INV002110,2024-07-08,149324,redemption,351820,Haryana,Faridabad,B30,26-35,Female,20.8,Mandate,Verified
INV002329,2024-07-08,119093,sip,4071,Madhya Pradesh,Indore,T30,56+,Male,51.2,Cheque,Verified
INV002785,2024-07-08,120507,sip,15061,Delhi,Noida,T30,36-45,Male,20.2,Cheque,Verified
INV001923,2024-07-08,119120,sip,5528,Gujarat,Surat,T30,18-25,Female,4.0,Cheque,Verified
INV000463,2024-07-08,119599,sip,48666,Gujarat,Ahmedabad,T30,26-35,Male,8.9,Cheque,Verified
INV003297,2024-07-08,119095,redemption,424718,Madhya Pradesh,Bhopal,B30,36-45,Female,16.3,Net Banking,Verified
INV001969,2024-07-08,119598,lumpsum,91763,Uttar Pradesh,Kanpur,B30,26-35,Male,9.7,Cheque,Verified
INV001315,2024-07-08,149324,sip,924,Telangana,Hyderabad,T30,46-55,Female,32.9,Net Banking,Verified
INV000665,2024-07-08,100033,sip,8673,Rajasthan,Udaipur,B30,26-35,Female,6.6,UPI,Verified
INV003279,2024-07-08,149324,sip,3111,Rajasthan,Jaipur,T30,46-55,Female,19.4,Net Banking,Pending
INV004661,2024-07-08,125498,redemption,269234,Maharashtra,Nashik,B30,26-35,Male,9.8,Mandate,Verified
INV003456,2024-07-08,125497,sip,6401,Telangana,Hyderabad,T30,26-35,Male,7.5,Net Banking,Verified
INV002895,2024-07-08,101207,sip,28401,Madhya Pradesh,Bhopal,B30,26-35,Male,10.7,Net Banking,Verified
INV002733,2024-07-08,149322,sip,1032,Punjab,Chandigarh,T30,26-35,Male,19.0,UPI,Verified
INV002779,2024-07-08,120841,sip,55825,Uttar Pradesh,Lucknow,T30,26-35,Male,10.4,Mandate,Verified
INV004246,2024-07-08,119120,sip,3255,West Bengal,Kolkata,T30,36-45,Female,12.2,Net Banking,Verified
INV000100,2024-07-08,100033,sip,21299,Rajasthan,Udaipur,B30,56+,Male,57.2,UPI,Verified
INV000877,2024-07-08,120844,sip,501,Telangana,Hyderabad,T30,36-45,Female,15.8,Mandate,Verified
INV003568,2024-07-08,119092,redemption,173043,Tamil Nadu,Chennai,T30,18-25,Female,5.3,Mandate,Verified
INV004336,2024-07-08,119120,sip,471,West Bengal,Kolkata,T30,46-55,Female,35.0,Cheque,Verified
INV001729,2024-07-08,118632,lumpsum,87235,Uttar Pradesh,Kanpur,B30,18-25,Male,4.1,UPI,Verified
INV004594,2024-07-08,120841,sip,984,Haryana,Gurugram,T30,26-35,Female,9.8,Cheque,Verified
INV002947,2024-07-08,118636,lumpsum,86418,Maharashtra,Nashik,B30,46-55,Male,73.3,UPI,Pending
INV004270,2024-07-08,118633,sip,1935,Rajasthan,Udaipur,B30,18-25,Male,5.7,Net Banking,Verified
INV003676,2024-07-08,120841,sip,547,Maharashtra,Pune,T30,26-35,Male,11.8,Cheque,Verified
INV003113,2024-07-08,120503,sip,14849,Rajasthan,Jaipur,T30,26-35,Male,22.0,UPI,Verified
INV000090,2024-07-08,118634,sip,2106,Rajasthan,Udaipur,B30,26-35,Female,23.7,UPI,Verified
INV004910,2024-07-08,119552,sip,11361,Karnataka,Mysore,B30,26-35,Female,22.7,UPI,Pending
INV003960,2024-07-08,120504,sip,504,West Bengal,Kolkata,T30,26-35,Female,18.6,UPI,Verified
INV000492,2024-07-08,119551,sip,4046,Telangana,Hyderabad,T30,36-45,Male,12.4,UPI,Verified
INV002486,2024-07-08,118636,sip,968,Gujarat,Surat,T30,56+,Male,16.2,Net Banking,Verified
INV002214,2024-07-08,100033,sip,514,Delhi,Gurugram,T30,36-45,Female,50.5,UPI,Verified
INV004442,2024-07-08,100016,redemption,97423,Haryana,Faridabad,B30,18-25,Male,5.8,UPI,Verified
INV002973,2024-07-08,149322,lumpsum,147071,Uttar Pradesh,Kanpur,B30,26-35,Male,16.7,Cheque,Verified
INV000321,2024-07-08,125497,lumpsum,414351,Maharashtra,Mumbai,T30,26-35,Male,24.2,Cheque,Verified
INV001130,2024-07-08,120841,sip,14253,Rajasthan,Jaipur,T30,18-25,Female,3.2,Net Banking,Verified
INV003276,2024-07-08,101206,lumpsum,488260,Telangana,Hyderabad,T30,46-55,Male,45.0,UPI,Verified
INV000532,2024-07-08,118634,redemption,399810,Madhya Pradesh,Bhopal,B30,26-35,Male,9.0,Cheque,Verified
INV003892,2024-07-08,149323,sip,24596,Punjab,Amritsar,B30,46-55,Male,24.4,Net Banking,Verified
INV004057,2024-07-08,100016,lumpsum,54708,Rajasthan,Jaipur,T30,26-35,Male,9.9,UPI,Verified
INV003427,2024-07-08,101208,sip,871,West Bengal,Kolkata,T30,18-25,Male,4.4,Net Banking,Verified
INV004622,2024-07-08,120504,lumpsum,51127,Delhi,New Delhi,T30,36-45,Male,48.8,UPI,Verified
INV003459,2024-07-08,119599,sip,15114,Karnataka,Mysore,B30,26-35,Female,23.5,Mandate,Verified
INV003389,2024-07-08,119092,sip,56686,Telangana,Hyderabad,T30,26-35,Male,22.3,Net Banking,Verified
INV000493,2024-07-08,148569,sip,1920,Punjab,Chandigarh,T30,18-25,Male,4.2,Cheque,Verified
INV004806,2024-07-08,100033,sip,4881,Madhya Pradesh,Indore,T30,18-25,Male,7.4,Net Banking,Verified
INV001475,2024-07-08,118632,lumpsum,123782,Madhya Pradesh,Indore,T30,36-45,Male,35.0,Net Banking,Verified
INV001209,2024-07-08,120505,lumpsum,476667,West Bengal,Kolkata,T30,46-55,Female,45.8,Mandate,Verified
INV000194,2024-07-08,149324,sip,2108,Maharashtra,Pune,T30,36-45,Male,21.6,Net Banking,Verified
INV001961,2024-07-08,120504,sip,42906,Delhi,Gurugram,T30,26-35,Male,23.4,Cheque,Verified
INV004542,2024-07-08,100016,sip,14692,Maharashtra,Pune,T30,36-45,Male,53.7,Net Banking,Verified
INV002652,2024-07-08,120842,sip,12757,Gujarat,Surat,T30,36-45,Male,40.6,Net Banking,Verified
INV001466,2024-07-08,101207,lumpsum,274331,Delhi,Noida,T30,46-55,Female,20.3,Mandate,Verified
INV003513,2024-07-08,148569,sip,445,West Bengal,Kolkata,T30,36-45,Male,57.3,Net Banking,Verified
INV002933,2024-07-08,118635,lumpsum,376944,Madhya Pradesh,Indore,T30,36-45,Female,39.4,Net Banking,Verified
INV002283,2024-07-08,102885,sip,27759,Karnataka,Bangalore,T30,26-35,Female,14.5,UPI,Verified
INV001091,2024-07-08,149324,sip,1064,Telangana,Hyderabad,T30,18-25,Male,7.5,Cheque,Verified
INV000833,2024-07-08,100016,sip,9649,Maharashtra,Nashik,B30,18-25,Male,4.4,Cheque,Verified
INV003709,2024-07-08,125497,sip,12986,Uttar Pradesh,Agra,B30,46-55,Female,21.0,Net Banking,Verified
INV001466,2024-07-08,120504,lumpsum,91123,Delhi,Noida,T30,46-55,Female,20.3,UPI,Verified
INV004973,2024-07-08,101207,sip,3476,Tamil Nadu,Coimbatore,B30,26-35,Male,11.3,Cheque,Verified
INV003903,2024-07-08,120503,sip,412,Karnataka,Mysore,B30,18-25,Female,6.6,Net Banking,Verified
INV002265,2024-07-09,120505,sip,535,Rajasthan,Jaipur,T30,18-25,Female,3.8,Cheque,Verified
INV002589,2024-07-09,102885,sip,8624,Haryana,Gurugram,T30,26-35,Male,23.3,UPI,Verified
INV002377,2024-07-09,100025,sip,884,Madhya Pradesh,Bhopal,B30,18-25,Male,7.1,Mandate,Verified
INV004918,2024-07-09,102887,sip,2492,Punjab,Amritsar,B30,56+,Female,46.9,UPI,Verified
INV002877,2024-07-09,120506,sip,2127,Rajasthan,Jaipur,T30,36-45,Male,56.5,Cheque,Verified
INV001724,2024-07-09,118635,sip,4358,Madhya Pradesh,Indore,T30,26-35,Female,11.9,Mandate,Verified
INV000098,2024-07-09,148568,lumpsum,194737,Telangana,Hyderabad,T30,36-45,Male,33.8,Cheque,Verified
INV004114,2024-07-09,120504,sip,10311,Tamil Nadu,Coimbatore,B30,26-35,Male,9.4,Cheque,Verified
INV001042,2024-07-09,148568,redemption,152874,Karnataka,Mysore,B30,26-35,Male,13.5,Cheque,Verified
INV004283,2024-07-09,119552,sip,44790,Telangana,Hyderabad,T30,26-35,Male,9.6,Net Banking,Verified
INV004852,2024-07-09,119120,lumpsum,262912,Gujarat,Ahmedabad,T30,36-45,Male,35.1,UPI,Verified
INV001582,2024-07-09,119552,sip,920,Rajasthan,Udaipur,B30,46-55,Male,25.4,UPI,Verified
INV002069,2024-07-09,118635,lumpsum,451884,West Bengal,Kolkata,T30,46-55,Male,59.0,Net Banking,Verified
INV001408,2024-07-09,102885,sip,2930,Telangana,Hyderabad,T30,26-35,Female,6.7,Mandate,Verified
INV000601,2024-07-09,119092,lumpsum,217669,Rajasthan,Jaipur,T30,46-55,Male,52.6,Net Banking,Pending
INV002904,2024-07-09,119551,redemption,540629,West Bengal,Kolkata,T30,36-45,Male,52.2,Mandate,Pending
INV002404,2024-07-09,102885,sip,25641,Madhya Pradesh,Bhopal,B30,18-25,Female,7.5,Net Banking,Verified
INV000732,2024-07-09,148568,redemption,186811,Haryana,Faridabad,B30,46-55,Female,40.8,Cheque,Verified
INV004108,2024-07-09,120506,sip,2131,Madhya Pradesh,Indore,T30,36-45,Female,22.5,Cheque,Pending
INV003572,2024-07-09,118632,lumpsum,38531,Punjab,Amritsar,B30,46-55,Male,65.9,Cheque,Verified
INV004052,2024-07-09,118633,sip,2201,Uttar Pradesh,Agra,B30,26-35,Female,15.5,Mandate,Verified
INV000270,2024-07-09,100025,redemption,173433,Maharashtra,Mumbai,T30,18-25,Male,7.6,Net Banking,Verified
INV003874,2024-07-09,119551,lumpsum,94015,Punjab,Amritsar,B30,26-35,Female,16.5,Mandate,Verified
INV003433,2024-07-09,120505,sip,9102,Rajasthan,Jaipur,T30,26-35,Female,9.1,Cheque,Verified
INV002164,2024-07-09,119092,lumpsum,173452,Punjab,Amritsar,B30,56+,Male,37.0,Cheque,Verified
INV004322,2024-07-09,100025,redemption,201684,Tamil Nadu,Chennai,T30,26-35,Female,19.8,Net Banking,Verified
INV001064,2024-07-09,118633,sip,564,West Bengal,Kolkata,T30,46-55,Male,67.9,UPI,Verified
INV003081,2024-07-09,118636,sip,5287,Delhi,Gurugram,T30,56+,Female,73.4,UPI,Verified
INV002457,2024-07-09,119120,sip,9149,Gujarat,Surat,T30,36-45,Male,39.2,Cheque,Verified
INV002503,2024-07-09,119551,lumpsum,298902,Gujarat,Ahmedabad,T30,26-35,Male,11.5,Cheque,Verified
INV000844,2024-07-09,118635,lumpsum,139631,Gujarat,Surat,T30,26-35,Male,6.5,Cheque,Verified
INV001118,2024-07-09,102885,sip,25489,Haryana,Gurugram,T30,18-25,Male,6.7,UPI,Verified
INV004831,2024-07-09,149324,redemption,90279,Maharashtra,Mumbai,T30,18-25,Female,5.9,Mandate,Verified
INV002479,2024-07-09,119094,sip,26368,Haryana,Gurugram,T30,18-25,Male,3.3,UPI,Verified
INV000217,2024-07-09,118633,sip,1006,Tamil Nadu,Chennai,T30,56+,Male,50.1,Cheque,Verified
INV002698,2024-07-09,149324,sip,1092,Maharashtra,Pune,T30,26-35,Male,20.9,Net Banking,Verified
INV000827,2024-07-09,100016,sip,980,Maharashtra,Pune,T30,36-45,Male,28.8,Net Banking,Verified
INV002446,2024-07-09,125498,sip,54510,Tamil Nadu,Coimbatore,B30,26-35,Male,12.9,Mandate,Verified
INV001944,2024-07-09,101206,sip,821,Telangana,Hyderabad,T30,18-25,Male,4.4,Mandate,Verified
INV002510,2024-07-09,100025,sip,3179,Karnataka,Mysore,B30,36-45,Male,32.6,UPI,Verified
INV003110,2024-07-09,118635,lumpsum,489053,Rajasthan,Jaipur,T30,26-35,Male,9.0,Net Banking,Pending
INV003301,2024-07-09,120504,lumpsum,138772,Rajasthan,Udaipur,B30,26-35,Male,14.2,Mandate,Verified
INV000222,2024-07-09,101208,sip,6824,Maharashtra,Mumbai,T30,36-45,Male,46.7,Mandate,Verified
INV002941,2024-07-09,101208,sip,21664,Rajasthan,Udaipur,B30,36-45,Female,59.2,Net Banking,Verified
INV001488,2024-07-09,125498,sip,996,Punjab,Chandigarh,T30,18-25,Female,5.2,Cheque,Verified
INV001874,2024-07-09,119552,sip,11768,Telangana,Hyderabad,T30,36-45,Male,21.3,Net Banking,Verified
INV003236,2024-07-09,102885,sip,8036,Madhya Pradesh,Bhopal,B30,18-25,Male,3.4,UPI,Verified
INV001526,2024-07-09,120507,sip,415,Madhya Pradesh,Bhopal,B30,26-35,Female,19.1,Cheque,Verified
INV002504,2024-07-09,101208,sip,8746,Madhya Pradesh,Bhopal,B30,26-35,Male,22.4,Net Banking,Verified
INV004353,2024-07-09,119551,sip,20136,Uttar Pradesh,Agra,B30,56+,Male,31.2,UPI,Verified
INV004797,2024-07-09,120503,sip,1876,Gujarat,Ahmedabad,T30,56+,Male,18.9,Net Banking,Verified
INV002650,2024-07-09,148567,sip,10714,Telangana,Hyderabad,T30,26-35,Male,13.7,Net Banking,Verified
INV002820,2024-07-09,120507,lumpsum,401530,Rajasthan,Jaipur,T30,18-25,Male,7.5,Net Banking,Verified
INV004357,2024-07-09,149322,sip,11776,Delhi,Gurugram,T30,46-55,Female,55.6,Mandate,Verified
INV001013,2024-07-09,118636,sip,57110,Telangana,Hyderabad,T30,36-45,Male,40.6,Cheque,Verified
INV001861,2024-07-09,120504,sip,5154,Haryana,Gurugram,T30,26-35,Female,19.4,Cheque,Verified
INV004174,2024-07-09,120503,sip,15591,Rajasthan,Udaipur,B30,18-25,Male,4.7,Cheque,Verified
INV000710,2024-07-09,118634,sip,15745,Delhi,Noida,T30,26-35,Male,6.1,Net Banking,Verified
INV004164,2024-07-09,101208,sip,8366,Rajasthan,Udaipur,B30,18-25,Female,4.7,Cheque,Verified
INV004604,2024-07-09,120844,sip,582,Haryana,Gurugram,T30,46-55,Male,74.6,Mandate,Verified
INV002753,2024-07-09,149322,redemption,413683,Uttar Pradesh,Lucknow,T30,26-35,Female,21.2,Mandate,Verified
INV000631,2024-07-09,125498,sip,14943,Delhi,Noida,T30,36-45,Female,48.6,UPI,Verified
INV004823,2024-07-09,120844,redemption,256636,Rajasthan,Jaipur,T30,36-45,Female,52.6,UPI,Verified
INV002220,2024-07-09,119551,redemption,10486,Punjab,Chandigarh,T30,46-55,Male,29.9,Net Banking,Verified
INV004287,2024-07-09,120843,sip,8516,Gujarat,Surat,T30,26-35,Female,18.1,Cheque,Verified
INV004927,2024-07-09,119599,lumpsum,405224,Maharashtra,Nashik,B30,26-35,Male,19.5,Cheque,Verified
INV003080,2024-07-09,120842,sip,523,Madhya Pradesh,Indore,T30,26-35,Male,20.5,Mandate,Verified
INV001242,2024-07-09,120842,lumpsum,414856,Tamil Nadu,Chennai,T30,36-45,Male,57.8,Cheque,Verified
INV000856,2024-07-09,120842,sip,9167,Madhya Pradesh,Indore,T30,26-35,Male,24.8,Mandate,Verified
INV004028,2024-07-09,120503,lumpsum,291552,Rajasthan,Jaipur,T30,18-25,Male,3.3,Net Banking,Verified
INV003577,2024-07-09,120843,sip,12619,Punjab,Amritsar,B30,26-35,Female,22.7,Mandate,Verified
INV002375,2024-07-09,102887,sip,2529,Haryana,Gurugram,T30,46-55,Male,64.0,Net Banking,Verified
INV004460,2024-07-09,120841,sip,2038,Haryana,Gurugram,T30,26-35,Male,24.7,Net Banking,Verified
INV003722,2024-07-10,120503,sip,2438,Maharashtra,Nashik,B30,36-45,Female,50.8,Mandate,Verified
INV004759,2024-07-10,102886,sip,7361,Gujarat,Ahmedabad,T30,36-45,Female,13.8,Cheque,Verified
INV002279,2024-07-10,102887,redemption,289421,Delhi,Gurugram,T30,36-45,Male,25.1,Cheque,Verified
INV000305,2024-07-10,118633,sip,58319,Rajasthan,Udaipur,B30,36-45,Male,21.4,Mandate,Verified
INV001369,2024-07-10,100016,sip,3546,Gujarat,Ahmedabad,T30,46-55,Male,83.8,Net Banking,Verified
INV002821,2024-07-10,118634,lumpsum,439036,Gujarat,Ahmedabad,T30,36-45,Male,49.9,Cheque,Verified
INV001026,2024-07-10,102885,sip,2241,Haryana,Gurugram,T30,26-35,Male,12.1,UPI,Verified
INV002134,2024-07-10,118632,sip,2032,Rajasthan,Udaipur,B30,26-35,Male,24.8,Net Banking,Verified
INV001666,2024-07-10,118636,sip,1726,Madhya Pradesh,Bhopal,B30,36-45,Male,58.1,Mandate,Verified
INV002230,2024-07-10,118632,lumpsum,317432,Delhi,Noida,T30,36-45,Male,21.7,UPI,Verified
INV001041,2024-07-10,120844,sip,833,Madhya Pradesh,Bhopal,B30,18-25,Male,5.1,Net Banking,Verified
INV004440,2024-07-10,118635,redemption,45386,Telangana,Hyderabad,T30,36-45,Male,33.5,Net Banking,Verified
INV004406,2024-07-10,100016,sip,7598,Rajasthan,Jaipur,T30,36-45,Male,12.2,Net Banking,Verified
INV004099,2024-07-10,101208,redemption,218221,West Bengal,Kolkata,T30,26-35,Male,22.6,UPI,Verified
INV000292,2024-07-10,120844,lumpsum,527770,Uttar Pradesh,Lucknow,T30,18-25,Male,3.3,Cheque,Verified
INV004846,2024-07-10,118635,lumpsum,170752,Rajasthan,Udaipur,B30,26-35,Male,9.2,Net Banking,Verified
INV004734,2024-07-10,120842,lumpsum,401003,Uttar Pradesh,Kanpur,B30,36-45,Male,32.4,Cheque,Verified
INV002067,2024-07-10,125497,sip,4237,Gujarat,Ahmedabad,T30,36-45,Female,46.2,Mandate,Verified
INV003714,2024-07-10,120842,lumpsum,48027,Punjab,Chandigarh,T30,46-55,Female,52.9,UPI,Verified
INV000992,2024-07-10,119095,sip,2950,Tamil Nadu,Coimbatore,B30,46-55,Female,83.5,Cheque,Verified
INV001036,2024-07-10,120504,lumpsum,238073,Punjab,Chandigarh,T30,46-55,Female,40.5,Cheque,Verified
INV002111,2024-07-10,118636,lumpsum,387101,Telangana,Hyderabad,T30,36-45,Female,29.2,Net Banking,Verified
INV001813,2024-07-10,119093,lumpsum,336562,Karnataka,Mysore,B30,36-45,Male,27.0,Net Banking,Verified
INV000270,2024-07-10,148568,lumpsum,334830,Maharashtra,Mumbai,T30,18-25,Male,7.6,Net Banking,Verified
INV002295,2024-07-10,120506,sip,1065,Telangana,Hyderabad,T30,26-35,Female,17.9,Net Banking,Verified
INV001663,2024-07-10,100033,sip,1008,Gujarat,Surat,T30,36-45,Female,29.2,UPI,Verified
INV004910,2024-07-10,148568,redemption,222750,Karnataka,Mysore,B30,26-35,Female,22.7,Net Banking,Verified
INV001170,2024-07-10,148569,sip,29902,Karnataka,Mysore,B30,36-45,Male,34.6,Net Banking,Verified
INV000084,2024-07-10,148568,sip,8759,West Bengal,Kolkata,T30,26-35,Male,11.2,Mandate,Verified
INV001738,2024-07-10,102885,sip,459,Karnataka,Bangalore,T30,36-45,Female,41.2,Mandate,Verified
INV003963,2024-07-10,102885,sip,1076,Tamil Nadu,Chennai,T30,26-35,Male,18.1,UPI,Verified
INV001097,2024-07-10,119094,lumpsum,302855,Gujarat,Ahmedabad,T30,26-35,Female,16.7,Net Banking,Verified
INV001905,2024-07-10,125498,sip,25252,Tamil Nadu,Chennai,T30,26-35,Male,19.2,Cheque,Verified
INV001102,2024-07-10,101206,sip,2565,West Bengal,Kolkata,T30,46-55,Male,22.2,Net Banking,Verified
INV004333,2024-07-10,119599,lumpsum,265079,Telangana,Hyderabad,T30,36-45,Female,14.8,UPI,Pending
INV004362,2024-07-10,120504,sip,1779,West Bengal,Kolkata,T30,26-35,Female,12.1,Cheque,Verified
INV003205,2024-07-10,120506,sip,5171,Punjab,Chandigarh,T30,26-35,Female,16.1,UPI,Verified
INV000452,2024-07-10,119552,sip,51702,Tamil Nadu,Coimbatore,B30,26-35,Male,18.1,UPI,Verified
INV003207,2024-07-10,100016,sip,5355,Rajasthan,Jaipur,T30,46-55,Male,48.9,Mandate,Verified
INV001434,2024-07-10,119094,sip,920,Maharashtra,Mumbai,T30,46-55,Male,92.6,Net Banking,Verified
INV000048,2024-07-10,119092,lumpsum,90014,Rajasthan,Jaipur,T30,36-45,Female,15.0,Mandate,Verified
INV002275,2024-07-10,119599,lumpsum,407583,Maharashtra,Mumbai,T30,18-25,Male,7.1,Mandate,Verified
INV004579,2024-07-10,118633,sip,4012,Rajasthan,Jaipur,T30,26-35,Male,18.7,Cheque,Verified
INV000039,2024-07-10,120506,sip,1030,Madhya Pradesh,Bhopal,B30,26-35,Male,6.5,Mandate,Verified
INV000776,2024-07-10,119095,lumpsum,234208,Rajasthan,Jaipur,T30,26-35,Male,12.4,Cheque,Verified
INV003607,2024-07-10,100016,sip,948,Delhi,Gurugram,T30,18-25,Male,4.7,Mandate,Verified
INV002198,2024-07-10,125497,sip,13472,Delhi,Gurugram,T30,36-45,Female,43.3,Net Banking,Verified
INV003779,2024-07-10,120507,sip,574,Delhi,New Delhi,T30,26-35,Male,21.9,Net Banking,Verified
INV000823,2024-07-10,120506,sip,1181,Madhya Pradesh,Bhopal,B30,46-55,Male,41.5,Cheque,Verified
INV000020,2024-07-10,101206,redemption,194339,Delhi,Noida,T30,36-45,Female,17.0,Cheque,Verified
INV002602,2024-07-10,119092,sip,1891,Gujarat,Surat,T30,56+,Female,45.7,Cheque,Verified
INV004502,2024-07-10,125497,sip,6139,Rajasthan,Udaipur,B30,36-45,Male,59.0,Net Banking,Verified
INV004497,2024-07-10,101207,sip,15460,Rajasthan,Jaipur,T30,26-35,Female,13.3,UPI,Verified
INV003928,2024-07-10,149322,sip,23970,Rajasthan,Jaipur,T30,36-45,Male,22.8,Net Banking,Verified
INV001235,2024-07-10,148569,sip,25662,Haryana,Faridabad,B30,26-35,Male,19.3,Cheque,Pending
INV002994,2024-07-10,119094,sip,27948,Karnataka,Mysore,B30,18-25,Male,8.0,Net Banking,Verified
INV004488,2024-07-10,118635,sip,7275,Maharashtra,Nashik,B30,56+,Male,69.8,Cheque,Verified
INV001900,2024-07-10,120841,sip,421,Tamil Nadu,Coimbatore,B30,36-45,Female,19.7,UPI,Verified
INV003323,2024-07-10,102885,redemption,423921,Delhi,Noida,T30,46-55,Male,22.4,Net Banking,Verified
INV000620,2024-07-10,148567,sip,7741,Telangana,Hyderabad,T30,26-35,Male,16.1,UPI,Verified
INV000349,2024-07-10,119599,sip,8182,Maharashtra,Mumbai,T30,18-25,Female,3.8,Cheque,Verified
INV001544,2024-07-10,149322,redemption,395915,Uttar Pradesh,Kanpur,B30,18-25,Female,5.9,UPI,Verified
INV002165,2024-07-10,119094,lumpsum,242421,Telangana,Hyderabad,T30,46-55,Male,46.2,UPI,Verified
INV001707,2024-07-10,101207,lumpsum,34876,Punjab,Chandigarh,T30,26-35,Male,9.5,Net Banking,Verified
INV000371,2024-07-10,102886,lumpsum,114964,Uttar Pradesh,Agra,B30,26-35,Male,14.6,Cheque,Verified
INV000337,2024-07-10,148567,sip,20611,Haryana,Faridabad,B30,56+,Female,73.4,Net Banking,Verified
INV004112,2024-07-10,119120,sip,11622,Madhya Pradesh,Bhopal,B30,46-55,Male,30.0,UPI,Verified
INV002862,2024-07-10,119094,sip,572,Telangana,Hyderabad,T30,56+,Male,72.7,Cheque,Pending
INV000331,2024-07-10,120843,sip,50439,Madhya Pradesh,Indore,T30,36-45,Male,15.5,Cheque,Verified
INV002636,2024-07-10,101206,sip,530,West Bengal,Kolkata,T30,56+,Female,21.0,Net Banking,Verified
INV000148,2024-07-10,120504,sip,24886,Telangana,Hyderabad,T30,18-25,Female,3.5,Net Banking,Verified
INV004007,2024-07-10,118634,sip,562,Delhi,New Delhi,T30,18-25,Female,4.5,Cheque,Verified
INV003892,2024-07-10,118632,lumpsum,358731,Punjab,Amritsar,B30,46-55,Male,24.4,Net Banking,Pending
INV000323,2024-07-10,119551,lumpsum,348334,Telangana,Hyderabad,T30,26-35,Female,23.0,UPI,Verified
INV003511,2024-07-10,119551,sip,1192,Haryana,Gurugram,T30,46-55,Male,36.8,Mandate,Verified
INV000753,2024-07-10,119095,redemption,343968,Haryana,Faridabad,B30,46-55,Male,82.4,UPI,Verified
INV001897,2024-07-11,119551,lumpsum,37668,Maharashtra,Mumbai,T30,26-35,Male,8.6,Net Banking,Verified
INV000567,2024-07-11,149323,lumpsum,377559,Delhi,New Delhi,T30,26-35,Male,9.1,Cheque,Pending
INV004118,2024-07-11,118635,lumpsum,423764,Punjab,Chandigarh,T30,36-45,Male,26.2,Net Banking,Verified
INV001942,2024-07-11,118636,lumpsum,386349,Tamil Nadu,Coimbatore,B30,26-35,Female,20.3,Net Banking,Verified
INV001230,2024-07-11,118632,sip,28168,Gujarat,Surat,T30,46-55,Male,96.9,Net Banking,Verified
INV001002,2024-07-11,118633,sip,10436,Telangana,Hyderabad,T30,36-45,Male,52.5,Mandate,Pending
INV003735,2024-07-11,120507,sip,2771,Gujarat,Ahmedabad,T30,36-45,Female,13.9,Mandate,Verified
INV002941,2024-07-11,119095,sip,2384,Rajasthan,Udaipur,B30,36-45,Female,59.2,Cheque,Verified
INV003101,2024-07-11,119095,redemption,256883,Tamil Nadu,Chennai,T30,26-35,Female,24.8,Mandate,Verified
INV004484,2024-07-11,101208,lumpsum,346546,Punjab,Amritsar,B30,46-55,Male,61.9,Mandate,Verified
INV003100,2024-07-11,120504,sip,409,Telangana,Hyderabad,T30,26-35,Male,16.5,Cheque,Verified
INV004228,2024-07-11,119120,redemption,174182,Madhya Pradesh,Bhopal,B30,26-35,Female,18.0,Net Banking,Verified
INV000935,2024-07-11,120844,sip,2481,Telangana,Hyderabad,T30,36-45,Male,14.6,UPI,Verified
INV001885,2024-07-11,148569,sip,402,Karnataka,Bangalore,T30,26-35,Male,18.8,Net Banking,Verified
INV002693,2024-07-11,102885,sip,11959,Uttar Pradesh,Kanpur,B30,26-35,Male,22.5,Mandate,Verified
INV000381,2024-07-11,119120,lumpsum,163752,Telangana,Hyderabad,T30,36-45,Female,41.2,Cheque,Verified
INV002460,2024-07-11,102886,sip,53176,Madhya Pradesh,Bhopal,B30,36-45,Male,44.8,UPI,Verified
INV002543,2024-07-11,148567,sip,2340,Madhya Pradesh,Indore,T30,18-25,Female,7.7,Net Banking,Verified
INV002025,2024-07-11,120503,sip,8364,Karnataka,Mysore,B30,26-35,Female,23.7,Net Banking,Verified
INV004621,2024-07-11,120504,sip,8317,Punjab,Amritsar,B30,36-45,Female,16.9,Net Banking,Verified
INV004440,2024-07-11,101206,sip,2304,Telangana,Hyderabad,T30,36-45,Male,33.5,Net Banking,Verified
INV001695,2024-07-11,119093,sip,9255,Punjab,Amritsar,B30,36-45,Male,24.0,Mandate,Verified
INV002077,2024-07-11,120507,sip,2009,West Bengal,Kolkata,T30,18-25,Female,6.3,Cheque,Verified
INV004208,2024-07-11,149324,sip,2334,West Bengal,Kolkata,T30,36-45,Male,53.3,Mandate,Verified
INV000354,2024-07-11,100016,lumpsum,191334,Telangana,Hyderabad,T30,26-35,Male,21.2,UPI,Pending
INV001291,2024-07-11,119095,sip,2755,Uttar Pradesh,Lucknow,T30,46-55,Male,89.1,Net Banking,Pending
INV000926,2024-07-11,120841,sip,956,Delhi,New Delhi,T30,36-45,Male,46.1,Net Banking,Verified
INV004126,2024-07-11,119093,lumpsum,294498,Delhi,Noida,T30,26-35,Female,14.7,Cheque,Verified
INV002782,2024-07-11,101206,sip,12043,Punjab,Chandigarh,T30,18-25,Male,3.7,Mandate,Pending
INV004125,2024-07-11,149324,sip,40082,Gujarat,Surat,T30,26-35,Male,9.4,Mandate,Pending
INV000292,2024-07-11,118632,sip,8154,Uttar Pradesh,Lucknow,T30,18-25,Male,3.3,UPI,Verified
INV002876,2024-07-11,118635,redemption,266257,Uttar Pradesh,Kanpur,B30,36-45,Female,44.6,UPI,Verified
INV000462,2024-07-11,120844,sip,3432,Haryana,Gurugram,T30,56+,Female,42.3,UPI,Verified
INV001881,2024-07-11,120507,sip,1180,Telangana,Hyderabad,T30,26-35,Male,11.2,Cheque,Verified
INV004440,2024-07-11,119551,redemption,169760,Telangana,Hyderabad,T30,36-45,Male,33.5,UPI,Verified
INV004481,2024-07-11,149322,sip,5694,Rajasthan,Jaipur,T30,46-55,Male,60.1,Mandate,Verified
INV004983,2024-07-11,148568,sip,54708,Madhya Pradesh,Bhopal,B30,26-35,Male,20.6,Mandate,Verified
INV000180,2024-07-11,149322,sip,2745,Tamil Nadu,Coimbatore,B30,46-55,Female,24.7,Cheque,Verified
INV000129,2024-07-11,119551,sip,539,Punjab,Amritsar,B30,26-35,Female,21.4,UPI,Verified
INV000172,2024-07-11,119552,sip,2253,Delhi,Noida,T30,36-45,Male,53.2,UPI,Verified
INV002486,2024-07-11,148568,sip,25596,Gujarat,Surat,T30,56+,Male,16.2,Net Banking,Verified
INV003564,2024-07-11,119598,sip,41829,Telangana,Hyderabad,T30,18-25,Male,6.8,Mandate,Verified
INV003491,2024-07-11,148567,lumpsum,371416,Delhi,Noida,T30,46-55,Male,92.5,Cheque,Verified
INV001024,2024-07-11,119094,redemption,311996,Uttar Pradesh,Agra,B30,18-25,Female,6.7,Cheque,Verified
INV002202,2024-07-11,118636,lumpsum,271547,Madhya Pradesh,Indore,T30,18-25,Female,7.1,Net Banking,Verified
INV000634,2024-07-11,120841,sip,1050,Karnataka,Bangalore,T30,26-35,Female,22.7,Net Banking,Verified
INV001628,2024-07-11,119093,sip,51248,Rajasthan,Jaipur,T30,36-45,Female,45.6,UPI,Verified
INV004875,2024-07-11,120842,sip,1772,West Bengal,Kolkata,T30,26-35,Male,25.0,Net Banking,Verified
INV001840,2024-07-11,102887,sip,26708,Uttar Pradesh,Agra,B30,18-25,Male,5.6,Net Banking,Verified
INV001162,2024-07-11,120844,redemption,395217,Gujarat,Surat,T30,46-55,Female,90.5,Cheque,Verified
INV003542,2024-07-11,102886,sip,5143,Telangana,Hyderabad,T30,26-35,Male,10.0,Mandate,Pending
INV002641,2024-07-11,149324,sip,2072,Maharashtra,Nashik,B30,56+,Male,27.1,Cheque,Verified
INV000058,2024-07-11,125498,sip,9437,Maharashtra,Mumbai,T30,26-35,Male,19.9,Net Banking,Pending
INV003911,2024-07-11,125498,lumpsum,70659,Telangana,Hyderabad,T30,36-45,Male,21.5,UPI,Verified
INV003097,2024-07-11,102886,lumpsum,202820,Punjab,Chandigarh,T30,26-35,Male,21.5,Mandate,Verified
INV003536,2024-07-11,100025,sip,27445,Maharashtra,Nashik,B30,36-45,Male,36.9,Cheque,Verified
INV003925,2024-07-11,118636,lumpsum,263187,Punjab,Amritsar,B30,26-35,Female,14.2,Mandate,Pending
INV001160,2024-07-11,119598,sip,11333,Karnataka,Mysore,B30,36-45,Female,13.8,Net Banking,Verified
INV000625,2024-07-11,148567,sip,2287,Rajasthan,Jaipur,T30,46-55,Female,19.7,Net Banking,Verified
INV000147,2024-07-11,120506,redemption,38930,Rajasthan,Jaipur,T30,26-35,Male,15.7,Cheque,Verified
INV001398,2024-07-11,118636,lumpsum,71445,Madhya Pradesh,Indore,T30,26-35,Female,18.4,UPI,Verified
INV001837,2024-07-11,119598,lumpsum,389816,Uttar Pradesh,Agra,B30,18-25,Male,5.5,UPI,Verified
INV001100,2024-07-11,118632,sip,17779,Rajasthan,Udaipur,B30,36-45,Male,43.0,Mandate,Verified
INV000158,2024-07-11,100033,sip,835,Madhya Pradesh,Bhopal,B30,36-45,Male,26.1,UPI,Verified
INV003634,2024-07-12,118636,redemption,47066,Punjab,Chandigarh,T30,46-55,Female,87.5,Net Banking,Verified
INV004137,2024-07-12,119092,lumpsum,171392,West Bengal,Kolkata,T30,18-25,Female,6.2,Mandate,Verified
INV002585,2024-07-12,148568,sip,5380,Uttar Pradesh,Lucknow,T30,18-25,Male,3.2,UPI,Verified
INV002577,2024-07-12,149323,sip,46803,Karnataka,Mysore,B30,36-45,Female,60.0,UPI,Pending
INV003914,2024-07-12,119599,sip,59970,Karnataka,Bangalore,T30,26-35,Male,8.9,Mandate,Verified
INV001921,2024-07-12,149323,lumpsum,25916,Gujarat,Surat,T30,26-35,Female,13.5,Cheque,Verified
INV001893,2024-07-12,118633,sip,1077,Punjab,Chandigarh,T30,26-35,Female,12.7,Net Banking,Verified
INV001857,2024-07-12,102887,sip,10549,Tamil Nadu,Chennai,T30,26-35,Male,24.0,UPI,Verified
INV001210,2024-07-12,102887,sip,2850,Uttar Pradesh,Agra,B30,36-45,Male,25.5,Mandate,Verified
INV003215,2024-07-12,119093,sip,2252,Gujarat,Surat,T30,26-35,Female,20.9,UPI,Verified
INV000696,2024-07-12,102887,sip,8705,Madhya Pradesh,Indore,T30,26-35,Male,10.7,Net Banking,Verified
INV002423,2024-07-12,102885,sip,23308,Haryana,Gurugram,T30,46-55,Male,38.7,Net Banking,Verified
INV000319,2024-07-12,101208,lumpsum,499767,Maharashtra,Mumbai,T30,56+,Male,74.8,Cheque,Verified
INV003052,2024-07-12,120844,sip,17479,Karnataka,Mysore,B30,18-25,Female,7.0,Mandate,Verified
INV002928,2024-07-12,120507,redemption,75773,Tamil Nadu,Coimbatore,B30,26-35,Male,9.4,Mandate,Verified
INV003450,2024-07-12,100033,sip,6564,Maharashtra,Nashik,B30,18-25,Female,4.2,Net Banking,Verified
INV001320,2024-07-12,120844,sip,2297,Punjab,Amritsar,B30,36-45,Male,31.8,Net Banking,Verified
INV000134,2024-07-12,148567,sip,591,Punjab,Chandigarh,T30,36-45,Female,50.2,Cheque,Verified
INV000329,2024-07-12,100033,sip,1127,Tamil Nadu,Chennai,T30,18-25,Male,6.5,Mandate,Verified
INV004198,2024-07-12,119120,sip,586,West Bengal,Kolkata,T30,26-35,Male,6.1,Net Banking,Verified
INV001223,2024-07-12,119120,lumpsum,472584,Punjab,Amritsar,B30,56+,Male,46.0,UPI,Pending
INV002947,2024-07-12,101207,sip,2652,Maharashtra,Nashik,B30,46-55,Male,73.3,Mandate,Verified
INV002290,2024-07-12,100033,sip,28976,Gujarat,Ahmedabad,T30,36-45,Male,24.7,Cheque,Verified
INV004599,2024-07-12,118636,redemption,189767,West Bengal,Kolkata,T30,36-45,Male,22.8,Net Banking,Verified
INV004178,2024-07-12,119552,sip,5305,Rajasthan,Jaipur,T30,26-35,Male,24.4,Mandate,Verified
INV004945,2024-07-12,119095,lumpsum,434590,West Bengal,Kolkata,T30,36-45,Female,56.8,Cheque,Verified
INV003194,2024-07-12,102887,sip,1171,Haryana,Faridabad,B30,26-35,Female,19.5,Net Banking,Verified
INV000867,2024-07-12,120841,sip,507,Delhi,Noida,T30,26-35,Male,20.6,UPI,Verified
INV004939,2024-07-12,119552,sip,44794,Punjab,Amritsar,B30,18-25,Male,4.7,Net Banking,Pending
INV004174,2024-07-12,119095,lumpsum,345525,Rajasthan,Udaipur,B30,18-25,Male,4.7,Mandate,Verified
INV000876,2024-07-12,119094,redemption,437610,Tamil Nadu,Chennai,T30,26-35,Male,17.4,Net Banking,Verified
INV004233,2024-07-12,119095,sip,966,Maharashtra,Nashik,B30,26-35,Female,8.7,Net Banking,Verified
INV003025,2024-07-12,102887,sip,12053,Gujarat,Surat,T30,26-35,Female,11.9,Cheque,Verified
INV004361,2024-07-12,101208,sip,2917,Haryana,Faridabad,B30,26-35,Female,18.4,Mandate,Verified
INV001526,2024-07-12,149324,sip,4427,Madhya Pradesh,Bhopal,B30,26-35,Female,19.1,Cheque,Verified
INV004629,2024-07-12,118635,sip,26103,Karnataka,Bangalore,T30,18-25,Female,4.9,Net Banking,Verified
INV004579,2024-07-12,119095,sip,2939,Rajasthan,Jaipur,T30,26-35,Male,18.7,Mandate,Verified
INV002942,2024-07-12,120503,sip,573,Delhi,Noida,T30,36-45,Male,27.8,Mandate,Pending
INV003857,2024-07-12,118634,lumpsum,489635,Madhya Pradesh,Indore,T30,18-25,Male,3.8,Cheque,Verified
INV002280,2024-07-12,120504,lumpsum,314684,Karnataka,Mysore,B30,18-25,Male,3.5,UPI,Verified
INV001118,2024-07-12,118635,redemption,546521,Haryana,Gurugram,T30,18-25,Male,6.7,Cheque,Verified
INV004920,2024-07-12,149324,sip,3540,Rajasthan,Jaipur,T30,56+,Male,16.3,Mandate,Verified
INV002292,2024-07-12,125498,lumpsum,144642,Rajasthan,Udaipur,B30,36-45,Male,54.1,Cheque,Verified
INV003415,2024-07-12,118632,sip,15506,Gujarat,Surat,T30,46-55,Male,96.6,Cheque,Verified
INV002247,2024-07-12,118635,sip,16368,Karnataka,Mysore,B30,18-25,Female,6.1,Cheque,Verified
INV002903,2024-07-12,120507,sip,2506,Madhya Pradesh,Indore,T30,36-45,Male,45.0,Mandate,Verified
INV001970,2024-07-12,120507,lumpsum,52428,Gujarat,Surat,T30,36-45,Male,55.1,Mandate,Verified
INV001069,2024-07-12,100025,sip,4664,Telangana,Hyderabad,T30,26-35,Male,19.1,UPI,Verified
INV002732,2024-07-12,100016,sip,9584,Uttar Pradesh,Lucknow,T30,18-25,Male,4.5,Mandate,Verified
INV001178,2024-07-12,148567,sip,1060,West Bengal,Kolkata,T30,26-35,Female,10.3,UPI,Pending
INV001143,2024-07-12,119552,sip,831,Delhi,Noida,T30,26-35,Male,10.7,Cheque,Verified
INV001243,2024-07-12,119093,sip,25235,Uttar Pradesh,Agra,B30,36-45,Male,14.1,Mandate,Verified
INV004303,2024-07-12,101206,lumpsum,279744,Punjab,Chandigarh,T30,26-35,Male,24.4,Mandate,Verified
INV001881,2024-07-12,100025,sip,804,Telangana,Hyderabad,T30,26-35,Male,11.2,Net Banking,Verified
INV001954,2024-07-12,119598,sip,1991,Uttar Pradesh,Agra,B30,26-35,Male,15.6,Cheque,Verified
INV004091,2024-07-12,149323,lumpsum,75297,Tamil Nadu,Chennai,T30,26-35,Male,7.2,UPI,Pending
INV004084,2024-07-12,102887,sip,11943,Telangana,Hyderabad,T30,26-35,Male,9.9,UPI,Verified
INV001689,2024-07-12,118633,redemption,330799,Haryana,Faridabad,B30,36-45,Male,40.4,UPI,Verified
INV004099,2024-07-12,120842,sip,563,West Bengal,Kolkata,T30,26-35,Male,22.6,Cheque,Verified
INV000167,2024-07-12,125497,lumpsum,280293,Gujarat,Ahmedabad,T30,56+,Male,55.3,Net Banking,Verified
INV001291,2024-07-12,120844,sip,54235,Uttar Pradesh,Lucknow,T30,46-55,Male,89.1,Cheque,Verified
INV000751,2024-07-12,102886,sip,6405,Uttar Pradesh,Kanpur,B30,36-45,Male,17.7,Net Banking,Verified
INV000245,2024-07-12,119598,lumpsum,297751,Punjab,Amritsar,B30,26-35,Male,6.2,Net Banking,Verified
INV003306,2024-07-12,119094,lumpsum,549573,Gujarat,Ahmedabad,T30,36-45,Male,14.6,UPI,Verified
INV001237,2024-07-12,120844,sip,487,West Bengal,Kolkata,T30,26-35,Male,19.1,Net Banking,Verified
INV001782,2024-07-12,100033,sip,58237,Uttar Pradesh,Agra,B30,36-45,Female,47.5,Mandate,Verified
INV000242,2024-07-12,148569,sip,1182,Maharashtra,Nashik,B30,36-45,Male,40.2,Cheque,Verified
INV000953,2024-07-12,120503,sip,506,Haryana,Faridabad,B30,56+,Male,23.1,Cheque,Verified
INV001810,2024-07-12,120505,sip,5742,Uttar Pradesh,Kanpur,B30,26-35,Female,10.1,UPI,Pending
INV004865,2024-07-12,120506,sip,7733,Maharashtra,Nashik,B30,56+,Male,77.2,Cheque,Verified
INV001487,2024-07-12,118632,sip,46804,Telangana,Hyderabad,T30,36-45,Male,59.8,UPI,Verified
INV002565,2024-07-12,118634,lumpsum,164413,Rajasthan,Jaipur,T30,26-35,Male,10.0,Mandate,Verified
INV003577,2024-07-13,149324,sip,1608,Punjab,Amritsar,B30,26-35,Female,22.7,UPI,Verified
INV002565,2024-07-13,120843,sip,1014,Rajasthan,Jaipur,T30,26-35,Male,10.0,UPI,Verified
INV004958,2024-07-13,119552,sip,5555,Maharashtra,Mumbai,T30,36-45,Male,20.9,Mandate,Verified
INV001421,2024-07-13,148567,redemption,266386,Telangana,Hyderabad,T30,26-35,Male,19.8,UPI,Verified
INV003885,2024-07-13,102886,sip,9441,West Bengal,Kolkata,T30,36-45,Male,52.3,UPI,Verified
INV003415,2024-07-13,119551,lumpsum,19246,Gujarat,Surat,T30,46-55,Male,96.6,Net Banking,Verified
INV004258,2024-07-13,119094,sip,1915,Gujarat,Ahmedabad,T30,36-45,Male,56.6,UPI,Verified
INV000514,2024-07-13,102886,lumpsum,80239,West Bengal,Kolkata,T30,36-45,Male,43.2,Cheque,Verified
INV004636,2024-07-13,119120,redemption,212967,Uttar Pradesh,Kanpur,B30,18-25,Female,5.0,UPI,Verified
INV004329,2024-07-13,101206,lumpsum,375673,Haryana,Gurugram,T30,18-25,Female,7.5,Mandate,Pending
INV004638,2024-07-13,148568,lumpsum,215572,Delhi,New Delhi,T30,26-35,Male,6.3,Mandate,Verified
INV001984,2024-07-13,118633,sip,24984,Delhi,Gurugram,T30,26-35,Female,7.2,Cheque,Verified
INV001841,2024-07-13,118634,lumpsum,200985,Madhya Pradesh,Bhopal,B30,36-45,Male,41.3,Mandate,Verified
INV004145,2024-07-13,101206,lumpsum,416946,Gujarat,Surat,T30,18-25,Male,4.9,Cheque,Verified
INV000833,2024-07-13,148569,sip,1006,Maharashtra,Nashik,B30,18-25,Male,4.4,Cheque,Verified
INV000086,2024-07-13,125497,sip,2531,Karnataka,Mysore,B30,18-25,Female,4.1,Net Banking,Verified
INV000675,2024-07-13,119598,sip,3400,Uttar Pradesh,Kanpur,B30,36-45,Male,27.9,Cheque,Verified
INV000085,2024-07-13,119120,lumpsum,324267,Gujarat,Surat,T30,26-35,Female,14.6,Cheque,Verified
INV000057,2024-07-13,119094,sip,516,Tamil Nadu,Chennai,T30,36-45,Male,59.9,Mandate,Verified
INV003382,2024-07-13,120505,sip,2929,Karnataka,Bangalore,T30,26-35,Male,19.8,Mandate,Verified
INV003714,2024-07-13,119551,sip,48154,Punjab,Chandigarh,T30,46-55,Female,52.9,Cheque,Verified
INV004940,2024-07-13,118632,lumpsum,429730,Karnataka,Bangalore,T30,36-45,Male,16.1,Mandate,Verified
INV004778,2024-07-13,118636,sip,11679,Telangana,Hyderabad,T30,26-35,Female,14.4,UPI,Verified
INV004803,2024-07-13,118633,redemption,459032,Haryana,Gurugram,T30,18-25,Female,7.7,Cheque,Verified
INV000437,2024-07-13,149323,sip,8967,Telangana,Hyderabad,T30,26-35,Female,6.1,Net Banking,Verified
INV002234,2024-07-13,120503,redemption,220727,Rajasthan,Jaipur,T30,26-35,Male,24.5,Cheque,Verified
INV003957,2024-07-13,119120,sip,9366,Delhi,Noida,T30,36-45,Male,30.9,Net Banking,Verified
INV001345,2024-07-13,119551,lumpsum,460181,Tamil Nadu,Coimbatore,B30,26-35,Male,17.3,Cheque,Verified
INV002109,2024-07-13,100025,redemption,152558,Tamil Nadu,Coimbatore,B30,26-35,Male,14.4,UPI,Verified
INV003112,2024-07-13,102887,sip,16001,Maharashtra,Pune,T30,26-35,Female,8.5,Net Banking,Verified
INV004596,2024-07-13,119092,lumpsum,63191,Rajasthan,Udaipur,B30,26-35,Male,22.8,Net Banking,Verified
INV001107,2024-07-13,120841,sip,2833,Gujarat,Ahmedabad,T30,26-35,Male,19.5,UPI,Verified
INV004982,2024-07-13,120504,lumpsum,162190,Haryana,Faridabad,B30,18-25,Female,7.9,Cheque,Pending
INV002180,2024-07-13,118636,sip,9042,Delhi,Gurugram,T30,18-25,Male,5.1,Net Banking,Verified
INV000256,2024-07-13,120503,sip,13666,Delhi,New Delhi,T30,36-45,Male,14.0,Cheque,Verified
INV002863,2024-07-13,149322,lumpsum,180139,Rajasthan,Udaipur,B30,36-45,Female,49.8,Mandate,Verified
INV003663,2024-07-13,118634,sip,48816,Delhi,Gurugram,T30,26-35,Female,19.0,Mandate,Verified
INV000706,2024-07-13,148568,redemption,343776,Telangana,Hyderabad,T30,26-35,Female,7.3,Mandate,Verified
INV004565,2024-07-13,119552,sip,538,Gujarat,Surat,T30,26-35,Male,9.2,UPI,Verified
INV002630,2024-07-13,149323,sip,1136,Punjab,Amritsar,B30,36-45,Male,19.6,UPI,Pending
INV001482,2024-07-13,101207,sip,24862,Madhya Pradesh,Indore,T30,46-55,Female,87.0,Mandate,Verified
INV004437,2024-07-13,119598,lumpsum,473013,Telangana,Hyderabad,T30,26-35,Male,13.7,UPI,Verified
INV003945,2024-07-13,120507,sip,4585,Gujarat,Ahmedabad,T30,46-55,Female,48.3,Cheque,Verified
INV001362,2024-07-13,119092,sip,2756,Uttar Pradesh,Agra,B30,18-25,Male,8.0,Mandate,Verified
INV000297,2024-07-13,118636,sip,2953,Gujarat,Ahmedabad,T30,26-35,Male,13.0,UPI,Verified
INV003140,2024-07-13,149322,sip,16318,West Bengal,Kolkata,T30,26-35,Male,16.9,Net Banking,Verified
INV000165,2024-07-13,148567,lumpsum,175276,Punjab,Chandigarh,T30,36-45,Female,18.8,UPI,Verified
INV004338,2024-07-13,119095,sip,2038,Maharashtra,Mumbai,T30,46-55,Female,82.5,Net Banking,Verified
INV001108,2024-07-13,118634,sip,16139,Karnataka,Bangalore,T30,26-35,Male,23.1,UPI,Verified
INV003639,2024-07-13,119095,sip,1735,Telangana,Hyderabad,T30,36-45,Female,22.9,Mandate,Verified
INV000300,2024-07-13,148567,sip,4751,Madhya Pradesh,Bhopal,B30,18-25,Male,3.8,Net Banking,Verified
INV001929,2024-07-13,118636,sip,5543,Rajasthan,Jaipur,T30,56+,Male,60.1,Cheque,Verified
INV001558,2024-07-13,148569,lumpsum,74158,West Bengal,Kolkata,T30,56+,Female,23.8,UPI,Verified
INV003703,2024-07-13,119094,sip,510,Karnataka,Bangalore,T30,36-45,Female,20.8,UPI,Verified
INV002850,2024-07-13,118632,redemption,98824,Uttar Pradesh,Lucknow,T30,46-55,Male,76.5,Mandate,Verified
INV004114,2024-07-13,120504,lumpsum,509041,Tamil Nadu,Coimbatore,B30,26-35,Male,9.4,Net Banking,Verified
INV002141,2024-07-13,149323,sip,1900,Delhi,New Delhi,T30,46-55,Male,36.2,UPI,Pending
INV002915,2024-07-13,120505,sip,1187,West Bengal,Kolkata,T30,18-25,Male,7.7,Cheque,Verified
INV003872,2024-07-13,119551,sip,2235,Uttar Pradesh,Kanpur,B30,26-35,Male,20.1,Net Banking,Pending
INV002794,2024-07-13,102885,sip,14277,Madhya Pradesh,Bhopal,B30,56+,Male,39.9,Net Banking,Verified
INV004440,2024-07-13,120842,sip,2656,Telangana,Hyderabad,T30,36-45,Male,33.5,Net Banking,Verified
INV001619,2024-07-13,120843,redemption,483289,Uttar Pradesh,Lucknow,T30,36-45,Male,20.7,Cheque,Verified
INV003893,2024-07-13,101207,lumpsum,336388,Karnataka,Bangalore,T30,46-55,Male,78.5,UPI,Verified
INV001591,2024-07-13,120506,lumpsum,105444,Rajasthan,Jaipur,T30,56+,Male,28.1,UPI,Verified
INV004845,2024-07-13,102886,sip,2130,West Bengal,Kolkata,T30,18-25,Male,7.5,UPI,Verified
INV000101,2024-07-13,120843,sip,48759,Madhya Pradesh,Indore,T30,26-35,Male,20.8,Net Banking,Verified
INV003211,2024-07-13,119093,sip,1143,Uttar Pradesh,Lucknow,T30,36-45,Male,55.1,Mandate,Verified
INV004843,2024-07-13,125498,sip,2308,Haryana,Faridabad,B30,56+,Male,49.8,Mandate,Verified
INV002341,2024-07-13,148567,redemption,550108,West Bengal,Kolkata,T30,36-45,Female,50.8,Cheque,Verified
INV004341,2024-07-13,119551,sip,1011,Tamil Nadu,Coimbatore,B30,18-25,Male,7.5,Net Banking,Pending
INV001067,2024-07-13,100016,lumpsum,438970,Haryana,Gurugram,T30,26-35,Male,16.6,Net Banking,Verified
INV001619,2024-07-13,101207,lumpsum,102079,Uttar Pradesh,Lucknow,T30,36-45,Male,20.7,Mandate,Verified
INV002060,2024-07-13,120844,lumpsum,209403,Madhya Pradesh,Indore,T30,36-45,Male,31.8,Cheque,Verified
INV000838,2024-07-13,118636,sip,29039,Madhya Pradesh,Bhopal,B30,26-35,Male,21.9,Cheque,Verified
INV000373,2024-07-13,119551,sip,15438,Gujarat,Surat,T30,26-35,Male,8.0,UPI,Verified
INV003773,2024-07-13,101208,lumpsum,306495,West Bengal,Kolkata,T30,46-55,Female,53.9,Net Banking,Verified
INV003695,2024-07-13,148568,sip,2725,Karnataka,Bangalore,T30,36-45,Male,31.0,UPI,Pending
INV000031,2024-07-13,120842,sip,442,Madhya Pradesh,Indore,T30,36-45,Male,27.3,UPI,Verified
INV003761,2024-07-14,120844,sip,2743,Karnataka,Mysore,B30,46-55,Male,61.2,Cheque,Verified
INV002312,2024-07-14,118634,sip,54413,Delhi,Noida,T30,18-25,Female,5.5,Net Banking,Verified
INV003009,2024-07-14,119120,sip,24027,Karnataka,Bangalore,T30,26-35,Male,20.1,Cheque,Verified
INV002696,2024-07-14,148569,lumpsum,140266,Punjab,Amritsar,B30,18-25,Male,7.1,Net Banking,Verified
INV003409,2024-07-14,101208,sip,11283,Karnataka,Mysore,B30,46-55,Male,44.2,Mandate,Verified
INV000830,2024-07-14,118633,redemption,288162,Tamil Nadu,Chennai,T30,36-45,Female,43.0,UPI,Verified
INV003003,2024-07-14,118636,sip,1614,West Bengal,Kolkata,T30,18-25,Female,3.1,Net Banking,Verified
INV002838,2024-07-14,149322,sip,21668,West Bengal,Kolkata,T30,56+,Female,71.9,Net Banking,Verified
INV002865,2024-07-14,120504,sip,2358,Maharashtra,Pune,T30,18-25,Male,3.3,Net Banking,Verified
INV003907,2024-07-14,101206,lumpsum,85407,Gujarat,Surat,T30,46-55,Male,62.6,Net Banking,Verified
INV004204,2024-07-14,119599,sip,1916,Tamil Nadu,Chennai,T30,36-45,Male,51.7,Net Banking,Verified
INV004574,2024-07-14,120503,redemption,63194,Maharashtra,Mumbai,T30,36-45,Male,54.3,UPI,Verified
INV003580,2024-07-14,101207,sip,14059,Gujarat,Ahmedabad,T30,26-35,Male,22.5,Net Banking,Verified
INV000679,2024-07-14,148567,sip,424,Haryana,Faridabad,B30,46-55,Female,79.1,Mandate,Verified
INV000031,2024-07-14,101206,lumpsum,54239,Madhya Pradesh,Indore,T30,36-45,Male,27.3,UPI,Verified
INV004250,2024-07-14,120503,lumpsum,495134,Haryana,Gurugram,T30,26-35,Female,6.4,Net Banking,Pending
INV000020,2024-07-14,148567,sip,550,Delhi,Noida,T30,36-45,Female,17.0,Mandate,Verified
INV002357,2024-07-14,149323,lumpsum,159666,Delhi,Gurugram,T30,26-35,Male,7.8,Net Banking,Verified
INV000065,2024-07-14,120505,sip,6646,Maharashtra,Mumbai,T30,46-55,Female,43.2,Mandate,Verified
INV001746,2024-07-14,118634,lumpsum,173192,Rajasthan,Udaipur,B30,26-35,Male,11.2,UPI,Verified
INV002822,2024-07-14,120504,sip,12624,Karnataka,Bangalore,T30,46-55,Male,79.5,Cheque,Verified
INV000313,2024-07-14,120507,redemption,57578,Tamil Nadu,Chennai,T30,18-25,Female,3.1,Cheque,Pending
INV000146,2024-07-14,120842,sip,56908,Delhi,Gurugram,T30,26-35,Male,14.1,Net Banking,Pending
INV003341,2024-07-14,100016,lumpsum,418095,Rajasthan,Jaipur,T30,26-35,Male,23.0,Net Banking,Verified
INV004860,2024-07-14,148567,redemption,359411,Punjab,Amritsar,B30,46-55,Male,47.7,UPI,Verified
INV002050,2024-07-14,148567,sip,52503,Tamil Nadu,Chennai,T30,18-25,Female,7.2,Net Banking,Verified
INV003294,2024-07-14,119551,redemption,411034,Madhya Pradesh,Bhopal,B30,26-35,Female,11.1,Net Banking,Verified
INV004017,2024-07-14,125497,lumpsum,76258,West Bengal,Kolkata,T30,36-45,Male,36.7,UPI,Verified
INV004844,2024-07-14,119093,lumpsum,332267,Maharashtra,Pune,T30,26-35,Male,15.7,Cheque,Verified
INV004733,2024-07-14,120841,sip,45171,Telangana,Hyderabad,T30,18-25,Male,5.4,Mandate,Verified
INV003732,2024-07-14,120505,redemption,427329,West Bengal,Kolkata,T30,36-45,Male,56.1,Net Banking,Verified
INV001208,2024-07-14,148568,sip,4005,Gujarat,Ahmedabad,T30,56+,Male,18.7,UPI,Verified
INV004733,2024-07-14,120842,sip,2633,Telangana,Hyderabad,T30,18-25,Male,5.4,Cheque,Verified
INV004400,2024-07-14,101206,redemption,307869,Uttar Pradesh,Agra,B30,26-35,Male,19.5,UPI,Verified
INV000180,2024-07-14,120503,lumpsum,111128,Tamil Nadu,Coimbatore,B30,46-55,Female,24.7,UPI,Verified
INV001376,2024-07-14,120505,sip,9774,Gujarat,Surat,T30,26-35,Male,15.8,Mandate,Verified
INV002793,2024-07-14,120507,sip,9422,Madhya Pradesh,Bhopal,B30,36-45,Male,54.3,Cheque,Verified
INV002122,2024-07-14,118636,redemption,466372,Gujarat,Ahmedabad,T30,46-55,Male,46.3,Net Banking,Verified
INV003494,2024-07-14,118636,redemption,402709,Punjab,Chandigarh,T30,26-35,Female,18.6,Mandate,Verified
INV003372,2024-07-14,120503,lumpsum,388085,Karnataka,Mysore,B30,36-45,Female,38.1,UPI,Verified
INV000002,2024-07-14,149323,lumpsum,153187,Maharashtra,Pune,T30,46-55,Male,24.0,UPI,Verified
INV002934,2024-07-14,125498,redemption,281295,Delhi,Noida,T30,36-45,Male,25.8,Mandate,Verified
INV001023,2024-07-14,119095,lumpsum,383057,Gujarat,Ahmedabad,T30,36-45,Male,27.1,UPI,Verified
INV003714,2024-07-14,148568,lumpsum,387881,Punjab,Chandigarh,T30,46-55,Female,52.9,Net Banking,Verified
INV000216,2024-07-14,120844,sip,2307,Karnataka,Mysore,B30,26-35,Male,21.9,Net Banking,Verified
INV001583,2024-07-14,100025,lumpsum,47142,Delhi,Gurugram,T30,18-25,Male,3.1,Mandate,Pending
INV000938,2024-07-14,149323,sip,40471,Telangana,Hyderabad,T30,36-45,Male,24.5,Mandate,Verified
INV000599,2024-07-14,120506,lumpsum,9830,Gujarat,Ahmedabad,T30,36-45,Male,24.0,Net Banking,Verified
INV001648,2024-07-14,102886,lumpsum,572420,Telangana,Hyderabad,T30,46-55,Female,96.8,Net Banking,Verified
INV001512,2024-07-14,101206,redemption,10133,Haryana,Gurugram,T30,46-55,Male,49.4,UPI,Verified
INV002611,2024-07-14,100016,redemption,348832,West Bengal,Kolkata,T30,26-35,Male,21.5,Cheque,Verified
INV000877,2024-07-14,101208,sip,2192,Telangana,Hyderabad,T30,36-45,Female,15.8,UPI,Verified
INV001093,2024-07-14,120842,lumpsum,320571,West Bengal,Kolkata,T30,46-55,Female,65.2,Mandate,Verified
INV004925,2024-07-14,148567,sip,25063,Maharashtra,Pune,T30,18-25,Female,5.4,Mandate,Verified
INV004158,2024-07-14,120506,sip,2876,Punjab,Chandigarh,T30,18-25,Female,6.7,Cheque,Verified
INV002003,2024-07-14,149322,sip,1898,Delhi,New Delhi,T30,26-35,Female,20.1,UPI,Verified
INV004924,2024-07-14,148567,sip,53039,Telangana,Hyderabad,T30,36-45,Male,16.1,UPI,Verified
INV002176,2024-07-14,101206,sip,9388,Haryana,Faridabad,B30,56+,Male,32.0,UPI,Verified
INV003429,2024-07-14,148567,lumpsum,89944,Telangana,Hyderabad,T30,26-35,Male,16.0,UPI,Verified
INV001087,2024-07-14,119095,lumpsum,325704,Rajasthan,Udaipur,B30,26-35,Female,20.6,Cheque,Verified
INV000803,2024-07-14,102887,sip,46576,Karnataka,Mysore,B30,26-35,Female,20.6,Cheque,Verified
INV003159,2024-07-14,101206,sip,46244,Punjab,Amritsar,B30,36-45,Male,25.9,Mandate,Verified
INV002169,2024-07-14,125497,redemption,195078,Punjab,Amritsar,B30,46-55,Male,70.3,UPI,Verified
INV004921,2024-07-14,120844,sip,489,Karnataka,Bangalore,T30,18-25,Male,3.9,Cheque,Verified
INV002469,2024-07-14,125497,lumpsum,448297,Tamil Nadu,Chennai,T30,26-35,Female,12.3,Net Banking,Verified
INV000691,2024-07-14,120503,sip,2181,Tamil Nadu,Chennai,T30,18-25,Female,7.8,UPI,Verified
INV004649,2024-07-14,120843,redemption,245133,Karnataka,Bangalore,T30,36-45,Male,48.4,Net Banking,Verified
INV004904,2024-07-14,118633,sip,53393,Tamil Nadu,Chennai,T30,26-35,Female,8.6,Cheque,Verified
INV000547,2024-07-14,118633,sip,25387,West Bengal,Kolkata,T30,26-35,Male,16.6,Cheque,Verified
INV001210,2024-07-14,120505,lumpsum,201331,Uttar Pradesh,Agra,B30,36-45,Male,25.5,Net Banking,Verified
INV003697,2024-07-14,120505,sip,25083,Maharashtra,Mumbai,T30,18-25,Male,6.3,Mandate,Verified
INV002347,2024-07-14,149323,sip,2242,Delhi,New Delhi,T30,26-35,Female,6.5,UPI,Verified
INV000129,2024-07-14,100025,lumpsum,265426,Punjab,Amritsar,B30,26-35,Female,21.4,UPI,Verified
INV000653,2024-07-14,125498,sip,3392,Uttar Pradesh,Kanpur,B30,26-35,Female,18.6,Net Banking,Verified
INV003400,2024-07-15,119093,redemption,10128,Tamil Nadu,Coimbatore,B30,36-45,Female,15.0,UPI,Verified
INV002211,2024-07-15,120841,sip,551,Gujarat,Surat,T30,26-35,Male,11.3,Net Banking,Verified
INV004992,2024-07-15,118633,sip,2887,Rajasthan,Udaipur,B30,26-35,Male,11.1,Mandate,Verified
INV004488,2024-07-15,119599,sip,14422,Maharashtra,Nashik,B30,56+,Male,69.8,Cheque,Verified
INV002343,2024-07-15,101208,sip,13648,Punjab,Amritsar,B30,26-35,Male,22.1,Net Banking,Verified
INV003540,2024-07-15,119094,lumpsum,17735,Telangana,Hyderabad,T30,26-35,Male,23.6,Net Banking,Verified
INV000525,2024-07-15,120504,sip,958,Gujarat,Ahmedabad,T30,56+,Female,12.6,UPI,Verified
INV001005,2024-07-15,118634,sip,40812,Karnataka,Bangalore,T30,46-55,Male,84.6,Cheque,Verified
INV001524,2024-07-15,100033,lumpsum,526884,Madhya Pradesh,Bhopal,B30,26-35,Male,7.7,Cheque,Verified
INV003513,2024-07-15,125498,sip,4478,West Bengal,Kolkata,T30,36-45,Male,57.3,Net Banking,Verified
INV003739,2024-07-15,120504,lumpsum,462237,Gujarat,Surat,T30,46-55,Female,81.0,Cheque,Verified
INV001185,2024-07-15,119599,sip,47634,Haryana,Faridabad,B30,26-35,Female,22.5,Net Banking,Verified
INV002295,2024-07-15,120506,sip,8125,Telangana,Hyderabad,T30,26-35,Female,17.9,UPI,Verified
INV000145,2024-07-15,119120,sip,2235,Delhi,New Delhi,T30,26-35,Male,9.3,Cheque,Verified
INV004009,2024-07-15,100016,sip,2693,Gujarat,Ahmedabad,T30,18-25,Male,5.6,UPI,Verified
INV000364,2024-07-15,118633,sip,47650,Delhi,Noida,T30,26-35,Male,9.1,Net Banking,Verified
INV002304,2024-07-15,119095,sip,1055,Karnataka,Mysore,B30,46-55,Male,57.7,UPI,Verified
INV001045,2024-07-15,120841,sip,7573,Punjab,Chandigarh,T30,36-45,Female,45.5,Net Banking,Verified
INV000155,2024-07-15,120506,sip,549,Madhya Pradesh,Bhopal,B30,26-35,Female,17.4,Mandate,Pending
INV000298,2024-07-15,120841,sip,900,Uttar Pradesh,Kanpur,B30,18-25,Male,6.3,Mandate,Verified
INV000292,2024-07-15,120844,sip,43739,Uttar Pradesh,Lucknow,T30,18-25,Male,3.3,UPI,Verified
INV001662,2024-07-15,148568,redemption,336202,Delhi,Gurugram,T30,36-45,Male,45.6,UPI,Verified
INV002570,2024-07-15,148569,redemption,162260,Punjab,Chandigarh,T30,36-45,Male,55.3,Cheque,Verified
INV003143,2024-07-15,118635,sip,4403,Karnataka,Mysore,B30,18-25,Female,5.9,Mandate,Verified
INV002674,2024-07-15,120505,redemption,92825,Karnataka,Mysore,B30,26-35,Female,7.4,Mandate,Verified
INV004637,2024-07-15,148569,lumpsum,401651,Gujarat,Surat,T30,18-25,Male,6.8,Mandate,Verified
INV001466,2024-07-15,148568,sip,12542,Delhi,Noida,T30,46-55,Female,20.3,Net Banking,Verified
INV003942,2024-07-15,100016,sip,1149,Haryana,Faridabad,B30,26-35,Female,23.3,UPI,Verified
INV002944,2024-07-15,119599,lumpsum,59534,Karnataka,Mysore,B30,36-45,Female,28.1,Cheque,Verified
INV001950,2024-07-15,120503,sip,2301,Maharashtra,Pune,T30,26-35,Female,6.0,UPI,Verified
INV001126,2024-07-15,118633,sip,2230,Rajasthan,Jaipur,T30,26-35,Female,22.6,Mandate,Verified
INV003535,2024-07-15,119598,sip,29393,Maharashtra,Nashik,B30,26-35,Male,12.5,Net Banking,Verified
INV003845,2024-07-15,119599,lumpsum,243286,Gujarat,Surat,T30,26-35,Female,10.1,UPI,Verified
INV003411,2024-07-15,120505,lumpsum,396313,Tamil Nadu,Chennai,T30,26-35,Male,14.2,Mandate,Verified
INV002692,2024-07-15,120843,redemption,180423,West Bengal,Kolkata,T30,26-35,Male,16.7,Mandate,Verified
INV004199,2024-07-15,120505,sip,595,Tamil Nadu,Chennai,T30,56+,Male,76.5,Net Banking,Verified
INV003579,2024-07-15,120843,sip,1614,West Bengal,Kolkata,T30,18-25,Male,4.6,UPI,Pending
INV002189,2024-07-15,119094,redemption,262910,Uttar Pradesh,Lucknow,T30,36-45,Male,37.4,UPI,Verified
INV003208,2024-07-15,101208,redemption,419544,Madhya Pradesh,Bhopal,B30,46-55,Male,80.0,Net Banking,Verified
INV001434,2024-07-15,118635,sip,864,Maharashtra,Mumbai,T30,46-55,Male,92.6,Cheque,Verified
INV004169,2024-07-15,119599,sip,51481,Rajasthan,Udaipur,B30,26-35,Female,20.4,UPI,Pending
INV003192,2024-07-15,119092,sip,4367,Uttar Pradesh,Lucknow,T30,26-35,Male,22.2,Mandate,Verified
INV003941,2024-07-15,118635,lumpsum,357265,Rajasthan,Udaipur,B30,26-35,Male,8.0,Mandate,Pending
INV001218,2024-07-15,119598,sip,454,Madhya Pradesh,Bhopal,B30,36-45,Male,21.1,Mandate,Verified
INV003918,2024-07-15,119598,lumpsum,232730,Madhya Pradesh,Indore,T30,56+,Male,51.2,Cheque,Verified
INV003278,2024-07-15,119120,redemption,45195,Madhya Pradesh,Bhopal,B30,26-35,Male,7.3,UPI,Verified
INV003372,2024-07-15,120505,sip,4274,Karnataka,Mysore,B30,36-45,Female,38.1,Mandate,Verified
INV002833,2024-07-15,149322,lumpsum,443866,Gujarat,Ahmedabad,T30,46-55,Female,52.9,Cheque,Verified
INV001823,2024-07-15,119552,sip,3078,Tamil Nadu,Coimbatore,B30,26-35,Male,17.1,UPI,Verified
INV001547,2024-07-15,119552,sip,28942,Tamil Nadu,Coimbatore,B30,36-45,Male,55.7,Mandate,Verified
INV003351,2024-07-15,120505,sip,54196,Delhi,New Delhi,T30,26-35,Male,9.5,UPI,Verified
INV001269,2024-07-15,148567,sip,5179,Maharashtra,Mumbai,T30,26-35,Male,14.4,Mandate,Pending
INV004424,2024-07-15,119093,sip,1198,Delhi,New Delhi,T30,46-55,Female,90.1,UPI,Verified
INV003363,2024-07-15,119599,redemption,447764,Haryana,Gurugram,T30,36-45,Male,46.5,UPI,Verified
INV000645,2024-07-15,100016,sip,4539,Karnataka,Bangalore,T30,18-25,Male,3.9,Net Banking,Verified
INV003810,2024-07-15,119092,sip,24338,Maharashtra,Nashik,B30,26-35,Male,24.7,Net Banking,Verified
INV004387,2024-07-15,125497,redemption,466837,Punjab,Amritsar,B30,18-25,Male,4.1,Net Banking,Verified
INV004391,2024-07-15,125497,sip,16792,Maharashtra,Mumbai,T30,26-35,Female,23.3,Cheque,Verified
INV002271,2024-07-16,101208,sip,11217,Tamil Nadu,Chennai,T30,46-55,Female,75.9,Cheque,Verified
INV002230,2024-07-16,120506,lumpsum,42497,Delhi,Noida,T30,36-45,Male,21.7,Net Banking,Verified
INV000493,2024-07-16,119599,sip,8893,Punjab,Chandigarh,T30,18-25,Male,4.2,Mandate,Verified
INV000569,2024-07-16,101207,sip,6281,Madhya Pradesh,Indore,T30,26-35,Male,8.0,Mandate,Verified
INV001499,2024-07-16,102886,redemption,383158,Karnataka,Mysore,B30,26-35,Male,12.9,Mandate,Verified
INV001227,2024-07-16,120842,lumpsum,162305,Tamil Nadu,Coimbatore,B30,36-45,Male,58.3,Cheque,Verified
INV004044,2024-07-16,118636,sip,25990,Rajasthan,Jaipur,T30,46-55,Male,82.3,UPI,Verified
INV004311,2024-07-16,118632,redemption,210855,Uttar Pradesh,Agra,B30,26-35,Female,17.0,UPI,Pending
INV000153,2024-07-16,119551,sip,8279,Karnataka,Mysore,B30,26-35,Male,14.1,UPI,Verified
INV004747,2024-07-16,102885,sip,9701,Punjab,Amritsar,B30,36-45,Male,23.4,UPI,Verified
INV002810,2024-07-16,101206,sip,558,Punjab,Amritsar,B30,36-45,Male,33.2,Mandate,Verified
INV001419,2024-07-16,102886,lumpsum,149255,Delhi,New Delhi,T30,26-35,Male,7.1,Net Banking,Verified
INV000312,2024-07-16,149324,lumpsum,95531,Gujarat,Ahmedabad,T30,18-25,Male,7.1,Cheque,Verified
INV003795,2024-07-16,118632,sip,1815,West Bengal,Kolkata,T30,18-25,Male,7.6,UPI,Verified
INV000388,2024-07-16,125497,sip,20516,Maharashtra,Nashik,B30,36-45,Male,33.6,Mandate,Verified
INV002568,2024-07-16,102886,sip,1614,Uttar Pradesh,Lucknow,T30,26-35,Female,7.3,Cheque,Verified
INV001246,2024-07-16,119551,sip,45908,Rajasthan,Jaipur,T30,46-55,Male,51.2,Net Banking,Verified
INV001954,2024-07-16,102887,sip,932,Uttar Pradesh,Agra,B30,26-35,Male,15.6,UPI,Verified
INV003398,2024-07-16,118633,sip,516,Karnataka,Bangalore,T30,36-45,Male,42.0,Net Banking,Verified
INV004090,2024-07-16,149324,redemption,138778,Tamil Nadu,Coimbatore,B30,36-45,Female,28.6,Mandate,Verified
INV004629,2024-07-16,119095,sip,8527,Karnataka,Bangalore,T30,18-25,Female,4.9,UPI,Pending
INV000589,2024-07-16,102885,sip,16160,Uttar Pradesh,Kanpur,B30,18-25,Female,6.3,Net Banking,Verified
INV002840,2024-07-16,118636,lumpsum,530508,Gujarat,Surat,T30,26-35,Female,12.0,Mandate,Verified
INV004171,2024-07-16,118634,redemption,204246,Tamil Nadu,Coimbatore,B30,26-35,Female,19.1,Net Banking,Verified
INV002509,2024-07-16,118632,sip,580,Maharashtra,Mumbai,T30,36-45,Female,19.9,Mandate,Verified
INV000054,2024-07-16,101206,sip,2377,Telangana,Hyderabad,T30,46-55,Female,37.5,Net Banking,Verified
INV000028,2024-07-16,119551,lumpsum,385186,Gujarat,Surat,T30,18-25,Female,6.1,Net Banking,Verified
INV003158,2024-07-16,119092,sip,23820,Karnataka,Mysore,B30,26-35,Male,21.1,Mandate,Verified
INV002702,2024-07-16,101207,sip,5269,Punjab,Chandigarh,T30,36-45,Male,25.4,Net Banking,Verified
INV000643,2024-07-16,102885,lumpsum,312612,Haryana,Faridabad,B30,26-35,Female,23.5,Mandate,Verified
INV001633,2024-07-16,148568,sip,475,Gujarat,Surat,T30,26-35,Male,6.8,Net Banking,Verified
INV003638,2024-07-16,149324,lumpsum,53539,West Bengal,Kolkata,T30,56+,Male,27.1,Net Banking,Pending
INV000662,2024-07-16,120507,sip,2089,Gujarat,Surat,T30,36-45,Female,20.1,Mandate,Pending
INV002527,2024-07-16,102887,sip,944,Telangana,Hyderabad,T30,18-25,Male,6.8,Net Banking,Verified
INV003517,2024-07-16,125497,sip,6499,Gujarat,Ahmedabad,T30,26-35,Male,16.6,Mandate,Pending
INV002833,2024-07-16,149324,sip,3220,Gujarat,Ahmedabad,T30,46-55,Female,52.9,UPI,Verified
INV004003,2024-07-16,119093,sip,3057,West Bengal,Kolkata,T30,26-35,Male,9.5,Mandate,Verified
INV003655,2024-07-16,100025,lumpsum,229923,Madhya Pradesh,Bhopal,B30,36-45,Female,24.9,Net Banking,Verified
INV000003,2024-07-16,101207,sip,2676,Gujarat,Ahmedabad,T30,26-35,Female,10.6,Mandate,Verified
INV000857,2024-07-16,102886,sip,7192,Gujarat,Ahmedabad,T30,26-35,Female,23.6,UPI,Pending
INV004583,2024-07-16,119094,lumpsum,107840,Maharashtra,Nashik,B30,26-35,Male,13.9,Cheque,Verified
INV002271,2024-07-16,148568,lumpsum,402634,Tamil Nadu,Chennai,T30,46-55,Female,75.9,Net Banking,Pending
INV001074,2024-07-16,101207,sip,4897,Gujarat,Ahmedabad,T30,56+,Female,57.4,Cheque,Verified
INV001750,2024-07-16,149324,sip,3355,Telangana,Hyderabad,T30,36-45,Female,38.8,Cheque,Verified
INV002115,2024-07-16,119095,sip,891,Punjab,Chandigarh,T30,56+,Female,71.4,Cheque,Verified
INV002437,2024-07-16,119092,lumpsum,391317,Haryana,Faridabad,B30,26-35,Male,24.8,Cheque,Verified
INV003203,2024-07-16,119092,lumpsum,267248,Telangana,Hyderabad,T30,26-35,Male,22.5,UPI,Verified
INV002428,2024-07-16,120843,lumpsum,190449,Gujarat,Ahmedabad,T30,56+,Female,38.0,UPI,Verified
INV002253,2024-07-16,100025,lumpsum,291571,West Bengal,Kolkata,T30,46-55,Male,28.6,Mandate,Verified
INV002259,2024-07-16,120505,sip,7203,Madhya Pradesh,Bhopal,B30,18-25,Female,6.7,Net Banking,Verified
INV003509,2024-07-16,101208,lumpsum,159390,Haryana,Gurugram,T30,36-45,Male,14.5,Net Banking,Verified
INV001635,2024-07-16,119599,sip,5430,Tamil Nadu,Chennai,T30,26-35,Male,18.6,Net Banking,Verified
INV001971,2024-07-16,148567,sip,3089,Gujarat,Ahmedabad,T30,26-35,Male,21.0,Net Banking,Verified
INV001280,2024-07-16,148569,redemption,470541,Rajasthan,Jaipur,T30,18-25,Male,4.7,Mandate,Verified
INV000919,2024-07-16,149323,redemption,484719,Telangana,Hyderabad,T30,46-55,Male,49.7,Cheque,Verified
INV000560,2024-07-16,119551,sip,15071,Punjab,Chandigarh,T30,18-25,Male,3.4,Mandate,Verified
INV001859,2024-07-16,101207,redemption,319834,Maharashtra,Nashik,B30,36-45,Male,32.2,Net Banking,Verified
INV001024,2024-07-17,149322,redemption,184995,Uttar Pradesh,Agra,B30,18-25,Female,6.7,Cheque,Pending
INV002413,2024-07-17,102885,sip,10565,Gujarat,Surat,T30,26-35,Male,14.4,UPI,Verified
INV002631,2024-07-17,119095,sip,8759,Uttar Pradesh,Kanpur,B30,46-55,Female,93.8,Cheque,Verified
INV000275,2024-07-17,118636,sip,1755,Karnataka,Mysore,B30,26-35,Male,10.2,Cheque,Verified
INV001110,2024-07-17,102886,lumpsum,366935,Punjab,Amritsar,B30,26-35,Male,21.9,Net Banking,Verified
INV004255,2024-07-17,148567,sip,4350,Punjab,Amritsar,B30,26-35,Female,17.1,Net Banking,Verified
INV004960,2024-07-17,119095,sip,5629,Uttar Pradesh,Kanpur,B30,26-35,Male,20.1,Net Banking,Verified
INV000753,2024-07-17,149322,lumpsum,280749,Haryana,Faridabad,B30,46-55,Male,82.4,UPI,Verified
INV000512,2024-07-17,119092,sip,1641,Punjab,Amritsar,B30,46-55,Male,82.6,Cheque,Verified
INV002459,2024-07-17,119093,sip,3579,Rajasthan,Udaipur,B30,18-25,Female,5.2,Net Banking,Verified
INV003124,2024-07-17,101207,sip,1081,West Bengal,Kolkata,T30,36-45,Male,28.8,Net Banking,Verified
INV001986,2024-07-17,149323,sip,13539,Madhya Pradesh,Indore,T30,36-45,Female,17.4,Mandate,Verified
INV004283,2024-07-17,119551,sip,931,Telangana,Hyderabad,T30,26-35,Male,9.6,Mandate,Verified
INV000453,2024-07-17,102885,lumpsum,190860,Rajasthan,Udaipur,B30,46-55,Male,40.4,UPI,Verified
INV004364,2024-07-17,100025,sip,3588,West Bengal,Kolkata,T30,36-45,Male,30.6,Mandate,Verified
INV002621,2024-07-17,120843,redemption,383284,Uttar Pradesh,Agra,B30,26-35,Female,22.6,Mandate,Verified
INV001507,2024-07-17,149322,sip,2087,Uttar Pradesh,Lucknow,T30,26-35,Male,20.4,Net Banking,Pending
INV003033,2024-07-17,100025,redemption,112318,Gujarat,Ahmedabad,T30,36-45,Male,17.3,Mandate,Verified
INV002819,2024-07-17,148568,redemption,121585,West Bengal,Kolkata,T30,26-35,Male,24.1,Net Banking,Verified
INV002673,2024-07-17,149322,sip,4152,Maharashtra,Mumbai,T30,26-35,Male,14.2,UPI,Verified
INV002956,2024-07-17,148568,sip,910,Gujarat,Surat,T30,36-45,Female,53.7,UPI,Verified
INV002378,2024-07-17,100016,lumpsum,65872,Haryana,Gurugram,T30,26-35,Male,12.1,Cheque,Verified
INV001989,2024-07-17,120842,sip,5464,Telangana,Hyderabad,T30,36-45,Female,17.8,Net Banking,Verified
INV002176,2024-07-17,100033,sip,17886,Haryana,Faridabad,B30,56+,Male,32.0,UPI,Verified
INV002370,2024-07-17,119092,sip,1107,Delhi,Noida,T30,26-35,Male,16.6,Net Banking,Verified
INV001169,2024-07-17,149322,sip,6246,Haryana,Gurugram,T30,36-45,Female,12.5,Net Banking,Verified
INV000866,2024-07-17,101206,lumpsum,226315,Uttar Pradesh,Lucknow,T30,46-55,Male,75.7,Cheque,Verified
INV002382,2024-07-17,102887,sip,411,Maharashtra,Mumbai,T30,26-35,Male,18.5,Net Banking,Verified
INV001995,2024-07-17,101206,sip,482,Gujarat,Surat,T30,26-35,Male,20.8,UPI,Verified
INV000138,2024-07-17,118634,sip,8681,Telangana,Hyderabad,T30,26-35,Male,24.7,Net Banking,Verified
INV003314,2024-07-17,118633,sip,6675,Telangana,Hyderabad,T30,36-45,Female,25.6,Cheque,Verified
INV000072,2024-07-17,118632,sip,20698,Gujarat,Ahmedabad,T30,18-25,Female,6.4,Mandate,Verified
INV003657,2024-07-17,100016,lumpsum,311487,Delhi,Noida,T30,36-45,Female,55.4,UPI,Verified
INV001627,2024-07-17,100033,lumpsum,377762,Uttar Pradesh,Agra,B30,26-35,Male,15.9,Net Banking,Verified
INV000341,2024-07-17,125498,lumpsum,53063,Delhi,New Delhi,T30,26-35,Male,19.6,UPI,Verified
INV002102,2024-07-17,119092,lumpsum,106468,Madhya Pradesh,Bhopal,B30,26-35,Male,9.2,Net Banking,Verified
INV003717,2024-07-17,120843,lumpsum,186851,Tamil Nadu,Coimbatore,B30,26-35,Female,20.8,Net Banking,Verified
INV001911,2024-07-17,119095,sip,5840,Gujarat,Surat,T30,46-55,Male,91.9,UPI,Verified
INV003105,2024-07-17,118634,sip,8858,Rajasthan,Jaipur,T30,18-25,Female,6.0,Mandate,Verified
INV001311,2024-07-17,120506,sip,42342,Telangana,Hyderabad,T30,26-35,Male,20.9,Mandate,Verified
INV004781,2024-07-17,119552,sip,998,Haryana,Faridabad,B30,18-25,Female,5.7,Mandate,Verified
INV004334,2024-07-17,119093,sip,6990,Punjab,Amritsar,B30,26-35,Female,6.6,UPI,Verified
INV002766,2024-07-17,101206,redemption,191019,Punjab,Chandigarh,T30,26-35,Female,8.7,UPI,Verified
INV004319,2024-07-17,102885,redemption,64083,Gujarat,Surat,T30,18-25,Male,3.9,Net Banking,Verified
INV003081,2024-07-17,101207,lumpsum,440720,Delhi,Gurugram,T30,56+,Female,73.4,UPI,Verified
INV002992,2024-07-17,120842,redemption,16135,Tamil Nadu,Chennai,T30,26-35,Male,14.6,Net Banking,Pending
INV002241,2024-07-17,119599,lumpsum,15512,Punjab,Amritsar,B30,36-45,Female,41.4,Net Banking,Verified
INV000553,2024-07-17,149324,sip,14289,Rajasthan,Jaipur,T30,36-45,Male,50.4,Cheque,Verified
INV000013,2024-07-17,120503,sip,42280,Maharashtra,Nashik,B30,18-25,Male,5.2,Mandate,Verified
INV001147,2024-07-17,118633,redemption,148662,Tamil Nadu,Coimbatore,B30,36-45,Female,14.6,Net Banking,Verified
INV001868,2024-07-17,125497,sip,7318,Tamil Nadu,Coimbatore,B30,26-35,Male,17.3,UPI,Verified
INV001927,2024-07-17,118633,sip,11292,Rajasthan,Jaipur,T30,56+,Male,58.7,UPI,Verified
INV000964,2024-07-17,101206,sip,1137,Haryana,Faridabad,B30,26-35,Male,6.7,Net Banking,Verified
INV003462,2024-07-17,100025,sip,8513,Rajasthan,Jaipur,T30,26-35,Female,24.3,UPI,Verified
INV002985,2024-07-17,118636,sip,552,Gujarat,Ahmedabad,T30,36-45,Male,26.4,UPI,Verified
INV004728,2024-07-17,119120,sip,1924,Maharashtra,Pune,T30,46-55,Female,22.0,Mandate,Verified
INV004744,2024-07-17,120506,sip,49666,Telangana,Hyderabad,T30,26-35,Female,16.0,Mandate,Verified
INV004850,2024-07-17,120843,redemption,347229,Madhya Pradesh,Bhopal,B30,56+,Male,34.8,UPI,Verified
INV000637,2024-07-17,119551,sip,5399,Punjab,Chandigarh,T30,26-35,Male,13.9,Cheque,Verified
INV002490,2024-07-17,102885,sip,40383,Gujarat,Surat,T30,36-45,Female,28.1,UPI,Verified
INV000531,2024-07-17,120507,lumpsum,366575,Delhi,Gurugram,T30,56+,Male,64.9,UPI,Verified
INV000313,2024-07-17,100025,sip,6386,Tamil Nadu,Chennai,T30,18-25,Female,3.1,Mandate,Pending
INV002213,2024-07-17,119120,redemption,267446,Maharashtra,Pune,T30,36-45,Female,33.8,Mandate,Verified
INV004028,2024-07-17,119552,lumpsum,32543,Rajasthan,Jaipur,T30,18-25,Male,3.3,Mandate,Verified
INV002040,2024-07-17,119120,lumpsum,34528,Karnataka,Mysore,B30,36-45,Female,49.1,UPI,Verified
INV001496,2024-07-17,119094,sip,25639,West Bengal,Kolkata,T30,18-25,Male,4.5,Net Banking,Verified
INV000832,2024-07-18,102887,redemption,129670,Karnataka,Bangalore,T30,36-45,Male,36.6,UPI,Verified
INV003679,2024-07-18,125497,redemption,205869,Maharashtra,Mumbai,T30,56+,Male,49.2,Net Banking,Verified
INV002535,2024-07-18,120841,redemption,13012,Rajasthan,Udaipur,B30,36-45,Male,22.6,Cheque,Verified
INV000983,2024-07-18,101207,sip,1030,Telangana,Hyderabad,T30,36-45,Male,33.5,UPI,Verified
INV004025,2024-07-18,125497,lumpsum,52875,Gujarat,Ahmedabad,T30,56+,Male,18.7,Net Banking,Verified
INV002963,2024-07-18,120503,sip,4495,Uttar Pradesh,Agra,B30,26-35,Male,24.0,Net Banking,Verified
INV004486,2024-07-18,101207,sip,983,Uttar Pradesh,Agra,B30,26-35,Male,14.4,Mandate,Verified
INV001826,2024-07-18,100033,lumpsum,408506,Punjab,Amritsar,B30,18-25,Male,4.7,UPI,Verified
INV000299,2024-07-18,102887,lumpsum,118061,Delhi,Noida,T30,26-35,Male,24.4,Net Banking,Verified
INV000228,2024-07-18,100033,lumpsum,263376,Karnataka,Bangalore,T30,26-35,Male,7.2,Cheque,Pending
INV004472,2024-07-18,120842,sip,586,West Bengal,Kolkata,T30,26-35,Female,19.1,Net Banking,Verified
INV000057,2024-07-18,149322,sip,20712,Tamil Nadu,Chennai,T30,36-45,Male,59.9,UPI,Verified
INV000966,2024-07-18,102886,lumpsum,237918,Telangana,Hyderabad,T30,26-35,Male,22.8,UPI,Verified
INV002843,2024-07-18,120504,sip,7680,Haryana,Faridabad,B30,26-35,Male,11.8,Cheque,Verified
INV004809,2024-07-18,148568,lumpsum,54795,Gujarat,Surat,T30,26-35,Female,15.0,Net Banking,Verified
INV001853,2024-07-18,119092,lumpsum,98957,Delhi,Noida,T30,18-25,Male,6.1,UPI,Verified
INV002825,2024-07-18,101208,lumpsum,259956,Delhi,New Delhi,T30,36-45,Male,52.4,Cheque,Verified
INV002298,2024-07-18,118636,redemption,372555,Maharashtra,Nashik,B30,56+,Male,45.3,Mandate,Verified
INV002167,2024-07-18,148568,lumpsum,195912,Rajasthan,Jaipur,T30,26-35,Female,8.7,Cheque,Verified
INV000686,2024-07-18,101206,sip,15336,Madhya Pradesh,Indore,T30,36-45,Male,51.9,UPI,Verified
INV003117,2024-07-18,120842,sip,27991,Tamil Nadu,Chennai,T30,18-25,Female,6.7,Mandate,Verified
INV000810,2024-07-18,120842,sip,4031,Rajasthan,Jaipur,T30,26-35,Male,11.2,Net Banking,Verified
INV004939,2024-07-18,119092,sip,993,Punjab,Amritsar,B30,18-25,Male,4.7,Net Banking,Verified
INV001669,2024-07-18,125497,sip,12303,West Bengal,Kolkata,T30,26-35,Female,6.3,Cheque,Verified
INV001974,2024-07-18,118633,lumpsum,126734,Tamil Nadu,Chennai,T30,56+,Male,64.3,Cheque,Verified
INV001284,2024-07-18,119551,sip,2809,West Bengal,Kolkata,T30,36-45,Male,49.0,UPI,Verified
INV002360,2024-07-18,119599,sip,14658,Maharashtra,Mumbai,T30,26-35,Male,11.6,Net Banking,Verified
INV002706,2024-07-18,118635,sip,22885,Haryana,Faridabad,B30,46-55,Female,22.8,Net Banking,Verified
INV001250,2024-07-18,102885,lumpsum,547542,Rajasthan,Udaipur,B30,26-35,Male,25.0,Cheque,Verified
INV003340,2024-07-18,101206,lumpsum,297479,Madhya Pradesh,Indore,T30,26-35,Male,22.5,Cheque,Pending
INV002184,2024-07-18,120505,sip,2533,Uttar Pradesh,Agra,B30,36-45,Female,38.1,Mandate,Verified
INV002973,2024-07-18,125498,sip,1780,Uttar Pradesh,Kanpur,B30,26-35,Male,16.7,Cheque,Verified
INV004855,2024-07-18,100025,sip,1710,Madhya Pradesh,Bhopal,B30,36-45,Female,49.4,Mandate,Verified
INV004855,2024-07-18,148567,sip,562,Madhya Pradesh,Bhopal,B30,36-45,Female,49.4,Net Banking,Verified
INV004339,2024-07-18,119093,sip,5450,Uttar Pradesh,Lucknow,T30,26-35,Female,7.3,Mandate,Verified
INV003100,2024-07-18,119092,sip,459,Telangana,Hyderabad,T30,26-35,Male,16.5,Cheque,Verified
INV002687,2024-07-18,148569,redemption,394157,Delhi,New Delhi,T30,36-45,Male,25.9,Net Banking,Verified
INV002705,2024-07-18,120504,sip,2374,Uttar Pradesh,Lucknow,T30,46-55,Female,90.6,Net Banking,Verified
INV002969,2024-07-18,120504,redemption,283832,Karnataka,Bangalore,T30,26-35,Male,15.4,Net Banking,Verified
INV004961,2024-07-18,118635,sip,11377,West Bengal,Kolkata,T30,36-45,Male,15.0,Net Banking,Verified
INV002929,2024-07-18,119598,lumpsum,536605,West Bengal,Kolkata,T30,26-35,Male,13.0,Net Banking,Verified
INV002789,2024-07-18,119095,sip,556,Madhya Pradesh,Bhopal,B30,26-35,Female,7.8,Net Banking,Verified
INV000242,2024-07-18,149324,sip,8191,Maharashtra,Nashik,B30,36-45,Male,40.2,Net Banking,Pending
INV002707,2024-07-18,120841,sip,4300,Maharashtra,Mumbai,T30,26-35,Male,24.7,UPI,Verified
INV003675,2024-07-18,120843,redemption,237374,West Bengal,Kolkata,T30,56+,Male,63.9,Mandate,Pending
INV001692,2024-07-18,118636,redemption,386210,Rajasthan,Jaipur,T30,26-35,Male,11.7,Net Banking,Verified
INV003064,2024-07-18,101207,sip,4799,Karnataka,Bangalore,T30,26-35,Male,6.5,UPI,Verified
INV001288,2024-07-18,118632,sip,20009,Telangana,Hyderabad,T30,26-35,Male,21.8,UPI,Verified
INV002324,2024-07-18,119092,sip,1633,Karnataka,Bangalore,T30,26-35,Male,16.2,UPI,Verified
INV002225,2024-07-18,148567,sip,13286,Punjab,Amritsar,B30,46-55,Male,86.2,UPI,Verified
INV001576,2024-07-18,120504,sip,1080,Delhi,Noida,T30,46-55,Female,46.5,Mandate,Verified
INV000860,2024-07-18,120841,sip,17973,Madhya Pradesh,Bhopal,B30,36-45,Female,51.8,UPI,Verified
INV002527,2024-07-18,120504,sip,494,Telangana,Hyderabad,T30,18-25,Male,6.8,Mandate,Verified
INV000330,2024-07-18,101208,sip,20150,Madhya Pradesh,Bhopal,B30,26-35,Female,11.9,Cheque,Verified
INV000977,2024-07-18,120505,sip,12558,Karnataka,Mysore,B30,56+,Male,22.5,Mandate,Verified
INV000154,2024-07-19,101208,sip,2171,Haryana,Faridabad,B30,36-45,Male,51.3,Net Banking,Verified
INV004315,2024-07-19,125497,sip,21541,Rajasthan,Udaipur,B30,46-55,Female,64.3,Mandate,Verified
INV001514,2024-07-19,120843,sip,2178,Delhi,Gurugram,T30,46-55,Male,75.8,UPI,Verified
INV000269,2024-07-19,118633,sip,1775,Punjab,Amritsar,B30,46-55,Male,47.3,UPI,Pending
INV004937,2024-07-19,120841,sip,4433,Tamil Nadu,Chennai,T30,46-55,Male,96.7,Net Banking,Verified
INV001315,2024-07-19,120843,sip,13748,Telangana,Hyderabad,T30,46-55,Female,32.9,Cheque,Verified
INV004498,2024-07-19,118634,sip,8304,Punjab,Chandigarh,T30,26-35,Male,6.7,UPI,Pending
INV002133,2024-07-19,100025,sip,1037,Rajasthan,Udaipur,B30,26-35,Male,23.0,Net Banking,Verified
INV003834,2024-07-19,118633,sip,2974,Madhya Pradesh,Bhopal,B30,36-45,Male,25.1,UPI,Verified
INV002633,2024-07-19,119095,lumpsum,223550,Karnataka,Bangalore,T30,26-35,Female,8.1,Mandate,Pending
INV000732,2024-07-19,119551,sip,7118,Haryana,Faridabad,B30,46-55,Female,40.8,Net Banking,Verified
INV001034,2024-07-19,120844,redemption,280263,Maharashtra,Pune,T30,26-35,Male,20.4,Net Banking,Verified
INV002641,2024-07-19,120843,lumpsum,90588,Maharashtra,Nashik,B30,56+,Male,27.1,Mandate,Verified
INV003153,2024-07-19,101208,sip,4648,Madhya Pradesh,Indore,T30,36-45,Female,20.5,Cheque,Verified
INV001851,2024-07-19,102885,sip,50165,Gujarat,Ahmedabad,T30,26-35,Male,16.2,Net Banking,Verified
INV000531,2024-07-19,125497,sip,2137,Delhi,Gurugram,T30,56+,Male,64.9,Net Banking,Verified
INV003885,2024-07-19,118635,sip,11026,West Bengal,Kolkata,T30,36-45,Male,52.3,Cheque,Verified
INV002137,2024-07-19,120506,redemption,255600,Tamil Nadu,Coimbatore,B30,36-45,Male,17.6,Net Banking,Pending
INV003943,2024-07-19,119599,sip,966,Telangana,Hyderabad,T30,46-55,Male,46.2,UPI,Verified
INV000865,2024-07-19,120842,lumpsum,183317,Tamil Nadu,Coimbatore,B30,26-35,Male,24.2,Cheque,Verified
INV001852,2024-07-19,119094,sip,3071,Telangana,Hyderabad,T30,26-35,Male,21.7,Net Banking,Verified
INV003811,2024-07-19,118633,lumpsum,456452,Gujarat,Surat,T30,46-55,Female,83.6,Mandate,Verified
INV000037,2024-07-19,118632,lumpsum,274884,Rajasthan,Udaipur,B30,26-35,Male,7.5,Cheque,Verified
INV000930,2024-07-19,119599,sip,14580,Rajasthan,Udaipur,B30,18-25,Female,4.1,UPI,Verified
INV003501,2024-07-19,125498,sip,7970,Rajasthan,Udaipur,B30,26-35,Female,24.7,Net Banking,Verified
INV003710,2024-07-19,119552,sip,1000,Rajasthan,Udaipur,B30,26-35,Male,19.6,Net Banking,Verified
INV001644,2024-07-19,102886,sip,20001,Madhya Pradesh,Bhopal,B30,18-25,Female,6.7,UPI,Verified
INV000161,2024-07-19,101208,sip,1767,Rajasthan,Jaipur,T30,18-25,Female,6.8,UPI,Verified
INV001745,2024-07-19,120507,sip,2976,Madhya Pradesh,Indore,T30,18-25,Male,7.3,Mandate,Verified
INV001025,2024-07-19,120504,sip,14624,Maharashtra,Pune,T30,18-25,Male,5.7,Mandate,Verified
INV000914,2024-07-19,120506,sip,414,Karnataka,Mysore,B30,18-25,Male,3.8,UPI,Verified
INV000519,2024-07-19,120505,sip,5028,Haryana,Faridabad,B30,26-35,Female,6.3,Mandate,Verified
INV003744,2024-07-19,120842,sip,2161,Karnataka,Mysore,B30,18-25,Female,4.1,Mandate,Verified
INV002692,2024-07-19,119599,lumpsum,8678,West Bengal,Kolkata,T30,26-35,Male,16.7,Net Banking,Verified
INV003828,2024-07-19,119094,sip,5805,Karnataka,Bangalore,T30,18-25,Male,7.6,UPI,Verified
INV004784,2024-07-19,118632,sip,8975,Uttar Pradesh,Lucknow,T30,26-35,Female,15.8,Cheque,Verified
INV003021,2024-07-19,119551,sip,45127,Telangana,Hyderabad,T30,56+,Female,65.0,UPI,Verified
INV000902,2024-07-19,119094,sip,4987,Maharashtra,Mumbai,T30,26-35,Female,6.0,Net Banking,Verified
INV003060,2024-07-19,149323,sip,4002,Rajasthan,Jaipur,T30,56+,Female,16.6,Net Banking,Verified
INV002322,2024-07-19,118632,sip,5985,Tamil Nadu,Chennai,T30,18-25,Male,3.3,UPI,Verified
INV001706,2024-07-19,119552,redemption,73797,West Bengal,Kolkata,T30,26-35,Male,14.2,Cheque,Verified
INV003582,2024-07-19,120842,lumpsum,109370,Uttar Pradesh,Kanpur,B30,36-45,Male,43.1,Mandate,Verified
INV000288,2024-07-19,120503,sip,546,Telangana,Hyderabad,T30,26-35,Male,10.1,Net Banking,Verified
INV000138,2024-07-19,119598,sip,22090,Telangana,Hyderabad,T30,26-35,Male,24.7,Cheque,Verified
INV004866,2024-07-19,119093,redemption,213587,Madhya Pradesh,Bhopal,B30,36-45,Male,14.6,Mandate,Verified
INV003788,2024-07-19,120507,lumpsum,291661,Tamil Nadu,Chennai,T30,18-25,Male,3.1,Cheque,Verified
INV003046,2024-07-19,149323,sip,3236,West Bengal,Kolkata,T30,36-45,Male,12.4,Cheque,Verified
INV003221,2024-07-19,119551,redemption,328563,Karnataka,Mysore,B30,26-35,Male,15.8,UPI,Verified
INV001808,2024-07-19,120844,lumpsum,193447,Punjab,Chandigarh,T30,26-35,Female,7.0,Mandate,Pending
INV001044,2024-07-19,125497,sip,50906,Gujarat,Surat,T30,26-35,Male,14.5,Net Banking,Verified
INV002159,2024-07-19,149322,sip,4083,Haryana,Gurugram,T30,26-35,Male,7.0,Mandate,Verified
INV002935,2024-07-19,119120,sip,15036,Madhya Pradesh,Indore,T30,18-25,Male,5.6,Cheque,Verified
INV001673,2024-07-19,100025,sip,25952,West Bengal,Kolkata,T30,26-35,Male,23.0,Cheque,Verified
INV001189,2024-07-19,102886,lumpsum,189246,Maharashtra,Nashik,B30,56+,Male,70.1,UPI,Verified
INV003906,2024-07-19,120506,sip,2265,Haryana,Faridabad,B30,36-45,Male,39.7,Mandate,Verified
INV004868,2024-07-20,118634,redemption,159931,Karnataka,Bangalore,T30,36-45,Male,49.4,Mandate,Verified
INV004730,2024-07-20,120844,sip,5982,Maharashtra,Mumbai,T30,36-45,Male,32.6,UPI,Verified
INV001316,2024-07-20,119094,lumpsum,350124,Punjab,Chandigarh,T30,18-25,Male,7.3,Net Banking,Verified
INV004903,2024-07-20,102885,sip,4507,Karnataka,Bangalore,T30,26-35,Male,11.4,UPI,Verified
INV001353,2024-07-20,148567,sip,6005,Punjab,Amritsar,B30,26-35,Male,6.5,Net Banking,Verified
INV001648,2024-07-20,149323,sip,2229,Telangana,Hyderabad,T30,46-55,Female,96.8,Cheque,Verified
INV002252,2024-07-20,100025,sip,2589,Maharashtra,Pune,T30,36-45,Female,46.4,Mandate,Verified
INV002526,2024-07-20,149322,sip,59337,Madhya Pradesh,Bhopal,B30,18-25,Female,3.5,Cheque,Verified
INV004295,2024-07-20,119552,lumpsum,10036,Karnataka,Bangalore,T30,36-45,Male,50.6,Cheque,Verified
INV000654,2024-07-20,101207,redemption,48895,Rajasthan,Udaipur,B30,18-25,Female,7.9,Cheque,Verified
INV001644,2024-07-20,148568,lumpsum,28835,Madhya Pradesh,Bhopal,B30,18-25,Female,6.7,Net Banking,Verified
INV004895,2024-07-20,101207,sip,829,Delhi,Noida,T30,36-45,Male,43.2,Mandate,Verified
INV002588,2024-07-20,119599,sip,1995,West Bengal,Kolkata,T30,18-25,Male,5.5,UPI,Verified
INV004899,2024-07-20,149322,sip,2629,Delhi,New Delhi,T30,36-45,Male,39.4,UPI,Verified
INV001144,2024-07-20,120505,lumpsum,52208,Tamil Nadu,Coimbatore,B30,36-45,Male,16.7,UPI,Verified
INV004996,2024-07-20,125498,lumpsum,362317,Delhi,New Delhi,T30,46-55,Male,87.8,UPI,Verified
INV004268,2024-07-20,119598,sip,2001,Delhi,Gurugram,T30,26-35,Female,10.1,Net Banking,Verified
INV000458,2024-07-20,102886,sip,8690,Rajasthan,Udaipur,B30,56+,Male,18.9,Cheque,Verified
INV001178,2024-07-20,119094,lumpsum,233059,West Bengal,Kolkata,T30,26-35,Female,10.3,Net Banking,Verified
INV002211,2024-07-20,101208,sip,1019,Gujarat,Surat,T30,26-35,Male,11.3,Net Banking,Pending
INV002888,2024-07-20,149322,sip,16132,Rajasthan,Udaipur,B30,26-35,Male,9.2,UPI,Verified
INV003053,2024-07-20,148569,lumpsum,325323,Delhi,Gurugram,T30,46-55,Male,57.4,Cheque,Verified
INV001800,2024-07-20,102886,sip,22758,Tamil Nadu,Chennai,T30,26-35,Female,12.8,UPI,Verified
INV004116,2024-07-20,102886,sip,2052,Gujarat,Ahmedabad,T30,36-45,Male,59.4,Net Banking,Verified
INV003222,2024-07-20,100016,sip,8021,Punjab,Amritsar,B30,56+,Female,11.7,Mandate,Pending
INV000342,2024-07-20,119598,sip,7174,Gujarat,Surat,T30,36-45,Male,49.6,Mandate,Verified
INV002084,2024-07-20,119094,sip,2072,Punjab,Chandigarh,T30,18-25,Male,5.4,Mandate,Pending
INV001571,2024-07-20,101206,lumpsum,364337,Rajasthan,Udaipur,B30,46-55,Female,52.0,UPI,Verified
INV003463,2024-07-20,149323,redemption,110346,Uttar Pradesh,Kanpur,B30,26-35,Male,14.1,Net Banking,Verified
INV000496,2024-07-20,148568,sip,2173,Maharashtra,Mumbai,T30,36-45,Male,14.3,UPI,Verified
INV001841,2024-07-20,148568,redemption,42027,Madhya Pradesh,Bhopal,B30,36-45,Male,41.3,Net Banking,Pending
INV002064,2024-07-20,118634,redemption,386680,Uttar Pradesh,Lucknow,T30,18-25,Male,3.5,Net Banking,Verified
INV004258,2024-07-20,102887,sip,1106,Gujarat,Ahmedabad,T30,36-45,Male,56.6,UPI,Verified
INV003937,2024-07-20,120503,sip,41113,Maharashtra,Nashik,B30,56+,Male,31.8,Mandate,Verified
INV004210,2024-07-20,120843,sip,579,Madhya Pradesh,Bhopal,B30,56+,Male,23.9,Mandate,Verified
INV002064,2024-07-20,101207,redemption,129694,Uttar Pradesh,Lucknow,T30,18-25,Male,3.5,UPI,Verified
INV003262,2024-07-20,118635,sip,22507,Telangana,Hyderabad,T30,46-55,Male,80.2,Net Banking,Verified
INV000642,2024-07-20,120504,sip,7772,Gujarat,Surat,T30,26-35,Male,15.6,Mandate,Verified
INV000986,2024-07-20,102887,sip,24038,Tamil Nadu,Coimbatore,B30,26-35,Male,24.2,Net Banking,Pending
INV004341,2024-07-20,149323,lumpsum,36590,Tamil Nadu,Coimbatore,B30,18-25,Male,7.5,UPI,Verified
INV002416,2024-07-20,120506,redemption,519229,Telangana,Hyderabad,T30,26-35,Female,15.2,Mandate,Verified
INV000709,2024-07-20,119120,sip,26562,Telangana,Hyderabad,T30,26-35,Female,13.6,Mandate,Verified
INV004688,2024-07-20,119094,sip,7329,West Bengal,Kolkata,T30,26-35,Male,20.7,Mandate,Verified
INV002039,2024-07-20,101207,lumpsum,364865,Madhya Pradesh,Bhopal,B30,46-55,Male,17.3,Cheque,Verified
INV001376,2024-07-20,125498,sip,28466,Gujarat,Surat,T30,26-35,Male,15.8,Mandate,Verified
INV000899,2024-07-20,119093,redemption,149030,Tamil Nadu,Chennai,T30,36-45,Male,51.7,Net Banking,Verified
INV001759,2024-07-20,148569,sip,8574,Haryana,Faridabad,B30,36-45,Female,25.6,Net Banking,Pending
INV004933,2024-07-20,148569,sip,5885,Karnataka,Bangalore,T30,46-55,Female,65.3,Mandate,Verified
INV000428,2024-07-20,125497,sip,9960,Delhi,Gurugram,T30,36-45,Male,27.2,Net Banking,Verified
INV003969,2024-07-20,120841,sip,2019,Karnataka,Bangalore,T30,46-55,Male,76.3,Mandate,Pending
INV000997,2024-07-20,120844,sip,2077,Rajasthan,Udaipur,B30,26-35,Male,17.8,Mandate,Verified
INV003479,2024-07-20,102886,sip,1781,West Bengal,Kolkata,T30,36-45,Female,44.7,UPI,Verified
INV001536,2024-07-20,149322,sip,8201,Karnataka,Mysore,B30,26-35,Male,17.9,Net Banking,Verified
INV002804,2024-07-21,119095,sip,863,Madhya Pradesh,Indore,T30,36-45,Male,39.9,Cheque,Verified
INV004981,2024-07-21,101207,sip,3172,Haryana,Faridabad,B30,18-25,Male,3.5,UPI,Verified
INV004115,2024-07-21,148568,sip,12249,Madhya Pradesh,Indore,T30,56+,Male,69.9,UPI,Verified
INV001895,2024-07-21,118635,lumpsum,152833,Gujarat,Ahmedabad,T30,36-45,Male,56.4,Cheque,Verified
INV000453,2024-07-21,100016,sip,9169,Rajasthan,Udaipur,B30,46-55,Male,40.4,Net Banking,Verified
INV004478,2024-07-21,100016,lumpsum,524888,Delhi,New Delhi,T30,26-35,Male,13.8,Net Banking,Verified
INV003423,2024-07-21,119551,lumpsum,179442,Delhi,Noida,T30,18-25,Female,3.2,UPI,Verified
INV001868,2024-07-21,148568,sip,1813,Tamil Nadu,Coimbatore,B30,26-35,Male,17.3,UPI,Verified
INV000874,2024-07-21,120503,sip,10983,Tamil Nadu,Chennai,T30,56+,Male,19.1,Cheque,Verified
INV002052,2024-07-21,119092,lumpsum,348879,Uttar Pradesh,Lucknow,T30,36-45,Male,50.8,Net Banking,Verified
INV003101,2024-07-21,120841,redemption,416351,Tamil Nadu,Chennai,T30,26-35,Female,24.8,Mandate,Verified
INV004974,2024-07-21,125497,lumpsum,159236,Gujarat,Ahmedabad,T30,56+,Female,62.6,Mandate,Verified
INV002737,2024-07-21,102887,redemption,403463,Gujarat,Ahmedabad,T30,18-25,Female,5.4,Net Banking,Verified
INV000981,2024-07-21,120507,redemption,63930,West Bengal,Kolkata,T30,36-45,Female,59.7,Net Banking,Verified
INV002943,2024-07-21,101206,sip,2121,Karnataka,Bangalore,T30,26-35,Female,7.6,UPI,Verified
INV002041,2024-07-21,119599,lumpsum,233615,Madhya Pradesh,Indore,T30,26-35,Male,21.9,Net Banking,Verified
INV003810,2024-07-21,118632,lumpsum,427728,Maharashtra,Nashik,B30,26-35,Male,24.7,Cheque,Verified
INV000601,2024-07-21,118636,redemption,265706,Rajasthan,Jaipur,T30,46-55,Male,52.6,Cheque,Verified
INV001041,2024-07-21,118632,sip,9287,Madhya Pradesh,Bhopal,B30,18-25,Male,5.1,Cheque,Verified
INV000585,2024-07-21,120506,sip,3405,Telangana,Hyderabad,T30,46-55,Female,47.0,Mandate,Verified
INV004521,2024-07-21,119599,sip,3208,Gujarat,Ahmedabad,T30,18-25,Male,7.9,UPI,Verified
INV001510,2024-07-21,101207,sip,51091,Gujarat,Surat,T30,26-35,Male,15.4,Net Banking,Verified
INV001012,2024-07-21,118636,sip,7968,Karnataka,Mysore,B30,26-35,Female,17.6,UPI,Verified
INV002934,2024-07-21,101207,lumpsum,108208,Delhi,Noida,T30,36-45,Male,25.8,Net Banking,Verified
INV004466,2024-07-21,118632,lumpsum,355545,Gujarat,Surat,T30,18-25,Female,3.7,Mandate,Verified
INV001439,2024-07-21,118636,redemption,505563,Karnataka,Bangalore,T30,18-25,Female,5.3,UPI,Verified
INV002428,2024-07-21,120504,sip,8304,Gujarat,Ahmedabad,T30,56+,Female,38.0,UPI,Verified
INV001483,2024-07-21,119598,sip,410,Rajasthan,Jaipur,T30,36-45,Male,38.8,Mandate,Verified
INV001978,2024-07-21,119120,sip,2017,Telangana,Hyderabad,T30,36-45,Male,15.5,UPI,Verified
INV000221,2024-07-21,120842,redemption,389524,Uttar Pradesh,Agra,B30,36-45,Female,46.2,Cheque,Verified
INV004285,2024-07-21,100016,redemption,92745,Punjab,Chandigarh,T30,26-35,Male,8.0,Mandate,Verified
INV003527,2024-07-21,100033,sip,496,Telangana,Hyderabad,T30,36-45,Female,26.2,Mandate,Verified
INV004837,2024-07-21,120844,sip,527,Punjab,Amritsar,B30,18-25,Male,5.7,Cheque,Verified
INV000843,2024-07-21,120506,redemption,183693,Maharashtra,Mumbai,T30,26-35,Male,10.2,Cheque,Verified
INV000293,2024-07-21,120505,sip,1052,Karnataka,Mysore,B30,26-35,Female,19.3,Cheque,Verified
INV004600,2024-07-21,149324,lumpsum,164658,West Bengal,Kolkata,T30,46-55,Female,35.5,Net Banking,Verified
INV000153,2024-07-21,119095,lumpsum,145687,Karnataka,Mysore,B30,26-35,Male,14.1,Net Banking,Verified
INV000888,2024-07-21,148567,sip,14361,Gujarat,Ahmedabad,T30,26-35,Male,21.9,UPI,Verified
INV001911,2024-07-21,101206,sip,2771,Gujarat,Surat,T30,46-55,Male,91.9,Mandate,Verified
INV002326,2024-07-21,120506,lumpsum,134995,Telangana,Hyderabad,T30,36-45,Female,33.2,Mandate,Verified
INV002973,2024-07-21,119599,sip,406,Uttar Pradesh,Kanpur,B30,26-35,Male,16.7,Mandate,Verified
INV002012,2024-07-21,120841,sip,2488,Telangana,Hyderabad,T30,36-45,Male,38.4,Cheque,Verified
INV004427,2024-07-21,148568,sip,11312,Punjab,Amritsar,B30,36-45,Female,54.2,UPI,Verified
INV001926,2024-07-21,119552,sip,3074,Uttar Pradesh,Agra,B30,46-55,Female,26.9,Mandate,Verified
INV000554,2024-07-21,119598,sip,912,Delhi,Noida,T30,36-45,Male,12.3,UPI,Verified
INV001977,2024-07-21,120842,redemption,275638,Punjab,Amritsar,B30,18-25,Female,3.3,UPI,Verified
INV004862,2024-07-21,120503,sip,11568,Telangana,Hyderabad,T30,26-35,Female,18.6,UPI,Verified
INV000243,2024-07-21,120505,sip,1958,Punjab,Chandigarh,T30,26-35,Male,21.5,Mandate,Pending
INV000256,2024-07-21,119552,sip,1816,Delhi,New Delhi,T30,36-45,Male,14.0,UPI,Verified
INV003324,2024-07-21,125497,redemption,364645,Karnataka,Mysore,B30,26-35,Male,20.7,Mandate,Verified
INV000614,2024-07-21,118633,lumpsum,122637,Rajasthan,Udaipur,B30,26-35,Male,6.1,UPI,Verified
INV004675,2024-07-21,125498,sip,515,Maharashtra,Mumbai,T30,18-25,Male,5.1,Cheque,Verified
INV002210,2024-07-21,120842,lumpsum,142962,Madhya Pradesh,Bhopal,B30,18-25,Male,4.8,Mandate,Verified
INV002470,2024-07-21,118634,sip,1135,Telangana,Hyderabad,T30,46-55,Female,26.1,UPI,Verified
INV003218,2024-07-21,100025,sip,12514,Tamil Nadu,Chennai,T30,18-25,Male,6.0,Cheque,Verified
INV001897,2024-07-22,102886,redemption,196024,Maharashtra,Mumbai,T30,26-35,Male,8.6,Cheque,Verified
INV002119,2024-07-22,102886,sip,8198,Tamil Nadu,Coimbatore,B30,26-35,Female,11.8,Mandate,Verified
INV004640,2024-07-22,118634,lumpsum,317757,Telangana,Hyderabad,T30,36-45,Male,46.5,Cheque,Verified
INV002022,2024-07-22,120843,redemption,293862,Tamil Nadu,Coimbatore,B30,26-35,Male,6.8,Mandate,Verified
INV000167,2024-07-22,120503,sip,6017,Gujarat,Ahmedabad,T30,56+,Male,55.3,UPI,Verified
INV004874,2024-07-22,120505,lumpsum,466273,Tamil Nadu,Coimbatore,B30,46-55,Male,35.2,UPI,Verified
INV003592,2024-07-22,120506,lumpsum,87497,Madhya Pradesh,Indore,T30,56+,Female,27.6,Mandate,Verified
INV002349,2024-07-22,101206,redemption,124423,Punjab,Amritsar,B30,26-35,Female,9.6,Mandate,Verified
INV004004,2024-07-22,125498,sip,8080,Delhi,Gurugram,T30,18-25,Male,3.1,Net Banking,Verified
INV001346,2024-07-22,120504,sip,14843,Gujarat,Surat,T30,18-25,Male,5.7,Net Banking,Verified
INV002793,2024-07-22,101208,lumpsum,182725,Madhya Pradesh,Bhopal,B30,36-45,Male,54.3,Cheque,Verified
INV003057,2024-07-22,120505,sip,9033,Punjab,Chandigarh,T30,18-25,Male,6.4,Net Banking,Verified
INV002531,2024-07-22,102886,sip,2281,Rajasthan,Udaipur,B30,36-45,Female,50.4,Mandate,Verified
INV004144,2024-07-22,120842,sip,9931,West Bengal,Kolkata,T30,26-35,Female,18.9,Cheque,Verified
INV001020,2024-07-22,101207,redemption,241632,Maharashtra,Mumbai,T30,26-35,Female,13.5,Net Banking,Verified
INV000179,2024-07-22,148569,sip,512,Rajasthan,Udaipur,B30,26-35,Male,10.0,UPI,Verified
INV003271,2024-07-22,119095,lumpsum,241944,West Bengal,Kolkata,T30,18-25,Male,4.8,Cheque,Verified
INV002824,2024-07-22,118632,lumpsum,264073,Rajasthan,Jaipur,T30,56+,Male,42.5,Net Banking,Verified
INV004719,2024-07-22,102887,sip,2466,Haryana,Gurugram,T30,46-55,Male,86.8,Cheque,Verified
INV002785,2024-07-22,125497,sip,1853,Delhi,Noida,T30,36-45,Male,20.2,Cheque,Verified
INV001262,2024-07-22,100033,sip,1075,Karnataka,Bangalore,T30,26-35,Male,14.0,UPI,Verified
INV003119,2024-07-22,102885,redemption,335857,Karnataka,Bangalore,T30,18-25,Female,4.6,Net Banking,Verified
INV001428,2024-07-22,149322,sip,29286,Delhi,New Delhi,T30,26-35,Male,17.8,Net Banking,Verified
INV004665,2024-07-22,119598,sip,2859,Madhya Pradesh,Bhopal,B30,36-45,Male,17.1,Net Banking,Verified
INV003212,2024-07-22,119120,redemption,224197,West Bengal,Kolkata,T30,26-35,Male,17.2,Mandate,Pending
INV001531,2024-07-22,148568,sip,1123,Haryana,Gurugram,T30,26-35,Female,14.8,Cheque,Verified
INV000920,2024-07-22,149322,lumpsum,449843,Delhi,Gurugram,T30,56+,Male,19.8,Cheque,Verified
INV003958,2024-07-22,148568,lumpsum,63039,Haryana,Faridabad,B30,18-25,Male,6.6,Net Banking,Verified
INV004705,2024-07-22,120507,redemption,85111,West Bengal,Kolkata,T30,26-35,Male,21.5,Cheque,Verified
INV000239,2024-07-22,148567,sip,26956,Punjab,Amritsar,B30,36-45,Female,13.2,UPI,Verified
INV001956,2024-07-22,149324,sip,944,Rajasthan,Jaipur,T30,26-35,Male,22.1,Mandate,Verified
INV000480,2024-07-22,149322,lumpsum,245139,Maharashtra,Mumbai,T30,18-25,Male,6.2,Net Banking,Verified
INV004680,2024-07-22,102887,sip,986,Punjab,Chandigarh,T30,36-45,Male,26.8,Cheque,Verified
INV001085,2024-07-22,120504,sip,12530,Uttar Pradesh,Lucknow,T30,36-45,Female,21.8,Net Banking,Verified
INV001549,2024-07-22,100016,sip,25170,Haryana,Gurugram,T30,36-45,Male,19.5,UPI,Verified
INV001209,2024-07-22,149322,sip,8894,West Bengal,Kolkata,T30,46-55,Female,45.8,UPI,Verified
INV000698,2024-07-22,120504,lumpsum,349621,Madhya Pradesh,Bhopal,B30,18-25,Male,7.1,UPI,Verified
INV001684,2024-07-22,118633,sip,23471,Uttar Pradesh,Lucknow,T30,36-45,Male,51.6,Cheque,Verified
INV004774,2024-07-22,120507,lumpsum,314329,Tamil Nadu,Coimbatore,B30,36-45,Male,21.8,Cheque,Verified
INV001824,2024-07-22,149322,redemption,164525,Tamil Nadu,Coimbatore,B30,26-35,Female,8.9,UPI,Verified
INV003469,2024-07-22,120505,lumpsum,288595,Maharashtra,Nashik,B30,26-35,Male,9.9,Mandate,Verified
INV002458,2024-07-22,102885,lumpsum,16714,West Bengal,Kolkata,T30,18-25,Male,7.1,UPI,Verified
INV002915,2024-07-22,118635,sip,26837,West Bengal,Kolkata,T30,18-25,Male,7.7,Cheque,Verified
INV000309,2024-07-22,101208,sip,10749,Delhi,Gurugram,T30,26-35,Male,18.1,Cheque,Verified
INV003038,2024-07-22,148569,sip,8442,Gujarat,Ahmedabad,T30,18-25,Male,6.0,Mandate,Verified
INV001457,2024-07-22,120503,sip,11428,Gujarat,Ahmedabad,T30,26-35,Male,17.7,UPI,Verified
INV004523,2024-07-22,119092,lumpsum,325937,Haryana,Gurugram,T30,26-35,Female,13.5,Mandate,Pending
INV001369,2024-07-22,125498,lumpsum,380301,Gujarat,Ahmedabad,T30,46-55,Male,83.8,Cheque,Verified
INV001112,2024-07-22,125497,sip,6719,Delhi,Gurugram,T30,46-55,Male,82.5,Cheque,Verified
INV002526,2024-07-22,100025,lumpsum,270932,Madhya Pradesh,Bhopal,B30,18-25,Female,3.5,Net Banking,Verified
INV004450,2024-07-22,119120,redemption,431293,Tamil Nadu,Coimbatore,B30,36-45,Male,16.7,UPI,Verified
INV002668,2024-07-22,118636,sip,1879,Delhi,Gurugram,T30,26-35,Male,9.8,Net Banking,Verified
INV000567,2024-07-22,120504,redemption,454893,Delhi,New Delhi,T30,26-35,Male,9.1,Mandate,Verified
INV004896,2024-07-22,102885,lumpsum,579138,Uttar Pradesh,Agra,B30,18-25,Female,3.5,Net Banking,Verified
INV004720,2024-07-22,125497,redemption,469229,Gujarat,Surat,T30,46-55,Female,95.7,Net Banking,Verified
INV001496,2024-07-22,125498,lumpsum,437325,West Bengal,Kolkata,T30,18-25,Male,4.5,Mandate,Verified
INV002213,2024-07-22,125497,sip,45322,Maharashtra,Pune,T30,36-45,Female,33.8,Cheque,Verified
INV004528,2024-07-22,125498,sip,10707,Madhya Pradesh,Indore,T30,46-55,Male,82.5,UPI,Verified
INV004193,2024-07-22,119598,lumpsum,179647,Telangana,Hyderabad,T30,26-35,Male,17.1,Cheque,Verified
INV001604,2024-07-22,102885,sip,7901,Haryana,Gurugram,T30,56+,Male,33.9,UPI,Verified
INV003047,2024-07-22,102885,sip,3441,Maharashtra,Mumbai,T30,46-55,Male,40.0,Net Banking,Pending
INV000972,2024-07-22,120841,redemption,194649,Telangana,Hyderabad,T30,18-25,Female,5.9,UPI,Verified
INV002213,2024-07-22,118632,sip,1063,Maharashtra,Pune,T30,36-45,Female,33.8,Cheque,Verified
INV002784,2024-07-22,120842,sip,1103,Karnataka,Mysore,B30,26-35,Male,17.7,Net Banking,Verified
INV004358,2024-07-23,120505,sip,12986,Tamil Nadu,Coimbatore,B30,26-35,Male,6.5,Mandate,Verified
INV000641,2024-07-23,100025,lumpsum,371645,Punjab,Amritsar,B30,26-35,Male,14.5,UPI,Verified
INV000249,2024-07-23,101206,sip,24121,Punjab,Amritsar,B30,26-35,Male,13.4,Net Banking,Verified
INV000972,2024-07-23,100016,sip,4797,Telangana,Hyderabad,T30,18-25,Female,5.9,UPI,Verified
INV002039,2024-07-23,148568,lumpsum,216061,Madhya Pradesh,Bhopal,B30,46-55,Male,17.3,Net Banking,Verified
INV000642,2024-07-23,119094,sip,22565,Gujarat,Surat,T30,26-35,Male,15.6,UPI,Verified
INV003402,2024-07-23,125497,sip,878,Telangana,Hyderabad,T30,26-35,Male,20.5,UPI,Verified
INV003633,2024-07-23,101206,sip,427,Madhya Pradesh,Bhopal,B30,26-35,Male,11.8,UPI,Verified
INV000670,2024-07-23,102887,sip,1174,Uttar Pradesh,Kanpur,B30,26-35,Male,15.9,Cheque,Verified
INV001620,2024-07-23,102885,lumpsum,264992,Punjab,Amritsar,B30,26-35,Male,8.1,Mandate,Verified
INV001198,2024-07-23,119551,lumpsum,335044,Maharashtra,Mumbai,T30,26-35,Female,20.4,Net Banking,Verified
INV002811,2024-07-23,102887,sip,3094,Uttar Pradesh,Agra,B30,36-45,Male,43.7,Net Banking,Verified
INV002504,2024-07-23,120507,lumpsum,130317,Madhya Pradesh,Bhopal,B30,26-35,Male,22.4,Net Banking,Verified
INV000028,2024-07-23,120503,sip,9909,Gujarat,Surat,T30,18-25,Female,6.1,Mandate,Verified
INV001398,2024-07-23,101206,lumpsum,451280,Madhya Pradesh,Indore,T30,26-35,Female,18.4,UPI,Verified
INV003726,2024-07-23,118632,sip,12926,Tamil Nadu,Coimbatore,B30,26-35,Male,24.1,Net Banking,Verified
INV002722,2024-07-23,119120,redemption,514549,Delhi,Noida,T30,36-45,Female,50.9,Mandate,Verified
INV004530,2024-07-23,119552,redemption,125959,Maharashtra,Nashik,B30,36-45,Male,36.2,UPI,Verified
INV004974,2024-07-23,148567,sip,10914,Gujarat,Ahmedabad,T30,56+,Female,62.6,Mandate,Verified
INV003910,2024-07-23,125497,sip,889,Maharashtra,Pune,T30,26-35,Male,8.8,Cheque,Verified
INV003611,2024-07-23,119093,redemption,398623,Uttar Pradesh,Kanpur,B30,18-25,Male,4.8,Cheque,Verified
INV003680,2024-07-23,149324,lumpsum,199014,Karnataka,Mysore,B30,26-35,Male,21.3,Net Banking,Verified
INV001362,2024-07-23,119120,lumpsum,535719,Uttar Pradesh,Agra,B30,18-25,Male,8.0,Mandate,Verified
INV002375,2024-07-23,118634,lumpsum,566769,Haryana,Gurugram,T30,46-55,Male,64.0,Net Banking,Verified
INV000192,2024-07-23,120841,lumpsum,83685,Haryana,Faridabad,B30,26-35,Male,24.4,Mandate,Verified
INV000757,2024-07-23,119599,sip,6092,Madhya Pradesh,Indore,T30,36-45,Male,25.4,Net Banking,Verified
INV000224,2024-07-23,120503,sip,2175,Telangana,Hyderabad,T30,26-35,Male,23.6,Mandate,Verified
INV002109,2024-07-23,100025,lumpsum,85940,Tamil Nadu,Coimbatore,B30,26-35,Male,14.4,Cheque,Verified
INV004379,2024-07-23,120504,sip,10865,Delhi,Gurugram,T30,18-25,Male,6.0,Net Banking,Verified
INV001305,2024-07-23,119092,sip,585,Rajasthan,Jaipur,T30,26-35,Female,15.7,Cheque,Verified
INV001642,2024-07-23,102885,lumpsum,65275,Rajasthan,Jaipur,T30,56+,Female,20.5,UPI,Verified
INV001308,2024-07-23,149324,sip,17591,Rajasthan,Jaipur,T30,36-45,Male,19.3,UPI,Verified
INV003792,2024-07-23,148567,sip,6954,Maharashtra,Pune,T30,46-55,Male,17.9,Cheque,Pending
INV000906,2024-07-23,148567,lumpsum,173993,Maharashtra,Mumbai,T30,26-35,Male,20.7,UPI,Verified
INV001580,2024-07-23,100033,sip,13182,Punjab,Chandigarh,T30,26-35,Male,18.7,UPI,Verified
INV003201,2024-07-23,119094,redemption,277250,Rajasthan,Jaipur,T30,36-45,Female,12.2,UPI,Verified
INV001264,2024-07-23,125498,lumpsum,361491,Madhya Pradesh,Indore,T30,26-35,Female,12.0,Net Banking,Verified
INV000195,2024-07-23,120841,sip,9510,Madhya Pradesh,Bhopal,B30,36-45,Female,56.5,Net Banking,Verified
INV003035,2024-07-23,149322,redemption,91489,Telangana,Hyderabad,T30,18-25,Male,6.8,Net Banking,Verified
INV002582,2024-07-23,120505,sip,913,Telangana,Hyderabad,T30,26-35,Female,11.1,UPI,Verified
INV004316,2024-07-23,120844,sip,2604,Karnataka,Bangalore,T30,46-55,Male,79.5,Net Banking,Verified
INV003599,2024-07-23,149322,lumpsum,355225,Madhya Pradesh,Indore,T30,46-55,Male,43.2,Cheque,Verified
INV001828,2024-07-23,118633,sip,12260,Gujarat,Surat,T30,36-45,Male,27.7,Cheque,Verified
INV002737,2024-07-23,149324,sip,1077,Gujarat,Ahmedabad,T30,18-25,Female,5.4,Cheque,Verified
INV002151,2024-07-23,119599,sip,2156,Rajasthan,Jaipur,T30,26-35,Female,18.1,Net Banking,Verified
INV002226,2024-07-23,120506,sip,2259,Gujarat,Surat,T30,46-55,Female,29.3,Cheque,Verified
INV000558,2024-07-24,100016,redemption,119654,Punjab,Chandigarh,T30,56+,Female,22.1,UPI,Verified
INV003185,2024-07-24,119094,sip,3008,Rajasthan,Udaipur,B30,26-35,Female,23.1,Cheque,Verified
INV004104,2024-07-24,119598,sip,489,Tamil Nadu,Coimbatore,B30,26-35,Male,10.5,UPI,Verified
INV002116,2024-07-24,119598,sip,506,Karnataka,Bangalore,T30,18-25,Male,3.8,Net Banking,Verified
INV003736,2024-07-24,149324,sip,2144,Karnataka,Mysore,B30,18-25,Male,4.9,Cheque,Verified
INV003403,2024-07-24,101206,sip,403,Madhya Pradesh,Bhopal,B30,18-25,Male,6.3,Cheque,Verified
INV002280,2024-07-24,119120,sip,2680,Karnataka,Mysore,B30,18-25,Male,3.5,Mandate,Verified
INV001483,2024-07-24,119092,sip,3017,Rajasthan,Jaipur,T30,36-45,Male,38.8,Mandate,Verified
INV002240,2024-07-24,100033,sip,2079,Haryana,Faridabad,B30,26-35,Male,24.7,Cheque,Verified
INV002208,2024-07-24,119094,sip,5590,Punjab,Chandigarh,T30,56+,Male,61.1,UPI,Pending
INV004111,2024-07-24,148568,sip,2412,Tamil Nadu,Chennai,T30,36-45,Male,27.4,Cheque,Verified
INV003295,2024-07-24,100033,redemption,205469,Gujarat,Ahmedabad,T30,26-35,Male,20.8,Net Banking,Verified
INV001458,2024-07-24,118634,redemption,189481,Tamil Nadu,Coimbatore,B30,46-55,Male,34.9,UPI,Verified
INV002572,2024-07-24,118633,sip,17240,Rajasthan,Jaipur,T30,56+,Male,19.5,Net Banking,Verified
INV000280,2024-07-24,119092,sip,4354,Punjab,Amritsar,B30,26-35,Female,22.9,UPI,Verified
INV002204,2024-07-24,118632,sip,12976,Punjab,Amritsar,B30,36-45,Male,36.1,Mandate,Verified
INV000947,2024-07-24,148568,sip,53208,Delhi,Noida,T30,26-35,Male,11.0,Net Banking,Verified
INV004497,2024-07-24,148568,redemption,57837,Rajasthan,Jaipur,T30,26-35,Female,13.3,Cheque,Verified
INV004631,2024-07-24,118633,sip,6835,Tamil Nadu,Chennai,T30,36-45,Female,20.2,Net Banking,Verified
INV000634,2024-07-24,149322,sip,5607,Karnataka,Bangalore,T30,26-35,Female,22.7,Cheque,Verified
INV003236,2024-07-24,120503,sip,56510,Madhya Pradesh,Bhopal,B30,18-25,Male,3.4,Cheque,Verified
INV004503,2024-07-24,120842,redemption,27874,Gujarat,Ahmedabad,T30,36-45,Male,14.9,UPI,Verified
INV002454,2024-07-24,100033,redemption,332364,Uttar Pradesh,Agra,B30,36-45,Male,37.5,Net Banking,Verified
INV002123,2024-07-24,118635,sip,10451,West Bengal,Kolkata,T30,26-35,Male,14.7,Cheque,Verified
INV002966,2024-07-24,149323,lumpsum,322896,Gujarat,Ahmedabad,T30,26-35,Female,18.4,Net Banking,Verified
INV002969,2024-07-24,119599,lumpsum,17503,Karnataka,Bangalore,T30,26-35,Male,15.4,Mandate,Verified
INV001550,2024-07-24,102885,sip,12466,Punjab,Chandigarh,T30,18-25,Male,4.1,Mandate,Verified
INV002752,2024-07-24,118636,redemption,208463,Rajasthan,Udaipur,B30,26-35,Male,20.1,Cheque,Verified
INV000088,2024-07-24,102887,sip,1648,Delhi,Noida,T30,26-35,Male,20.4,Mandate,Verified
INV001566,2024-07-24,118636,sip,16220,West Bengal,Kolkata,T30,18-25,Male,7.8,Net Banking,Verified
INV000878,2024-07-24,148569,sip,8141,Tamil Nadu,Coimbatore,B30,36-45,Female,33.4,Cheque,Verified
INV003265,2024-07-24,148567,sip,2283,Rajasthan,Jaipur,T30,36-45,Female,46.8,Net Banking,Verified
INV003271,2024-07-24,102885,sip,1071,West Bengal,Kolkata,T30,18-25,Male,4.8,Cheque,Verified
INV000616,2024-07-24,119095,lumpsum,386217,Maharashtra,Nashik,B30,36-45,Male,50.4,UPI,Verified
INV003981,2024-07-24,118636,redemption,243614,Haryana,Faridabad,B30,46-55,Male,46.7,Net Banking,Verified
INV000146,2024-07-24,125497,sip,4076,Delhi,Gurugram,T30,26-35,Male,14.1,Mandate,Verified
INV001197,2024-07-24,118635,sip,2093,West Bengal,Kolkata,T30,36-45,Female,29.6,Mandate,Pending
INV001247,2024-07-24,119094,redemption,114452,West Bengal,Kolkata,T30,36-45,Male,48.1,Cheque,Verified
INV000143,2024-07-24,148568,redemption,212144,Haryana,Gurugram,T30,26-35,Male,23.8,Net Banking,Verified
INV002762,2024-07-24,100033,redemption,299240,Rajasthan,Udaipur,B30,26-35,Female,21.9,Mandate,Verified
INV003436,2024-07-24,120506,sip,29635,Maharashtra,Mumbai,T30,36-45,Female,54.4,Mandate,Verified
INV000460,2024-07-24,149323,sip,2573,Delhi,Noida,T30,36-45,Male,47.1,Mandate,Verified
INV001974,2024-07-24,120504,lumpsum,237149,Tamil Nadu,Chennai,T30,56+,Male,64.3,Mandate,Verified
INV004911,2024-07-24,120841,lumpsum,286033,West Bengal,Kolkata,T30,26-35,Female,9.4,Mandate,Verified
INV004142,2024-07-24,120504,sip,4417,West Bengal,Kolkata,T30,26-35,Male,12.0,Net Banking,Verified
INV003739,2024-07-24,101207,sip,4411,Gujarat,Surat,T30,46-55,Female,81.0,Cheque,Verified
INV001513,2024-07-24,119095,sip,15590,Madhya Pradesh,Indore,T30,18-25,Male,5.4,Cheque,Verified
INV000245,2024-07-24,120505,redemption,336847,Punjab,Amritsar,B30,26-35,Male,6.2,Net Banking,Verified
INV001401,2024-07-24,100033,redemption,303456,Tamil Nadu,Coimbatore,B30,26-35,Male,15.6,Mandate,Verified
INV004962,2024-07-24,102886,lumpsum,176483,Uttar Pradesh,Agra,B30,18-25,Male,6.7,Mandate,Verified
INV003121,2024-07-24,118636,sip,420,Telangana,Hyderabad,T30,36-45,Male,13.7,Net Banking,Verified
INV004166,2024-07-24,118636,lumpsum,256626,Telangana,Hyderabad,T30,26-35,Male,6.1,Net Banking,Verified
INV001620,2024-07-24,100025,lumpsum,366639,Punjab,Amritsar,B30,26-35,Male,8.1,Net Banking,Verified
INV003952,2024-07-24,120843,sip,22936,Tamil Nadu,Chennai,T30,36-45,Male,48.8,Cheque,Verified
INV001814,2024-07-24,149322,sip,10349,West Bengal,Kolkata,T30,26-35,Female,6.9,Mandate,Verified
INV002261,2024-07-24,120505,sip,3178,Uttar Pradesh,Kanpur,B30,18-25,Male,5.0,Cheque,Verified
INV004546,2024-07-24,119599,sip,21844,Karnataka,Mysore,B30,36-45,Male,28.4,Net Banking,Verified
INV001474,2024-07-24,148569,lumpsum,283503,Karnataka,Mysore,B30,26-35,Male,12.8,Cheque,Verified
INV000857,2024-07-24,118635,sip,2082,Gujarat,Ahmedabad,T30,26-35,Female,23.6,Net Banking,Verified
INV004790,2024-07-24,118636,lumpsum,255768,Tamil Nadu,Coimbatore,B30,18-25,Male,3.4,Cheque,Verified
INV002283,2024-07-24,119598,sip,10085,Karnataka,Bangalore,T30,26-35,Female,14.5,Cheque,Verified
INV002292,2024-07-24,120506,lumpsum,311195,Rajasthan,Udaipur,B30,36-45,Male,54.1,Cheque,Pending
INV001426,2024-07-24,120843,sip,5280,Delhi,Gurugram,T30,36-45,Female,23.8,Mandate,Verified
INV004041,2024-07-24,102886,sip,5135,Telangana,Hyderabad,T30,36-45,Male,51.1,UPI,Verified
INV004125,2024-07-24,102886,redemption,77088,Gujarat,Surat,T30,26-35,Male,9.4,Mandate,Verified
INV002098,2024-07-24,148568,redemption,80520,Gujarat,Ahmedabad,T30,26-35,Male,15.6,Mandate,Verified
INV004614,2024-07-24,119092,sip,2227,Delhi,New Delhi,T30,18-25,Male,7.7,UPI,Verified
INV004780,2024-07-24,119120,sip,809,Haryana,Gurugram,T30,36-45,Male,42.4,Net Banking,Verified
INV000392,2024-07-25,102887,redemption,472179,Gujarat,Surat,T30,26-35,Female,16.6,Cheque,Verified
INV002905,2024-07-25,119552,sip,2550,Tamil Nadu,Chennai,T30,36-45,Female,32.4,UPI,Verified
INV004782,2024-07-25,102885,sip,6625,Delhi,Gurugram,T30,26-35,Male,12.1,UPI,Verified
INV004104,2024-07-25,119095,redemption,502104,Tamil Nadu,Coimbatore,B30,26-35,Male,10.5,Mandate,Verified
INV004279,2024-07-25,118636,sip,41244,Gujarat,Ahmedabad,T30,36-45,Male,35.7,Mandate,Verified
INV003589,2024-07-25,119095,sip,5279,Maharashtra,Nashik,B30,26-35,Female,11.4,Cheque,Verified
INV004665,2024-07-25,148569,redemption,402840,Madhya Pradesh,Bhopal,B30,36-45,Male,17.1,Cheque,Verified
INV004665,2024-07-25,119092,lumpsum,306777,Madhya Pradesh,Bhopal,B30,36-45,Male,17.1,Mandate,Verified
INV000635,2024-07-25,120843,sip,435,Delhi,New Delhi,T30,18-25,Female,4.2,Cheque,Verified
INV001373,2024-07-25,120504,sip,8536,Madhya Pradesh,Indore,T30,26-35,Female,22.6,UPI,Verified
INV000595,2024-07-25,100025,lumpsum,528998,Gujarat,Surat,T30,18-25,Male,7.6,Net Banking,Verified
INV004035,2024-07-25,120841,sip,557,Gujarat,Ahmedabad,T30,26-35,Male,12.2,Cheque,Verified
INV003449,2024-07-25,102886,redemption,324067,Gujarat,Ahmedabad,T30,56+,Male,10.0,Net Banking,Pending
INV002302,2024-07-25,100016,sip,2233,West Bengal,Kolkata,T30,26-35,Male,10.1,UPI,Verified
INV004057,2024-07-25,119552,lumpsum,101413,Rajasthan,Jaipur,T30,26-35,Male,9.9,UPI,Verified
INV002036,2024-07-25,119092,lumpsum,228878,Madhya Pradesh,Indore,T30,26-35,Male,23.2,UPI,Verified
INV001549,2024-07-25,100016,sip,45669,Haryana,Gurugram,T30,36-45,Male,19.5,Net Banking,Pending
INV001185,2024-07-25,119552,sip,573,Haryana,Faridabad,B30,26-35,Female,22.5,Mandate,Verified
INV000522,2024-07-25,125498,sip,8196,Punjab,Chandigarh,T30,26-35,Female,10.8,Net Banking,Verified
INV001946,2024-07-25,118632,lumpsum,342962,Delhi,Noida,T30,26-35,Male,13.2,UPI,Verified
INV003511,2024-07-25,120504,redemption,234064,Haryana,Gurugram,T30,46-55,Male,36.8,Cheque,Pending
INV002459,2024-07-25,120843,sip,1779,Rajasthan,Udaipur,B30,18-25,Female,5.2,Cheque,Pending
INV000131,2024-07-25,120844,sip,1698,Telangana,Hyderabad,T30,36-45,Female,16.8,Cheque,Pending
INV000823,2024-07-25,119551,sip,1055,Madhya Pradesh,Bhopal,B30,46-55,Male,41.5,Mandate,Verified
INV002143,2024-07-25,102886,sip,2470,Uttar Pradesh,Lucknow,T30,26-35,Male,11.8,Net Banking,Pending
INV001096,2024-07-25,100016,sip,21164,Punjab,Chandigarh,T30,26-35,Male,24.5,Mandate,Verified
INV003506,2024-07-25,125497,sip,928,Tamil Nadu,Chennai,T30,56+,Female,55.5,Mandate,Verified
INV003672,2024-07-25,119552,sip,23539,Uttar Pradesh,Agra,B30,36-45,Male,32.5,UPI,Pending
INV004868,2024-07-25,148568,sip,2187,Karnataka,Bangalore,T30,36-45,Male,49.4,Mandate,Verified
INV004605,2024-07-25,119093,redemption,424115,Maharashtra,Nashik,B30,36-45,Male,17.8,Net Banking,Verified
INV003257,2024-07-25,100025,sip,57533,Rajasthan,Jaipur,T30,56+,Male,34.8,UPI,Verified
INV003234,2024-07-25,100025,sip,7474,Telangana,Hyderabad,T30,26-35,Male,13.5,Mandate,Verified
INV000153,2024-07-25,149323,sip,3091,Karnataka,Mysore,B30,26-35,Male,14.1,Mandate,Verified
INV000051,2024-07-25,119552,sip,466,Haryana,Gurugram,T30,36-45,Male,21.0,Net Banking,Verified
INV003910,2024-07-25,149323,sip,20598,Maharashtra,Pune,T30,26-35,Male,8.8,Mandate,Verified
INV004335,2024-07-25,118635,redemption,316028,Gujarat,Ahmedabad,T30,26-35,Female,6.6,Net Banking,Verified
INV003909,2024-07-25,118632,redemption,382126,Haryana,Gurugram,T30,46-55,Male,29.1,Net Banking,Pending
INV002503,2024-07-25,148569,lumpsum,462804,Gujarat,Ahmedabad,T30,26-35,Male,11.5,Mandate,Verified
INV002172,2024-07-25,120507,sip,2164,Rajasthan,Jaipur,T30,46-55,Female,56.0,UPI,Verified
INV001271,2024-07-25,120843,sip,3576,Haryana,Gurugram,T30,36-45,Male,52.4,Cheque,Pending
INV000843,2024-07-25,101208,redemption,271174,Maharashtra,Mumbai,T30,26-35,Male,10.2,Net Banking,Verified
INV000091,2024-07-25,101206,sip,10361,Haryana,Gurugram,T30,26-35,Male,14.6,Cheque,Verified
INV003557,2024-07-25,119095,lumpsum,285577,Karnataka,Bangalore,T30,46-55,Female,81.8,Mandate,Verified
INV003581,2024-07-25,120503,sip,832,Tamil Nadu,Coimbatore,B30,56+,Male,15.3,Cheque,Verified
INV002508,2024-07-25,148567,sip,29657,West Bengal,Kolkata,T30,46-55,Male,60.8,Mandate,Verified
INV001752,2024-07-25,119599,lumpsum,362678,Rajasthan,Udaipur,B30,26-35,Female,13.4,Net Banking,Verified
INV002630,2024-07-25,148568,sip,45537,Punjab,Amritsar,B30,36-45,Male,19.6,UPI,Verified
INV000060,2024-07-25,149323,sip,3397,Madhya Pradesh,Indore,T30,36-45,Male,45.6,Mandate,Verified
INV000510,2024-07-25,119598,sip,1121,West Bengal,Kolkata,T30,46-55,Male,55.0,UPI,Verified
INV001068,2024-07-25,149322,sip,48077,West Bengal,Kolkata,T30,26-35,Male,6.1,Net Banking,Verified
INV003614,2024-07-25,118634,sip,5668,Maharashtra,Mumbai,T30,26-35,Male,13.3,Net Banking,Verified
INV003988,2024-07-25,120506,sip,7062,Punjab,Amritsar,B30,26-35,Male,19.1,Mandate,Verified
INV003767,2024-07-25,120507,sip,992,Madhya Pradesh,Bhopal,B30,36-45,Female,13.6,Cheque,Verified
INV004374,2024-07-25,119551,lumpsum,109326,Maharashtra,Nashik,B30,36-45,Female,16.5,Net Banking,Verified
INV002373,2024-07-25,119598,sip,51904,Maharashtra,Pune,T30,36-45,Male,56.3,Mandate,Verified
INV001094,2024-07-25,120842,lumpsum,254172,Haryana,Gurugram,T30,26-35,Male,21.6,Net Banking,Verified
INV001452,2024-07-25,149324,sip,2868,Delhi,Gurugram,T30,26-35,Female,15.6,UPI,Verified
INV002613,2024-07-25,119598,lumpsum,288466,Karnataka,Bangalore,T30,46-55,Female,44.3,Net Banking,Verified
INV003594,2024-07-25,120841,sip,49048,Madhya Pradesh,Indore,T30,18-25,Male,5.8,Mandate,Verified
INV002212,2024-07-25,100016,lumpsum,201668,Telangana,Hyderabad,T30,36-45,Male,26.4,Net Banking,Verified
INV004014,2024-07-25,149324,lumpsum,109227,Telangana,Hyderabad,T30,56+,Female,27.2,UPI,Verified
INV003925,2024-07-25,102886,lumpsum,148315,Punjab,Amritsar,B30,26-35,Female,14.2,Mandate,Verified
INV001782,2024-07-25,119095,redemption,80837,Uttar Pradesh,Agra,B30,36-45,Female,47.5,UPI,Verified
INV003080,2024-07-25,100033,sip,3268,Madhya Pradesh,Indore,T30,26-35,Male,20.5,Cheque,Verified
INV001658,2024-07-25,120504,lumpsum,397748,Rajasthan,Jaipur,T30,36-45,Female,48.4,UPI,Verified
INV002128,2024-07-25,120504,sip,5232,Rajasthan,Udaipur,B30,26-35,Female,21.6,Mandate,Verified
INV003256,2024-07-25,120507,sip,10284,Punjab,Amritsar,B30,46-55,Male,26.0,Mandate,Pending
INV000397,2024-07-25,119599,sip,599,Gujarat,Ahmedabad,T30,36-45,Female,25.4,UPI,Verified
INV003329,2024-07-26,119093,lumpsum,115141,Madhya Pradesh,Indore,T30,56+,Male,25.2,UPI,Verified
INV001738,2024-07-26,119598,lumpsum,15634,Karnataka,Bangalore,T30,36-45,Female,41.2,Net Banking,Verified
INV003040,2024-07-26,120504,lumpsum,231930,Karnataka,Bangalore,T30,26-35,Female,15.3,Mandate,Verified
INV002384,2024-07-26,119094,sip,16372,Karnataka,Mysore,B30,26-35,Male,24.3,Cheque,Verified
INV001501,2024-07-26,119094,redemption,517523,Punjab,Amritsar,B30,26-35,Male,11.3,Cheque,Verified
INV000236,2024-07-26,100025,sip,24240,Karnataka,Bangalore,T30,36-45,Male,26.2,Mandate,Verified
INV000635,2024-07-26,102887,sip,7360,Delhi,New Delhi,T30,18-25,Female,4.2,Net Banking,Pending
INV003360,2024-07-26,125497,sip,2679,Madhya Pradesh,Indore,T30,26-35,Female,19.5,Net Banking,Verified
INV000213,2024-07-26,119093,redemption,304092,Punjab,Chandigarh,T30,26-35,Male,19.6,UPI,Verified
INV002409,2024-07-26,149324,sip,4404,Punjab,Amritsar,B30,18-25,Female,4.9,UPI,Verified
INV001783,2024-07-26,118634,sip,589,Madhya Pradesh,Bhopal,B30,36-45,Female,52.6,Net Banking,Verified
INV004160,2024-07-26,120505,lumpsum,245966,Uttar Pradesh,Kanpur,B30,18-25,Male,3.9,Mandate,Verified
INV004175,2024-07-26,119095,sip,17349,Tamil Nadu,Coimbatore,B30,36-45,Female,51.8,Mandate,Verified
INV001154,2024-07-26,119552,sip,22204,Delhi,Noida,T30,36-45,Female,34.8,Cheque,Verified
INV001225,2024-07-26,120507,lumpsum,179131,Karnataka,Mysore,B30,26-35,Male,16.5,Cheque,Verified
INV001835,2024-07-26,119093,sip,23851,Delhi,Noida,T30,26-35,Female,13.2,UPI,Pending
INV002090,2024-07-26,120503,sip,10471,Maharashtra,Mumbai,T30,26-35,Male,23.7,UPI,Verified
INV001249,2024-07-26,119552,sip,8629,Maharashtra,Mumbai,T30,26-35,Female,16.4,Net Banking,Verified
INV001096,2024-07-26,100033,sip,4019,Punjab,Chandigarh,T30,26-35,Male,24.5,UPI,Pending
INV004771,2024-07-26,118635,lumpsum,474936,Tamil Nadu,Coimbatore,B30,18-25,Male,6.6,Cheque,Verified
INV001225,2024-07-26,119120,lumpsum,53625,Karnataka,Mysore,B30,26-35,Male,16.5,Net Banking,Verified
INV002629,2024-07-26,102885,sip,2087,Karnataka,Mysore,B30,36-45,Male,32.9,UPI,Verified
INV001384,2024-07-26,148569,sip,57539,Maharashtra,Mumbai,T30,26-35,Female,16.0,Mandate,Verified
INV004770,2024-07-26,119095,lumpsum,59422,Gujarat,Surat,T30,18-25,Female,5.2,Cheque,Verified
INV002441,2024-07-26,102885,sip,1041,Punjab,Chandigarh,T30,26-35,Male,19.6,Mandate,Verified
INV001394,2024-07-26,148567,sip,2467,Karnataka,Bangalore,T30,56+,Male,42.9,Mandate,Verified
INV001848,2024-07-26,120506,sip,16846,Punjab,Chandigarh,T30,26-35,Male,10.9,Net Banking,Verified
INV000090,2024-07-26,119551,redemption,196966,Rajasthan,Udaipur,B30,26-35,Female,23.7,Net Banking,Verified
INV001958,2024-07-26,119092,lumpsum,122721,Gujarat,Surat,T30,36-45,Male,57.7,UPI,Verified
INV002036,2024-07-26,149322,sip,52757,Madhya Pradesh,Indore,T30,26-35,Male,23.2,Net Banking,Verified
INV000089,2024-07-26,120506,lumpsum,314748,Maharashtra,Mumbai,T30,26-35,Female,11.2,Net Banking,Verified
INV000894,2024-07-26,149322,sip,8029,Tamil Nadu,Coimbatore,B30,36-45,Female,32.0,Mandate,Pending
INV003100,2024-07-26,118636,sip,28969,Telangana,Hyderabad,T30,26-35,Male,16.5,Net Banking,Verified
INV002116,2024-07-26,100016,sip,27897,Karnataka,Bangalore,T30,18-25,Male,3.8,UPI,Verified
INV002391,2024-07-26,102887,lumpsum,235143,Madhya Pradesh,Bhopal,B30,18-25,Female,7.9,UPI,Verified
INV001405,2024-07-26,119551,sip,15945,Tamil Nadu,Chennai,T30,56+,Male,56.8,Net Banking,Verified
INV001652,2024-07-26,119599,sip,3197,Tamil Nadu,Chennai,T30,26-35,Female,12.7,Mandate,Pending
INV000029,2024-07-26,100033,sip,17417,Rajasthan,Udaipur,B30,26-35,Female,7.6,Net Banking,Verified
INV003612,2024-07-26,119092,lumpsum,438191,Gujarat,Surat,T30,56+,Male,71.8,Cheque,Verified
INV000564,2024-07-26,120503,lumpsum,29586,Maharashtra,Nashik,B30,56+,Female,58.4,UPI,Verified
INV004140,2024-07-26,118633,redemption,49811,Punjab,Amritsar,B30,46-55,Female,41.6,Net Banking,Verified
INV004871,2024-07-26,125498,sip,864,Punjab,Chandigarh,T30,26-35,Male,9.2,Net Banking,Pending
INV001993,2024-07-26,118632,sip,8165,Uttar Pradesh,Agra,B30,36-45,Female,44.2,UPI,Verified
INV004868,2024-07-26,120841,sip,3416,Karnataka,Bangalore,T30,36-45,Male,49.4,Mandate,Verified
INV000546,2024-07-26,118632,sip,408,Karnataka,Mysore,B30,26-35,Male,9.5,Net Banking,Verified
INV003622,2024-07-26,148567,lumpsum,157915,Telangana,Hyderabad,T30,26-35,Female,11.3,UPI,Verified
INV003469,2024-07-26,119552,sip,4540,Maharashtra,Nashik,B30,26-35,Male,9.9,Net Banking,Pending
INV004984,2024-07-26,120844,sip,465,Uttar Pradesh,Agra,B30,46-55,Female,78.8,UPI,Verified
INV004735,2024-07-26,118632,sip,7883,Uttar Pradesh,Kanpur,B30,36-45,Male,19.2,Net Banking,Verified
INV002666,2024-07-26,118635,redemption,77074,Madhya Pradesh,Bhopal,B30,46-55,Female,93.7,Cheque,Verified
INV004225,2024-07-26,118633,sip,1881,Karnataka,Bangalore,T30,26-35,Male,24.8,Cheque,Verified
INV001391,2024-07-26,149324,sip,28591,Madhya Pradesh,Bhopal,B30,36-45,Male,18.5,Net Banking,Verified
INV002277,2024-07-26,120843,lumpsum,125299,Haryana,Gurugram,T30,26-35,Female,10.3,Net Banking,Verified
INV004968,2024-07-26,148569,sip,2620,Delhi,Noida,T30,26-35,Male,22.2,UPI,Verified
INV004521,2024-07-26,101207,lumpsum,390843,Gujarat,Ahmedabad,T30,18-25,Male,7.9,Cheque,Verified
INV004521,2024-07-26,119598,redemption,271689,Gujarat,Ahmedabad,T30,18-25,Male,7.9,Net Banking,Verified
INV002509,2024-07-26,119095,sip,2972,Maharashtra,Mumbai,T30,36-45,Female,19.9,Mandate,Verified
INV003422,2024-07-26,119598,sip,2031,Uttar Pradesh,Lucknow,T30,26-35,Male,9.0,Net Banking,Verified
INV001777,2024-07-26,118632,lumpsum,307593,West Bengal,Kolkata,T30,18-25,Female,7.6,Cheque,Verified
INV002497,2024-07-27,119598,sip,2905,Telangana,Hyderabad,T30,26-35,Female,13.0,Net Banking,Verified
INV004545,2024-07-27,119552,sip,501,Madhya Pradesh,Indore,T30,26-35,Male,12.8,Mandate,Verified
INV000031,2024-07-27,148568,sip,6728,Madhya Pradesh,Indore,T30,36-45,Male,27.3,Mandate,Verified
INV001424,2024-07-27,102885,lumpsum,485284,Haryana,Gurugram,T30,26-35,Male,18.9,Cheque,Verified
INV003153,2024-07-27,119092,sip,15382,Madhya Pradesh,Indore,T30,36-45,Female,20.5,Mandate,Verified
INV000679,2024-07-27,149322,sip,2116,Haryana,Faridabad,B30,46-55,Female,79.1,Cheque,Pending
INV004285,2024-07-27,100016,lumpsum,8668,Punjab,Chandigarh,T30,26-35,Male,8.0,Cheque,Verified
INV002333,2024-07-27,120506,redemption,470638,Uttar Pradesh,Kanpur,B30,26-35,Male,23.7,Mandate,Pending
INV001288,2024-07-27,102887,sip,401,Telangana,Hyderabad,T30,26-35,Male,21.8,Cheque,Verified
INV002834,2024-07-27,119598,lumpsum,276867,West Bengal,Kolkata,T30,18-25,Male,6.9,Net Banking,Verified
INV004992,2024-07-27,120504,lumpsum,192778,Rajasthan,Udaipur,B30,26-35,Male,11.1,Cheque,Verified
INV004337,2024-07-27,118635,redemption,392337,Delhi,Noida,T30,18-25,Male,4.0,Net Banking,Verified
INV003330,2024-07-27,119092,redemption,162043,Gujarat,Surat,T30,46-55,Female,44.1,Cheque,Verified
INV000519,2024-07-27,102885,sip,881,Haryana,Faridabad,B30,26-35,Female,6.3,Mandate,Verified
INV004441,2024-07-27,119120,sip,2121,Uttar Pradesh,Lucknow,T30,26-35,Male,24.0,Net Banking,Verified
INV002037,2024-07-27,125497,sip,1866,Delhi,New Delhi,T30,56+,Male,22.0,Cheque,Verified
INV002241,2024-07-27,119093,sip,5777,Punjab,Amritsar,B30,36-45,Female,41.4,UPI,Pending
INV000670,2024-07-27,119095,redemption,143194,Uttar Pradesh,Kanpur,B30,26-35,Male,15.9,Mandate,Verified
INV000596,2024-07-27,119552,sip,7081,Madhya Pradesh,Indore,T30,56+,Male,21.3,Net Banking,Verified
INV000526,2024-07-27,102886,redemption,119655,Tamil Nadu,Coimbatore,B30,26-35,Female,16.5,Net Banking,Verified
INV004247,2024-07-27,120841,sip,8874,Tamil Nadu,Chennai,T30,18-25,Male,4.9,Net Banking,Verified
INV002598,2024-07-27,102886,sip,9408,Uttar Pradesh,Lucknow,T30,26-35,Male,14.6,Mandate,Verified
INV002998,2024-07-27,120842,sip,2390,Madhya Pradesh,Indore,T30,36-45,Male,38.4,Cheque,Verified
INV003010,2024-07-27,118635,lumpsum,473740,Delhi,Gurugram,T30,36-45,Male,13.7,Net Banking,Verified
INV001261,2024-07-27,120843,sip,24110,Rajasthan,Jaipur,T30,46-55,Male,50.0,Net Banking,Verified
INV001198,2024-07-27,118633,sip,589,Maharashtra,Mumbai,T30,26-35,Female,20.4,UPI,Verified
INV002504,2024-07-27,102887,lumpsum,396120,Madhya Pradesh,Bhopal,B30,26-35,Male,22.4,Cheque,Verified
INV002259,2024-07-27,118636,sip,2168,Madhya Pradesh,Bhopal,B30,18-25,Female,6.7,UPI,Verified
INV000075,2024-07-27,149324,sip,47949,Madhya Pradesh,Bhopal,B30,36-45,Male,27.2,Cheque,Verified
INV001819,2024-07-27,119552,sip,1105,West Bengal,Kolkata,T30,26-35,Male,11.9,Cheque,Verified
INV004623,2024-07-27,125498,sip,54234,Madhya Pradesh,Indore,T30,46-55,Female,44.9,Mandate,Verified
INV000657,2024-07-27,119551,sip,2737,Tamil Nadu,Coimbatore,B30,26-35,Female,11.4,UPI,Verified
INV001401,2024-07-27,102887,lumpsum,61765,Tamil Nadu,Coimbatore,B30,26-35,Male,15.6,Cheque,Verified
INV002564,2024-07-27,119093,lumpsum,400349,Maharashtra,Pune,T30,18-25,Male,5.6,Net Banking,Verified
INV001061,2024-07-27,120842,sip,1135,Punjab,Amritsar,B30,18-25,Male,7.4,Net Banking,Verified
INV000418,2024-07-27,148568,sip,5931,Rajasthan,Jaipur,T30,26-35,Female,13.6,Net Banking,Verified
INV002675,2024-07-27,119093,sip,26311,Uttar Pradesh,Agra,B30,36-45,Male,17.9,Cheque,Pending
INV003314,2024-07-27,120503,lumpsum,198206,Telangana,Hyderabad,T30,36-45,Female,25.6,Cheque,Verified
INV001724,2024-07-27,102887,lumpsum,228117,Madhya Pradesh,Indore,T30,26-35,Female,11.9,Mandate,Verified
INV004886,2024-07-27,101206,sip,46894,Tamil Nadu,Chennai,T30,26-35,Male,18.1,Mandate,Verified
INV001995,2024-07-27,120507,lumpsum,454928,Gujarat,Surat,T30,26-35,Male,20.8,Mandate,Verified
INV001407,2024-07-27,120503,sip,13754,Rajasthan,Udaipur,B30,26-35,Female,22.2,Net Banking,Verified
INV002017,2024-07-27,148568,sip,904,Karnataka,Mysore,B30,26-35,Female,15.0,UPI,Pending
INV003590,2024-07-27,120506,sip,3266,Karnataka,Bangalore,T30,46-55,Female,23.1,Mandate,Verified
INV002871,2024-07-27,118636,redemption,342030,Delhi,Gurugram,T30,26-35,Male,15.2,Net Banking,Pending
INV002234,2024-07-27,118634,lumpsum,249484,Rajasthan,Jaipur,T30,26-35,Male,24.5,UPI,Verified
INV003270,2024-07-27,102885,lumpsum,142336,Karnataka,Bangalore,T30,56+,Male,43.3,Cheque,Verified
INV002953,2024-07-27,119599,sip,6887,Tamil Nadu,Coimbatore,B30,46-55,Male,62.4,Net Banking,Verified
INV002107,2024-07-27,118634,sip,1112,Telangana,Hyderabad,T30,26-35,Male,18.2,UPI,Verified
INV003625,2024-07-27,118636,lumpsum,459302,Telangana,Hyderabad,T30,26-35,Female,22.0,Mandate,Verified
INV002649,2024-07-27,102886,redemption,7270,Tamil Nadu,Coimbatore,B30,46-55,Male,69.7,Cheque,Verified
INV002371,2024-07-27,149324,redemption,512472,Haryana,Faridabad,B30,26-35,Female,20.9,Net Banking,Verified
INV002308,2024-07-27,119094,redemption,210003,Tamil Nadu,Chennai,T30,26-35,Male,19.0,Cheque,Pending
INV000902,2024-07-27,120844,redemption,166415,Maharashtra,Mumbai,T30,26-35,Female,6.0,Cheque,Verified
INV001351,2024-07-27,119552,sip,28197,Uttar Pradesh,Kanpur,B30,26-35,Male,8.5,Mandate,Pending
INV004625,2024-07-27,101206,lumpsum,26841,Tamil Nadu,Coimbatore,B30,18-25,Male,6.6,UPI,Verified
INV003083,2024-07-27,119094,redemption,373734,Madhya Pradesh,Bhopal,B30,56+,Female,41.3,Mandate,Verified
INV003758,2024-07-27,149323,sip,53850,Maharashtra,Pune,T30,26-35,Female,11.2,Net Banking,Verified
INV001877,2024-07-27,120844,sip,1028,Tamil Nadu,Coimbatore,B30,56+,Male,62.1,UPI,Verified
INV002627,2024-07-27,119599,lumpsum,221080,West Bengal,Kolkata,T30,26-35,Male,19.0,Cheque,Verified
INV004640,2024-07-27,119093,sip,12853,Telangana,Hyderabad,T30,36-45,Male,46.5,Net Banking,Pending
INV000483,2024-07-27,120842,sip,17511,Haryana,Gurugram,T30,18-25,Male,7.7,Net Banking,Verified
INV003593,2024-07-27,119599,sip,2282,Karnataka,Bangalore,T30,26-35,Female,21.6,Cheque,Pending
INV004163,2024-07-27,119120,lumpsum,235225,Uttar Pradesh,Agra,B30,46-55,Male,96.4,Net Banking,Verified
INV000244,2024-07-27,120504,redemption,351302,Telangana,Hyderabad,T30,26-35,Male,24.9,Cheque,Verified
INV002536,2024-07-27,119093,sip,2291,West Bengal,Kolkata,T30,26-35,Male,11.9,Cheque,Verified
INV002645,2024-07-27,100016,sip,15634,Haryana,Gurugram,T30,46-55,Female,67.7,Cheque,Verified
INV003249,2024-07-28,101208,sip,7723,Punjab,Chandigarh,T30,36-45,Male,41.3,UPI,Verified
INV003430,2024-07-28,102885,sip,4685,Gujarat,Ahmedabad,T30,26-35,Female,14.8,UPI,Verified
INV004276,2024-07-28,125497,sip,1707,Punjab,Amritsar,B30,26-35,Male,13.4,Mandate,Verified
INV004232,2024-07-28,120506,lumpsum,136974,Tamil Nadu,Chennai,T30,26-35,Male,19.0,Net Banking,Verified
INV002719,2024-07-28,119094,sip,49264,Rajasthan,Jaipur,T30,18-25,Female,4.8,Mandate,Verified
INV002506,2024-07-28,119094,redemption,84761,Karnataka,Bangalore,T30,18-25,Female,3.2,UPI,Verified
INV000599,2024-07-28,149323,sip,14175,Gujarat,Ahmedabad,T30,36-45,Male,24.0,Mandate,Verified
INV003943,2024-07-28,118632,sip,2087,Telangana,Hyderabad,T30,46-55,Male,46.2,Net Banking,Verified
INV000153,2024-07-28,100025,redemption,59263,Karnataka,Mysore,B30,26-35,Male,14.1,Net Banking,Verified
INV003308,2024-07-28,118636,sip,2961,Telangana,Hyderabad,T30,56+,Male,58.2,Mandate,Verified
INV001149,2024-07-28,101207,sip,2327,Karnataka,Bangalore,T30,26-35,Female,8.8,UPI,Verified
INV004718,2024-07-28,120506,lumpsum,332659,Delhi,New Delhi,T30,56+,Male,52.4,Mandate,Verified
INV003564,2024-07-28,148569,sip,1878,Telangana,Hyderabad,T30,18-25,Male,6.8,UPI,Verified
INV002216,2024-07-28,100016,redemption,105842,Maharashtra,Mumbai,T30,46-55,Male,26.5,UPI,Verified
INV000427,2024-07-28,148569,sip,2541,Punjab,Amritsar,B30,56+,Female,18.6,Cheque,Verified
INV003733,2024-07-28,120843,sip,2860,Telangana,Hyderabad,T30,26-35,Male,12.6,Cheque,Verified
INV001817,2024-07-28,119552,sip,522,Maharashtra,Nashik,B30,26-35,Male,13.1,Mandate,Verified
INV003854,2024-07-28,100025,sip,2551,Maharashtra,Pune,T30,26-35,Male,16.5,Cheque,Verified
INV003541,2024-07-28,102886,sip,2247,Punjab,Chandigarh,T30,26-35,Female,10.5,Net Banking,Verified
INV001454,2024-07-28,119551,sip,9812,Tamil Nadu,Chennai,T30,26-35,Male,9.3,Net Banking,Verified
INV001366,2024-07-28,120505,lumpsum,74612,Maharashtra,Pune,T30,26-35,Female,13.6,UPI,Verified
INV004097,2024-07-28,118633,sip,2639,Gujarat,Ahmedabad,T30,56+,Male,52.9,Mandate,Verified
INV000385,2024-07-28,101207,redemption,183913,Karnataka,Mysore,B30,18-25,Female,7.5,Mandate,Verified
INV004493,2024-07-28,120841,sip,56735,Tamil Nadu,Chennai,T30,36-45,Male,19.3,Cheque,Verified
INV000320,2024-07-28,149323,lumpsum,108652,Uttar Pradesh,Kanpur,B30,26-35,Male,19.7,Cheque,Verified
INV003291,2024-07-28,100033,sip,3572,Gujarat,Surat,T30,36-45,Male,47.1,Cheque,Verified
INV000725,2024-07-28,102886,sip,40896,Telangana,Hyderabad,T30,18-25,Male,6.9,Cheque,Verified
INV004238,2024-07-28,101208,lumpsum,409729,Haryana,Faridabad,B30,36-45,Male,40.2,UPI,Pending
INV004704,2024-07-28,118634,lumpsum,82456,Delhi,New Delhi,T30,26-35,Male,23.1,Mandate,Verified
INV002702,2024-07-28,101207,lumpsum,95720,Punjab,Chandigarh,T30,36-45,Male,25.4,UPI,Verified
INV003245,2024-07-28,120841,sip,27519,Maharashtra,Pune,T30,26-35,Male,21.5,Mandate,Pending
INV000639,2024-07-28,120843,redemption,543473,Tamil Nadu,Coimbatore,B30,18-25,Female,3.6,Mandate,Verified
INV003669,2024-07-28,118636,sip,48899,West Bengal,Kolkata,T30,18-25,Female,7.8,UPI,Verified
INV001886,2024-07-28,120843,sip,1717,Haryana,Gurugram,T30,18-25,Male,7.7,Net Banking,Verified
INV001871,2024-07-28,100033,sip,465,Delhi,Gurugram,T30,56+,Male,13.9,Cheque,Verified
INV002570,2024-07-28,118633,redemption,7247,Punjab,Chandigarh,T30,36-45,Male,55.3,Cheque,Verified
INV004342,2024-07-28,118632,sip,485,Tamil Nadu,Coimbatore,B30,46-55,Female,22.1,UPI,Verified
INV000395,2024-07-28,120842,sip,4998,Delhi,Noida,T30,18-25,Male,3.4,Mandate,Verified
INV004509,2024-07-28,100025,sip,46082,Uttar Pradesh,Lucknow,T30,26-35,Female,20.3,Net Banking,Verified
INV001384,2024-07-28,119552,lumpsum,284964,Maharashtra,Mumbai,T30,26-35,Female,16.0,UPI,Verified
INV002526,2024-07-28,118633,sip,8676,Madhya Pradesh,Bhopal,B30,18-25,Female,3.5,Net Banking,Verified
INV001328,2024-07-28,120504,sip,475,Uttar Pradesh,Lucknow,T30,26-35,Male,7.4,Cheque,Verified
INV003806,2024-07-28,100025,lumpsum,425864,Karnataka,Bangalore,T30,26-35,Male,14.7,Mandate,Verified
INV001979,2024-07-28,119552,sip,56217,Maharashtra,Pune,T30,26-35,Male,12.2,Mandate,Verified
INV004204,2024-07-28,120841,sip,2798,Tamil Nadu,Chennai,T30,36-45,Male,51.7,Net Banking,Verified
INV003165,2024-07-28,119092,redemption,446638,Punjab,Amritsar,B30,26-35,Male,19.4,Net Banking,Verified
INV003654,2024-07-28,100016,sip,3290,Delhi,New Delhi,T30,18-25,Male,6.6,UPI,Pending
INV004316,2024-07-28,149324,sip,27989,Karnataka,Bangalore,T30,46-55,Male,79.5,Net Banking,Pending
INV004267,2024-07-28,120841,sip,29709,Gujarat,Surat,T30,46-55,Male,99.7,UPI,Pending
INV001099,2024-07-28,119120,sip,527,Haryana,Gurugram,T30,26-35,Female,18.9,Cheque,Verified
INV000480,2024-07-28,125497,sip,25271,Maharashtra,Mumbai,T30,18-25,Male,6.2,Cheque,Verified
INV000477,2024-07-28,118633,lumpsum,468914,Uttar Pradesh,Lucknow,T30,18-25,Female,5.3,Net Banking,Verified
INV000105,2024-07-28,148568,lumpsum,324034,Punjab,Chandigarh,T30,56+,Male,41.4,Net Banking,Pending
INV001855,2024-07-28,119598,sip,2054,Uttar Pradesh,Lucknow,T30,26-35,Male,22.2,UPI,Verified
INV001636,2024-07-28,120844,lumpsum,132930,Rajasthan,Udaipur,B30,18-25,Male,6.0,Net Banking,Verified
INV001601,2024-07-28,101208,redemption,49307,Rajasthan,Udaipur,B30,26-35,Female,24.1,UPI,Verified
INV001117,2024-07-28,118632,sip,6104,Punjab,Amritsar,B30,18-25,Male,3.9,Cheque,Verified
INV003471,2024-07-28,118634,lumpsum,361193,Maharashtra,Nashik,B30,36-45,Male,15.0,UPI,Verified
INV002686,2024-07-28,118633,lumpsum,371397,Punjab,Chandigarh,T30,18-25,Male,5.7,Cheque,Verified
INV002034,2024-07-28,119095,sip,7182,Uttar Pradesh,Lucknow,T30,26-35,Male,10.0,Net Banking,Verified
INV004116,2024-07-28,119598,sip,8513,Gujarat,Ahmedabad,T30,36-45,Male,59.4,UPI,Verified
INV001275,2024-07-28,120505,lumpsum,26674,Delhi,Noida,T30,36-45,Female,37.4,Net Banking,Verified
INV001357,2024-07-28,120505,sip,50425,Gujarat,Ahmedabad,T30,36-45,Female,58.4,Net Banking,Verified
INV000823,2024-07-28,148569,redemption,8543,Madhya Pradesh,Bhopal,B30,46-55,Male,41.5,Mandate,Verified
INV003007,2024-07-28,149322,sip,16015,Haryana,Faridabad,B30,26-35,Male,21.8,Mandate,Verified
INV004678,2024-07-28,120507,sip,502,West Bengal,Kolkata,T30,36-45,Female,15.3,Cheque,Verified
INV004371,2024-07-28,120842,sip,2509,Rajasthan,Udaipur,B30,26-35,Female,19.7,Cheque,Verified
INV000272,2024-07-28,119093,sip,9486,Karnataka,Mysore,B30,46-55,Male,24.8,Cheque,Verified
INV001284,2024-07-28,118633,sip,4091,West Bengal,Kolkata,T30,36-45,Male,49.0,UPI,Verified
INV001981,2024-07-28,120504,sip,8213,Gujarat,Ahmedabad,T30,26-35,Male,19.4,UPI,Pending
INV001713,2024-07-28,118634,lumpsum,353717,Uttar Pradesh,Agra,B30,46-55,Male,61.5,Cheque,Verified
INV001087,2024-07-28,148568,sip,28567,Rajasthan,Udaipur,B30,26-35,Female,20.6,UPI,Verified
INV001406,2024-07-28,119598,sip,8602,Telangana,Hyderabad,T30,46-55,Male,86.0,Cheque,Verified
INV004918,2024-07-28,149324,redemption,254906,Punjab,Amritsar,B30,56+,Female,46.9,Mandate,Verified
INV003564,2024-07-29,119120,sip,9483,Telangana,Hyderabad,T30,18-25,Male,6.8,Cheque,Verified
INV000249,2024-07-29,120842,sip,6399,Punjab,Amritsar,B30,26-35,Male,13.4,Net Banking,Verified
INV001147,2024-07-29,119551,lumpsum,346803,Tamil Nadu,Coimbatore,B30,36-45,Female,14.6,Net Banking,Pending
INV003970,2024-07-29,118636,lumpsum,74068,Telangana,Hyderabad,T30,18-25,Male,4.1,UPI,Verified
INV002978,2024-07-29,149324,lumpsum,274596,Karnataka,Bangalore,T30,36-45,Male,43.5,UPI,Verified
INV002553,2024-07-29,101206,lumpsum,46594,Gujarat,Ahmedabad,T30,36-45,Female,47.8,Cheque,Verified
INV000153,2024-07-29,120507,lumpsum,167440,Karnataka,Mysore,B30,26-35,Male,14.1,UPI,Verified
INV003037,2024-07-29,119598,lumpsum,349919,Telangana,Hyderabad,T30,18-25,Female,7.6,Net Banking,Verified
INV002240,2024-07-29,118635,sip,9967,Haryana,Faridabad,B30,26-35,Male,24.7,UPI,Verified
INV003537,2024-07-29,120505,lumpsum,68048,Punjab,Amritsar,B30,18-25,Male,3.7,UPI,Verified
INV001859,2024-07-29,100025,sip,2133,Maharashtra,Nashik,B30,36-45,Male,32.2,Mandate,Verified
INV001697,2024-07-29,118634,lumpsum,375595,Haryana,Gurugram,T30,18-25,Male,5.4,Mandate,Verified
INV003597,2024-07-29,118634,lumpsum,266167,Punjab,Chandigarh,T30,18-25,Male,5.6,UPI,Verified
INV002861,2024-07-29,148569,redemption,386151,Punjab,Amritsar,B30,56+,Female,79.7,UPI,Verified
INV002229,2024-07-29,149324,sip,2879,Rajasthan,Jaipur,T30,36-45,Male,24.6,Mandate,Verified
INV000047,2024-07-29,119092,lumpsum,356528,Haryana,Faridabad,B30,36-45,Male,23.6,Net Banking,Verified
INV000289,2024-07-29,120504,sip,11400,Delhi,Gurugram,T30,36-45,Male,54.2,Net Banking,Verified
INV003541,2024-07-29,149323,sip,8967,Punjab,Chandigarh,T30,26-35,Female,10.5,UPI,Verified
INV001821,2024-07-29,118636,lumpsum,331887,Delhi,Gurugram,T30,26-35,Male,8.7,Net Banking,Verified
INV003951,2024-07-29,119551,redemption,392914,Uttar Pradesh,Lucknow,T30,18-25,Male,7.8,Net Banking,Verified
INV004858,2024-07-29,119551,sip,5814,Uttar Pradesh,Kanpur,B30,36-45,Male,56.4,Mandate,Pending
INV000112,2024-07-29,119551,lumpsum,352708,Tamil Nadu,Chennai,T30,26-35,Male,20.5,Net Banking,Verified
INV004852,2024-07-29,102886,sip,6485,Gujarat,Ahmedabad,T30,36-45,Male,35.1,Net Banking,Verified
INV002900,2024-07-29,149323,sip,48453,Haryana,Faridabad,B30,26-35,Female,14.2,Cheque,Pending
INV002495,2024-07-29,149322,lumpsum,228230,Maharashtra,Nashik,B30,26-35,Male,6.6,Cheque,Verified
INV004324,2024-07-29,120504,sip,20882,Madhya Pradesh,Indore,T30,36-45,Male,42.4,Net Banking,Verified
INV003022,2024-07-29,118636,sip,5475,Telangana,Hyderabad,T30,46-55,Male,60.2,UPI,Verified
INV001603,2024-07-29,149323,lumpsum,317671,Uttar Pradesh,Agra,B30,46-55,Female,53.9,Mandate,Verified
INV004073,2024-07-29,100016,redemption,173985,Gujarat,Surat,T30,46-55,Female,32.6,Net Banking,Verified
INV002778,2024-07-29,100025,redemption,366092,Punjab,Chandigarh,T30,26-35,Female,13.5,Cheque,Pending
INV001944,2024-07-29,125498,lumpsum,232641,Telangana,Hyderabad,T30,18-25,Male,4.4,UPI,Verified
INV001709,2024-07-29,118636,redemption,209268,Delhi,New Delhi,T30,36-45,Male,55.9,Net Banking,Verified
INV002846,2024-07-29,102887,lumpsum,389554,Punjab,Amritsar,B30,36-45,Male,57.1,UPI,Verified
INV004272,2024-07-29,119598,sip,2866,Madhya Pradesh,Bhopal,B30,46-55,Female,25.5,Cheque,Pending
INV004477,2024-07-29,119551,sip,1153,Delhi,Gurugram,T30,46-55,Female,88.3,Net Banking,Verified
INV003624,2024-07-29,119093,redemption,468044,Telangana,Hyderabad,T30,46-55,Female,87.5,Net Banking,Verified
INV003200,2024-07-29,118636,sip,2238,Punjab,Chandigarh,T30,46-55,Male,61.2,Cheque,Verified
INV003210,2024-07-29,148569,redemption,390737,Haryana,Faridabad,B30,36-45,Female,23.1,Mandate,Verified
INV000819,2024-07-29,120503,sip,17788,Karnataka,Bangalore,T30,36-45,Male,56.5,Mandate,Verified
INV001351,2024-07-29,120844,sip,42918,Uttar Pradesh,Kanpur,B30,26-35,Male,8.5,UPI,Verified
INV004250,2024-07-29,149323,sip,1099,Haryana,Gurugram,T30,26-35,Female,6.4,UPI,Verified
INV002033,2024-07-29,149323,sip,500,Gujarat,Ahmedabad,T30,46-55,Male,18.9,UPI,Verified
INV004560,2024-07-29,119095,sip,8296,Tamil Nadu,Coimbatore,B30,36-45,Male,42.7,Net Banking,Pending
INV000858,2024-07-29,100025,sip,9907,Tamil Nadu,Chennai,T30,36-45,Female,28.7,Net Banking,Verified
INV000587,2024-07-29,120841,lumpsum,17588,Punjab,Chandigarh,T30,26-35,Male,15.5,Net Banking,Verified
INV004636,2024-07-29,119599,sip,54476,Uttar Pradesh,Kanpur,B30,18-25,Female,5.0,UPI,Verified
INV002744,2024-07-29,102886,sip,3035,Karnataka,Bangalore,T30,36-45,Male,25.9,UPI,Verified
INV002758,2024-07-29,119551,sip,45692,Delhi,Gurugram,T30,26-35,Male,7.3,Net Banking,Verified
INV002526,2024-07-29,119599,lumpsum,62457,Madhya Pradesh,Bhopal,B30,18-25,Female,3.5,Mandate,Verified
INV002000,2024-07-29,119551,sip,17840,Rajasthan,Jaipur,T30,36-45,Female,57.6,Cheque,Verified
INV001759,2024-07-29,148567,sip,13999,Haryana,Faridabad,B30,36-45,Female,25.6,Net Banking,Verified
INV001974,2024-07-29,125497,redemption,20741,Tamil Nadu,Chennai,T30,56+,Male,64.3,Cheque,Verified
INV004133,2024-07-29,102885,lumpsum,194770,Maharashtra,Nashik,B30,36-45,Male,41.6,UPI,Verified
INV004446,2024-07-30,119120,redemption,405652,West Bengal,Kolkata,T30,26-35,Male,14.8,Cheque,Verified
INV000584,2024-07-30,119094,sip,15567,Uttar Pradesh,Kanpur,B30,46-55,Female,20.9,UPI,Verified
INV003191,2024-07-30,100016,sip,3069,Madhya Pradesh,Bhopal,B30,18-25,Female,6.8,Mandate,Verified
INV004270,2024-07-30,120841,lumpsum,232266,Rajasthan,Udaipur,B30,18-25,Male,5.7,Mandate,Verified
INV004653,2024-07-30,102885,redemption,326390,Rajasthan,Jaipur,T30,46-55,Female,32.2,Cheque,Verified
INV004251,2024-07-30,120843,sip,21376,Tamil Nadu,Chennai,T30,36-45,Male,37.9,Mandate,Verified
INV002568,2024-07-30,101207,sip,2398,Uttar Pradesh,Lucknow,T30,26-35,Female,7.3,Mandate,Verified
INV003221,2024-07-30,118634,sip,14052,Karnataka,Mysore,B30,26-35,Male,15.8,Mandate,Pending
INV001895,2024-07-30,120843,redemption,49898,Gujarat,Ahmedabad,T30,36-45,Male,56.4,Net Banking,Pending
INV002025,2024-07-30,118636,sip,2513,Karnataka,Mysore,B30,26-35,Female,23.7,Cheque,Verified
INV003627,2024-07-30,120507,sip,979,Telangana,Hyderabad,T30,36-45,Male,39.9,UPI,Verified
INV004992,2024-07-30,118635,lumpsum,36170,Rajasthan,Udaipur,B30,26-35,Male,11.1,Cheque,Verified
INV002598,2024-07-30,120841,sip,11942,Uttar Pradesh,Lucknow,T30,26-35,Male,14.6,Net Banking,Verified
INV002167,2024-07-30,119599,redemption,282994,Rajasthan,Jaipur,T30,26-35,Female,8.7,Cheque,Verified
INV000370,2024-07-30,120507,sip,17957,Delhi,Noida,T30,26-35,Female,12.4,Cheque,Verified
INV003350,2024-07-30,149323,sip,904,Maharashtra,Nashik,B30,46-55,Female,37.7,UPI,Verified
INV000171,2024-07-30,118633,redemption,351646,Delhi,Noida,T30,18-25,Female,6.2,Cheque,Verified
INV001039,2024-07-30,118634,sip,2623,Gujarat,Surat,T30,36-45,Male,12.8,Mandate,Verified
INV003708,2024-07-30,120505,sip,976,Punjab,Amritsar,B30,46-55,Male,38.6,Mandate,Verified
INV004959,2024-07-30,120842,redemption,266846,Delhi,New Delhi,T30,18-25,Female,5.8,Mandate,Pending
INV001769,2024-07-30,119092,sip,1921,Punjab,Chandigarh,T30,18-25,Male,7.4,UPI,Verified
INV003073,2024-07-30,119599,sip,419,Punjab,Amritsar,B30,26-35,Male,11.9,UPI,Verified
INV004135,2024-07-30,120504,sip,22017,Tamil Nadu,Coimbatore,B30,26-35,Female,18.7,Cheque,Verified
INV000525,2024-07-30,119551,redemption,31938,Gujarat,Ahmedabad,T30,56+,Female,12.6,Mandate,Verified
INV004425,2024-07-30,120507,sip,11606,Haryana,Faridabad,B30,26-35,Female,18.6,Mandate,Verified
INV003644,2024-07-30,100016,sip,2258,Gujarat,Ahmedabad,T30,26-35,Female,8.2,Cheque,Verified
INV003757,2024-07-30,118632,lumpsum,391346,Uttar Pradesh,Agra,B30,18-25,Male,3.7,Net Banking,Verified
INV004666,2024-07-30,119094,lumpsum,511835,Rajasthan,Jaipur,T30,26-35,Male,24.1,UPI,Verified
INV001173,2024-07-30,120503,sip,806,Punjab,Chandigarh,T30,26-35,Female,7.8,UPI,Verified
INV004825,2024-07-30,125497,sip,9548,Delhi,Noida,T30,56+,Male,15.3,Net Banking,Verified
INV004248,2024-07-30,120841,sip,44014,West Bengal,Kolkata,T30,46-55,Male,89.3,Mandate,Pending
INV002475,2024-07-30,100033,sip,8486,Delhi,New Delhi,T30,26-35,Male,14.4,UPI,Verified
INV000997,2024-07-30,148567,redemption,332949,Rajasthan,Udaipur,B30,26-35,Male,17.8,Net Banking,Verified
INV002930,2024-07-30,120504,sip,2075,West Bengal,Kolkata,T30,36-45,Male,54.0,Cheque,Verified
INV003526,2024-07-30,148567,sip,2976,Maharashtra,Nashik,B30,36-45,Male,24.2,Net Banking,Verified
INV003178,2024-07-30,102885,sip,6264,Telangana,Hyderabad,T30,46-55,Female,60.9,Mandate,Verified
INV004154,2024-07-30,119551,sip,58847,Karnataka,Mysore,B30,18-25,Male,4.7,Mandate,Verified
INV003718,2024-07-30,149322,lumpsum,57406,Telangana,Hyderabad,T30,46-55,Male,65.3,Cheque,Verified
INV000064,2024-07-30,149324,lumpsum,473247,Uttar Pradesh,Kanpur,B30,18-25,Female,3.5,Cheque,Pending
INV003039,2024-07-30,120841,sip,26913,Rajasthan,Jaipur,T30,46-55,Female,85.3,Mandate,Verified
INV001233,2024-07-30,100033,lumpsum,403380,Telangana,Hyderabad,T30,26-35,Male,11.7,Net Banking,Verified
INV003448,2024-07-30,149322,lumpsum,165812,Rajasthan,Udaipur,B30,26-35,Male,16.4,Mandate,Verified
INV003179,2024-07-30,120842,sip,500,Rajasthan,Jaipur,T30,36-45,Male,53.3,Net Banking,Verified
INV004630,2024-07-30,119093,sip,1771,Madhya Pradesh,Bhopal,B30,26-35,Female,6.3,UPI,Verified
INV003975,2024-07-30,120842,sip,16968,Gujarat,Ahmedabad,T30,36-45,Male,26.2,Mandate,Verified
INV004069,2024-07-30,148568,sip,12680,Delhi,Noida,T30,26-35,Male,21.8,Mandate,Verified
INV002567,2024-07-30,148569,sip,3472,Madhya Pradesh,Indore,T30,36-45,Male,20.3,Net Banking,Verified
INV001061,2024-07-30,100025,sip,7245,Punjab,Amritsar,B30,18-25,Male,7.4,Net Banking,Verified
INV003476,2024-07-30,148569,redemption,16348,Punjab,Chandigarh,T30,18-25,Male,5.1,UPI,Verified
INV003382,2024-07-30,120506,sip,28724,Karnataka,Bangalore,T30,26-35,Male,19.8,Cheque,Verified
INV001131,2024-07-30,118635,sip,2673,Tamil Nadu,Coimbatore,B30,36-45,Female,32.0,UPI,Pending
INV001726,2024-07-30,101207,sip,2083,Rajasthan,Udaipur,B30,26-35,Male,19.5,UPI,Verified
INV000587,2024-07-30,119120,lumpsum,98188,Punjab,Chandigarh,T30,26-35,Male,15.5,UPI,Verified
INV001432,2024-07-30,102886,sip,2044,Uttar Pradesh,Lucknow,T30,36-45,Male,12.6,Mandate,Verified
INV001861,2024-07-30,120841,sip,6686,Haryana,Gurugram,T30,26-35,Female,19.4,Cheque,Verified
INV004485,2024-07-30,118636,sip,6734,Haryana,Faridabad,B30,18-25,Male,6.6,Mandate,Pending
INV004329,2024-07-30,102887,lumpsum,191472,Haryana,Gurugram,T30,18-25,Female,7.5,Cheque,Pending
INV002419,2024-07-30,148567,redemption,77352,Madhya Pradesh,Bhopal,B30,36-45,Male,58.7,Cheque,Verified
INV000418,2024-07-30,120503,sip,2589,Rajasthan,Jaipur,T30,26-35,Female,13.6,Net Banking,Pending
INV002549,2024-07-30,119120,sip,2415,Delhi,New Delhi,T30,26-35,Male,12.5,Cheque,Verified
INV002578,2024-07-30,102886,lumpsum,373643,Telangana,Hyderabad,T30,26-35,Male,20.9,UPI,Verified
INV001088,2024-07-30,119095,redemption,346831,Tamil Nadu,Coimbatore,B30,26-35,Male,15.3,UPI,Verified
INV002137,2024-07-30,119551,sip,503,Tamil Nadu,Coimbatore,B30,36-45,Male,17.6,Mandate,Verified
INV002794,2024-07-30,148569,sip,8519,Madhya Pradesh,Bhopal,B30,56+,Male,39.9,Mandate,Verified
INV000429,2024-07-30,119092,sip,8127,Gujarat,Surat,T30,36-45,Female,41.7,Net Banking,Verified
INV002142,2024-07-30,119599,sip,517,Tamil Nadu,Chennai,T30,18-25,Male,3.6,UPI,Verified
INV004547,2024-07-30,118635,sip,11557,Madhya Pradesh,Bhopal,B30,36-45,Female,42.8,Mandate,Verified
INV004099,2024-07-30,120843,sip,10001,West Bengal,Kolkata,T30,26-35,Male,22.6,Net Banking,Verified
INV003852,2024-07-30,120503,sip,7846,Maharashtra,Mumbai,T30,56+,Male,12.2,Net Banking,Verified
INV004217,2024-07-30,118634,sip,1136,Punjab,Amritsar,B30,46-55,Female,30.7,Net Banking,Verified
INV004482,2024-07-30,120504,lumpsum,285416,Uttar Pradesh,Kanpur,B30,18-25,Female,6.8,Cheque,Verified
INV004608,2024-07-30,118636,sip,2585,Karnataka,Bangalore,T30,26-35,Female,23.3,UPI,Verified
INV004527,2024-07-30,102885,sip,2007,West Bengal,Kolkata,T30,36-45,Male,39.6,Cheque,Verified
INV001304,2024-07-30,149324,redemption,90885,Gujarat,Ahmedabad,T30,26-35,Male,21.8,Net Banking,Verified
INV002283,2024-07-30,120842,redemption,189361,Karnataka,Bangalore,T30,26-35,Female,14.5,UPI,Verified
INV004927,2024-07-30,125498,sip,17301,Maharashtra,Nashik,B30,26-35,Male,19.5,Net Banking,Verified
INV001012,2024-07-30,120506,sip,20293,Karnataka,Mysore,B30,26-35,Female,17.6,Mandate,Verified
INV001824,2024-07-30,118635,lumpsum,425754,Tamil Nadu,Coimbatore,B30,26-35,Female,8.9,Net Banking,Verified
INV000907,2024-07-31,119599,sip,865,Karnataka,Bangalore,T30,46-55,Female,64.5,Net Banking,Pending
INV002109,2024-07-31,149323,lumpsum,388255,Tamil Nadu,Coimbatore,B30,26-35,Male,14.4,Net Banking,Verified
INV001725,2024-07-31,148567,lumpsum,7924,Tamil Nadu,Coimbatore,B30,36-45,Male,30.0,Cheque,Verified
INV003223,2024-07-31,102887,redemption,406674,Tamil Nadu,Coimbatore,B30,26-35,Male,15.4,Net Banking,Pending
INV004372,2024-07-31,119095,sip,47795,Haryana,Faridabad,B30,26-35,Female,22.9,Cheque,Verified
INV000259,2024-07-31,119093,lumpsum,330114,Tamil Nadu,Coimbatore,B30,36-45,Male,17.2,Cheque,Verified
INV001258,2024-07-31,101208,sip,7592,Karnataka,Mysore,B30,36-45,Male,42.4,UPI,Pending
INV002081,2024-07-31,101207,lumpsum,373835,Telangana,Hyderabad,T30,26-35,Male,14.2,Net Banking,Verified
INV000514,2024-07-31,100016,sip,11066,West Bengal,Kolkata,T30,36-45,Male,43.2,UPI,Verified
INV004764,2024-07-31,102886,lumpsum,66934,Punjab,Amritsar,B30,46-55,Female,79.4,UPI,Verified
INV002036,2024-07-31,118633,sip,968,Madhya Pradesh,Indore,T30,26-35,Male,23.2,Cheque,Verified
INV001300,2024-07-31,119552,sip,13831,Uttar Pradesh,Agra,B30,36-45,Female,53.8,Net Banking,Verified
INV000601,2024-07-31,102887,sip,549,Rajasthan,Jaipur,T30,46-55,Male,52.6,Net Banking,Verified
INV004795,2024-07-31,100016,sip,2096,Uttar Pradesh,Kanpur,B30,36-45,Female,21.9,UPI,Verified
INV000845,2024-07-31,120507,lumpsum,416427,Uttar Pradesh,Kanpur,B30,36-45,Male,17.5,UPI,Verified
INV004659,2024-07-31,120506,sip,1641,West Bengal,Kolkata,T30,18-25,Female,3.3,UPI,Verified
INV000145,2024-07-31,149322,sip,26497,Delhi,New Delhi,T30,26-35,Male,9.3,Net Banking,Verified
INV002363,2024-07-31,102887,lumpsum,278742,Punjab,Chandigarh,T30,26-35,Male,12.7,Net Banking,Pending
INV001885,2024-07-31,100025,sip,453,Karnataka,Bangalore,T30,26-35,Male,18.8,Cheque,Verified
INV002939,2024-07-31,120507,sip,1763,Rajasthan,Udaipur,B30,18-25,Male,3.1,UPI,Verified
INV001049,2024-07-31,101208,sip,41981,Madhya Pradesh,Indore,T30,36-45,Female,52.5,Mandate,Verified
INV000901,2024-07-31,101208,sip,1647,Delhi,Gurugram,T30,46-55,Female,67.4,Cheque,Verified
INV001541,2024-07-31,125497,lumpsum,298338,Delhi,New Delhi,T30,26-35,Male,12.4,Net Banking,Pending
INV003797,2024-07-31,149322,sip,24157,Madhya Pradesh,Indore,T30,26-35,Male,6.6,Mandate,Verified
INV004267,2024-07-31,100033,sip,4951,Gujarat,Surat,T30,46-55,Male,99.7,Cheque,Verified
INV002708,2024-07-31,120504,lumpsum,402085,Karnataka,Mysore,B30,26-35,Male,14.0,Mandate,Verified
INV001705,2024-07-31,119095,sip,5703,Haryana,Faridabad,B30,46-55,Male,84.3,Mandate,Verified
INV002570,2024-07-31,125497,sip,1779,Punjab,Chandigarh,T30,36-45,Male,55.3,Net Banking,Verified
INV004716,2024-07-31,119120,redemption,415034,Telangana,Hyderabad,T30,18-25,Male,5.4,Cheque,Verified
INV004606,2024-07-31,120505,sip,7793,Gujarat,Surat,T30,36-45,Male,57.2,UPI,Verified
INV003009,2024-07-31,100033,redemption,140175,Karnataka,Bangalore,T30,26-35,Male,20.1,Cheque,Verified
INV004302,2024-07-31,148569,lumpsum,505101,Karnataka,Mysore,B30,46-55,Male,63.4,Net Banking,Verified
INV004332,2024-07-31,118632,lumpsum,250702,Haryana,Faridabad,B30,36-45,Female,52.1,Net Banking,Verified
INV003888,2024-07-31,119093,lumpsum,110627,Telangana,Hyderabad,T30,56+,Female,8.6,Cheque,Verified
INV001516,2024-07-31,101206,sip,17688,Tamil Nadu,Coimbatore,B30,26-35,Male,22.0,UPI,Verified
INV000315,2024-07-31,100033,lumpsum,233132,Telangana,Hyderabad,T30,18-25,Male,3.2,UPI,Verified
INV004445,2024-07-31,119092,lumpsum,523654,Delhi,Noida,T30,36-45,Male,25.7,Net Banking,Verified
INV002136,2024-07-31,125497,sip,51075,Punjab,Chandigarh,T30,18-25,Male,5.3,Cheque,Verified
INV003611,2024-07-31,120842,redemption,184980,Uttar Pradesh,Kanpur,B30,18-25,Male,4.8,Mandate,Verified
INV002308,2024-07-31,119599,sip,2288,Tamil Nadu,Chennai,T30,26-35,Male,19.0,Mandate,Verified
INV000977,2024-07-31,120843,sip,936,Karnataka,Mysore,B30,56+,Male,22.5,Mandate,Verified
INV000440,2024-07-31,120841,sip,3116,Uttar Pradesh,Agra,B30,18-25,Male,6.7,Net Banking,Verified
INV003989,2024-07-31,120841,redemption,261287,Maharashtra,Nashik,B30,26-35,Male,24.6,Mandate,Pending
INV002574,2024-07-31,120506,lumpsum,187873,Maharashtra,Nashik,B30,26-35,Male,11.1,Net Banking,Verified
INV002788,2024-07-31,118636,sip,2810,Uttar Pradesh,Agra,B30,26-35,Male,23.5,Cheque,Verified
INV002723,2024-07-31,119599,sip,5805,West Bengal,Kolkata,T30,36-45,Female,54.4,UPI,Verified
INV003951,2024-07-31,119095,sip,44656,Uttar Pradesh,Lucknow,T30,18-25,Male,7.8,UPI,Verified
INV002803,2024-07-31,119598,sip,7291,Uttar Pradesh,Agra,B30,36-45,Male,31.9,Cheque,Verified
INV002179,2024-07-31,149322,lumpsum,258167,Haryana,Gurugram,T30,26-35,Female,12.0,UPI,Verified
INV002488,2024-07-31,118635,lumpsum,300181,Delhi,Gurugram,T30,26-35,Male,12.2,Cheque,Verified
INV003358,2024-07-31,120842,redemption,69191,Punjab,Amritsar,B30,26-35,Male,19.7,Net Banking,Verified
INV001229,2024-07-31,118636,sip,15459,Madhya Pradesh,Indore,T30,36-45,Male,38.5,Cheque,Verified
INV004313,2024-07-31,119598,sip,25098,Maharashtra,Nashik,B30,36-45,Male,44.3,UPI,Verified
INV004087,2024-07-31,120504,lumpsum,92644,Uttar Pradesh,Lucknow,T30,18-25,Male,5.5,UPI,Verified
INV002104,2024-07-31,102886,lumpsum,55548,Maharashtra,Mumbai,T30,26-35,Female,15.0,Mandate,Verified
INV004527,2024-07-31,102886,lumpsum,476692,West Bengal,Kolkata,T30,36-45,Male,39.6,UPI,Verified
INV000647,2024-07-31,119120,sip,59775,Punjab,Chandigarh,T30,46-55,Male,46.5,Net Banking,Verified
INV002075,2024-07-31,100033,sip,2463,Uttar Pradesh,Lucknow,T30,36-45,Female,34.4,Mandate,Verified
INV004543,2024-07-31,102886,sip,3125,Karnataka,Mysore,B30,36-45,Female,50.1,Mandate,Verified
INV000935,2024-07-31,119094,sip,29189,Telangana,Hyderabad,T30,36-45,Male,14.6,Mandate,Verified
INV003545,2024-07-31,120504,sip,1119,Gujarat,Ahmedabad,T30,26-35,Female,15.7,Cheque,Verified
INV001923,2024-07-31,118633,sip,10479,Gujarat,Surat,T30,18-25,Female,4.0,Net Banking,Pending
INV000231,2024-08-01,119120,sip,5856,Rajasthan,Udaipur,B30,26-35,Female,22.9,Net Banking,Verified
INV002476,2024-08-01,118632,sip,1731,Telangana,Hyderabad,T30,36-45,Female,58.6,Mandate,Verified
INV002927,2024-08-01,118636,sip,2101,Punjab,Amritsar,B30,56+,Male,29.1,UPI,Verified
INV002212,2024-08-01,101208,sip,53055,Telangana,Hyderabad,T30,36-45,Male,26.4,Mandate,Verified
INV003141,2024-08-01,118636,redemption,308409,Maharashtra,Pune,T30,36-45,Female,40.1,Net Banking,Verified
INV003480,2024-08-01,100016,redemption,105834,Madhya Pradesh,Bhopal,B30,26-35,Male,24.4,Mandate,Verified
INV001669,2024-08-01,100016,sip,6515,West Bengal,Kolkata,T30,26-35,Female,6.3,UPI,Verified
INV003957,2024-08-01,101206,lumpsum,151528,Delhi,Noida,T30,36-45,Male,30.9,Mandate,Pending
INV002765,2024-08-01,100025,redemption,453517,Uttar Pradesh,Lucknow,T30,36-45,Male,57.6,Net Banking,Verified
INV002189,2024-08-01,119093,sip,2290,Uttar Pradesh,Lucknow,T30,36-45,Male,37.4,Cheque,Verified
INV004388,2024-08-01,119093,sip,2408,Gujarat,Surat,T30,26-35,Female,10.3,Net Banking,Verified
INV002434,2024-08-01,119598,sip,1729,Uttar Pradesh,Agra,B30,26-35,Male,13.8,Cheque,Verified
INV000615,2024-08-01,118632,sip,2921,Punjab,Amritsar,B30,36-45,Male,60.0,Cheque,Verified
INV002324,2024-08-01,101208,lumpsum,168441,Karnataka,Bangalore,T30,26-35,Male,16.2,UPI,Verified
INV002912,2024-08-01,102885,lumpsum,207585,Maharashtra,Mumbai,T30,26-35,Female,23.6,Net Banking,Verified
INV001734,2024-08-01,101208,sip,446,Karnataka,Bangalore,T30,36-45,Female,16.3,UPI,Verified
INV000231,2024-08-01,101206,sip,6076,Rajasthan,Udaipur,B30,26-35,Female,22.9,Cheque,Verified
INV001177,2024-08-01,148569,sip,2180,Uttar Pradesh,Agra,B30,26-35,Female,12.5,Mandate,Verified
INV004060,2024-08-01,148567,sip,6840,Delhi,New Delhi,T30,46-55,Male,19.2,Net Banking,Verified
INV004343,2024-08-01,119093,sip,11700,Madhya Pradesh,Bhopal,B30,18-25,Male,7.9,UPI,Verified
INV002614,2024-08-01,125498,sip,873,Punjab,Chandigarh,T30,36-45,Male,13.2,UPI,Pending
INV003879,2024-08-01,100025,sip,7229,West Bengal,Kolkata,T30,26-35,Male,13.6,Mandate,Verified
INV000449,2024-08-01,120507,sip,8885,Haryana,Faridabad,B30,18-25,Male,6.8,UPI,Verified
INV003626,2024-08-01,119552,sip,949,Madhya Pradesh,Indore,T30,26-35,Male,23.5,UPI,Verified
INV003518,2024-08-01,120504,redemption,382713,Madhya Pradesh,Bhopal,B30,26-35,Male,6.7,Cheque,Verified
INV001204,2024-08-01,101207,redemption,86460,Delhi,New Delhi,T30,36-45,Male,15.3,UPI,Verified
INV004722,2024-08-01,120503,lumpsum,62597,Haryana,Faridabad,B30,36-45,Female,29.7,UPI,Verified
INV004724,2024-08-01,101207,sip,1916,Telangana,Hyderabad,T30,26-35,Male,24.1,Net Banking,Verified
INV000661,2024-08-01,118634,redemption,79341,Haryana,Faridabad,B30,36-45,Male,46.8,Cheque,Verified
INV000665,2024-08-01,120507,lumpsum,332704,Rajasthan,Udaipur,B30,26-35,Female,6.6,Mandate,Verified
INV000941,2024-08-01,119120,lumpsum,251897,Rajasthan,Udaipur,B30,26-35,Male,7.2,Cheque,Verified
INV004661,2024-08-01,125497,sip,6267,Maharashtra,Nashik,B30,26-35,Male,9.8,Mandate,Verified
INV000103,2024-08-01,148567,sip,11081,Punjab,Chandigarh,T30,26-35,Female,18.2,Mandate,Verified
INV002648,2024-08-01,101208,sip,1729,Punjab,Chandigarh,T30,36-45,Male,57.1,Net Banking,Verified
INV002951,2024-08-01,120844,sip,4446,Karnataka,Bangalore,T30,36-45,Male,58.6,UPI,Pending
INV002291,2024-08-01,149324,sip,4835,Telangana,Hyderabad,T30,26-35,Male,8.2,UPI,Verified
INV001516,2024-08-01,148567,sip,50723,Tamil Nadu,Coimbatore,B30,26-35,Male,22.0,Net Banking,Pending
INV003068,2024-08-01,125498,redemption,249363,Delhi,New Delhi,T30,26-35,Male,11.6,Cheque,Verified
INV000873,2024-08-01,120843,lumpsum,283102,Uttar Pradesh,Lucknow,T30,26-35,Male,8.9,Net Banking,Verified
INV004069,2024-08-01,125497,sip,4097,Delhi,Noida,T30,26-35,Male,21.8,Net Banking,Verified
INV003681,2024-08-01,148568,sip,3520,Telangana,Hyderabad,T30,26-35,Female,17.4,Net Banking,Verified
INV003780,2024-08-01,102886,lumpsum,384637,Haryana,Faridabad,B30,26-35,Male,10.1,Cheque,Verified
INV002518,2024-08-01,100025,sip,2226,Karnataka,Bangalore,T30,36-45,Male,39.4,Cheque,Verified
INV000483,2024-08-01,102886,sip,7045,Haryana,Gurugram,T30,18-25,Male,7.7,Mandate,Verified
INV004394,2024-08-01,119599,sip,2336,Tamil Nadu,Coimbatore,B30,26-35,Female,21.9,Mandate,Verified
INV004922,2024-08-01,119552,lumpsum,225993,Haryana,Gurugram,T30,56+,Male,28.2,Mandate,Verified
INV001454,2024-08-01,101208,sip,1144,Tamil Nadu,Chennai,T30,26-35,Male,9.3,Net Banking,Verified
INV003947,2024-08-01,149322,sip,12462,Delhi,Noida,T30,26-35,Male,12.9,Net Banking,Verified
INV002780,2024-08-01,125498,sip,2217,Haryana,Faridabad,B30,36-45,Male,21.2,Net Banking,Verified
INV000406,2024-08-01,119551,redemption,162928,Rajasthan,Jaipur,T30,26-35,Male,20.8,Net Banking,Verified
INV003381,2024-08-01,120504,redemption,503221,Madhya Pradesh,Indore,T30,36-45,Female,12.1,Cheque,Verified
INV002558,2024-08-01,118636,redemption,139579,Haryana,Faridabad,B30,26-35,Female,9.1,Cheque,Verified
INV004585,2024-08-01,119092,sip,418,Punjab,Amritsar,B30,18-25,Female,4.5,Cheque,Verified
INV003455,2024-08-01,149324,sip,9917,Tamil Nadu,Coimbatore,B30,46-55,Male,40.2,Mandate,Verified
INV000547,2024-08-01,101208,sip,4497,West Bengal,Kolkata,T30,26-35,Male,16.6,UPI,Verified
INV004738,2024-08-01,149324,lumpsum,107978,Uttar Pradesh,Kanpur,B30,56+,Female,52.6,UPI,Verified
INV004680,2024-08-01,148569,redemption,277131,Punjab,Chandigarh,T30,36-45,Male,26.8,UPI,Pending
INV000777,2024-08-01,118636,lumpsum,249337,Uttar Pradesh,Lucknow,T30,26-35,Male,15.7,Cheque,Verified
INV004623,2024-08-01,120506,redemption,45694,Madhya Pradesh,Indore,T30,46-55,Female,44.9,UPI,Verified
INV001492,2024-08-01,120503,sip,556,Tamil Nadu,Chennai,T30,26-35,Male,19.6,Mandate,Verified
INV004087,2024-08-01,119120,redemption,15051,Uttar Pradesh,Lucknow,T30,18-25,Male,5.5,Net Banking,Verified
INV004980,2024-08-01,148568,sip,2944,Punjab,Amritsar,B30,36-45,Female,36.6,Net Banking,Verified
INV003786,2024-08-01,120504,sip,8705,Rajasthan,Jaipur,T30,36-45,Male,55.0,UPI,Verified
INV004338,2024-08-01,119598,sip,14737,Maharashtra,Mumbai,T30,46-55,Female,82.5,UPI,Verified
INV001688,2024-08-01,102887,sip,15469,Gujarat,Ahmedabad,T30,26-35,Male,7.7,UPI,Verified
INV003819,2024-08-01,148567,redemption,240243,Haryana,Gurugram,T30,26-35,Male,19.0,UPI,Pending
INV004001,2024-08-01,120504,sip,28228,Delhi,Noida,T30,56+,Female,52.7,Mandate,Verified
INV004915,2024-08-01,102887,lumpsum,455005,Uttar Pradesh,Kanpur,B30,26-35,Male,9.6,Net Banking,Verified
INV003496,2024-08-01,102886,lumpsum,48365,Telangana,Hyderabad,T30,26-35,Male,14.9,Net Banking,Verified
INV001567,2024-08-01,119092,sip,4792,West Bengal,Kolkata,T30,36-45,Male,12.2,Net Banking,Verified
INV003176,2024-08-01,120506,sip,22616,Haryana,Gurugram,T30,46-55,Male,51.6,Mandate,Verified
INV002970,2024-08-02,119094,lumpsum,268722,Telangana,Hyderabad,T30,26-35,Female,12.4,Cheque,Verified
INV000233,2024-08-02,125498,lumpsum,330037,Madhya Pradesh,Indore,T30,46-55,Male,16.3,Mandate,Verified
INV000578,2024-08-02,119552,sip,25578,Maharashtra,Nashik,B30,26-35,Male,10.9,Net Banking,Verified
INV002913,2024-08-02,119551,sip,594,Delhi,New Delhi,T30,56+,Male,28.5,UPI,Verified
INV002823,2024-08-02,119094,lumpsum,389848,Telangana,Hyderabad,T30,26-35,Male,21.5,Mandate,Verified
INV000105,2024-08-02,118632,sip,49569,Punjab,Chandigarh,T30,56+,Male,41.4,Net Banking,Verified
INV000117,2024-08-02,118634,sip,14851,Karnataka,Bangalore,T30,26-35,Female,15.6,Mandate,Verified
INV000211,2024-08-02,149323,sip,453,Punjab,Chandigarh,T30,26-35,Male,17.0,Cheque,Verified
INV004145,2024-08-02,120503,lumpsum,365317,Gujarat,Surat,T30,18-25,Male,4.9,Net Banking,Verified
INV001158,2024-08-02,120506,lumpsum,283390,Karnataka,Mysore,B30,18-25,Male,6.4,Cheque,Verified
INV001063,2024-08-02,119120,sip,2649,Haryana,Faridabad,B30,26-35,Male,24.1,UPI,Verified
INV000569,2024-08-02,118633,sip,26522,Madhya Pradesh,Indore,T30,26-35,Male,8.0,Mandate,Pending
INV003420,2024-08-02,100025,redemption,49679,Haryana,Faridabad,B30,36-45,Male,47.2,Mandate,Verified
INV003880,2024-08-02,120843,sip,842,Gujarat,Surat,T30,26-35,Male,9.6,Mandate,Verified
INV003828,2024-08-02,100033,sip,28297,Karnataka,Bangalore,T30,18-25,Male,7.6,Net Banking,Verified
INV004880,2024-08-02,149323,sip,2154,Punjab,Chandigarh,T30,26-35,Male,6.3,Net Banking,Verified
INV000984,2024-08-02,149323,lumpsum,323590,Telangana,Hyderabad,T30,26-35,Male,20.9,Net Banking,Verified
INV002453,2024-08-02,102887,lumpsum,368772,Gujarat,Surat,T30,26-35,Female,16.1,UPI,Verified
INV002642,2024-08-02,101208,lumpsum,467784,Haryana,Gurugram,T30,46-55,Female,48.8,Mandate,Verified
INV003343,2024-08-02,119095,lumpsum,151663,Telangana,Hyderabad,T30,36-45,Male,26.0,Cheque,Verified
INV002191,2024-08-02,102886,sip,24844,West Bengal,Kolkata,T30,26-35,Male,9.0,Cheque,Verified
INV000662,2024-08-02,148569,redemption,31821,Gujarat,Surat,T30,36-45,Female,20.1,Net Banking,Verified
INV001517,2024-08-02,100025,redemption,8451,Karnataka,Mysore,B30,36-45,Female,23.5,Cheque,Verified
INV000974,2024-08-02,119094,sip,7117,Maharashtra,Mumbai,T30,46-55,Male,88.6,Net Banking,Verified
INV001316,2024-08-02,119120,redemption,459440,Punjab,Chandigarh,T30,18-25,Male,7.3,Cheque,Verified
INV001859,2024-08-02,102885,redemption,253824,Maharashtra,Nashik,B30,36-45,Male,32.2,Mandate,Verified
INV003357,2024-08-02,120843,sip,1188,Madhya Pradesh,Bhopal,B30,26-35,Female,15.3,UPI,Verified
INV003963,2024-08-02,118635,sip,2873,Tamil Nadu,Chennai,T30,26-35,Male,18.1,Net Banking,Verified
INV002346,2024-08-02,149324,sip,2251,Maharashtra,Mumbai,T30,36-45,Male,54.5,Cheque,Verified
INV000088,2024-08-02,100033,sip,8090,Delhi,Noida,T30,26-35,Male,20.4,Net Banking,Verified
INV001328,2024-08-02,120842,redemption,468333,Uttar Pradesh,Lucknow,T30,26-35,Male,7.4,Net Banking,Pending
INV002705,2024-08-02,102887,sip,3093,Uttar Pradesh,Lucknow,T30,46-55,Female,90.6,Cheque,Verified
INV004737,2024-08-02,119120,sip,12507,Madhya Pradesh,Indore,T30,46-55,Male,98.4,UPI,Verified
INV004553,2024-08-02,102885,redemption,199198,Tamil Nadu,Coimbatore,B30,26-35,Male,13.7,Cheque,Verified
INV002397,2024-08-02,119599,redemption,271637,Tamil Nadu,Coimbatore,B30,26-35,Male,20.2,Mandate,Verified
INV004247,2024-08-02,119092,sip,28718,Tamil Nadu,Chennai,T30,18-25,Male,4.9,Net Banking,Verified
INV001991,2024-08-02,120841,redemption,269053,West Bengal,Kolkata,T30,26-35,Male,13.9,Mandate,Verified
INV000436,2024-08-02,120844,sip,2762,Rajasthan,Jaipur,T30,26-35,Male,14.4,Net Banking,Verified
INV003294,2024-08-02,119092,lumpsum,212831,Madhya Pradesh,Bhopal,B30,26-35,Female,11.1,Mandate,Verified
INV002109,2024-08-02,149324,redemption,349151,Tamil Nadu,Coimbatore,B30,26-35,Male,14.4,Cheque,Verified
INV000094,2024-08-02,118636,sip,3166,West Bengal,Kolkata,T30,18-25,Male,3.7,Mandate,Verified
INV004410,2024-08-02,119599,sip,13091,Tamil Nadu,Chennai,T30,36-45,Male,45.5,Cheque,Verified
INV001107,2024-08-02,148569,sip,17637,Gujarat,Ahmedabad,T30,26-35,Male,19.5,Mandate,Verified
INV002921,2024-08-02,101208,sip,46474,Punjab,Amritsar,B30,18-25,Female,5.4,Cheque,Verified
INV000565,2024-08-02,120503,sip,8286,Uttar Pradesh,Agra,B30,26-35,Male,18.8,Cheque,Verified
INV004321,2024-08-02,119092,redemption,284026,West Bengal,Kolkata,T30,26-35,Male,16.0,Cheque,Verified
INV000396,2024-08-02,100025,sip,5728,Rajasthan,Jaipur,T30,46-55,Male,38.5,Mandate,Verified
INV000444,2024-08-02,119094,lumpsum,185491,Maharashtra,Pune,T30,36-45,Female,42.1,UPI,Verified
INV000130,2024-08-02,119094,redemption,243131,Madhya Pradesh,Indore,T30,56+,Female,69.4,UPI,Pending
INV004388,2024-08-02,149324,sip,8140,Gujarat,Surat,T30,26-35,Female,10.3,Mandate,Verified
INV002196,2024-08-02,118635,sip,42698,Delhi,Gurugram,T30,26-35,Female,23.6,Mandate,Pending
INV000524,2024-08-02,100033,sip,1796,West Bengal,Kolkata,T30,56+,Male,37.4,UPI,Verified
INV002998,2024-08-02,102885,sip,2460,Madhya Pradesh,Indore,T30,36-45,Male,38.4,Net Banking,Verified
INV002920,2024-08-02,118632,sip,14608,Punjab,Chandigarh,T30,36-45,Male,19.5,Mandate,Verified
INV003858,2024-08-02,149322,sip,12408,Rajasthan,Jaipur,T30,36-45,Male,21.6,Mandate,Verified
INV004452,2024-08-02,149323,lumpsum,93143,Rajasthan,Udaipur,B30,26-35,Male,17.6,Mandate,Pending
INV002407,2024-08-02,100025,sip,1066,West Bengal,Kolkata,T30,36-45,Male,35.9,UPI,Verified
INV002508,2024-08-02,120504,sip,25110,West Bengal,Kolkata,T30,46-55,Male,60.8,Cheque,Verified
INV002087,2024-08-02,120506,sip,1027,Delhi,Gurugram,T30,26-35,Male,24.8,Cheque,Verified
INV002761,2024-08-02,148568,lumpsum,106939,Rajasthan,Jaipur,T30,26-35,Male,14.9,Mandate,Verified
INV004250,2024-08-02,119599,sip,2080,Haryana,Gurugram,T30,26-35,Female,6.4,Net Banking,Verified
INV002088,2024-08-02,100016,sip,27617,Rajasthan,Jaipur,T30,46-55,Female,43.7,Net Banking,Verified
INV002974,2024-08-03,118635,sip,1105,Telangana,Hyderabad,T30,26-35,Female,21.9,UPI,Verified
INV004459,2024-08-03,100025,sip,7530,Maharashtra,Pune,T30,26-35,Female,9.2,UPI,Verified
INV004216,2024-08-03,101207,sip,588,Karnataka,Bangalore,T30,26-35,Male,8.3,Mandate,Verified
INV002228,2024-08-03,148567,sip,9935,Uttar Pradesh,Kanpur,B30,18-25,Male,7.7,Net Banking,Verified
INV003406,2024-08-03,120843,lumpsum,24773,Madhya Pradesh,Bhopal,B30,26-35,Male,21.2,UPI,Verified
INV003357,2024-08-03,120843,sip,11159,Madhya Pradesh,Bhopal,B30,26-35,Female,15.3,Cheque,Verified
INV003694,2024-08-03,149322,lumpsum,256228,Madhya Pradesh,Bhopal,B30,26-35,Female,24.1,Cheque,Verified
INV004841,2024-08-03,119552,redemption,429652,West Bengal,Kolkata,T30,26-35,Male,21.4,Net Banking,Verified
INV000160,2024-08-03,119092,sip,4305,Tamil Nadu,Chennai,T30,36-45,Female,26.8,Net Banking,Verified
INV004461,2024-08-03,119093,sip,16341,Tamil Nadu,Chennai,T30,46-55,Male,80.3,Mandate,Verified
INV001815,2024-08-03,101206,sip,54304,West Bengal,Kolkata,T30,26-35,Female,23.7,Net Banking,Verified
INV002687,2024-08-03,119120,sip,22156,Delhi,New Delhi,T30,36-45,Male,25.9,UPI,Pending
INV003674,2024-08-03,119094,sip,463,Uttar Pradesh,Kanpur,B30,36-45,Male,32.8,UPI,Verified
INV004884,2024-08-03,120506,sip,1949,Karnataka,Bangalore,T30,18-25,Male,4.7,Cheque,Verified
INV000174,2024-08-03,148568,redemption,468381,Karnataka,Bangalore,T30,36-45,Male,58.1,Net Banking,Verified
INV001543,2024-08-03,119551,redemption,272228,Delhi,New Delhi,T30,26-35,Male,21.1,UPI,Verified
INV001846,2024-08-03,119094,sip,6020,Uttar Pradesh,Kanpur,B30,56+,Male,72.3,UPI,Verified
INV002883,2024-08-03,125498,lumpsum,87325,West Bengal,Kolkata,T30,26-35,Female,12.5,UPI,Verified
INV004639,2024-08-03,119120,redemption,424260,Rajasthan,Jaipur,T30,18-25,Female,6.0,UPI,Verified
INV000641,2024-08-03,100016,sip,25751,Punjab,Amritsar,B30,26-35,Male,14.5,Mandate,Verified
INV003205,2024-08-03,101208,lumpsum,439818,Punjab,Chandigarh,T30,26-35,Female,16.1,Cheque,Verified
INV001246,2024-08-03,118633,redemption,449900,Rajasthan,Jaipur,T30,46-55,Male,51.2,Mandate,Verified
INV003179,2024-08-03,119552,lumpsum,118338,Rajasthan,Jaipur,T30,36-45,Male,53.3,Net Banking,Verified
INV001101,2024-08-03,120842,sip,2304,Madhya Pradesh,Bhopal,B30,18-25,Male,5.3,Cheque,Verified
INV000204,2024-08-03,120841,lumpsum,65403,Punjab,Chandigarh,T30,36-45,Male,17.7,Cheque,Verified
INV000863,2024-08-03,119552,sip,9140,Maharashtra,Nashik,B30,36-45,Male,13.1,Mandate,Verified
INV004442,2024-08-03,118634,redemption,423686,Haryana,Faridabad,B30,18-25,Male,5.8,Net Banking,Verified
INV004066,2024-08-03,149324,redemption,537763,Gujarat,Surat,T30,46-55,Male,30.8,Net Banking,Verified
INV003604,2024-08-03,119551,sip,42423,Punjab,Chandigarh,T30,18-25,Female,7.4,Mandate,Verified
INV000225,2024-08-03,120842,sip,2795,Delhi,New Delhi,T30,56+,Male,44.0,Mandate,Verified
INV002069,2024-08-03,102887,sip,512,West Bengal,Kolkata,T30,46-55,Male,59.0,Net Banking,Verified
INV003926,2024-08-03,120505,sip,24857,West Bengal,Kolkata,T30,46-55,Male,92.8,Cheque,Verified
INV001067,2024-08-03,148569,lumpsum,309542,Haryana,Gurugram,T30,26-35,Male,16.6,Mandate,Verified
INV001631,2024-08-03,118633,sip,488,Haryana,Faridabad,B30,36-45,Male,55.9,Mandate,Verified
INV004712,2024-08-03,148568,sip,4863,Uttar Pradesh,Kanpur,B30,36-45,Male,55.7,Cheque,Verified
INV002775,2024-08-03,119552,redemption,368479,Haryana,Faridabad,B30,18-25,Female,5.9,UPI,Verified
INV002520,2024-08-03,119095,lumpsum,390703,Tamil Nadu,Chennai,T30,36-45,Male,48.9,Net Banking,Pending
INV003299,2024-08-03,100033,lumpsum,336415,Gujarat,Ahmedabad,T30,18-25,Male,5.2,Cheque,Verified
INV001800,2024-08-03,148569,sip,54292,Tamil Nadu,Chennai,T30,26-35,Female,12.8,Net Banking,Verified
INV002262,2024-08-03,102885,redemption,292906,Rajasthan,Udaipur,B30,26-35,Male,8.2,Net Banking,Verified
INV000774,2024-08-03,120503,sip,2551,Telangana,Hyderabad,T30,36-45,Male,34.9,UPI,Verified
INV003266,2024-08-03,120506,lumpsum,217446,Maharashtra,Nashik,B30,26-35,Male,6.8,Mandate,Verified
INV004421,2024-08-03,118633,lumpsum,126852,Punjab,Amritsar,B30,26-35,Male,20.5,Cheque,Verified
INV000599,2024-08-03,120505,lumpsum,353543,Gujarat,Ahmedabad,T30,36-45,Male,24.0,Mandate,Verified
INV000275,2024-08-03,100025,sip,22551,Karnataka,Mysore,B30,26-35,Male,10.2,UPI,Pending
INV002666,2024-08-03,100025,lumpsum,223243,Madhya Pradesh,Bhopal,B30,46-55,Female,93.7,Cheque,Pending
INV004353,2024-08-03,100033,sip,3110,Uttar Pradesh,Agra,B30,56+,Male,31.2,Net Banking,Verified
INV003375,2024-08-03,119095,sip,56020,Telangana,Hyderabad,T30,56+,Female,62.2,Net Banking,Pending
INV003772,2024-08-03,148568,sip,2756,Punjab,Amritsar,B30,18-25,Female,6.8,Net Banking,Verified
INV002547,2024-08-03,102885,sip,2115,Haryana,Gurugram,T30,26-35,Male,7.3,UPI,Verified
INV001223,2024-08-03,118636,sip,10419,Punjab,Amritsar,B30,56+,Male,46.0,Mandate,Pending
INV000955,2024-08-03,148569,sip,942,Gujarat,Surat,T30,26-35,Male,6.7,UPI,Verified
INV004195,2024-08-03,120503,sip,41078,Tamil Nadu,Coimbatore,B30,26-35,Male,9.1,Mandate,Verified
INV004130,2024-08-03,148568,lumpsum,355616,Punjab,Amritsar,B30,36-45,Male,57.9,Mandate,Verified
INV000934,2024-08-03,149322,sip,4176,Delhi,Gurugram,T30,56+,Male,37.4,UPI,Verified
INV002802,2024-08-03,149322,sip,5138,Gujarat,Surat,T30,36-45,Female,32.8,UPI,Verified
INV000678,2024-08-03,119551,lumpsum,317379,Gujarat,Surat,T30,26-35,Male,19.1,Cheque,Verified
INV003278,2024-08-03,120843,sip,2335,Madhya Pradesh,Bhopal,B30,26-35,Male,7.3,UPI,Verified
INV003486,2024-08-03,120843,redemption,86546,Gujarat,Surat,T30,36-45,Female,13.3,UPI,Verified
INV000985,2024-08-03,102887,sip,7661,West Bengal,Kolkata,T30,26-35,Female,11.4,Cheque,Verified
INV001778,2024-08-03,119120,lumpsum,402245,Maharashtra,Mumbai,T30,26-35,Male,9.7,UPI,Verified
INV003726,2024-08-03,118633,redemption,361005,Tamil Nadu,Coimbatore,B30,26-35,Male,24.1,Net Banking,Verified
INV001421,2024-08-03,119551,sip,5387,Telangana,Hyderabad,T30,26-35,Male,19.8,Mandate,Verified
INV000750,2024-08-03,119599,sip,17671,Delhi,New Delhi,T30,26-35,Male,20.9,UPI,Verified
INV000904,2024-08-03,120842,sip,1073,West Bengal,Kolkata,T30,36-45,Male,55.0,Net Banking,Verified
INV002078,2024-08-03,119095,sip,17707,Haryana,Faridabad,B30,18-25,Male,6.4,Mandate,Verified
INV003219,2024-08-03,125497,sip,13284,Maharashtra,Pune,T30,46-55,Male,57.8,UPI,Verified
INV002471,2024-08-03,119092,sip,2706,Punjab,Chandigarh,T30,18-25,Male,3.1,Net Banking,Verified
INV003409,2024-08-03,120503,sip,4286,Karnataka,Mysore,B30,46-55,Male,44.2,Cheque,Verified
INV000217,2024-08-03,102886,sip,2508,Tamil Nadu,Chennai,T30,56+,Male,50.1,Mandate,Verified
INV004885,2024-08-04,148568,lumpsum,476042,Punjab,Amritsar,B30,26-35,Male,11.7,Cheque,Verified
INV004667,2024-08-04,118632,sip,1132,Maharashtra,Pune,T30,26-35,Male,16.9,Cheque,Verified
INV001848,2024-08-04,102886,sip,6485,Punjab,Chandigarh,T30,26-35,Male,10.9,Cheque,Verified
INV003979,2024-08-04,120503,sip,3338,Madhya Pradesh,Indore,T30,36-45,Male,44.4,Net Banking,Verified
INV003586,2024-08-04,125498,sip,4991,Haryana,Faridabad,B30,46-55,Male,68.9,Cheque,Verified
INV004635,2024-08-04,148568,sip,48129,Punjab,Chandigarh,T30,18-25,Male,4.4,Mandate,Pending
INV003674,2024-08-04,120507,sip,8719,Uttar Pradesh,Kanpur,B30,36-45,Male,32.8,Cheque,Verified
INV001412,2024-08-04,119094,sip,17100,Punjab,Amritsar,B30,46-55,Female,73.4,Cheque,Verified
INV004619,2024-08-04,120842,sip,3545,Gujarat,Ahmedabad,T30,46-55,Male,47.9,Cheque,Pending
INV002207,2024-08-04,119092,sip,2163,Madhya Pradesh,Indore,T30,26-35,Female,6.6,Net Banking,Verified
INV002440,2024-08-04,119095,sip,47154,Karnataka,Bangalore,T30,18-25,Female,3.0,Cheque,Verified
INV000013,2024-08-04,149323,sip,2301,Maharashtra,Nashik,B30,18-25,Male,5.2,Net Banking,Verified
INV000827,2024-08-04,148568,sip,2613,Maharashtra,Pune,T30,36-45,Male,28.8,Cheque,Verified
INV002735,2024-08-04,118636,sip,5670,Tamil Nadu,Coimbatore,B30,18-25,Female,7.6,Cheque,Verified
INV002298,2024-08-04,120503,lumpsum,131877,Maharashtra,Nashik,B30,56+,Male,45.3,Net Banking,Verified
INV003962,2024-08-04,148568,redemption,512163,Haryana,Gurugram,T30,26-35,Male,20.4,UPI,Verified
INV001362,2024-08-04,120841,sip,4907,Uttar Pradesh,Agra,B30,18-25,Male,8.0,Mandate,Verified
INV000675,2024-08-04,119598,sip,533,Uttar Pradesh,Kanpur,B30,36-45,Male,27.9,Net Banking,Verified
INV003686,2024-08-04,100025,redemption,150766,Gujarat,Surat,T30,18-25,Male,3.8,Cheque,Verified
INV001207,2024-08-04,149322,sip,58665,Karnataka,Bangalore,T30,18-25,Male,5.9,Mandate,Verified
INV003495,2024-08-04,119094,sip,551,West Bengal,Kolkata,T30,26-35,Female,22.9,UPI,Pending
INV003201,2024-08-04,120842,redemption,58431,Rajasthan,Jaipur,T30,36-45,Female,12.2,Mandate,Verified
INV002389,2024-08-04,125498,sip,6708,Haryana,Faridabad,B30,36-45,Male,50.8,Net Banking,Verified
INV003579,2024-08-04,118635,sip,59288,West Bengal,Kolkata,T30,18-25,Male,4.6,Cheque,Verified
INV000940,2024-08-04,119095,lumpsum,524225,Telangana,Hyderabad,T30,36-45,Female,35.7,Net Banking,Verified
INV001413,2024-08-04,100025,lumpsum,452205,Karnataka,Bangalore,T30,36-45,Male,41.8,Net Banking,Verified
INV002002,2024-08-04,100033,redemption,357911,Gujarat,Ahmedabad,T30,36-45,Female,28.4,Cheque,Verified
INV001792,2024-08-04,102886,sip,26830,Gujarat,Ahmedabad,T30,26-35,Female,18.8,Cheque,Verified
INV002954,2024-08-04,102887,redemption,215099,Delhi,New Delhi,T30,26-35,Female,6.0,Mandate,Verified
INV000966,2024-08-04,118633,sip,16478,Telangana,Hyderabad,T30,26-35,Male,22.8,Net Banking,Verified
INV004450,2024-08-04,119599,lumpsum,188708,Tamil Nadu,Coimbatore,B30,36-45,Male,16.7,UPI,Verified
INV001551,2024-08-04,120842,sip,2129,Tamil Nadu,Chennai,T30,26-35,Female,21.7,Cheque,Verified
INV000771,2024-08-04,120843,sip,9540,Rajasthan,Udaipur,B30,26-35,Male,10.9,Mandate,Verified
INV003341,2024-08-04,102886,lumpsum,398183,Rajasthan,Jaipur,T30,26-35,Male,23.0,Cheque,Verified
INV000554,2024-08-04,102885,sip,16014,Delhi,Noida,T30,36-45,Male,12.3,Mandate,Verified
INV001756,2024-08-04,102886,lumpsum,511289,Tamil Nadu,Coimbatore,B30,26-35,Female,8.9,Net Banking,Verified
INV003896,2024-08-04,149322,lumpsum,266193,Haryana,Faridabad,B30,56+,Female,14.3,UPI,Verified
INV002640,2024-08-04,119092,lumpsum,46964,Haryana,Faridabad,B30,56+,Female,50.5,Cheque,Verified
INV000226,2024-08-04,119092,sip,2028,West Bengal,Kolkata,T30,36-45,Female,39.3,Mandate,Verified
INV003565,2024-08-04,120507,sip,2716,Gujarat,Surat,T30,26-35,Male,12.0,Cheque,Verified
INV002176,2024-08-04,119598,sip,5864,Haryana,Faridabad,B30,56+,Male,32.0,Mandate,Verified
INV002904,2024-08-04,118632,sip,2797,West Bengal,Kolkata,T30,36-45,Male,52.2,Cheque,Verified
INV003827,2024-08-04,119092,sip,10093,Tamil Nadu,Chennai,T30,26-35,Male,12.1,Cheque,Verified
INV001456,2024-08-04,149322,lumpsum,111372,Punjab,Chandigarh,T30,36-45,Male,36.3,Cheque,Verified
INV000792,2024-08-04,119552,sip,12051,Madhya Pradesh,Bhopal,B30,26-35,Female,14.0,Cheque,Verified
INV002725,2024-08-04,119093,sip,3365,Rajasthan,Udaipur,B30,46-55,Female,49.2,Mandate,Verified
INV004738,2024-08-04,148567,redemption,306402,Uttar Pradesh,Kanpur,B30,56+,Female,52.6,Cheque,Verified
INV001836,2024-08-04,119599,lumpsum,374891,Uttar Pradesh,Agra,B30,26-35,Male,17.4,UPI,Pending
INV004457,2024-08-04,148568,sip,8971,Telangana,Hyderabad,T30,18-25,Male,6.7,Net Banking,Verified
INV004826,2024-08-04,119551,lumpsum,131707,Tamil Nadu,Coimbatore,B30,26-35,Male,14.7,Cheque,Verified
INV002531,2024-08-04,149322,sip,2262,Rajasthan,Udaipur,B30,36-45,Female,50.4,UPI,Verified
INV000577,2024-08-04,100016,sip,939,Delhi,Noida,T30,36-45,Male,20.4,Cheque,Verified
INV002260,2024-08-04,148569,redemption,14462,Telangana,Hyderabad,T30,26-35,Female,10.1,Cheque,Verified
INV003880,2024-08-04,118633,sip,2784,Gujarat,Surat,T30,26-35,Male,9.6,Net Banking,Verified
INV004143,2024-08-04,101207,sip,45689,Gujarat,Ahmedabad,T30,18-25,Male,7.4,UPI,Verified
INV003829,2024-08-04,119093,sip,10463,Punjab,Amritsar,B30,36-45,Male,55.6,Mandate,Verified
INV002848,2024-08-04,120506,redemption,415896,West Bengal,Kolkata,T30,46-55,Male,70.2,UPI,Verified
INV001598,2024-08-04,120843,sip,43736,Tamil Nadu,Coimbatore,B30,36-45,Male,48.2,Net Banking,Verified
INV004742,2024-08-04,100025,redemption,25995,Punjab,Chandigarh,T30,26-35,Male,16.2,Net Banking,Verified
INV000719,2024-08-04,119552,lumpsum,68349,Tamil Nadu,Coimbatore,B30,18-25,Male,6.8,Cheque,Verified
INV003197,2024-08-04,118633,sip,2682,Punjab,Chandigarh,T30,26-35,Male,24.7,Cheque,Verified
INV000158,2024-08-04,100033,sip,13445,Madhya Pradesh,Bhopal,B30,36-45,Male,26.1,Net Banking,Verified
INV004350,2024-08-05,148567,lumpsum,129500,Delhi,Noida,T30,36-45,Male,13.0,Mandate,Verified
INV000093,2024-08-05,119094,sip,4699,Maharashtra,Mumbai,T30,36-45,Female,59.0,UPI,Verified
INV001706,2024-08-05,119598,redemption,260625,West Bengal,Kolkata,T30,26-35,Male,14.2,UPI,Verified
INV001581,2024-08-05,100033,redemption,205596,Madhya Pradesh,Indore,T30,18-25,Female,5.7,UPI,Verified
INV004119,2024-08-05,125497,sip,13090,Uttar Pradesh,Kanpur,B30,26-35,Female,13.0,Mandate,Verified
INV001606,2024-08-05,120503,sip,15617,Punjab,Amritsar,B30,26-35,Female,23.4,Cheque,Verified
INV000554,2024-08-05,118635,lumpsum,264454,Delhi,Noida,T30,36-45,Male,12.3,UPI,Verified
INV003607,2024-08-05,149324,lumpsum,36092,Delhi,Gurugram,T30,18-25,Male,4.7,Net Banking,Verified
INV001766,2024-08-05,120503,sip,10097,Delhi,Gurugram,T30,46-55,Female,69.8,UPI,Verified
INV004533,2024-08-05,102887,sip,46233,Gujarat,Ahmedabad,T30,36-45,Male,51.5,Mandate,Verified
INV002969,2024-08-05,101207,redemption,279160,Karnataka,Bangalore,T30,26-35,Male,15.4,Cheque,Verified
INV001652,2024-08-05,120503,lumpsum,439965,Tamil Nadu,Chennai,T30,26-35,Female,12.7,Net Banking,Verified
INV003593,2024-08-05,119092,redemption,403695,Karnataka,Bangalore,T30,26-35,Female,21.6,Cheque,Verified
INV004433,2024-08-05,119093,lumpsum,243394,Maharashtra,Mumbai,T30,26-35,Female,19.8,UPI,Verified
INV003748,2024-08-05,118633,sip,2732,Madhya Pradesh,Indore,T30,46-55,Male,66.4,Net Banking,Verified
INV001579,2024-08-05,100033,lumpsum,396293,Karnataka,Bangalore,T30,46-55,Male,71.1,Mandate,Verified
INV003424,2024-08-05,125497,sip,13770,Madhya Pradesh,Indore,T30,26-35,Female,19.7,Net Banking,Verified
INV001343,2024-08-05,102887,sip,4102,Gujarat,Surat,T30,18-25,Female,6.9,Net Banking,Verified
INV004283,2024-08-05,118633,lumpsum,238175,Telangana,Hyderabad,T30,26-35,Male,9.6,UPI,Verified
INV000415,2024-08-05,101207,sip,13571,Maharashtra,Pune,T30,36-45,Female,20.3,Cheque,Verified
INV003313,2024-08-05,149324,sip,9210,Delhi,Noida,T30,26-35,Male,16.1,Net Banking,Verified
INV003524,2024-08-05,149324,lumpsum,259527,Telangana,Hyderabad,T30,36-45,Male,12.5,Mandate,Verified
INV002934,2024-08-05,120842,sip,454,Delhi,Noida,T30,36-45,Male,25.8,Mandate,Verified
INV002558,2024-08-05,148567,redemption,309828,Haryana,Faridabad,B30,26-35,Female,9.1,Mandate,Verified
INV002831,2024-08-05,101207,sip,6093,Telangana,Hyderabad,T30,56+,Female,78.0,UPI,Verified
INV001361,2024-08-05,118635,sip,56506,West Bengal,Kolkata,T30,26-35,Female,21.1,UPI,Verified
INV002409,2024-08-05,148567,sip,8969,Punjab,Amritsar,B30,18-25,Female,4.9,Mandate,Verified
INV001853,2024-08-05,120841,lumpsum,110554,Delhi,Noida,T30,18-25,Male,6.1,Net Banking,Verified
INV002452,2024-08-05,101206,sip,47214,Uttar Pradesh,Kanpur,B30,18-25,Male,5.1,Mandate,Verified
INV001326,2024-08-05,119092,lumpsum,165854,Rajasthan,Udaipur,B30,46-55,Male,54.9,Cheque,Verified
INV002117,2024-08-05,120841,sip,42490,Delhi,Gurugram,T30,26-35,Male,21.7,Mandate,Verified
INV004875,2024-08-05,119094,lumpsum,71868,West Bengal,Kolkata,T30,26-35,Male,25.0,Cheque,Verified
INV001443,2024-08-05,118634,sip,11319,Uttar Pradesh,Kanpur,B30,46-55,Female,79.8,Net Banking,Verified
INV000742,2024-08-05,118633,sip,6238,Uttar Pradesh,Lucknow,T30,36-45,Male,27.4,Cheque,Verified
INV002861,2024-08-05,102887,redemption,62028,Punjab,Amritsar,B30,56+,Female,79.7,Net Banking,Verified
INV004504,2024-08-05,119598,lumpsum,382791,Telangana,Hyderabad,T30,46-55,Male,46.3,Cheque,Verified
INV000125,2024-08-05,102886,lumpsum,347257,Tamil Nadu,Coimbatore,B30,36-45,Male,35.6,UPI,Verified
INV003400,2024-08-05,101207,lumpsum,29999,Tamil Nadu,Coimbatore,B30,36-45,Female,15.0,Net Banking,Verified
INV001152,2024-08-05,102887,sip,2602,Punjab,Amritsar,B30,56+,Male,61.7,Mandate,Verified
INV003042,2024-08-05,119598,redemption,75409,Tamil Nadu,Coimbatore,B30,46-55,Male,23.5,Net Banking,Verified
INV003995,2024-08-05,120842,sip,57912,Uttar Pradesh,Agra,B30,36-45,Female,33.8,Net Banking,Verified
INV004978,2024-08-05,125497,lumpsum,76286,Uttar Pradesh,Lucknow,T30,46-55,Male,34.3,Mandate,Verified
INV001748,2024-08-05,118632,sip,2885,Gujarat,Ahmedabad,T30,36-45,Female,16.2,Cheque,Verified
INV001067,2024-08-05,119598,sip,2861,Haryana,Gurugram,T30,26-35,Male,16.6,Net Banking,Verified
INV001067,2024-08-05,119599,lumpsum,219883,Haryana,Gurugram,T30,26-35,Male,16.6,UPI,Verified
INV004049,2024-08-05,120504,sip,2382,Gujarat,Ahmedabad,T30,36-45,Male,31.1,UPI,Verified
INV003912,2024-08-05,120844,redemption,416720,West Bengal,Kolkata,T30,26-35,Male,8.5,UPI,Verified
INV004451,2024-08-05,101207,sip,8651,Madhya Pradesh,Bhopal,B30,56+,Male,78.6,Net Banking,Pending
INV001064,2024-08-05,119551,lumpsum,384228,West Bengal,Kolkata,T30,46-55,Male,67.9,UPI,Verified
INV002018,2024-08-05,120505,lumpsum,215544,Uttar Pradesh,Agra,B30,26-35,Female,18.0,Mandate,Verified
INV000219,2024-08-05,120843,sip,16120,Gujarat,Ahmedabad,T30,26-35,Male,22.3,Cheque,Verified
INV002374,2024-08-05,120507,lumpsum,83494,Uttar Pradesh,Kanpur,B30,26-35,Female,8.6,UPI,Verified
INV003360,2024-08-05,120506,sip,1192,Madhya Pradesh,Indore,T30,26-35,Female,19.5,Cheque,Verified
INV003514,2024-08-05,119092,sip,10748,Delhi,Gurugram,T30,36-45,Female,40.2,Cheque,Verified
INV003112,2024-08-05,120844,sip,2440,Maharashtra,Pune,T30,26-35,Female,8.5,UPI,Verified
INV002850,2024-08-05,119120,lumpsum,339948,Uttar Pradesh,Lucknow,T30,46-55,Male,76.5,Cheque,Verified
INV004058,2024-08-05,119599,lumpsum,58563,Tamil Nadu,Chennai,T30,26-35,Male,22.5,Mandate,Verified
INV002343,2024-08-05,149322,sip,14782,Punjab,Amritsar,B30,26-35,Male,22.1,Mandate,Verified
INV002364,2024-08-05,148569,redemption,259729,Rajasthan,Jaipur,T30,46-55,Male,51.3,UPI,Pending
INV003675,2024-08-05,100025,sip,53070,West Bengal,Kolkata,T30,56+,Male,63.9,Cheque,Verified
INV001491,2024-08-05,120844,sip,2288,Tamil Nadu,Chennai,T30,56+,Male,78.5,Mandate,Verified
INV000546,2024-08-05,119093,sip,2783,Karnataka,Mysore,B30,26-35,Male,9.5,Net Banking,Verified
INV003847,2024-08-05,119093,sip,10821,Telangana,Hyderabad,T30,26-35,Male,19.7,Net Banking,Verified
INV004024,2024-08-05,120844,redemption,253606,Telangana,Hyderabad,T30,36-45,Male,23.1,Cheque,Verified
INV000994,2024-08-05,119095,sip,17347,Maharashtra,Pune,T30,26-35,Female,6.1,Cheque,Verified
INV001079,2024-08-05,102886,redemption,207826,West Bengal,Kolkata,T30,26-35,Male,10.1,Cheque,Verified
INV003390,2024-08-06,101208,lumpsum,300813,Haryana,Faridabad,B30,26-35,Male,9.6,Mandate,Verified
INV003527,2024-08-06,120505,sip,3595,Telangana,Hyderabad,T30,36-45,Female,26.2,UPI,Verified
INV003878,2024-08-06,149324,sip,8739,Haryana,Gurugram,T30,56+,Male,27.9,UPI,Verified
INV001469,2024-08-06,102886,lumpsum,188474,Karnataka,Bangalore,T30,56+,Male,74.7,Mandate,Verified
INV001927,2024-08-06,102887,lumpsum,215910,Rajasthan,Jaipur,T30,56+,Male,58.7,Mandate,Verified
INV002035,2024-08-06,101208,lumpsum,264714,Tamil Nadu,Chennai,T30,36-45,Male,12.2,Net Banking,Verified
INV002211,2024-08-06,118632,redemption,61796,Gujarat,Surat,T30,26-35,Male,11.3,Net Banking,Verified
INV003578,2024-08-06,149324,sip,14295,Uttar Pradesh,Lucknow,T30,36-45,Female,36.5,Cheque,Verified
INV003425,2024-08-06,148569,sip,20866,Gujarat,Surat,T30,26-35,Female,14.5,Mandate,Verified
INV003054,2024-08-06,118633,lumpsum,451076,Telangana,Hyderabad,T30,56+,Female,77.1,Net Banking,Verified
INV000601,2024-08-06,120506,sip,14712,Rajasthan,Jaipur,T30,46-55,Male,52.6,UPI,Verified
INV003938,2024-08-06,120504,redemption,355298,Delhi,Gurugram,T30,36-45,Female,15.3,UPI,Verified
INV004517,2024-08-06,148569,sip,3239,West Bengal,Kolkata,T30,46-55,Female,68.5,Net Banking,Verified
INV000529,2024-08-06,100033,lumpsum,190963,Maharashtra,Mumbai,T30,18-25,Male,4.7,Mandate,Verified
INV000070,2024-08-06,148567,sip,884,West Bengal,Kolkata,T30,56+,Female,20.1,Cheque,Verified
INV002832,2024-08-06,100033,sip,11342,Uttar Pradesh,Lucknow,T30,26-35,Male,15.9,Cheque,Verified
INV003743,2024-08-06,102885,sip,2976,West Bengal,Kolkata,T30,46-55,Male,79.9,UPI,Verified
INV003557,2024-08-06,120843,lumpsum,314721,Karnataka,Bangalore,T30,46-55,Female,81.8,Cheque,Verified
INV000469,2024-08-06,118634,sip,8245,Tamil Nadu,Coimbatore,B30,18-25,Male,4.7,Net Banking,Verified
INV000340,2024-08-06,101208,sip,435,Delhi,Gurugram,T30,26-35,Female,21.4,Mandate,Verified
INV002274,2024-08-06,118633,lumpsum,321177,Tamil Nadu,Coimbatore,B30,18-25,Female,6.9,UPI,Pending
INV004793,2024-08-06,119599,lumpsum,344368,Madhya Pradesh,Indore,T30,36-45,Female,26.3,Cheque,Verified
INV003272,2024-08-06,118635,sip,453,Uttar Pradesh,Kanpur,B30,26-35,Male,21.8,Mandate,Verified
INV000333,2024-08-06,100025,lumpsum,275096,Maharashtra,Nashik,B30,26-35,Male,14.8,Cheque,Verified
INV004648,2024-08-06,119092,lumpsum,303922,Maharashtra,Pune,T30,36-45,Male,54.3,Net Banking,Verified
INV001186,2024-08-06,120844,sip,3161,Maharashtra,Pune,T30,26-35,Male,19.8,UPI,Verified
INV002424,2024-08-06,119093,redemption,123181,Telangana,Hyderabad,T30,56+,Female,51.2,Net Banking,Verified
INV003626,2024-08-06,148569,lumpsum,97930,Madhya Pradesh,Indore,T30,26-35,Male,23.5,Net Banking,Verified
INV000479,2024-08-06,119093,sip,14039,Maharashtra,Pune,T30,18-25,Male,4.2,Mandate,Verified
INV002468,2024-08-06,148567,lumpsum,438353,West Bengal,Kolkata,T30,46-55,Male,48.8,Cheque,Pending
INV001654,2024-08-06,118635,sip,2707,Uttar Pradesh,Lucknow,T30,36-45,Female,28.1,Net Banking,Verified
INV000580,2024-08-06,100033,redemption,587757,Uttar Pradesh,Agra,B30,56+,Male,31.8,Cheque,Pending
INV004858,2024-08-06,118633,lumpsum,530525,Uttar Pradesh,Kanpur,B30,36-45,Male,56.4,UPI,Verified
INV001519,2024-08-06,102887,sip,1147,Gujarat,Ahmedabad,T30,46-55,Female,38.8,Net Banking,Verified
INV000102,2024-08-06,148569,sip,5672,Gujarat,Surat,T30,26-35,Male,21.9,UPI,Verified
INV002035,2024-08-06,120506,lumpsum,151938,Tamil Nadu,Chennai,T30,36-45,Male,12.2,UPI,Pending
INV001901,2024-08-06,120503,redemption,253740,Delhi,New Delhi,T30,18-25,Female,3.4,UPI,Verified
INV001746,2024-08-06,120843,redemption,156760,Rajasthan,Udaipur,B30,26-35,Male,11.2,Cheque,Verified
INV000919,2024-08-06,101208,lumpsum,277131,Telangana,Hyderabad,T30,46-55,Male,49.7,UPI,Verified
INV002544,2024-08-06,125498,sip,8566,Haryana,Faridabad,B30,26-35,Male,7.4,Cheque,Verified
INV001365,2024-08-06,148569,sip,2250,Tamil Nadu,Coimbatore,B30,36-45,Male,25.3,Net Banking,Verified
INV001058,2024-08-06,148568,redemption,30534,Uttar Pradesh,Kanpur,B30,36-45,Male,28.2,Mandate,Verified
INV000768,2024-08-06,102885,sip,53962,Delhi,Noida,T30,56+,Male,12.2,Net Banking,Verified
INV001889,2024-08-06,118632,lumpsum,86387,Gujarat,Surat,T30,26-35,Male,18.3,Net Banking,Verified
INV001882,2024-08-06,125497,sip,3561,Rajasthan,Udaipur,B30,26-35,Male,22.9,UPI,Verified
INV002161,2024-08-06,148568,sip,8315,Maharashtra,Nashik,B30,26-35,Male,11.4,Cheque,Pending
INV003375,2024-08-06,118635,lumpsum,152818,Telangana,Hyderabad,T30,56+,Female,62.2,Cheque,Verified
INV003593,2024-08-07,102886,sip,1123,Karnataka,Bangalore,T30,26-35,Female,21.6,UPI,Pending
INV001331,2024-08-07,149322,lumpsum,147659,Gujarat,Ahmedabad,T30,26-35,Male,17.5,Net Banking,Verified
INV001232,2024-08-07,120844,sip,46017,Uttar Pradesh,Agra,B30,46-55,Female,29.8,Cheque,Verified
INV003045,2024-08-07,118636,redemption,266151,Telangana,Hyderabad,T30,26-35,Male,12.2,Net Banking,Verified
INV001916,2024-08-07,119551,sip,54667,Haryana,Gurugram,T30,26-35,Male,11.0,Mandate,Verified
INV004001,2024-08-07,118632,sip,2185,Delhi,Noida,T30,56+,Female,52.7,Net Banking,Verified
INV003957,2024-08-07,120844,redemption,497362,Delhi,Noida,T30,36-45,Male,30.9,Mandate,Verified
INV002275,2024-08-07,149324,sip,21945,Maharashtra,Mumbai,T30,18-25,Male,7.1,UPI,Verified
INV001304,2024-08-07,100016,sip,59611,Gujarat,Ahmedabad,T30,26-35,Male,21.8,Cheque,Verified
INV001326,2024-08-07,148569,lumpsum,46851,Rajasthan,Udaipur,B30,46-55,Male,54.9,Cheque,Verified
INV003199,2024-08-07,102887,sip,10821,Delhi,Noida,T30,46-55,Male,52.5,Cheque,Verified
INV002144,2024-08-07,125497,redemption,270357,Maharashtra,Pune,T30,18-25,Male,3.2,UPI,Verified
INV001962,2024-08-07,119093,sip,7713,Maharashtra,Mumbai,T30,26-35,Male,13.6,Mandate,Verified
INV003513,2024-08-07,120506,sip,11432,West Bengal,Kolkata,T30,36-45,Male,57.3,UPI,Verified
INV004271,2024-08-07,119551,lumpsum,439338,Maharashtra,Mumbai,T30,18-25,Male,3.2,UPI,Verified
INV003411,2024-08-07,118635,sip,6496,Tamil Nadu,Chennai,T30,26-35,Male,14.2,UPI,Verified
INV003322,2024-08-07,119093,lumpsum,397670,Rajasthan,Jaipur,T30,26-35,Male,22.7,Mandate,Verified
INV001981,2024-08-07,125498,lumpsum,114914,Gujarat,Ahmedabad,T30,26-35,Male,19.4,Net Banking,Verified
INV004922,2024-08-07,119598,lumpsum,59214,Haryana,Gurugram,T30,56+,Male,28.2,Mandate,Verified
INV004216,2024-08-07,119092,sip,2059,Karnataka,Bangalore,T30,26-35,Male,8.3,UPI,Verified
INV002157,2024-08-07,100033,redemption,406837,Punjab,Chandigarh,T30,26-35,Male,16.9,UPI,Verified
INV004316,2024-08-07,120507,redemption,179017,Karnataka,Bangalore,T30,46-55,Male,79.5,UPI,Verified
INV001886,2024-08-07,119552,sip,2195,Haryana,Gurugram,T30,18-25,Male,7.7,Cheque,Verified
INV001772,2024-08-07,120506,lumpsum,572418,Telangana,Hyderabad,T30,36-45,Male,31.2,Mandate,Verified
INV003121,2024-08-07,149322,lumpsum,21283,Telangana,Hyderabad,T30,36-45,Male,13.7,Cheque,Pending
INV001133,2024-08-07,118636,sip,16900,Madhya Pradesh,Bhopal,B30,26-35,Male,21.0,Cheque,Verified
INV002125,2024-08-07,120841,sip,542,Haryana,Faridabad,B30,26-35,Female,7.9,Cheque,Verified
INV000179,2024-08-07,100016,sip,11485,Rajasthan,Udaipur,B30,26-35,Male,10.0,Mandate,Verified
INV001394,2024-08-07,120842,sip,26382,Karnataka,Bangalore,T30,56+,Male,42.9,UPI,Verified
INV002907,2024-08-07,118635,sip,15867,Punjab,Chandigarh,T30,56+,Male,33.4,Mandate,Verified
INV003073,2024-08-07,120841,sip,28635,Punjab,Amritsar,B30,26-35,Male,11.9,Net Banking,Verified
INV004774,2024-08-07,148569,sip,917,Tamil Nadu,Coimbatore,B30,36-45,Male,21.8,Cheque,Verified
INV004655,2024-08-07,120843,sip,28783,Telangana,Hyderabad,T30,36-45,Male,19.7,UPI,Verified
INV003741,2024-08-07,125497,sip,2988,Madhya Pradesh,Bhopal,B30,36-45,Male,30.3,Net Banking,Verified
INV002195,2024-08-07,100016,sip,54404,Telangana,Hyderabad,T30,26-35,Male,24.5,UPI,Verified
INV000978,2024-08-07,119599,redemption,492854,West Bengal,Kolkata,T30,26-35,Male,18.6,Cheque,Verified
INV004153,2024-08-07,119599,sip,12355,Uttar Pradesh,Agra,B30,46-55,Male,96.3,Mandate,Verified
INV002790,2024-08-07,148568,sip,2824,Telangana,Hyderabad,T30,18-25,Male,4.8,Cheque,Verified
INV000056,2024-08-07,119092,sip,27798,Haryana,Faridabad,B30,26-35,Female,22.5,Net Banking,Verified
INV003864,2024-08-07,100033,sip,17390,Gujarat,Ahmedabad,T30,36-45,Female,49.8,Net Banking,Verified
INV004050,2024-08-07,149322,lumpsum,31141,West Bengal,Kolkata,T30,26-35,Male,15.5,Net Banking,Verified
INV000707,2024-08-07,125498,sip,2926,Karnataka,Mysore,B30,36-45,Female,46.6,UPI,Pending
INV004805,2024-08-07,149323,sip,8000,Madhya Pradesh,Indore,T30,26-35,Female,7.6,Cheque,Verified
INV004811,2024-08-07,120844,sip,833,Punjab,Amritsar,B30,26-35,Female,9.4,Mandate,Verified
INV002467,2024-08-07,119599,lumpsum,137893,Punjab,Chandigarh,T30,36-45,Male,12.3,Net Banking,Verified
INV002648,2024-08-07,120504,sip,1783,Punjab,Chandigarh,T30,36-45,Male,57.1,Net Banking,Verified
INV000820,2024-08-07,149322,sip,2487,Telangana,Hyderabad,T30,36-45,Male,50.2,Mandate,Verified
INV000385,2024-08-07,148568,sip,1992,Karnataka,Mysore,B30,18-25,Female,7.5,UPI,Verified
INV001126,2024-08-07,101208,sip,1790,Rajasthan,Jaipur,T30,26-35,Female,22.6,Mandate,Verified
INV001189,2024-08-07,102886,redemption,140096,Maharashtra,Nashik,B30,56+,Male,70.1,Cheque,Verified
INV000388,2024-08-07,118633,lumpsum,390292,Maharashtra,Nashik,B30,36-45,Male,33.6,Net Banking,Verified
INV002940,2024-08-07,102887,lumpsum,403139,Haryana,Faridabad,B30,26-35,Male,18.3,Net Banking,Verified
INV001248,2024-08-07,101208,sip,40902,Karnataka,Bangalore,T30,56+,Male,76.3,Mandate,Verified
INV004952,2024-08-07,120843,redemption,379477,Uttar Pradesh,Kanpur,B30,26-35,Male,15.9,Mandate,Verified
INV000864,2024-08-07,148569,sip,4913,Tamil Nadu,Chennai,T30,26-35,Female,24.9,Cheque,Pending
INV004285,2024-08-07,148567,sip,47447,Punjab,Chandigarh,T30,26-35,Male,8.0,UPI,Verified
INV000310,2024-08-07,120841,sip,2061,Delhi,Noida,T30,36-45,Male,58.4,Cheque,Verified
INV002530,2024-08-07,125497,sip,3254,Telangana,Hyderabad,T30,36-45,Male,53.9,Cheque,Verified
INV004478,2024-08-07,120504,redemption,103431,Delhi,New Delhi,T30,26-35,Male,13.8,Net Banking,Verified
INV003952,2024-08-07,119095,sip,21328,Tamil Nadu,Chennai,T30,36-45,Male,48.8,Mandate,Verified
INV002879,2024-08-07,120504,redemption,371277,Tamil Nadu,Coimbatore,B30,46-55,Male,26.0,Net Banking,Verified
INV001926,2024-08-07,148569,lumpsum,257954,Uttar Pradesh,Agra,B30,46-55,Female,26.9,Cheque,Verified
INV004114,2024-08-07,119120,sip,1942,Tamil Nadu,Coimbatore,B30,26-35,Male,9.4,Net Banking,Verified
INV003733,2024-08-07,149323,redemption,325907,Telangana,Hyderabad,T30,26-35,Male,12.6,Net Banking,Verified
INV003728,2024-08-07,119552,sip,8014,West Bengal,Kolkata,T30,26-35,Male,16.2,Cheque,Verified
INV001365,2024-08-07,102885,sip,5836,Tamil Nadu,Coimbatore,B30,36-45,Male,25.3,Mandate,Verified
INV004984,2024-08-08,119551,lumpsum,475443,Uttar Pradesh,Agra,B30,46-55,Female,78.8,UPI,Verified
INV001201,2024-08-08,118633,sip,558,Haryana,Gurugram,T30,56+,Female,32.5,UPI,Verified
INV000714,2024-08-08,118633,sip,2362,Uttar Pradesh,Kanpur,B30,26-35,Female,23.8,Cheque,Verified
INV003884,2024-08-08,149323,sip,14068,Rajasthan,Udaipur,B30,18-25,Male,6.6,UPI,Verified
INV000624,2024-08-08,148568,sip,29010,West Bengal,Kolkata,T30,56+,Male,79.6,UPI,Verified
INV000962,2024-08-08,119599,sip,8220,Punjab,Chandigarh,T30,26-35,Male,24.5,Net Banking,Verified
INV001748,2024-08-08,100016,sip,2718,Gujarat,Ahmedabad,T30,36-45,Female,16.2,UPI,Verified
INV000857,2024-08-08,148569,sip,5883,Gujarat,Ahmedabad,T30,26-35,Female,23.6,Mandate,Pending
INV004508,2024-08-08,120842,sip,461,Punjab,Amritsar,B30,36-45,Female,36.5,UPI,Verified
INV004108,2024-08-08,102887,lumpsum,15926,Madhya Pradesh,Indore,T30,36-45,Female,22.5,UPI,Verified
INV001553,2024-08-08,101207,lumpsum,333153,Delhi,Noida,T30,26-35,Male,23.5,Cheque,Verified
INV003457,2024-08-08,119094,sip,833,Karnataka,Bangalore,T30,36-45,Male,48.6,Net Banking,Verified
INV002843,2024-08-08,102885,sip,25160,Haryana,Faridabad,B30,26-35,Male,11.8,Cheque,Verified
INV004143,2024-08-08,119094,sip,450,Gujarat,Ahmedabad,T30,18-25,Male,7.4,Cheque,Verified
INV004086,2024-08-08,119093,sip,8961,Maharashtra,Nashik,B30,46-55,Male,54.9,Mandate,Verified
INV000845,2024-08-08,101208,sip,876,Uttar Pradesh,Kanpur,B30,36-45,Male,17.5,Net Banking,Pending
INV000604,2024-08-08,118636,sip,15613,Karnataka,Bangalore,T30,26-35,Male,9.5,Net Banking,Verified
INV000954,2024-08-08,101206,sip,454,Haryana,Faridabad,B30,26-35,Female,8.3,Net Banking,Verified
INV004189,2024-08-08,120504,lumpsum,305380,Tamil Nadu,Coimbatore,B30,26-35,Male,23.1,UPI,Verified
INV003393,2024-08-08,102885,lumpsum,305304,Delhi,New Delhi,T30,26-35,Male,17.1,Cheque,Verified
INV002485,2024-08-08,102887,sip,1043,Karnataka,Mysore,B30,46-55,Female,70.2,Net Banking,Verified
INV001637,2024-08-08,100016,redemption,60063,Haryana,Faridabad,B30,36-45,Female,45.1,Net Banking,Verified
INV002242,2024-08-08,120506,sip,2584,Gujarat,Ahmedabad,T30,26-35,Male,22.2,Mandate,Verified
INV000971,2024-08-08,101208,sip,892,Maharashtra,Mumbai,T30,36-45,Male,42.2,Mandate,Verified
INV000995,2024-08-08,120844,redemption,326212,Delhi,New Delhi,T30,56+,Male,34.6,UPI,Verified
INV004573,2024-08-08,101206,sip,6065,Madhya Pradesh,Indore,T30,36-45,Female,36.8,Cheque,Verified
INV002499,2024-08-08,119095,redemption,191861,Gujarat,Surat,T30,26-35,Male,23.0,Net Banking,Verified
INV004063,2024-08-08,149323,sip,8653,Haryana,Gurugram,T30,36-45,Male,19.3,Mandate,Verified
INV003479,2024-08-08,100025,sip,28797,West Bengal,Kolkata,T30,36-45,Female,44.7,Net Banking,Verified
INV004915,2024-08-08,119552,sip,23297,Uttar Pradesh,Kanpur,B30,26-35,Male,9.6,Cheque,Pending
INV004376,2024-08-08,119095,lumpsum,275061,West Bengal,Kolkata,T30,46-55,Female,92.6,Mandate,Verified
INV003438,2024-08-08,101207,lumpsum,151981,Delhi,Noida,T30,26-35,Female,19.6,Mandate,Verified
INV002464,2024-08-08,119094,sip,4666,Karnataka,Bangalore,T30,26-35,Female,22.9,Mandate,Verified
INV004764,2024-08-08,119599,lumpsum,294543,Punjab,Amritsar,B30,46-55,Female,79.4,Mandate,Verified
INV004918,2024-08-08,119552,sip,7187,Punjab,Amritsar,B30,56+,Female,46.9,UPI,Verified
INV000229,2024-08-08,119092,sip,16434,Punjab,Amritsar,B30,26-35,Male,11.0,Cheque,Verified
INV002244,2024-08-08,125498,lumpsum,143032,Maharashtra,Mumbai,T30,36-45,Male,49.4,UPI,Verified
INV004202,2024-08-08,120843,sip,42645,West Bengal,Kolkata,T30,36-45,Female,56.9,Net Banking,Verified
INV000612,2024-08-08,101208,sip,1073,Punjab,Amritsar,B30,18-25,Male,6.3,Cheque,Verified
INV003165,2024-08-08,119551,sip,6272,Punjab,Amritsar,B30,26-35,Male,19.4,Mandate,Verified
INV004068,2024-08-08,120841,sip,50097,West Bengal,Kolkata,T30,46-55,Male,63.0,UPI,Verified
INV001991,2024-08-08,119552,sip,25770,West Bengal,Kolkata,T30,26-35,Male,13.9,Mandate,Verified
INV000525,2024-08-08,102887,sip,16751,Gujarat,Ahmedabad,T30,56+,Female,12.6,Mandate,Verified
INV002138,2024-08-08,120506,sip,2397,Karnataka,Bangalore,T30,46-55,Female,78.2,Net Banking,Verified
INV002679,2024-08-08,120843,lumpsum,439171,Uttar Pradesh,Agra,B30,36-45,Male,33.8,Net Banking,Verified
INV000163,2024-08-08,119598,sip,2141,Uttar Pradesh,Kanpur,B30,46-55,Male,70.4,Net Banking,Verified
INV003196,2024-08-08,118635,redemption,172064,West Bengal,Kolkata,T30,26-35,Female,20.1,Mandate,Verified
INV003381,2024-08-08,118632,lumpsum,487190,Madhya Pradesh,Indore,T30,36-45,Female,12.1,Cheque,Verified
INV004865,2024-08-08,120843,lumpsum,109268,Maharashtra,Nashik,B30,56+,Male,77.2,Net Banking,Verified
INV001743,2024-08-08,102885,sip,29046,Telangana,Hyderabad,T30,26-35,Male,23.5,Mandate,Verified
INV002904,2024-08-08,120503,lumpsum,191159,West Bengal,Kolkata,T30,36-45,Male,52.2,Mandate,Verified
INV004827,2024-08-08,119094,sip,416,Uttar Pradesh,Kanpur,B30,56+,Female,43.7,Net Banking,Verified
INV002328,2024-08-08,120503,sip,4449,Haryana,Gurugram,T30,26-35,Male,11.6,Cheque,Verified
INV003860,2024-08-08,102887,redemption,463233,Punjab,Chandigarh,T30,26-35,Male,20.4,Net Banking,Verified
INV001649,2024-08-08,100016,sip,2509,Telangana,Hyderabad,T30,36-45,Male,51.5,Net Banking,Verified
INV000768,2024-08-08,119120,redemption,10446,Delhi,Noida,T30,56+,Male,12.2,Cheque,Verified
INV000045,2024-08-08,119120,sip,805,Uttar Pradesh,Lucknow,T30,36-45,Male,26.2,UPI,Pending
INV000160,2024-08-08,100033,sip,24782,Tamil Nadu,Chennai,T30,36-45,Female,26.8,Cheque,Verified
INV002753,2024-08-08,119092,redemption,324017,Uttar Pradesh,Lucknow,T30,26-35,Female,21.2,Mandate,Verified
INV004001,2024-08-09,100016,sip,7871,Delhi,Noida,T30,56+,Female,52.7,Mandate,Verified
INV003296,2024-08-09,119599,redemption,116871,Haryana,Gurugram,T30,26-35,Female,11.3,Cheque,Verified
INV001661,2024-08-09,120843,redemption,163079,Uttar Pradesh,Lucknow,T30,56+,Female,26.4,Cheque,Verified
INV003008,2024-08-09,102887,redemption,370136,Rajasthan,Jaipur,T30,36-45,Female,37.4,Mandate,Verified
INV002025,2024-08-09,120842,sip,9271,Karnataka,Mysore,B30,26-35,Female,23.7,Mandate,Verified
INV004076,2024-08-09,149323,sip,7933,Madhya Pradesh,Indore,T30,26-35,Male,15.7,Cheque,Verified
INV003105,2024-08-09,119598,redemption,121800,Rajasthan,Jaipur,T30,18-25,Female,6.0,Mandate,Verified
INV002201,2024-08-09,149323,sip,25182,Haryana,Gurugram,T30,36-45,Male,34.5,Mandate,Verified
INV000676,2024-08-09,119552,sip,3364,Rajasthan,Udaipur,B30,56+,Male,71.7,Net Banking,Verified
INV002364,2024-08-09,119599,lumpsum,197726,Rajasthan,Jaipur,T30,46-55,Male,51.3,Cheque,Verified
INV003524,2024-08-09,148569,sip,4851,Telangana,Hyderabad,T30,36-45,Male,12.5,Mandate,Verified
INV002945,2024-08-09,120504,lumpsum,353184,Maharashtra,Nashik,B30,26-35,Male,15.6,Mandate,Verified
INV002855,2024-08-09,148568,sip,5257,Uttar Pradesh,Kanpur,B30,26-35,Female,9.9,UPI,Verified
INV001710,2024-08-09,119551,lumpsum,74229,Delhi,New Delhi,T30,56+,Male,33.0,Mandate,Verified
INV003189,2024-08-09,100016,redemption,482403,Tamil Nadu,Chennai,T30,36-45,Female,44.6,Net Banking,Verified
INV004933,2024-08-09,119599,sip,42122,Karnataka,Bangalore,T30,46-55,Female,65.3,UPI,Verified
INV004202,2024-08-09,120842,sip,2757,West Bengal,Kolkata,T30,36-45,Female,56.9,Mandate,Verified
INV003868,2024-08-09,149322,redemption,90435,Gujarat,Surat,T30,36-45,Male,25.8,Net Banking,Verified
INV003905,2024-08-09,120844,sip,2360,Maharashtra,Mumbai,T30,26-35,Male,24.3,UPI,Verified
INV002901,2024-08-09,100025,sip,2686,Delhi,Noida,T30,26-35,Male,17.4,Cheque,Verified
INV003025,2024-08-09,120505,lumpsum,133343,Gujarat,Surat,T30,26-35,Female,11.9,Mandate,Pending
INV002496,2024-08-09,119092,sip,2831,Karnataka,Mysore,B30,36-45,Male,40.5,Mandate,Verified
INV002879,2024-08-09,119120,redemption,14800,Tamil Nadu,Coimbatore,B30,46-55,Male,26.0,Cheque,Verified
INV002852,2024-08-09,100025,sip,5663,West Bengal,Kolkata,T30,46-55,Male,69.5,Mandate,Verified
INV000563,2024-08-09,118634,lumpsum,35945,Uttar Pradesh,Lucknow,T30,26-35,Male,15.5,Cheque,Pending
INV003131,2024-08-09,118635,sip,5801,West Bengal,Kolkata,T30,36-45,Female,14.9,UPI,Verified
INV001833,2024-08-09,119092,sip,4194,Karnataka,Bangalore,T30,36-45,Female,28.4,Cheque,Verified
INV004204,2024-08-09,120506,lumpsum,49116,Tamil Nadu,Chennai,T30,36-45,Male,51.7,Net Banking,Verified
INV004224,2024-08-09,119599,redemption,218632,Haryana,Faridabad,B30,56+,Male,34.4,Mandate,Verified
INV002874,2024-08-09,120505,sip,9047,Punjab,Chandigarh,T30,56+,Female,15.0,Cheque,Verified
INV004350,2024-08-09,118635,sip,22789,Delhi,Noida,T30,36-45,Male,13.0,Cheque,Verified
INV004003,2024-08-09,102885,redemption,42888,West Bengal,Kolkata,T30,26-35,Male,9.5,UPI,Verified
INV001851,2024-08-09,120505,lumpsum,90877,Gujarat,Ahmedabad,T30,26-35,Male,16.2,Net Banking,Verified
INV000891,2024-08-09,101207,lumpsum,226935,Gujarat,Surat,T30,26-35,Male,20.9,UPI,Verified
INV000645,2024-08-09,118635,sip,550,Karnataka,Bangalore,T30,18-25,Male,3.9,Mandate,Verified
INV000802,2024-08-09,102886,lumpsum,253679,Gujarat,Ahmedabad,T30,36-45,Male,34.4,UPI,Pending
INV000150,2024-08-09,120843,sip,578,Karnataka,Mysore,B30,18-25,Male,3.5,Cheque,Verified
INV001508,2024-08-09,148569,lumpsum,98476,Tamil Nadu,Coimbatore,B30,46-55,Male,63.3,Cheque,Verified
INV001282,2024-08-09,149323,sip,6523,West Bengal,Kolkata,T30,18-25,Female,5.2,Mandate,Verified
INV001624,2024-08-09,102885,redemption,227602,Uttar Pradesh,Lucknow,T30,26-35,Female,18.4,UPI,Verified
INV002645,2024-08-09,100025,sip,9387,Haryana,Gurugram,T30,46-55,Female,67.7,UPI,Pending
INV000389,2024-08-09,148569,redemption,20853,Delhi,Gurugram,T30,46-55,Male,50.2,Cheque,Verified
INV000900,2024-08-09,120505,sip,1159,Tamil Nadu,Coimbatore,B30,26-35,Male,6.2,Mandate,Verified
INV000431,2024-08-09,102885,lumpsum,470726,Madhya Pradesh,Bhopal,B30,18-25,Female,4.6,Cheque,Verified
INV001394,2024-08-09,118634,sip,52634,Karnataka,Bangalore,T30,56+,Male,42.9,Net Banking,Verified
INV002111,2024-08-09,149324,sip,462,Telangana,Hyderabad,T30,36-45,Female,29.2,UPI,Verified
INV004889,2024-08-09,119094,sip,2515,Rajasthan,Jaipur,T30,46-55,Male,34.5,Cheque,Verified
INV003993,2024-08-09,120506,sip,1002,Tamil Nadu,Chennai,T30,46-55,Male,32.2,Net Banking,Verified
INV000200,2024-08-09,120842,redemption,435097,Rajasthan,Udaipur,B30,18-25,Male,4.0,UPI,Verified
INV003909,2024-08-09,102886,redemption,362877,Haryana,Gurugram,T30,46-55,Male,29.1,Cheque,Verified
INV001595,2024-08-09,148567,sip,11608,Gujarat,Ahmedabad,T30,56+,Male,78.5,Net Banking,Verified
INV003761,2024-08-09,102887,lumpsum,279395,Karnataka,Mysore,B30,46-55,Male,61.2,UPI,Verified
INV001616,2024-08-09,102887,redemption,112042,Tamil Nadu,Chennai,T30,26-35,Male,23.2,Net Banking,Verified
INV001058,2024-08-09,119093,lumpsum,56181,Uttar Pradesh,Kanpur,B30,36-45,Male,28.2,Net Banking,Pending
INV004871,2024-08-09,119551,sip,13875,Punjab,Chandigarh,T30,26-35,Male,9.2,UPI,Verified
INV003568,2024-08-09,118633,lumpsum,192880,Tamil Nadu,Chennai,T30,18-25,Female,5.3,Mandate,Verified
INV000572,2024-08-09,148567,lumpsum,330474,Gujarat,Surat,T30,36-45,Female,28.9,Net Banking,Verified
INV003024,2024-08-09,101208,lumpsum,409431,Maharashtra,Pune,T30,36-45,Female,43.1,UPI,Verified
INV003451,2024-08-09,100033,sip,8613,Punjab,Amritsar,B30,18-25,Female,5.2,Net Banking,Verified
INV003269,2024-08-09,119551,sip,3118,Telangana,Hyderabad,T30,56+,Male,17.5,Mandate,Verified
INV003291,2024-08-09,118636,lumpsum,500953,Gujarat,Surat,T30,36-45,Male,47.1,Cheque,Verified
INV003232,2024-08-09,149322,lumpsum,162368,Maharashtra,Pune,T30,36-45,Female,30.9,Net Banking,Verified
INV004635,2024-08-09,119599,redemption,192251,Punjab,Chandigarh,T30,18-25,Male,4.4,UPI,Verified
INV004689,2024-08-09,119552,lumpsum,89224,West Bengal,Kolkata,T30,26-35,Male,25.0,UPI,Verified
INV004589,2024-08-09,119120,lumpsum,82160,Gujarat,Ahmedabad,T30,36-45,Male,14.4,Net Banking,Verified
INV003431,2024-08-09,102885,sip,45510,Karnataka,Mysore,B30,18-25,Male,6.3,Mandate,Verified
INV004582,2024-08-09,119095,redemption,369108,Tamil Nadu,Chennai,T30,56+,Male,67.1,Mandate,Verified
INV000487,2024-08-09,125498,lumpsum,325485,Telangana,Hyderabad,T30,36-45,Male,41.7,Cheque,Pending
INV003117,2024-08-09,102887,redemption,400363,Tamil Nadu,Chennai,T30,18-25,Female,6.7,Mandate,Verified
INV004349,2024-08-10,102885,sip,1153,Haryana,Gurugram,T30,26-35,Female,9.3,UPI,Verified
INV000439,2024-08-10,102885,lumpsum,96389,Rajasthan,Udaipur,B30,56+,Male,23.4,Cheque,Verified
INV001786,2024-08-10,119598,sip,552,Madhya Pradesh,Indore,T30,18-25,Male,7.8,Mandate,Verified
INV001316,2024-08-10,102887,sip,2614,Punjab,Chandigarh,T30,18-25,Male,7.3,UPI,Verified
INV004097,2024-08-10,118634,redemption,214580,Gujarat,Ahmedabad,T30,56+,Male,52.9,Cheque,Verified
INV000599,2024-08-10,149324,redemption,292255,Gujarat,Ahmedabad,T30,36-45,Male,24.0,Net Banking,Verified
INV003525,2024-08-10,102887,lumpsum,36125,Karnataka,Mysore,B30,36-45,Male,36.1,Cheque,Pending
INV004736,2024-08-10,149323,sip,25598,Tamil Nadu,Chennai,T30,36-45,Male,19.7,Mandate,Verified
INV000086,2024-08-10,118636,sip,7707,Karnataka,Mysore,B30,18-25,Female,4.1,UPI,Verified
INV003194,2024-08-10,119095,redemption,10892,Haryana,Faridabad,B30,26-35,Female,19.5,Cheque,Verified
INV003586,2024-08-10,119551,sip,5310,Haryana,Faridabad,B30,46-55,Male,68.9,Net Banking,Verified
INV001707,2024-08-10,120842,lumpsum,26359,Punjab,Chandigarh,T30,26-35,Male,9.5,Cheque,Verified
INV002592,2024-08-10,120842,lumpsum,123380,Madhya Pradesh,Bhopal,B30,26-35,Female,15.7,Cheque,Verified
INV002049,2024-08-10,118635,lumpsum,48070,Tamil Nadu,Coimbatore,B30,36-45,Female,36.8,Cheque,Verified
INV000607,2024-08-10,120503,sip,2203,Rajasthan,Jaipur,T30,56+,Male,33.9,Cheque,Verified
INV004932,2024-08-10,119092,lumpsum,81679,Tamil Nadu,Chennai,T30,26-35,Female,21.1,Cheque,Verified
INV002625,2024-08-10,102886,sip,1194,Karnataka,Bangalore,T30,46-55,Female,99.3,Cheque,Verified
INV004438,2024-08-10,120504,sip,3551,Gujarat,Ahmedabad,T30,26-35,Female,23.2,UPI,Verified
INV001803,2024-08-10,102886,sip,2793,Rajasthan,Udaipur,B30,26-35,Female,20.6,Net Banking,Verified
INV004114,2024-08-10,118633,lumpsum,124056,Tamil Nadu,Coimbatore,B30,26-35,Male,9.4,UPI,Verified
INV000612,2024-08-10,148569,sip,10428,Punjab,Amritsar,B30,18-25,Male,6.3,Cheque,Verified
INV002256,2024-08-10,102885,sip,6885,Rajasthan,Jaipur,T30,46-55,Male,49.6,Mandate,Verified
INV003929,2024-08-10,148568,lumpsum,10272,Uttar Pradesh,Agra,B30,56+,Male,28.0,Net Banking,Verified
INV000231,2024-08-10,119095,redemption,149337,Rajasthan,Udaipur,B30,26-35,Female,22.9,Mandate,Verified
INV002006,2024-08-10,100033,sip,21970,Punjab,Chandigarh,T30,26-35,Male,15.3,UPI,Verified
INV000733,2024-08-10,118635,lumpsum,274272,Uttar Pradesh,Lucknow,T30,18-25,Male,3.9,Net Banking,Pending
INV003187,2024-08-10,118634,sip,5511,Haryana,Faridabad,B30,26-35,Female,21.5,UPI,Verified
INV002565,2024-08-10,120842,sip,488,Rajasthan,Jaipur,T30,26-35,Male,10.0,Net Banking,Verified
INV002100,2024-08-10,102886,lumpsum,331102,Delhi,Noida,T30,26-35,Male,22.5,Cheque,Verified
INV000890,2024-08-10,119093,redemption,551501,Karnataka,Bangalore,T30,26-35,Male,13.5,Net Banking,Verified
INV003233,2024-08-10,120504,redemption,370292,Karnataka,Bangalore,T30,56+,Male,16.8,Cheque,Verified
INV002688,2024-08-10,118632,sip,56423,Uttar Pradesh,Lucknow,T30,26-35,Male,23.5,UPI,Verified
INV003022,2024-08-10,119599,lumpsum,196090,Telangana,Hyderabad,T30,46-55,Male,60.2,Cheque,Verified
INV004778,2024-08-10,101207,lumpsum,338112,Telangana,Hyderabad,T30,26-35,Female,14.4,UPI,Verified
INV001006,2024-08-10,148568,sip,29912,Tamil Nadu,Coimbatore,B30,56+,Female,75.6,UPI,Pending
INV001676,2024-08-10,118636,lumpsum,483880,Haryana,Faridabad,B30,56+,Female,30.9,Cheque,Pending
INV003943,2024-08-10,148569,sip,2664,Telangana,Hyderabad,T30,46-55,Male,46.2,Mandate,Verified
INV004798,2024-08-10,119093,sip,9894,Madhya Pradesh,Bhopal,B30,26-35,Male,8.4,Mandate,Verified
INV000031,2024-08-10,149323,lumpsum,383902,Madhya Pradesh,Indore,T30,36-45,Male,27.3,Cheque,Verified
INV001063,2024-08-10,101206,sip,6933,Haryana,Faridabad,B30,26-35,Male,24.1,Net Banking,Verified
INV000630,2024-08-10,120505,lumpsum,348670,Uttar Pradesh,Kanpur,B30,26-35,Male,18.9,Cheque,Verified
INV001553,2024-08-10,125498,sip,512,Delhi,Noida,T30,26-35,Male,23.5,Mandate,Verified
INV004450,2024-08-10,119093,lumpsum,176078,Tamil Nadu,Coimbatore,B30,36-45,Male,16.7,Cheque,Verified
INV000526,2024-08-10,120843,redemption,443160,Tamil Nadu,Coimbatore,B30,26-35,Female,16.5,Net Banking,Verified
INV002154,2024-08-10,149323,lumpsum,426045,Uttar Pradesh,Lucknow,T30,36-45,Male,40.5,Mandate,Verified
INV002117,2024-08-10,125498,sip,916,Delhi,Gurugram,T30,26-35,Male,21.7,UPI,Verified
INV001798,2024-08-10,101206,sip,3516,Tamil Nadu,Chennai,T30,36-45,Female,21.3,Mandate,Pending
INV000400,2024-08-10,119092,sip,11710,Punjab,Chandigarh,T30,26-35,Male,22.1,Net Banking,Verified
INV003867,2024-08-10,119093,sip,24469,Punjab,Amritsar,B30,18-25,Male,4.4,Cheque,Verified
INV001202,2024-08-10,101207,sip,16694,Karnataka,Bangalore,T30,26-35,Male,11.3,UPI,Pending
INV001601,2024-08-10,148568,sip,15062,Rajasthan,Udaipur,B30,26-35,Female,24.1,Mandate,Verified
INV004222,2024-08-10,120842,sip,5318,Uttar Pradesh,Kanpur,B30,26-35,Male,10.9,Net Banking,Verified
INV002319,2024-08-10,118636,sip,28612,Karnataka,Mysore,B30,26-35,Male,8.7,Mandate,Verified
INV004017,2024-08-10,100016,redemption,390360,West Bengal,Kolkata,T30,36-45,Male,36.7,UPI,Verified
INV001865,2024-08-10,120844,redemption,326229,Telangana,Hyderabad,T30,18-25,Female,4.3,Mandate,Verified
INV000749,2024-08-10,120507,lumpsum,187005,Uttar Pradesh,Kanpur,B30,36-45,Male,36.1,Cheque,Verified
INV002874,2024-08-10,118635,lumpsum,399215,Punjab,Chandigarh,T30,56+,Female,15.0,UPI,Verified
INV002351,2024-08-10,125498,sip,950,Gujarat,Ahmedabad,T30,36-45,Male,18.9,Cheque,Verified
INV003773,2024-08-10,148567,sip,8805,West Bengal,Kolkata,T30,46-55,Female,53.9,UPI,Verified
INV000546,2024-08-10,102887,sip,27971,Karnataka,Mysore,B30,26-35,Male,9.5,Mandate,Verified
INV000100,2024-08-10,119599,redemption,404287,Rajasthan,Udaipur,B30,56+,Male,57.2,UPI,Verified
INV004018,2024-08-10,119120,sip,43862,Punjab,Chandigarh,T30,56+,Male,47.9,UPI,Verified
INV004969,2024-08-10,119092,sip,55620,Karnataka,Bangalore,T30,36-45,Male,40.2,Cheque,Verified
INV001116,2024-08-11,120842,redemption,503102,Haryana,Faridabad,B30,36-45,Male,17.8,Cheque,Verified
INV003836,2024-08-11,100016,redemption,435441,Karnataka,Bangalore,T30,36-45,Male,12.4,UPI,Verified
INV004354,2024-08-11,125497,sip,840,Uttar Pradesh,Kanpur,B30,26-35,Female,17.8,UPI,Verified
INV004222,2024-08-11,120504,sip,52047,Uttar Pradesh,Kanpur,B30,26-35,Male,10.9,Net Banking,Verified
INV002198,2024-08-11,149323,sip,1116,Delhi,Gurugram,T30,36-45,Female,43.3,Mandate,Verified
INV000826,2024-08-11,149322,redemption,455968,Madhya Pradesh,Bhopal,B30,36-45,Female,44.3,UPI,Verified
INV001777,2024-08-11,102886,lumpsum,263621,West Bengal,Kolkata,T30,18-25,Female,7.6,UPI,Verified
INV000029,2024-08-11,149323,sip,17476,Rajasthan,Udaipur,B30,26-35,Female,7.6,Net Banking,Verified
INV000569,2024-08-11,148568,sip,10104,Madhya Pradesh,Indore,T30,26-35,Male,8.0,Mandate,Verified
INV004500,2024-08-11,149323,lumpsum,332747,Karnataka,Mysore,B30,46-55,Male,45.2,Mandate,Verified
INV000843,2024-08-11,125498,sip,23830,Maharashtra,Mumbai,T30,26-35,Male,10.2,Cheque,Verified
INV002191,2024-08-11,149324,lumpsum,327424,West Bengal,Kolkata,T30,26-35,Male,9.0,Net Banking,Verified
INV004484,2024-08-11,119551,sip,22716,Punjab,Amritsar,B30,46-55,Male,61.9,Cheque,Verified
INV002997,2024-08-11,118633,sip,16815,West Bengal,Kolkata,T30,26-35,Male,23.7,Cheque,Verified
INV000831,2024-08-11,120506,sip,12271,Punjab,Chandigarh,T30,36-45,Male,34.6,UPI,Verified
INV001120,2024-08-11,100016,sip,537,Karnataka,Bangalore,T30,36-45,Male,37.9,Net Banking,Verified
INV004867,2024-08-11,119599,sip,2851,Karnataka,Bangalore,T30,18-25,Male,7.3,UPI,Verified
INV002396,2024-08-11,120504,lumpsum,406138,Rajasthan,Udaipur,B30,18-25,Female,3.6,Net Banking,Verified
INV000392,2024-08-11,120843,redemption,6656,Gujarat,Surat,T30,26-35,Female,16.6,UPI,Verified
INV002931,2024-08-11,118635,sip,2515,Tamil Nadu,Coimbatore,B30,56+,Female,32.4,UPI,Verified
INV001482,2024-08-11,100016,sip,413,Madhya Pradesh,Indore,T30,46-55,Female,87.0,Cheque,Verified
INV002383,2024-08-11,102885,lumpsum,360833,Madhya Pradesh,Bhopal,B30,18-25,Female,3.2,Mandate,Verified
INV003428,2024-08-11,119120,lumpsum,250239,Tamil Nadu,Coimbatore,B30,26-35,Female,22.8,Net Banking,Verified
INV004272,2024-08-11,100016,sip,2030,Madhya Pradesh,Bhopal,B30,46-55,Female,25.5,Mandate,Verified
INV004844,2024-08-11,119094,sip,6085,Maharashtra,Pune,T30,26-35,Male,15.7,Cheque,Verified
INV003627,2024-08-11,120507,sip,951,Telangana,Hyderabad,T30,36-45,Male,39.9,UPI,Verified
INV001739,2024-08-11,148568,sip,1824,West Bengal,Kolkata,T30,36-45,Female,45.5,Net Banking,Verified
INV002969,2024-08-11,119552,sip,5643,Karnataka,Bangalore,T30,26-35,Male,15.4,Mandate,Verified
INV002304,2024-08-11,101207,sip,10776,Karnataka,Mysore,B30,46-55,Male,57.7,UPI,Verified
INV004173,2024-08-11,102885,redemption,298017,West Bengal,Kolkata,T30,26-35,Male,16.9,Net Banking,Verified
INV004393,2024-08-11,120842,redemption,178884,Telangana,Hyderabad,T30,26-35,Female,21.5,Net Banking,Verified
INV001592,2024-08-11,102885,lumpsum,407171,Telangana,Hyderabad,T30,18-25,Male,4.3,Net Banking,Verified
INV003422,2024-08-11,101206,sip,40860,Uttar Pradesh,Lucknow,T30,26-35,Male,9.0,UPI,Verified
INV002633,2024-08-11,118632,sip,8481,Karnataka,Bangalore,T30,26-35,Female,8.1,UPI,Verified
INV003561,2024-08-11,149323,lumpsum,478986,West Bengal,Kolkata,T30,26-35,Male,22.0,UPI,Verified
INV002248,2024-08-11,118632,sip,473,Delhi,New Delhi,T30,26-35,Male,8.1,Net Banking,Verified
INV001532,2024-08-11,120503,sip,11759,Madhya Pradesh,Bhopal,B30,36-45,Female,39.5,Net Banking,Verified
INV004033,2024-08-11,102886,sip,15847,West Bengal,Kolkata,T30,36-45,Male,56.1,Mandate,Verified
INV002019,2024-08-11,119551,sip,10921,Delhi,New Delhi,T30,36-45,Male,19.8,Net Banking,Verified
INV003141,2024-08-11,120843,sip,52176,Maharashtra,Pune,T30,36-45,Female,40.1,UPI,Verified
INV004715,2024-08-11,149324,redemption,155657,Tamil Nadu,Chennai,T30,46-55,Male,56.9,UPI,Verified
INV004442,2024-08-11,120507,redemption,142332,Haryana,Faridabad,B30,18-25,Male,5.8,Net Banking,Verified
INV000967,2024-08-11,118632,sip,5446,Gujarat,Ahmedabad,T30,26-35,Female,12.2,Mandate,Verified
INV002068,2024-08-11,102885,sip,12467,Delhi,Gurugram,T30,18-25,Female,3.1,Cheque,Verified
INV003728,2024-08-11,118632,sip,59268,West Bengal,Kolkata,T30,26-35,Male,16.2,Cheque,Verified
INV004760,2024-08-11,120844,lumpsum,113584,Uttar Pradesh,Lucknow,T30,18-25,Male,4.8,Cheque,Verified
INV004687,2024-08-11,120503,sip,1137,Madhya Pradesh,Bhopal,B30,36-45,Female,15.1,Cheque,Verified
INV002077,2024-08-11,120505,sip,15913,West Bengal,Kolkata,T30,18-25,Female,6.3,Mandate,Verified
INV000613,2024-08-11,118636,lumpsum,509804,Uttar Pradesh,Lucknow,T30,26-35,Male,11.5,Cheque,Verified
INV000341,2024-08-11,149323,sip,2065,Delhi,New Delhi,T30,26-35,Male,19.6,UPI,Pending
INV004283,2024-08-11,148567,sip,49941,Telangana,Hyderabad,T30,26-35,Male,9.6,UPI,Verified
INV002877,2024-08-11,119552,redemption,47528,Rajasthan,Jaipur,T30,36-45,Male,56.5,UPI,Pending
INV000359,2024-08-11,119095,redemption,54193,Tamil Nadu,Chennai,T30,18-25,Male,3.1,UPI,Verified
INV001388,2024-08-11,119120,lumpsum,395729,Punjab,Amritsar,B30,46-55,Male,72.8,UPI,Verified
INV000621,2024-08-11,119093,redemption,322626,Rajasthan,Udaipur,B30,56+,Female,45.8,Net Banking,Verified
INV002429,2024-08-11,120507,sip,16505,Rajasthan,Udaipur,B30,26-35,Male,11.2,Mandate,Verified
INV001017,2024-08-11,119551,sip,2922,West Bengal,Kolkata,T30,26-35,Female,19.0,UPI,Pending
INV001470,2024-08-11,102887,lumpsum,422034,Haryana,Gurugram,T30,36-45,Male,26.2,UPI,Verified
INV000794,2024-08-11,102887,sip,2557,Karnataka,Mysore,B30,56+,Male,26.7,Net Banking,Verified
INV002945,2024-08-11,119093,sip,53150,Maharashtra,Nashik,B30,26-35,Male,15.6,Mandate,Verified
INV003849,2024-08-11,119598,sip,55539,Karnataka,Mysore,B30,26-35,Male,7.6,Net Banking,Verified
INV000104,2024-08-11,148568,lumpsum,402572,Madhya Pradesh,Indore,T30,26-35,Male,8.1,Net Banking,Verified
INV000083,2024-08-11,118636,sip,572,Uttar Pradesh,Kanpur,B30,56+,Female,42.0,UPI,Verified
INV002222,2024-08-11,118635,sip,2065,Punjab,Amritsar,B30,26-35,Male,8.7,Mandate,Verified
INV000847,2024-08-11,119598,sip,1040,West Bengal,Kolkata,T30,26-35,Female,17.8,Net Banking,Verified
INV002365,2024-08-11,118635,lumpsum,361161,Gujarat,Ahmedabad,T30,46-55,Male,76.9,Cheque,Verified
INV003808,2024-08-11,119095,lumpsum,187374,Madhya Pradesh,Bhopal,B30,46-55,Female,62.5,Cheque,Verified
INV004673,2024-08-12,101207,sip,8617,Maharashtra,Pune,T30,36-45,Female,39.7,UPI,Verified
INV003162,2024-08-12,118635,redemption,127512,West Bengal,Kolkata,T30,18-25,Male,4.1,Mandate,Verified
INV004223,2024-08-12,118633,redemption,137998,Uttar Pradesh,Agra,B30,36-45,Female,49.3,Net Banking,Verified
INV004065,2024-08-12,119094,lumpsum,507019,Tamil Nadu,Chennai,T30,26-35,Male,6.1,Mandate,Verified
INV003612,2024-08-12,120844,sip,2229,Gujarat,Surat,T30,56+,Male,71.8,UPI,Verified
INV003380,2024-08-12,119598,lumpsum,396549,Delhi,Noida,T30,36-45,Male,21.0,UPI,Verified
INV001234,2024-08-12,148568,lumpsum,241284,Uttar Pradesh,Agra,B30,26-35,Male,24.4,Mandate,Verified
INV003347,2024-08-12,119599,sip,426,Rajasthan,Udaipur,B30,18-25,Male,3.7,UPI,Verified
INV000810,2024-08-12,119120,redemption,86926,Rajasthan,Jaipur,T30,26-35,Male,11.2,UPI,Verified
INV003808,2024-08-12,120506,sip,505,Madhya Pradesh,Bhopal,B30,46-55,Female,62.5,Cheque,Verified
INV003708,2024-08-12,119599,lumpsum,129242,Punjab,Amritsar,B30,46-55,Male,38.6,Mandate,Verified
INV000174,2024-08-12,149322,lumpsum,290032,Karnataka,Bangalore,T30,36-45,Male,58.1,UPI,Verified
INV001234,2024-08-12,118634,redemption,349963,Uttar Pradesh,Agra,B30,26-35,Male,24.4,Cheque,Verified
INV003627,2024-08-12,119095,sip,1036,Telangana,Hyderabad,T30,36-45,Male,39.9,UPI,Verified
INV002387,2024-08-12,119598,redemption,474052,Telangana,Hyderabad,T30,26-35,Male,13.1,Cheque,Verified
INV003287,2024-08-12,100025,redemption,466316,Delhi,New Delhi,T30,36-45,Male,54.9,Mandate,Verified
INV000933,2024-08-12,120506,lumpsum,427008,Rajasthan,Jaipur,T30,36-45,Female,14.9,UPI,Verified
INV003377,2024-08-12,120507,sip,1727,Uttar Pradesh,Agra,B30,36-45,Male,53.9,Net Banking,Verified
INV003978,2024-08-12,119092,sip,8223,Telangana,Hyderabad,T30,26-35,Female,6.2,UPI,Verified
INV002425,2024-08-12,100033,lumpsum,161970,Madhya Pradesh,Bhopal,B30,26-35,Male,18.1,Mandate,Verified
INV002331,2024-08-12,120506,lumpsum,138962,Haryana,Gurugram,T30,26-35,Female,22.6,Mandate,Verified
INV004063,2024-08-12,120843,sip,8833,Haryana,Gurugram,T30,36-45,Male,19.3,Cheque,Verified
INV004297,2024-08-12,125498,sip,9082,Karnataka,Bangalore,T30,36-45,Female,19.5,Net Banking,Verified
INV002966,2024-08-12,119095,lumpsum,458718,Gujarat,Ahmedabad,T30,26-35,Female,18.4,Cheque,Verified
INV001224,2024-08-12,120841,redemption,205775,West Bengal,Kolkata,T30,18-25,Female,6.8,Net Banking,Verified
INV003595,2024-08-12,120505,sip,6659,Tamil Nadu,Coimbatore,B30,56+,Female,74.5,Mandate,Verified
INV003172,2024-08-12,120506,sip,551,Delhi,Gurugram,T30,26-35,Male,21.5,UPI,Pending
INV001389,2024-08-12,148568,sip,1101,Karnataka,Mysore,B30,46-55,Female,39.7,Net Banking,Verified
INV004821,2024-08-12,118635,sip,5860,Tamil Nadu,Coimbatore,B30,26-35,Female,21.6,Cheque,Verified
INV004230,2024-08-12,120503,sip,2597,Karnataka,Bangalore,T30,18-25,Female,7.4,UPI,Verified
INV001299,2024-08-12,120843,sip,10551,Haryana,Faridabad,B30,26-35,Male,19.9,Cheque,Verified
INV002302,2024-08-12,101208,sip,564,West Bengal,Kolkata,T30,26-35,Male,10.1,Net Banking,Pending
INV002277,2024-08-12,149322,sip,29025,Haryana,Gurugram,T30,26-35,Female,10.3,Cheque,Verified
INV004787,2024-08-12,119599,redemption,98563,Haryana,Faridabad,B30,26-35,Male,8.2,Net Banking,Verified
INV002196,2024-08-12,119094,lumpsum,368601,Delhi,Gurugram,T30,26-35,Female,23.6,Cheque,Verified
INV001219,2024-08-12,148568,sip,7109,West Bengal,Kolkata,T30,26-35,Male,18.4,Mandate,Pending
INV004305,2024-08-12,119095,sip,8937,Telangana,Hyderabad,T30,36-45,Female,30.1,Mandate,Verified
INV003670,2024-08-12,118632,sip,2764,Punjab,Chandigarh,T30,36-45,Male,38.4,UPI,Verified
INV004194,2024-08-12,120843,sip,1038,Tamil Nadu,Chennai,T30,36-45,Female,25.3,Mandate,Verified
INV000189,2024-08-12,100025,lumpsum,70400,Uttar Pradesh,Lucknow,T30,36-45,Male,47.3,Mandate,Verified
INV002893,2024-08-12,119551,lumpsum,116452,Telangana,Hyderabad,T30,56+,Male,69.4,Cheque,Verified
INV001614,2024-08-12,148567,lumpsum,79494,Punjab,Amritsar,B30,18-25,Male,4.6,Mandate,Verified
INV000779,2024-08-12,101206,lumpsum,388122,Gujarat,Ahmedabad,T30,36-45,Male,35.3,Cheque,Verified
INV002092,2024-08-12,120507,sip,9781,Punjab,Amritsar,B30,18-25,Male,7.7,Net Banking,Verified
INV001555,2024-08-12,125498,sip,46121,Punjab,Amritsar,B30,26-35,Male,14.2,Mandate,Verified
INV001717,2024-08-12,149323,redemption,100724,Karnataka,Mysore,B30,26-35,Male,23.2,Net Banking,Verified
INV002802,2024-08-12,119093,lumpsum,96281,Gujarat,Surat,T30,36-45,Female,32.8,Cheque,Verified
INV000598,2024-08-12,102887,sip,2316,Karnataka,Bangalore,T30,26-35,Male,16.6,Cheque,Verified
INV003125,2024-08-12,100016,lumpsum,193204,Punjab,Chandigarh,T30,36-45,Female,30.8,Net Banking,Verified
INV002734,2024-08-12,149323,lumpsum,173836,Haryana,Faridabad,B30,26-35,Female,15.8,Net Banking,Verified
INV001288,2024-08-12,101206,sip,27794,Telangana,Hyderabad,T30,26-35,Male,21.8,Mandate,Verified
INV000050,2024-08-12,118632,sip,552,Maharashtra,Pune,T30,36-45,Male,13.4,Cheque,Verified
INV003766,2024-08-12,120506,sip,11952,West Bengal,Kolkata,T30,36-45,Male,52.3,Net Banking,Verified
INV002062,2024-08-12,118633,lumpsum,73417,Telangana,Hyderabad,T30,18-25,Male,5.5,Net Banking,Verified
INV001334,2024-08-12,119598,sip,13361,Punjab,Amritsar,B30,36-45,Male,38.6,Mandate,Verified
INV004886,2024-08-12,120505,lumpsum,278928,Tamil Nadu,Chennai,T30,26-35,Male,18.1,UPI,Verified
INV001888,2024-08-12,148569,sip,6396,Delhi,New Delhi,T30,18-25,Female,6.4,UPI,Verified
INV002688,2024-08-12,148569,sip,24792,Uttar Pradesh,Lucknow,T30,26-35,Male,23.5,Net Banking,Verified
INV004540,2024-08-12,148569,sip,56071,Punjab,Chandigarh,T30,36-45,Male,48.9,UPI,Pending
INV002585,2024-08-12,101207,sip,24023,Uttar Pradesh,Lucknow,T30,18-25,Male,3.2,Net Banking,Verified
INV002606,2024-08-12,148569,lumpsum,188396,Telangana,Hyderabad,T30,26-35,Female,8.1,Net Banking,Verified
INV002752,2024-08-12,148567,lumpsum,314247,Rajasthan,Udaipur,B30,26-35,Male,20.1,UPI,Verified
INV003197,2024-08-12,118633,sip,5236,Punjab,Chandigarh,T30,26-35,Male,24.7,Cheque,Verified
INV001860,2024-08-12,120844,redemption,335378,Karnataka,Mysore,B30,26-35,Female,9.0,Cheque,Verified
INV002522,2024-08-12,120505,redemption,175414,Rajasthan,Jaipur,T30,26-35,Female,6.3,UPI,Verified
INV004354,2024-08-12,100016,lumpsum,122113,Uttar Pradesh,Kanpur,B30,26-35,Female,17.8,Mandate,Verified
INV001431,2024-08-12,120843,sip,21900,Haryana,Gurugram,T30,56+,Male,59.4,UPI,Verified
INV002619,2024-08-12,119092,sip,945,Gujarat,Ahmedabad,T30,18-25,Male,3.4,Mandate,Verified
INV000978,2024-08-12,119094,lumpsum,473345,West Bengal,Kolkata,T30,26-35,Male,18.6,Cheque,Verified
INV003471,2024-08-12,120842,sip,5940,Maharashtra,Nashik,B30,36-45,Male,15.0,UPI,Verified
INV001221,2024-08-12,120505,lumpsum,325194,Delhi,New Delhi,T30,26-35,Female,22.4,Net Banking,Verified
INV002726,2024-08-12,119599,sip,895,Gujarat,Ahmedabad,T30,36-45,Male,16.9,Net Banking,Verified
INV004248,2024-08-12,148567,sip,2313,West Bengal,Kolkata,T30,46-55,Male,89.3,Mandate,Verified
INV002038,2024-08-12,120844,sip,5916,Madhya Pradesh,Bhopal,B30,26-35,Male,20.6,Net Banking,Verified
INV004046,2024-08-13,119552,sip,12018,Madhya Pradesh,Indore,T30,36-45,Male,53.6,UPI,Verified
INV001789,2024-08-13,120844,redemption,288049,Gujarat,Surat,T30,18-25,Male,4.4,UPI,Pending
INV004795,2024-08-13,118633,sip,1123,Uttar Pradesh,Kanpur,B30,36-45,Female,21.9,UPI,Verified
INV004080,2024-08-13,148569,lumpsum,150314,Punjab,Amritsar,B30,26-35,Female,18.7,Mandate,Verified
INV000607,2024-08-13,101207,sip,7296,Rajasthan,Jaipur,T30,56+,Male,33.9,Mandate,Verified
INV002213,2024-08-13,149323,lumpsum,230922,Maharashtra,Pune,T30,36-45,Female,33.8,Net Banking,Verified
INV000474,2024-08-13,119095,sip,1944,Madhya Pradesh,Bhopal,B30,46-55,Male,83.3,Mandate,Verified
INV000536,2024-08-13,149322,lumpsum,311325,Delhi,New Delhi,T30,36-45,Female,29.6,Mandate,Verified
INV004991,2024-08-13,149324,lumpsum,207704,Telangana,Hyderabad,T30,26-35,Female,17.3,UPI,Verified
INV002471,2024-08-13,119120,lumpsum,88039,Punjab,Chandigarh,T30,18-25,Male,3.1,Cheque,Verified
INV003401,2024-08-13,102887,lumpsum,298806,Rajasthan,Jaipur,T30,26-35,Female,18.1,Mandate,Verified
INV003967,2024-08-13,118635,lumpsum,137866,Tamil Nadu,Coimbatore,B30,46-55,Male,79.9,UPI,Verified
INV000297,2024-08-13,120506,sip,2519,Gujarat,Ahmedabad,T30,26-35,Male,13.0,Mandate,Verified
INV001802,2024-08-13,100025,sip,2328,Punjab,Chandigarh,T30,46-55,Male,77.7,Cheque,Verified
INV002649,2024-08-13,120503,sip,8146,Tamil Nadu,Coimbatore,B30,46-55,Male,69.7,Mandate,Verified
INV002024,2024-08-13,120506,lumpsum,347516,West Bengal,Kolkata,T30,26-35,Male,17.6,UPI,Verified
INV002259,2024-08-13,118634,lumpsum,402749,Madhya Pradesh,Bhopal,B30,18-25,Female,6.7,Cheque,Verified
INV002959,2024-08-13,118635,sip,12047,Haryana,Gurugram,T30,18-25,Male,7.3,Cheque,Verified
INV003338,2024-08-13,118633,sip,11866,Haryana,Faridabad,B30,46-55,Male,69.2,Net Banking,Verified
INV003876,2024-08-13,119598,redemption,218416,Rajasthan,Udaipur,B30,18-25,Male,5.6,Cheque,Verified
INV000268,2024-08-13,100025,sip,23167,Haryana,Gurugram,T30,18-25,Female,4.7,Net Banking,Verified
INV003112,2024-08-13,120844,lumpsum,434702,Maharashtra,Pune,T30,26-35,Female,8.5,UPI,Verified
INV001695,2024-08-13,125498,sip,55015,Punjab,Amritsar,B30,36-45,Male,24.0,Net Banking,Verified
INV001752,2024-08-13,119120,sip,7366,Rajasthan,Udaipur,B30,26-35,Female,13.4,UPI,Verified
INV000552,2024-08-13,120506,sip,2698,Uttar Pradesh,Lucknow,T30,36-45,Female,35.8,UPI,Verified
INV002714,2024-08-13,101208,lumpsum,160087,West Bengal,Kolkata,T30,46-55,Male,65.7,Mandate,Verified
INV001127,2024-08-13,125497,sip,5678,West Bengal,Kolkata,T30,26-35,Female,14.9,Mandate,Verified
INV001803,2024-08-13,119599,redemption,13879,Rajasthan,Udaipur,B30,26-35,Female,20.6,Mandate,Verified
INV003866,2024-08-13,118636,sip,10203,Rajasthan,Udaipur,B30,46-55,Female,92.0,Net Banking,Verified
INV000971,2024-08-13,100016,sip,23090,Maharashtra,Mumbai,T30,36-45,Male,42.2,Cheque,Verified
INV003586,2024-08-13,120503,redemption,431758,Haryana,Faridabad,B30,46-55,Male,68.9,Net Banking,Verified
INV002875,2024-08-13,101208,sip,1821,Delhi,Noida,T30,26-35,Male,23.9,Cheque,Verified
INV004496,2024-08-13,100033,lumpsum,396244,Madhya Pradesh,Indore,T30,18-25,Female,6.3,Mandate,Verified
INV001298,2024-08-13,102886,lumpsum,106983,Delhi,Gurugram,T30,26-35,Female,24.4,Cheque,Verified
INV000690,2024-08-13,100033,sip,41505,Delhi,Gurugram,T30,46-55,Male,98.7,Mandate,Verified
INV004477,2024-08-13,100033,sip,2476,Delhi,Gurugram,T30,46-55,Female,88.3,UPI,Verified
INV002010,2024-08-13,101206,sip,4761,Uttar Pradesh,Agra,B30,56+,Male,11.6,Cheque,Verified
INV003961,2024-08-13,148569,lumpsum,48439,Rajasthan,Udaipur,B30,46-55,Male,39.6,UPI,Verified
INV003535,2024-08-13,120843,redemption,91244,Maharashtra,Nashik,B30,26-35,Male,12.5,Cheque,Verified
INV002527,2024-08-13,148568,lumpsum,115569,Telangana,Hyderabad,T30,18-25,Male,6.8,Mandate,Verified
INV003076,2024-08-13,119092,sip,46939,Haryana,Gurugram,T30,26-35,Male,20.2,UPI,Verified
INV002284,2024-08-13,119095,lumpsum,46265,Karnataka,Bangalore,T30,36-45,Male,55.3,Cheque,Verified
INV000639,2024-08-13,119552,lumpsum,22525,Tamil Nadu,Coimbatore,B30,18-25,Female,3.6,Cheque,Verified
INV004460,2024-08-13,119092,sip,2603,Haryana,Gurugram,T30,26-35,Male,24.7,UPI,Verified
INV003803,2024-08-13,120507,redemption,539152,Rajasthan,Jaipur,T30,26-35,Male,10.8,Cheque,Verified
INV002004,2024-08-13,119552,lumpsum,150277,Uttar Pradesh,Agra,B30,18-25,Male,7.3,Mandate,Verified
INV003224,2024-08-13,100016,sip,6514,Punjab,Amritsar,B30,26-35,Male,16.0,Mandate,Verified
INV001406,2024-08-13,120841,sip,462,Telangana,Hyderabad,T30,46-55,Male,86.0,Net Banking,Pending
INV000581,2024-08-13,120842,sip,2079,Tamil Nadu,Coimbatore,B30,36-45,Male,26.4,Net Banking,Verified
INV002748,2024-08-13,102885,lumpsum,168602,Punjab,Amritsar,B30,26-35,Male,7.8,UPI,Verified
INV002932,2024-08-13,100033,sip,28369,Haryana,Gurugram,T30,36-45,Female,28.4,UPI,Pending
INV003839,2024-08-13,100033,sip,1102,Gujarat,Surat,T30,26-35,Female,11.5,Cheque,Pending
INV004012,2024-08-13,119120,sip,434,Delhi,Noida,T30,46-55,Male,82.3,Net Banking,Verified
INV000170,2024-08-13,101207,sip,13553,Haryana,Gurugram,T30,36-45,Female,12.4,Mandate,Verified
INV004570,2024-08-13,148569,sip,2370,Uttar Pradesh,Kanpur,B30,56+,Male,20.7,Net Banking,Verified
INV001655,2024-08-13,119552,sip,7517,Delhi,New Delhi,T30,26-35,Male,8.0,Net Banking,Verified
INV004456,2024-08-13,119095,sip,48650,West Bengal,Kolkata,T30,26-35,Female,7.0,Mandate,Verified
INV000415,2024-08-13,149323,sip,516,Maharashtra,Pune,T30,36-45,Female,20.3,Cheque,Verified
INV000151,2024-08-13,120842,lumpsum,385923,Delhi,New Delhi,T30,18-25,Male,5.1,UPI,Verified
INV002869,2024-08-13,102885,sip,43313,Haryana,Faridabad,B30,26-35,Male,19.9,Mandate,Verified
INV002638,2024-08-13,148567,lumpsum,130596,Delhi,New Delhi,T30,18-25,Male,4.2,Cheque,Verified
INV003419,2024-08-13,149324,sip,2195,Maharashtra,Pune,T30,18-25,Male,5.3,Net Banking,Verified
INV003961,2024-08-13,100033,redemption,164072,Rajasthan,Udaipur,B30,46-55,Male,39.6,Mandate,Verified
INV004817,2024-08-13,118636,sip,17977,Haryana,Faridabad,B30,26-35,Male,20.4,Cheque,Verified
INV001518,2024-08-13,119551,lumpsum,148447,Karnataka,Mysore,B30,18-25,Male,3.9,UPI,Verified
INV000452,2024-08-13,119598,sip,1706,Tamil Nadu,Coimbatore,B30,26-35,Male,18.1,Mandate,Verified
INV002347,2024-08-13,125498,sip,931,Delhi,New Delhi,T30,26-35,Female,6.5,Mandate,Verified
INV002676,2024-08-13,120503,sip,22176,Delhi,Gurugram,T30,46-55,Male,81.0,Mandate,Verified
INV000199,2024-08-13,120506,sip,5795,Telangana,Hyderabad,T30,36-45,Female,15.7,Cheque,Verified
INV003822,2024-08-13,119120,sip,13798,Rajasthan,Jaipur,T30,26-35,Male,12.9,Net Banking,Verified
INV002286,2024-08-13,118632,sip,491,Tamil Nadu,Coimbatore,B30,18-25,Male,5.9,UPI,Verified
INV001909,2024-08-13,101208,sip,2291,Telangana,Hyderabad,T30,36-45,Male,34.2,Cheque,Verified
INV000444,2024-08-13,118634,sip,6477,Maharashtra,Pune,T30,36-45,Female,42.1,Net Banking,Pending
INV003388,2024-08-13,148568,lumpsum,221768,Haryana,Faridabad,B30,56+,Female,39.3,UPI,Verified
INV000011,2024-08-14,120844,sip,980,West Bengal,Kolkata,T30,26-35,Male,9.6,UPI,Verified
INV002954,2024-08-14,119551,lumpsum,61956,Delhi,New Delhi,T30,26-35,Female,6.0,UPI,Verified
INV001611,2024-08-14,119598,sip,46929,West Bengal,Kolkata,T30,18-25,Female,7.4,Net Banking,Verified
INV000960,2024-08-14,119598,sip,2376,West Bengal,Kolkata,T30,46-55,Male,90.6,UPI,Verified
INV003626,2024-08-14,149324,sip,542,Madhya Pradesh,Indore,T30,26-35,Male,23.5,UPI,Verified
INV001315,2024-08-14,120503,sip,2090,Telangana,Hyderabad,T30,46-55,Female,32.9,Mandate,Verified
INV001597,2024-08-14,119551,sip,2994,West Bengal,Kolkata,T30,36-45,Male,46.1,UPI,Verified
INV002226,2024-08-14,149322,sip,14334,Gujarat,Surat,T30,46-55,Female,29.3,Net Banking,Verified
INV004544,2024-08-14,119552,sip,8422,Maharashtra,Mumbai,T30,36-45,Male,52.1,Cheque,Verified
INV003702,2024-08-14,102885,sip,55031,Madhya Pradesh,Bhopal,B30,36-45,Male,53.2,UPI,Verified
INV000323,2024-08-14,101206,lumpsum,184630,Telangana,Hyderabad,T30,26-35,Female,23.0,Net Banking,Verified
INV004362,2024-08-14,120844,lumpsum,23145,West Bengal,Kolkata,T30,26-35,Female,12.1,Net Banking,Verified
INV004728,2024-08-14,119552,sip,1725,Maharashtra,Pune,T30,46-55,Female,22.0,UPI,Verified
INV004540,2024-08-14,120843,sip,514,Punjab,Chandigarh,T30,36-45,Male,48.9,Cheque,Verified
INV004925,2024-08-14,119094,redemption,123176,Maharashtra,Pune,T30,18-25,Female,5.4,Net Banking,Verified
INV002333,2024-08-14,120504,sip,45685,Uttar Pradesh,Kanpur,B30,26-35,Male,23.7,Mandate,Verified
INV002579,2024-08-14,120842,sip,51161,Maharashtra,Mumbai,T30,36-45,Male,30.1,Net Banking,Verified
INV002713,2024-08-14,120843,sip,7158,Rajasthan,Udaipur,B30,26-35,Female,6.7,UPI,Verified
INV000463,2024-08-14,149323,sip,29819,Gujarat,Ahmedabad,T30,26-35,Male,8.9,UPI,Verified
INV001057,2024-08-14,100033,redemption,313815,Rajasthan,Jaipur,T30,46-55,Male,68.0,Cheque,Verified
INV001764,2024-08-14,125497,redemption,167367,Rajasthan,Udaipur,B30,46-55,Female,28.1,Net Banking,Verified
INV000601,2024-08-14,101207,redemption,218332,Rajasthan,Jaipur,T30,46-55,Male,52.6,Net Banking,Verified
INV000438,2024-08-14,149323,lumpsum,113033,Delhi,New Delhi,T30,26-35,Male,11.6,UPI,Verified
INV004695,2024-08-14,119094,sip,2339,Gujarat,Ahmedabad,T30,26-35,Female,14.3,Cheque,Pending
INV002079,2024-08-14,119093,sip,562,Rajasthan,Udaipur,B30,26-35,Male,10.1,Net Banking,Verified
INV002438,2024-08-14,119095,lumpsum,332540,Uttar Pradesh,Kanpur,B30,56+,Male,37.9,Net Banking,Verified
INV004989,2024-08-14,102887,sip,12239,Karnataka,Bangalore,T30,26-35,Male,6.4,Cheque,Verified
INV000072,2024-08-14,119095,sip,4492,Gujarat,Ahmedabad,T30,18-25,Female,6.4,Cheque,Verified
INV002369,2024-08-14,120507,sip,8690,Madhya Pradesh,Bhopal,B30,36-45,Male,33.6,Net Banking,Verified
INV001971,2024-08-14,120843,lumpsum,322513,Gujarat,Ahmedabad,T30,26-35,Male,21.0,Cheque,Verified
INV001355,2024-08-14,118633,lumpsum,391004,Tamil Nadu,Chennai,T30,46-55,Female,89.8,UPI,Pending
INV004338,2024-08-14,118635,sip,23651,Maharashtra,Mumbai,T30,46-55,Female,82.5,Cheque,Verified
INV003634,2024-08-14,118632,sip,4310,Punjab,Chandigarh,T30,46-55,Female,87.5,UPI,Verified
INV003310,2024-08-14,101208,lumpsum,404084,Telangana,Hyderabad,T30,26-35,Male,8.0,Net Banking,Verified
INV000038,2024-08-14,119095,sip,903,West Bengal,Kolkata,T30,56+,Female,22.4,Cheque,Verified
INV000636,2024-08-14,148567,sip,4197,Delhi,Noida,T30,46-55,Male,79.6,Net Banking,Verified
INV002751,2024-08-14,118633,sip,6461,Delhi,New Delhi,T30,36-45,Male,45.4,Mandate,Verified
INV004366,2024-08-14,148568,sip,2500,Delhi,New Delhi,T30,46-55,Female,81.1,Net Banking,Verified
INV000907,2024-08-14,119092,lumpsum,431036,Karnataka,Bangalore,T30,46-55,Female,64.5,Net Banking,Verified
INV002409,2024-08-14,100033,lumpsum,510623,Punjab,Amritsar,B30,18-25,Female,4.9,Mandate,Verified
INV004418,2024-08-14,101208,sip,2813,Haryana,Faridabad,B30,26-35,Female,23.2,Cheque,Verified
INV004230,2024-08-14,149322,redemption,498760,Karnataka,Bangalore,T30,18-25,Female,7.4,Net Banking,Verified
INV004050,2024-08-14,118636,sip,8907,West Bengal,Kolkata,T30,26-35,Male,15.5,Mandate,Verified
INV003604,2024-08-14,118636,redemption,47204,Punjab,Chandigarh,T30,18-25,Female,7.4,Cheque,Verified
INV001391,2024-08-14,118632,redemption,90449,Madhya Pradesh,Bhopal,B30,36-45,Male,18.5,Net Banking,Verified
INV000032,2024-08-14,120844,sip,512,Delhi,Noida,T30,36-45,Male,21.8,Net Banking,Verified
INV000753,2024-08-14,120842,sip,583,Haryana,Faridabad,B30,46-55,Male,82.4,Net Banking,Verified
INV002005,2024-08-14,101208,redemption,341770,Maharashtra,Pune,T30,18-25,Male,7.1,Cheque,Verified
INV002093,2024-08-14,102886,lumpsum,324676,Punjab,Chandigarh,T30,26-35,Male,14.7,Cheque,Verified
INV001866,2024-08-14,120504,lumpsum,450212,Telangana,Hyderabad,T30,36-45,Female,33.9,UPI,Verified
INV000994,2024-08-14,125498,lumpsum,534854,Maharashtra,Pune,T30,26-35,Female,6.1,Mandate,Verified
INV002655,2024-08-14,119598,redemption,215721,Haryana,Faridabad,B30,56+,Male,44.4,Net Banking,Verified
INV004455,2024-08-14,118633,sip,802,Telangana,Hyderabad,T30,18-25,Female,3.5,UPI,Pending
INV000627,2024-08-14,102885,sip,4728,Delhi,Noida,T30,36-45,Female,49.8,Mandate,Verified
INV003948,2024-08-14,119598,sip,46469,Madhya Pradesh,Indore,T30,18-25,Female,7.5,Cheque,Verified
INV002963,2024-08-14,101207,sip,1780,Uttar Pradesh,Agra,B30,26-35,Male,24.0,Net Banking,Verified
INV002927,2024-08-14,102886,sip,811,Punjab,Amritsar,B30,56+,Male,29.1,Cheque,Verified
INV000744,2024-08-14,149322,redemption,326985,Uttar Pradesh,Kanpur,B30,56+,Female,49.8,Net Banking,Verified
INV003748,2024-08-14,120506,lumpsum,138978,Madhya Pradesh,Indore,T30,46-55,Male,66.4,UPI,Pending
INV004400,2024-08-14,101208,sip,4710,Uttar Pradesh,Agra,B30,26-35,Male,19.5,Mandate,Verified
INV002090,2024-08-14,102886,sip,2947,Maharashtra,Mumbai,T30,26-35,Male,23.7,Cheque,Verified
INV002869,2024-08-15,120843,sip,1977,Haryana,Faridabad,B30,26-35,Male,19.9,Cheque,Verified
INV002947,2024-08-15,120505,sip,4190,Maharashtra,Nashik,B30,46-55,Male,73.3,Mandate,Verified
INV002416,2024-08-15,102886,lumpsum,573536,Telangana,Hyderabad,T30,26-35,Female,15.2,Mandate,Verified
INV002240,2024-08-15,125498,sip,8221,Haryana,Faridabad,B30,26-35,Male,24.7,Cheque,Verified
INV002708,2024-08-15,119094,redemption,139247,Karnataka,Mysore,B30,26-35,Male,14.0,Cheque,Verified
INV002483,2024-08-15,120507,lumpsum,235816,Delhi,New Delhi,T30,46-55,Female,60.8,UPI,Verified
INV002318,2024-08-15,125498,redemption,354680,Tamil Nadu,Chennai,T30,36-45,Male,21.1,UPI,Verified
INV002912,2024-08-15,102885,lumpsum,409806,Maharashtra,Mumbai,T30,26-35,Female,23.6,Net Banking,Verified
INV002535,2024-08-15,120843,redemption,406049,Rajasthan,Udaipur,B30,36-45,Male,22.6,Cheque,Verified
INV002345,2024-08-15,120504,sip,1121,Uttar Pradesh,Agra,B30,36-45,Male,38.3,Mandate,Verified
INV002399,2024-08-15,100025,sip,54549,Gujarat,Ahmedabad,T30,46-55,Female,34.7,Mandate,Verified
INV002961,2024-08-15,119094,sip,43300,Gujarat,Ahmedabad,T30,26-35,Male,13.0,UPI,Verified
INV002521,2024-08-15,120506,sip,28707,Punjab,Chandigarh,T30,26-35,Male,12.3,UPI,Verified
INV002348,2024-08-15,149324,sip,20283,Uttar Pradesh,Agra,B30,26-35,Male,13.4,Cheque,Verified
INV002512,2024-08-15,118634,lumpsum,367050,Rajasthan,Jaipur,T30,46-55,Male,74.6,Cheque,Verified
INV002796,2024-08-15,119120,sip,13417,Telangana,Hyderabad,T30,36-45,Male,48.8,Net Banking,Verified
INV002861,2024-08-15,120504,lumpsum,58244,Punjab,Amritsar,B30,56+,Female,79.7,Cheque,Verified
INV002961,2024-08-15,119598,sip,2322,Gujarat,Ahmedabad,T30,26-35,Male,13.0,Net Banking,Verified
INV002606,2024-08-15,102887,lumpsum,64733,Telangana,Hyderabad,T30,26-35,Female,8.1,Cheque,Verified
INV000349,2024-08-15,101208,lumpsum,508569,Maharashtra,Mumbai,T30,18-25,Female,3.8,Mandate,Verified
INV003479,2024-08-15,119092,redemption,102826,West Bengal,Kolkata,T30,36-45,Female,44.7,Cheque,Verified
INV003113,2024-08-15,120843,sip,4040,Rajasthan,Jaipur,T30,26-35,Male,22.0,Mandate,Pending
INV001888,2024-08-15,101207,lumpsum,79087,Delhi,New Delhi,T30,18-25,Female,6.4,UPI,Pending
INV000320,2024-08-15,148567,sip,17805,Uttar Pradesh,Kanpur,B30,26-35,Male,19.7,Mandate,Verified
INV004508,2024-08-15,101208,redemption,268802,Punjab,Amritsar,B30,36-45,Female,36.5,Mandate,Verified
INV003509,2024-08-15,101208,sip,4523,Haryana,Gurugram,T30,36-45,Male,14.5,Mandate,Verified
INV003509,2024-08-15,120841,lumpsum,214811,Haryana,Gurugram,T30,36-45,Male,14.5,UPI,Verified
INV003279,2024-08-15,120505,sip,2126,Rajasthan,Jaipur,T30,46-55,Female,19.4,Cheque,Verified
INV003954,2024-08-15,100016,redemption,118130,Rajasthan,Udaipur,B30,26-35,Male,7.1,UPI,Verified
INV004499,2024-08-15,119551,lumpsum,451088,Uttar Pradesh,Kanpur,B30,18-25,Female,6.6,UPI,Verified
INV004734,2024-08-15,119598,sip,5449,Uttar Pradesh,Kanpur,B30,36-45,Male,32.4,Cheque,Verified
INV001413,2024-08-15,102887,sip,6196,Karnataka,Bangalore,T30,36-45,Male,41.8,Cheque,Verified
INV004137,2024-08-15,101206,redemption,502601,West Bengal,Kolkata,T30,18-25,Female,6.2,Net Banking,Verified
INV003690,2024-08-15,100025,sip,835,Delhi,Gurugram,T30,36-45,Female,53.2,Net Banking,Verified
INV001945,2024-08-15,102886,redemption,545849,Gujarat,Ahmedabad,T30,26-35,Male,8.0,UPI,Verified
INV000715,2024-08-15,100016,sip,2254,Uttar Pradesh,Agra,B30,26-35,Male,24.2,UPI,Verified
INV001423,2024-08-15,100025,sip,23338,Madhya Pradesh,Bhopal,B30,18-25,Female,7.7,Net Banking,Verified
INV001371,2024-08-15,125497,redemption,199869,Tamil Nadu,Coimbatore,B30,26-35,Male,22.9,Mandate,Pending
INV002182,2024-08-15,102887,sip,27042,Madhya Pradesh,Bhopal,B30,36-45,Male,54.3,UPI,Verified
INV000481,2024-08-15,119092,sip,16866,Madhya Pradesh,Bhopal,B30,26-35,Female,13.4,Mandate,Verified
INV003913,2024-08-15,120843,sip,23947,Telangana,Hyderabad,T30,36-45,Male,51.7,UPI,Verified
INV004893,2024-08-15,120842,sip,6531,Delhi,Gurugram,T30,36-45,Male,32.6,Mandate,Verified
INV001319,2024-08-15,120843,redemption,225647,Delhi,Gurugram,T30,26-35,Female,20.8,UPI,Verified
INV001015,2024-08-15,119598,sip,438,Haryana,Gurugram,T30,36-45,Female,21.1,Mandate,Verified
INV004892,2024-08-15,118633,redemption,32672,West Bengal,Kolkata,T30,26-35,Female,22.7,Mandate,Verified
INV001295,2024-08-15,120841,sip,25678,Madhya Pradesh,Indore,T30,36-45,Male,30.8,UPI,Verified
INV003765,2024-08-15,120505,sip,1086,Uttar Pradesh,Kanpur,B30,26-35,Male,11.1,Net Banking,Verified
INV004232,2024-08-15,148569,lumpsum,462969,Tamil Nadu,Chennai,T30,26-35,Male,19.0,Net Banking,Verified
INV004609,2024-08-15,100016,sip,7887,Karnataka,Bangalore,T30,26-35,Female,10.3,Net Banking,Verified
INV001330,2024-08-15,149324,sip,1076,Delhi,Gurugram,T30,46-55,Male,76.9,Cheque,Verified
INV003803,2024-08-15,119093,sip,3372,Rajasthan,Jaipur,T30,26-35,Male,10.8,Mandate,Verified
INV004918,2024-08-15,120843,redemption,39010,Punjab,Amritsar,B30,56+,Female,46.9,Cheque,Verified
INV000440,2024-08-15,119095,sip,1705,Uttar Pradesh,Agra,B30,18-25,Male,6.7,Mandate,Verified
INV004665,2024-08-15,119552,redemption,176939,Madhya Pradesh,Bhopal,B30,36-45,Male,17.1,Mandate,Verified
INV000789,2024-08-15,100025,lumpsum,103250,Gujarat,Surat,T30,56+,Male,47.7,Net Banking,Verified
INV000086,2024-08-15,102887,sip,2407,Karnataka,Mysore,B30,18-25,Female,4.1,Net Banking,Verified
INV001361,2024-08-15,120843,sip,2411,West Bengal,Kolkata,T30,26-35,Female,21.1,Mandate,Verified
INV004882,2024-08-15,149324,redemption,381276,Madhya Pradesh,Bhopal,B30,26-35,Male,15.2,Mandate,Verified
INV004927,2024-08-15,120504,lumpsum,479777,Maharashtra,Nashik,B30,26-35,Male,19.5,Net Banking,Verified
INV003129,2024-08-15,120507,sip,8498,Haryana,Gurugram,T30,36-45,Female,33.4,Cheque,Verified
INV004484,2024-08-15,118632,sip,447,Punjab,Amritsar,B30,46-55,Male,61.9,Cheque,Verified
INV000387,2024-08-15,101208,sip,5923,Gujarat,Surat,T30,36-45,Male,53.8,Net Banking,Verified
INV004856,2024-08-15,120507,sip,12423,Maharashtra,Mumbai,T30,36-45,Male,54.3,Net Banking,Verified
INV000205,2024-08-15,100033,redemption,354554,Haryana,Faridabad,B30,18-25,Male,4.4,UPI,Verified
INV003970,2024-08-15,120505,sip,402,Telangana,Hyderabad,T30,18-25,Male,4.1,Mandate,Verified
INV001525,2024-08-15,118632,sip,21957,Maharashtra,Mumbai,T30,36-45,Male,55.8,UPI,Verified
INV004098,2024-08-15,101206,sip,43386,Delhi,Noida,T30,26-35,Male,11.3,UPI,Verified
INV004398,2024-08-15,119095,sip,4487,Punjab,Chandigarh,T30,46-55,Male,95.2,Mandate,Verified
INV000604,2024-08-15,125497,lumpsum,441609,Karnataka,Bangalore,T30,26-35,Male,9.5,Cheque,Verified
INV004096,2024-08-15,148567,redemption,285937,Tamil Nadu,Coimbatore,B30,36-45,Male,57.1,Net Banking,Verified
INV000602,2024-08-15,149323,redemption,83103,West Bengal,Kolkata,T30,18-25,Male,8.0,Mandate,Verified
INV000678,2024-08-15,119093,sip,3225,Gujarat,Surat,T30,26-35,Male,19.1,Cheque,Pending
INV003975,2024-08-15,118636,sip,5959,Gujarat,Ahmedabad,T30,36-45,Male,26.2,Mandate,Verified
INV003869,2024-08-15,102885,sip,4640,Maharashtra,Mumbai,T30,18-25,Male,5.0,Cheque,Verified
INV003569,2024-08-15,119093,sip,1666,Delhi,Gurugram,T30,46-55,Male,65.1,Mandate,Verified
INV003171,2024-08-15,118636,redemption,269930,Rajasthan,Jaipur,T30,36-45,Female,16.3,UPI,Verified
INV003147,2024-08-15,148569,redemption,204806,West Bengal,Kolkata,T30,26-35,Male,18.9,Mandate,Verified
INV000660,2024-08-15,119599,sip,28544,Punjab,Chandigarh,T30,36-45,Male,14.1,Net Banking,Verified
INV002991,2024-08-16,149324,lumpsum,391981,Tamil Nadu,Chennai,T30,26-35,Female,13.0,Net Banking,Verified
INV003603,2024-08-16,120504,redemption,274298,Madhya Pradesh,Indore,T30,36-45,Male,52.4,Net Banking,Verified
INV003304,2024-08-16,120843,lumpsum,61613,Telangana,Hyderabad,T30,18-25,Female,4.8,Net Banking,Verified
INV003460,2024-08-16,120842,sip,8548,Delhi,New Delhi,T30,26-35,Male,14.6,Cheque,Verified
INV002196,2024-08-16,120505,sip,6794,Delhi,Gurugram,T30,26-35,Female,23.6,UPI,Verified
INV003658,2024-08-16,118634,sip,2444,West Bengal,Kolkata,T30,26-35,Male,6.3,Cheque,Verified
INV000466,2024-08-16,125498,sip,1668,Haryana,Faridabad,B30,18-25,Male,4.4,UPI,Verified
INV003609,2024-08-16,102886,sip,23709,Karnataka,Mysore,B30,26-35,Male,9.2,Net Banking,Verified
INV001860,2024-08-16,119598,redemption,29398,Karnataka,Mysore,B30,26-35,Female,9.0,UPI,Verified
INV002235,2024-08-16,119599,sip,12693,Uttar Pradesh,Agra,B30,36-45,Female,32.1,Cheque,Verified
INV004646,2024-08-16,118632,sip,960,Madhya Pradesh,Indore,T30,18-25,Female,5.5,Net Banking,Verified
INV002026,2024-08-16,120505,sip,8573,Telangana,Hyderabad,T30,26-35,Male,6.8,Net Banking,Verified
INV000442,2024-08-16,120842,lumpsum,301265,Delhi,Noida,T30,26-35,Male,16.2,UPI,Pending
INV002878,2024-08-16,120841,redemption,163654,Uttar Pradesh,Lucknow,T30,26-35,Female,17.4,Cheque,Verified
INV002464,2024-08-16,120507,sip,2905,Karnataka,Bangalore,T30,26-35,Female,22.9,Cheque,Pending
INV001320,2024-08-16,149324,sip,7733,Punjab,Amritsar,B30,36-45,Male,31.8,Mandate,Verified
INV002330,2024-08-16,100025,sip,2027,Madhya Pradesh,Indore,T30,26-35,Female,17.5,Cheque,Verified
INV003395,2024-08-16,100033,sip,2194,Gujarat,Ahmedabad,T30,36-45,Male,39.2,UPI,Verified
INV001133,2024-08-16,120506,redemption,81347,Madhya Pradesh,Bhopal,B30,26-35,Male,21.0,Net Banking,Verified
INV000815,2024-08-16,119095,sip,498,Karnataka,Mysore,B30,26-35,Male,9.2,Mandate,Verified
INV002208,2024-08-16,100033,redemption,292960,Punjab,Chandigarh,T30,56+,Male,61.1,UPI,Verified
INV004924,2024-08-16,100016,sip,16065,Telangana,Hyderabad,T30,36-45,Male,16.1,Mandate,Verified
INV000030,2024-08-16,148567,sip,2182,Delhi,Noida,T30,18-25,Female,5.1,UPI,Verified
INV002265,2024-08-16,149322,sip,15817,Rajasthan,Jaipur,T30,18-25,Female,3.8,Cheque,Verified
INV000561,2024-08-16,118635,sip,6189,Rajasthan,Jaipur,T30,36-45,Male,37.3,UPI,Verified
INV002405,2024-08-16,102886,sip,11830,Maharashtra,Nashik,B30,18-25,Male,7.6,Net Banking,Verified
INV002190,2024-08-16,149322,redemption,546505,Uttar Pradesh,Kanpur,B30,36-45,Female,58.7,Mandate,Verified
INV003853,2024-08-16,149324,redemption,413642,Tamil Nadu,Coimbatore,B30,26-35,Male,16.1,Mandate,Verified
INV004871,2024-08-16,148569,lumpsum,125433,Punjab,Chandigarh,T30,26-35,Male,9.2,Mandate,Verified
INV001446,2024-08-16,125497,sip,53516,Delhi,Noida,T30,26-35,Male,6.6,Cheque,Verified
INV003553,2024-08-16,119093,sip,16333,Punjab,Amritsar,B30,36-45,Male,33.0,Mandate,Verified
INV003556,2024-08-16,120844,sip,2465,Karnataka,Mysore,B30,18-25,Male,3.7,Mandate,Verified
INV004024,2024-08-16,118633,lumpsum,365937,Telangana,Hyderabad,T30,36-45,Male,23.1,Cheque,Verified
INV004343,2024-08-16,101208,sip,14789,Madhya Pradesh,Bhopal,B30,18-25,Male,7.9,Mandate,Pending
INV001917,2024-08-16,119093,redemption,165528,Telangana,Hyderabad,T30,26-35,Male,22.9,Mandate,Verified
INV003264,2024-08-16,149323,sip,4098,Haryana,Faridabad,B30,18-25,Male,4.9,Mandate,Verified
INV001583,2024-08-16,118632,sip,6551,Delhi,Gurugram,T30,18-25,Male,3.1,UPI,Verified
INV000245,2024-08-16,119093,sip,8515,Punjab,Amritsar,B30,26-35,Male,6.2,UPI,Verified
INV000539,2024-08-16,120506,sip,6432,Haryana,Faridabad,B30,26-35,Female,13.4,Cheque,Verified
INV000892,2024-08-16,119093,lumpsum,107446,Gujarat,Ahmedabad,T30,36-45,Male,26.4,UPI,Verified
INV003014,2024-08-16,101208,sip,2042,Karnataka,Bangalore,T30,26-35,Female,12.3,UPI,Verified
INV002980,2024-08-16,148568,sip,5850,Maharashtra,Pune,T30,26-35,Male,22.4,UPI,Verified
INV000231,2024-08-16,120507,sip,1807,Rajasthan,Udaipur,B30,26-35,Female,22.9,Mandate,Verified
INV002765,2024-08-16,149322,lumpsum,198581,Uttar Pradesh,Lucknow,T30,36-45,Male,57.6,Net Banking,Verified
INV000714,2024-08-16,118634,sip,2346,Uttar Pradesh,Kanpur,B30,26-35,Female,23.8,Net Banking,Verified
INV000949,2024-08-16,102885,sip,1015,Tamil Nadu,Coimbatore,B30,26-35,Male,11.2,UPI,Verified
INV003588,2024-08-16,119095,redemption,283712,Gujarat,Ahmedabad,T30,36-45,Female,29.3,UPI,Verified
INV004850,2024-08-17,118635,sip,931,Madhya Pradesh,Bhopal,B30,56+,Male,34.8,UPI,Verified
INV002751,2024-08-17,125498,sip,15976,Delhi,New Delhi,T30,36-45,Male,45.4,Cheque,Verified
INV001171,2024-08-17,119551,sip,879,Punjab,Chandigarh,T30,26-35,Female,22.7,Mandate,Verified
INV003903,2024-08-17,119094,sip,15035,Karnataka,Mysore,B30,18-25,Female,6.6,Mandate,Pending
INV004136,2024-08-17,119093,redemption,315913,Gujarat,Surat,T30,18-25,Male,3.2,Net Banking,Verified
INV002674,2024-08-17,149323,lumpsum,457160,Karnataka,Mysore,B30,26-35,Female,7.4,Mandate,Verified
INV000286,2024-08-17,102887,sip,9391,Madhya Pradesh,Indore,T30,26-35,Female,9.8,Cheque,Verified
INV000123,2024-08-17,119094,sip,8629,Punjab,Chandigarh,T30,46-55,Male,73.3,UPI,Pending
INV000341,2024-08-17,120843,sip,20959,Delhi,New Delhi,T30,26-35,Male,19.6,Net Banking,Verified
INV004775,2024-08-17,120842,sip,7986,Maharashtra,Mumbai,T30,18-25,Male,4.3,Cheque,Verified
INV003812,2024-08-17,119598,lumpsum,263744,Haryana,Faridabad,B30,18-25,Female,3.6,Net Banking,Verified
INV000865,2024-08-17,119093,sip,14837,Tamil Nadu,Coimbatore,B30,26-35,Male,24.2,UPI,Verified
INV000240,2024-08-17,100025,lumpsum,120400,West Bengal,Kolkata,T30,26-35,Female,6.8,Net Banking,Verified
INV002956,2024-08-17,101206,sip,7697,Gujarat,Surat,T30,36-45,Female,53.7,Net Banking,Verified
INV002570,2024-08-17,102886,lumpsum,218105,Punjab,Chandigarh,T30,36-45,Male,55.3,Net Banking,Verified
INV000130,2024-08-17,120842,sip,22266,Madhya Pradesh,Indore,T30,56+,Female,69.4,Cheque,Verified
INV001249,2024-08-17,149324,redemption,66210,Maharashtra,Mumbai,T30,26-35,Female,16.4,Cheque,Verified
INV004672,2024-08-17,125498,sip,846,Rajasthan,Jaipur,T30,26-35,Male,23.9,Cheque,Verified
INV003836,2024-08-17,119093,sip,2220,Karnataka,Bangalore,T30,36-45,Male,12.4,Cheque,Verified
INV001233,2024-08-17,102885,lumpsum,389840,Telangana,Hyderabad,T30,26-35,Male,11.7,UPI,Verified
INV003872,2024-08-17,149324,sip,40628,Uttar Pradesh,Kanpur,B30,26-35,Male,20.1,Mandate,Verified
INV002104,2024-08-17,120507,sip,8316,Maharashtra,Mumbai,T30,26-35,Female,15.0,Cheque,Verified
INV004777,2024-08-17,101207,lumpsum,147399,Karnataka,Bangalore,T30,18-25,Male,7.7,Cheque,Verified
INV001005,2024-08-17,125497,redemption,232526,Karnataka,Bangalore,T30,46-55,Male,84.6,Net Banking,Verified
INV000949,2024-08-17,102885,lumpsum,103749,Tamil Nadu,Coimbatore,B30,26-35,Male,11.2,UPI,Verified
INV002037,2024-08-17,120506,sip,507,Delhi,New Delhi,T30,56+,Male,22.0,Cheque,Verified
INV000747,2024-08-17,120504,sip,17621,West Bengal,Kolkata,T30,36-45,Female,40.3,Cheque,Verified
INV000637,2024-08-17,120842,lumpsum,485809,Punjab,Chandigarh,T30,26-35,Male,13.9,Net Banking,Pending
INV003558,2024-08-17,119094,sip,1170,Uttar Pradesh,Lucknow,T30,18-25,Male,6.1,Cheque,Verified
INV001397,2024-08-17,120841,lumpsum,313581,Delhi,New Delhi,T30,26-35,Male,20.8,UPI,Verified
INV001458,2024-08-17,118632,sip,1710,Tamil Nadu,Coimbatore,B30,46-55,Male,34.9,Mandate,Verified
INV002402,2024-08-17,119120,sip,1114,Uttar Pradesh,Lucknow,T30,46-55,Male,55.5,Net Banking,Verified
INV000062,2024-08-17,119551,lumpsum,364007,Haryana,Faridabad,B30,46-55,Male,22.9,Mandate,Verified
INV004491,2024-08-17,149323,sip,952,Punjab,Chandigarh,T30,46-55,Male,83.6,Mandate,Verified
INV000012,2024-08-17,148569,sip,2125,Uttar Pradesh,Kanpur,B30,46-55,Male,51.6,UPI,Verified
INV004024,2024-08-17,120507,lumpsum,11502,Telangana,Hyderabad,T30,36-45,Male,23.1,Net Banking,Verified
INV003537,2024-08-17,149322,sip,2668,Punjab,Amritsar,B30,18-25,Male,3.7,Mandate,Verified
INV004428,2024-08-17,149324,lumpsum,210064,Rajasthan,Udaipur,B30,26-35,Female,6.7,Mandate,Verified
INV003586,2024-08-17,100016,lumpsum,476720,Haryana,Faridabad,B30,46-55,Male,68.9,UPI,Verified
INV000570,2024-08-17,120842,lumpsum,30180,Madhya Pradesh,Bhopal,B30,26-35,Male,16.2,UPI,Verified
INV002715,2024-08-17,119094,sip,527,Madhya Pradesh,Bhopal,B30,26-35,Male,19.8,Net Banking,Verified
INV004332,2024-08-17,148569,sip,870,Haryana,Faridabad,B30,36-45,Female,52.1,UPI,Verified
INV003557,2024-08-17,101207,sip,2847,Karnataka,Bangalore,T30,46-55,Female,81.8,Net Banking,Verified
INV001455,2024-08-17,149322,sip,10871,Madhya Pradesh,Indore,T30,36-45,Male,26.8,Cheque,Verified
INV000761,2024-08-17,120506,sip,42084,Rajasthan,Udaipur,B30,18-25,Female,7.5,Mandate,Verified
INV000585,2024-08-17,102886,sip,3477,Telangana,Hyderabad,T30,46-55,Female,47.0,Mandate,Pending
INV004894,2024-08-17,120843,sip,8605,Telangana,Hyderabad,T30,26-35,Female,21.0,Mandate,Verified
INV000821,2024-08-17,102885,redemption,437489,Uttar Pradesh,Kanpur,B30,36-45,Male,50.1,UPI,Verified
INV004231,2024-08-17,100033,lumpsum,358355,West Bengal,Kolkata,T30,56+,Male,17.5,Cheque,Verified
INV001530,2024-08-17,149324,sip,1098,Telangana,Hyderabad,T30,26-35,Male,21.0,UPI,Pending
INV004995,2024-08-17,118633,sip,5294,West Bengal,Kolkata,T30,36-45,Male,53.0,UPI,Verified
INV004912,2024-08-17,119093,sip,21495,West Bengal,Kolkata,T30,18-25,Male,6.4,UPI,Verified
INV001138,2024-08-17,119552,lumpsum,163902,Haryana,Faridabad,B30,46-55,Female,81.3,Cheque,Verified
INV003398,2024-08-17,120504,sip,14430,Karnataka,Bangalore,T30,36-45,Male,42.0,Cheque,Verified
INV000406,2024-08-17,101207,sip,2852,Rajasthan,Jaipur,T30,26-35,Male,20.8,UPI,Verified
INV002332,2024-08-17,120503,lumpsum,136566,Punjab,Chandigarh,T30,26-35,Female,13.4,Cheque,Verified
INV004637,2024-08-17,120505,sip,429,Gujarat,Surat,T30,18-25,Male,6.8,Mandate,Verified
INV001512,2024-08-17,149323,lumpsum,121159,Haryana,Gurugram,T30,46-55,Male,49.4,UPI,Verified
INV004569,2024-08-17,100016,lumpsum,462689,Tamil Nadu,Coimbatore,B30,36-45,Male,47.3,Net Banking,Verified
INV002135,2024-08-17,119093,sip,20342,Gujarat,Ahmedabad,T30,56+,Male,18.3,UPI,Verified
INV001080,2024-08-17,119551,redemption,10331,Tamil Nadu,Chennai,T30,18-25,Female,7.3,Mandate,Verified
INV000803,2024-08-17,125497,redemption,442593,Karnataka,Mysore,B30,26-35,Female,20.6,Mandate,Verified
INV001588,2024-08-18,118634,sip,2176,Karnataka,Bangalore,T30,56+,Male,75.2,Net Banking,Verified
INV000714,2024-08-18,119551,sip,2347,Uttar Pradesh,Kanpur,B30,26-35,Female,23.8,UPI,Verified
INV004360,2024-08-18,120504,sip,48454,Madhya Pradesh,Bhopal,B30,26-35,Female,15.9,UPI,Verified
INV002420,2024-08-18,102886,lumpsum,403752,Karnataka,Mysore,B30,26-35,Female,6.4,Cheque,Verified
INV002948,2024-08-18,125497,lumpsum,524692,Maharashtra,Mumbai,T30,46-55,Male,43.6,Net Banking,Pending
INV001985,2024-08-18,119598,sip,877,Gujarat,Surat,T30,36-45,Male,46.6,UPI,Verified
INV003200,2024-08-18,101206,redemption,89591,Punjab,Chandigarh,T30,46-55,Male,61.2,Net Banking,Verified
INV000615,2024-08-18,100016,sip,461,Punjab,Amritsar,B30,36-45,Male,60.0,Cheque,Verified
INV002952,2024-08-18,100025,lumpsum,284817,Punjab,Amritsar,B30,18-25,Male,7.1,Cheque,Pending
INV001995,2024-08-18,119551,sip,16401,Gujarat,Surat,T30,26-35,Male,20.8,Cheque,Verified
INV001999,2024-08-18,118632,lumpsum,406925,Rajasthan,Udaipur,B30,18-25,Male,5.8,Mandate,Verified
INV004400,2024-08-18,120843,sip,10259,Uttar Pradesh,Agra,B30,26-35,Male,19.5,Cheque,Verified
INV002947,2024-08-18,119598,sip,6226,Maharashtra,Nashik,B30,46-55,Male,73.3,Cheque,Verified
INV003355,2024-08-18,118636,lumpsum,90605,West Bengal,Kolkata,T30,26-35,Female,14.6,Cheque,Verified
INV001615,2024-08-18,119551,lumpsum,298734,Tamil Nadu,Chennai,T30,26-35,Male,15.7,Net Banking,Verified
INV001603,2024-08-18,125497,sip,10783,Uttar Pradesh,Agra,B30,46-55,Female,53.9,Net Banking,Verified
INV003783,2024-08-18,119120,redemption,141307,Madhya Pradesh,Indore,T30,18-25,Male,3.5,Mandate,Verified
INV000408,2024-08-18,118634,sip,29138,Punjab,Amritsar,B30,56+,Male,62.3,Net Banking,Verified
INV000363,2024-08-18,102885,sip,559,Madhya Pradesh,Bhopal,B30,26-35,Male,22.6,Net Banking,Verified
INV003400,2024-08-18,118632,sip,3147,Tamil Nadu,Coimbatore,B30,36-45,Female,15.0,Cheque,Verified
INV000446,2024-08-18,119094,redemption,453645,Rajasthan,Jaipur,T30,26-35,Female,23.8,Net Banking,Verified
INV002689,2024-08-18,120844,lumpsum,462150,Madhya Pradesh,Bhopal,B30,26-35,Male,7.4,Cheque,Verified
INV004560,2024-08-18,119095,sip,2869,Tamil Nadu,Coimbatore,B30,36-45,Male,42.7,Cheque,Verified
INV002295,2024-08-18,102886,lumpsum,242718,Telangana,Hyderabad,T30,26-35,Female,17.9,Mandate,Verified
INV002460,2024-08-18,125498,lumpsum,313013,Madhya Pradesh,Bhopal,B30,36-45,Male,44.8,Cheque,Verified
INV004276,2024-08-18,101206,redemption,432358,Punjab,Amritsar,B30,26-35,Male,13.4,Net Banking,Verified
INV004545,2024-08-18,101206,redemption,408954,Madhya Pradesh,Indore,T30,26-35,Male,12.8,Mandate,Verified
INV001653,2024-08-18,119551,sip,5552,Maharashtra,Mumbai,T30,36-45,Male,45.4,Cheque,Pending
INV000879,2024-08-18,119552,sip,3420,Gujarat,Surat,T30,36-45,Male,59.0,Net Banking,Pending
INV000531,2024-08-18,118636,redemption,120502,Delhi,Gurugram,T30,56+,Male,64.9,Mandate,Verified
INV004306,2024-08-18,120843,sip,5533,Telangana,Hyderabad,T30,26-35,Female,20.4,Net Banking,Verified
INV003524,2024-08-18,120506,sip,28458,Telangana,Hyderabad,T30,36-45,Male,12.5,Mandate,Verified
INV002310,2024-08-18,118635,sip,25496,Tamil Nadu,Coimbatore,B30,26-35,Female,15.6,Mandate,Verified
INV004485,2024-08-18,100025,redemption,368931,Haryana,Faridabad,B30,18-25,Male,6.6,Mandate,Verified
INV001620,2024-08-18,119552,sip,579,Punjab,Amritsar,B30,26-35,Male,8.1,UPI,Verified
INV004473,2024-08-18,149324,sip,446,Karnataka,Mysore,B30,18-25,Male,5.6,Net Banking,Pending
INV000829,2024-08-18,119095,sip,546,West Bengal,Kolkata,T30,26-35,Female,23.1,UPI,Verified
INV003541,2024-08-18,119094,redemption,516117,Punjab,Chandigarh,T30,26-35,Female,10.5,UPI,Verified
INV000266,2024-08-18,120844,sip,28363,Madhya Pradesh,Indore,T30,56+,Male,67.6,Net Banking,Verified
INV002942,2024-08-18,100025,sip,2783,Delhi,Noida,T30,36-45,Male,27.8,Mandate,Verified
INV003855,2024-08-18,120841,lumpsum,50751,Haryana,Faridabad,B30,56+,Male,58.1,Net Banking,Verified
INV001949,2024-08-18,149324,redemption,120171,Rajasthan,Jaipur,T30,36-45,Male,43.2,Net Banking,Verified
INV004590,2024-08-18,120503,lumpsum,418578,Rajasthan,Jaipur,T30,36-45,Male,22.7,Mandate,Verified
INV004365,2024-08-18,119095,redemption,182472,Delhi,Gurugram,T30,26-35,Male,19.4,Net Banking,Verified
INV002102,2024-08-18,119552,sip,1015,Madhya Pradesh,Bhopal,B30,26-35,Male,9.2,Cheque,Verified
INV004868,2024-08-18,118633,lumpsum,260340,Karnataka,Bangalore,T30,36-45,Male,49.4,UPI,Verified
INV001175,2024-08-18,148568,sip,11175,Punjab,Chandigarh,T30,36-45,Male,33.5,Mandate,Verified
INV004983,2024-08-18,120504,sip,25685,Madhya Pradesh,Bhopal,B30,26-35,Male,20.6,Net Banking,Verified
INV004031,2024-08-18,101206,sip,9680,Gujarat,Ahmedabad,T30,36-45,Male,27.5,UPI,Verified
INV002042,2024-08-18,149324,sip,6271,Tamil Nadu,Chennai,T30,26-35,Female,10.0,Cheque,Verified
INV000993,2024-08-18,101208,sip,7141,Madhya Pradesh,Indore,T30,26-35,Female,14.7,UPI,Verified
INV000052,2024-08-18,119092,sip,11154,Tamil Nadu,Coimbatore,B30,26-35,Male,19.1,Net Banking,Verified
INV003111,2024-08-18,119552,redemption,54543,Delhi,Gurugram,T30,18-25,Female,5.9,Cheque,Verified
INV001642,2024-08-19,119095,redemption,158421,Rajasthan,Jaipur,T30,56+,Female,20.5,Mandate,Verified
INV002307,2024-08-19,149322,redemption,160061,Gujarat,Ahmedabad,T30,26-35,Male,24.2,Net Banking,Verified
INV000328,2024-08-19,120504,sip,2831,Madhya Pradesh,Bhopal,B30,26-35,Male,19.6,Cheque,Verified
INV003978,2024-08-19,118632,sip,2040,Telangana,Hyderabad,T30,26-35,Female,6.2,Mandate,Verified
INV003597,2024-08-19,119551,lumpsum,130501,Punjab,Chandigarh,T30,18-25,Male,5.6,Net Banking,Pending
INV003156,2024-08-19,120844,sip,5644,West Bengal,Kolkata,T30,26-35,Female,12.7,Mandate,Verified
INV002948,2024-08-19,119551,lumpsum,416297,Maharashtra,Mumbai,T30,46-55,Male,43.6,UPI,Verified
INV002933,2024-08-19,119093,lumpsum,518687,Madhya Pradesh,Indore,T30,36-45,Female,39.4,Net Banking,Verified
INV000689,2024-08-19,100025,sip,5946,Tamil Nadu,Chennai,T30,26-35,Female,19.8,Net Banking,Verified
INV004990,2024-08-19,125497,lumpsum,142893,Maharashtra,Nashik,B30,26-35,Female,9.5,Net Banking,Verified
INV001386,2024-08-19,149324,sip,8505,Tamil Nadu,Coimbatore,B30,18-25,Male,7.5,Mandate,Verified
INV000847,2024-08-19,148569,lumpsum,121670,West Bengal,Kolkata,T30,26-35,Female,17.8,Net Banking,Verified
INV004807,2024-08-19,148568,sip,13047,Maharashtra,Mumbai,T30,36-45,Male,31.4,Net Banking,Verified
INV000213,2024-08-19,101207,sip,940,Punjab,Chandigarh,T30,26-35,Male,19.6,Mandate,Verified
INV001173,2024-08-19,120504,sip,20866,Punjab,Chandigarh,T30,26-35,Female,7.8,UPI,Verified
INV004496,2024-08-19,148568,lumpsum,66900,Madhya Pradesh,Indore,T30,18-25,Female,6.3,Net Banking,Verified
INV002957,2024-08-19,125497,sip,3524,Tamil Nadu,Chennai,T30,26-35,Male,15.5,UPI,Verified
INV004960,2024-08-19,120505,lumpsum,143617,Uttar Pradesh,Kanpur,B30,26-35,Male,20.1,Cheque,Verified
INV004338,2024-08-19,100016,sip,52347,Maharashtra,Mumbai,T30,46-55,Female,82.5,Net Banking,Pending
INV002888,2024-08-19,101206,sip,959,Rajasthan,Udaipur,B30,26-35,Male,9.2,Cheque,Verified
INV000703,2024-08-19,119552,lumpsum,208290,Delhi,New Delhi,T30,26-35,Male,15.4,Cheque,Verified
INV000597,2024-08-19,119599,sip,1917,Gujarat,Surat,T30,46-55,Male,48.6,UPI,Verified
INV000028,2024-08-19,118632,sip,58103,Gujarat,Surat,T30,18-25,Female,6.1,Net Banking,Verified
INV004127,2024-08-19,118634,sip,2941,Madhya Pradesh,Indore,T30,36-45,Female,27.3,Net Banking,Verified
INV002179,2024-08-19,119598,sip,4868,Haryana,Gurugram,T30,26-35,Female,12.0,Net Banking,Verified
INV000033,2024-08-19,119093,sip,2990,Delhi,New Delhi,T30,36-45,Female,12.4,Mandate,Verified
INV002811,2024-08-19,100025,sip,2633,Uttar Pradesh,Agra,B30,36-45,Male,43.7,UPI,Verified
INV001574,2024-08-19,100033,redemption,77557,Maharashtra,Mumbai,T30,36-45,Female,35.7,Mandate,Verified
INV004981,2024-08-19,118636,sip,9268,Haryana,Faridabad,B30,18-25,Male,3.5,Mandate,Verified
INV004137,2024-08-19,119598,redemption,446413,West Bengal,Kolkata,T30,18-25,Female,6.2,Net Banking,Verified
INV002989,2024-08-19,102887,lumpsum,317176,Haryana,Faridabad,B30,46-55,Male,16.3,UPI,Verified
INV002171,2024-08-19,149322,sip,2240,Telangana,Hyderabad,T30,56+,Male,21.8,Net Banking,Verified
INV000609,2024-08-19,149322,sip,3466,Tamil Nadu,Coimbatore,B30,18-25,Male,3.9,UPI,Verified
INV004475,2024-08-19,102886,sip,1759,Punjab,Amritsar,B30,26-35,Male,18.2,UPI,Verified
INV001096,2024-08-19,120506,sip,5707,Punjab,Chandigarh,T30,26-35,Male,24.5,Mandate,Verified
INV001974,2024-08-19,118635,sip,4795,Tamil Nadu,Chennai,T30,56+,Male,64.3,Mandate,Verified
INV002808,2024-08-19,120843,lumpsum,421137,Uttar Pradesh,Agra,B30,26-35,Male,24.1,Mandate,Verified
INV002199,2024-08-19,119552,sip,459,Gujarat,Ahmedabad,T30,26-35,Male,18.6,UPI,Verified
INV004277,2024-08-19,100016,sip,1615,Telangana,Hyderabad,T30,26-35,Male,19.6,Cheque,Verified
INV001830,2024-08-19,118635,sip,8793,Karnataka,Bangalore,T30,26-35,Male,6.2,Mandate,Verified
INV004850,2024-08-19,118635,lumpsum,36465,Madhya Pradesh,Bhopal,B30,56+,Male,34.8,Cheque,Verified
INV004082,2024-08-19,120844,redemption,394528,Punjab,Amritsar,B30,56+,Male,26.0,Cheque,Verified
INV003435,2024-08-19,148567,sip,49489,Maharashtra,Nashik,B30,26-35,Female,17.8,Cheque,Verified
INV000783,2024-08-19,120507,sip,24724,Gujarat,Ahmedabad,T30,46-55,Male,92.0,Cheque,Verified
INV000793,2024-08-19,100033,sip,12954,West Bengal,Kolkata,T30,26-35,Female,8.4,UPI,Verified
INV002018,2024-08-19,100025,sip,1822,Uttar Pradesh,Agra,B30,26-35,Female,18.0,Net Banking,Verified
INV003424,2024-08-19,120843,lumpsum,264105,Madhya Pradesh,Indore,T30,26-35,Female,19.7,UPI,Verified
INV004071,2024-08-19,118636,sip,4601,Gujarat,Ahmedabad,T30,36-45,Female,22.2,Mandate,Verified
INV002021,2024-08-19,120842,sip,2036,Maharashtra,Pune,T30,36-45,Male,38.6,Mandate,Verified
INV004588,2024-08-19,119120,lumpsum,330181,West Bengal,Kolkata,T30,46-55,Female,16.2,UPI,Verified
INV000969,2024-08-19,120503,redemption,420188,Uttar Pradesh,Lucknow,T30,18-25,Male,6.2,UPI,Verified
INV001319,2024-08-19,119551,redemption,411087,Delhi,Gurugram,T30,26-35,Female,20.8,Net Banking,Verified
INV004903,2024-08-19,119551,sip,5094,Karnataka,Bangalore,T30,26-35,Male,11.4,Cheque,Verified
INV000090,2024-08-19,119092,sip,1731,Rajasthan,Udaipur,B30,26-35,Female,23.7,UPI,Verified
INV002244,2024-08-19,118632,lumpsum,389317,Maharashtra,Mumbai,T30,36-45,Male,49.4,UPI,Verified
INV003976,2024-08-19,119120,sip,2785,Telangana,Hyderabad,T30,46-55,Male,18.9,UPI,Verified
INV002453,2024-08-19,119095,sip,2216,Gujarat,Surat,T30,26-35,Female,16.1,Cheque,Verified
INV004587,2024-08-19,118634,redemption,455684,Uttar Pradesh,Kanpur,B30,18-25,Male,4.0,UPI,Verified
INV001025,2024-08-19,149322,lumpsum,370940,Maharashtra,Pune,T30,18-25,Male,5.7,UPI,Pending
INV004332,2024-08-19,120507,sip,2592,Haryana,Faridabad,B30,36-45,Female,52.1,UPI,Verified
INV003782,2024-08-19,149324,sip,1142,Tamil Nadu,Chennai,T30,36-45,Male,44.5,UPI,Pending
INV003336,2024-08-19,100025,lumpsum,277969,Punjab,Amritsar,B30,46-55,Female,45.8,Net Banking,Verified
INV004555,2024-08-19,149324,sip,8946,Uttar Pradesh,Lucknow,T30,36-45,Female,24.4,UPI,Pending
INV001692,2024-08-19,119552,lumpsum,507492,Rajasthan,Jaipur,T30,26-35,Male,11.7,Net Banking,Verified
INV001846,2024-08-19,101208,sip,17666,Uttar Pradesh,Kanpur,B30,56+,Male,72.3,Mandate,Verified
INV001702,2024-08-19,149323,redemption,353665,Rajasthan,Udaipur,B30,26-35,Male,9.9,UPI,Verified
INV002726,2024-08-19,102885,lumpsum,165574,Gujarat,Ahmedabad,T30,36-45,Male,16.9,Cheque,Verified
INV004393,2024-08-19,100025,redemption,470918,Telangana,Hyderabad,T30,26-35,Female,21.5,Net Banking,Verified
INV000734,2024-08-20,118635,sip,8985,Maharashtra,Pune,T30,26-35,Female,15.2,Cheque,Verified
INV002891,2024-08-20,125497,sip,576,Haryana,Faridabad,B30,36-45,Female,56.5,Net Banking,Verified
INV000499,2024-08-20,149323,redemption,119551,Delhi,New Delhi,T30,36-45,Female,59.5,UPI,Verified
INV001165,2024-08-20,100016,lumpsum,243076,Delhi,Noida,T30,46-55,Female,48.5,Mandate,Verified
INV003744,2024-08-20,100016,sip,1037,Karnataka,Mysore,B30,18-25,Female,4.1,Mandate,Verified
INV000272,2024-08-20,118636,sip,1613,Karnataka,Mysore,B30,46-55,Male,24.8,Cheque,Verified
INV001677,2024-08-20,101207,lumpsum,514085,Rajasthan,Udaipur,B30,26-35,Male,23.2,Cheque,Verified
INV000427,2024-08-20,119120,redemption,180793,Punjab,Amritsar,B30,56+,Female,18.6,UPI,Verified
INV001025,2024-08-20,120504,sip,43251,Maharashtra,Pune,T30,18-25,Male,5.7,Net Banking,Verified
INV003256,2024-08-20,148567,sip,15485,Punjab,Amritsar,B30,46-55,Male,26.0,Cheque,Verified
INV002232,2024-08-20,119093,sip,2226,Karnataka,Bangalore,T30,26-35,Female,16.9,Net Banking,Verified
INV002182,2024-08-20,125497,sip,3376,Madhya Pradesh,Bhopal,B30,36-45,Male,54.3,Net Banking,Verified
INV001328,2024-08-20,120506,lumpsum,79846,Uttar Pradesh,Lucknow,T30,26-35,Male,7.4,Cheque,Verified
INV003251,2024-08-20,119598,lumpsum,239993,Tamil Nadu,Coimbatore,B30,36-45,Female,52.4,Net Banking,Verified
INV002141,2024-08-20,119095,redemption,463496,Delhi,New Delhi,T30,46-55,Male,36.2,UPI,Verified
INV004183,2024-08-20,120506,sip,2640,West Bengal,Kolkata,T30,26-35,Male,13.2,UPI,Verified
INV001117,2024-08-20,120842,lumpsum,288497,Punjab,Amritsar,B30,18-25,Male,3.9,Cheque,Pending
INV004969,2024-08-20,100033,sip,5144,Karnataka,Bangalore,T30,36-45,Male,40.2,Mandate,Verified
INV001027,2024-08-20,119552,sip,8116,West Bengal,Kolkata,T30,46-55,Female,62.7,Cheque,Verified
INV000869,2024-08-20,125497,lumpsum,224391,West Bengal,Kolkata,T30,26-35,Female,12.1,UPI,Verified
INV002911,2024-08-20,120506,sip,8732,Gujarat,Surat,T30,26-35,Male,24.1,Net Banking,Pending
INV003819,2024-08-20,118633,sip,6801,Haryana,Gurugram,T30,26-35,Male,19.0,Cheque,Verified
INV000876,2024-08-20,119552,sip,51345,Tamil Nadu,Chennai,T30,26-35,Male,17.4,Mandate,Verified
INV004502,2024-08-20,102886,lumpsum,50203,Rajasthan,Udaipur,B30,36-45,Male,59.0,Net Banking,Verified
INV003438,2024-08-20,120841,lumpsum,261082,Delhi,Noida,T30,26-35,Female,19.6,Cheque,Verified
INV003024,2024-08-20,148567,lumpsum,45258,Maharashtra,Pune,T30,36-45,Female,43.1,Cheque,Pending
INV000081,2024-08-20,148567,sip,4963,Gujarat,Surat,T30,36-45,Male,31.0,UPI,Verified
INV001383,2024-08-20,120507,lumpsum,311128,Maharashtra,Pune,T30,26-35,Male,18.6,Net Banking,Verified
INV001662,2024-08-20,119094,redemption,367526,Delhi,Gurugram,T30,36-45,Male,45.6,Net Banking,Verified
INV004720,2024-08-20,148567,sip,1751,Gujarat,Surat,T30,46-55,Female,95.7,Cheque,Verified
INV000399,2024-08-20,100033,sip,9355,Karnataka,Bangalore,T30,26-35,Male,14.3,UPI,Verified
INV004584,2024-08-20,101208,lumpsum,227798,Uttar Pradesh,Kanpur,B30,56+,Male,47.5,UPI,Verified
INV000349,2024-08-20,120505,sip,520,Maharashtra,Mumbai,T30,18-25,Female,3.8,UPI,Verified
INV000568,2024-08-20,148569,redemption,327288,Delhi,New Delhi,T30,36-45,Male,48.4,UPI,Verified
INV004045,2024-08-20,125498,sip,16652,Madhya Pradesh,Indore,T30,18-25,Male,4.2,Mandate,Verified
INV001164,2024-08-20,100016,sip,425,Punjab,Chandigarh,T30,36-45,Male,54.4,Net Banking,Verified
INV002116,2024-08-20,120506,redemption,106377,Karnataka,Bangalore,T30,18-25,Male,3.8,UPI,Verified
INV002001,2024-08-20,148567,lumpsum,130724,Uttar Pradesh,Kanpur,B30,36-45,Female,38.4,Net Banking,Verified
INV002478,2024-08-20,148569,sip,9387,Telangana,Hyderabad,T30,18-25,Male,4.4,Mandate,Pending
INV003899,2024-08-20,119599,lumpsum,33349,Haryana,Gurugram,T30,36-45,Female,21.3,Mandate,Verified
INV002330,2024-08-20,119093,sip,50338,Madhya Pradesh,Indore,T30,26-35,Female,17.5,Net Banking,Verified
INV000942,2024-08-20,148568,sip,13878,Haryana,Faridabad,B30,56+,Male,70.2,Mandate,Verified
INV003880,2024-08-20,118633,sip,4302,Gujarat,Surat,T30,26-35,Male,9.6,Net Banking,Verified
INV001207,2024-08-20,120841,sip,1014,Karnataka,Bangalore,T30,18-25,Male,5.9,Cheque,Verified
INV004849,2024-08-20,119094,redemption,44984,Maharashtra,Pune,T30,46-55,Female,21.9,UPI,Verified
INV000597,2024-08-20,118633,lumpsum,27939,Gujarat,Surat,T30,46-55,Male,48.6,Mandate,Verified
INV004834,2024-08-20,119094,sip,812,Delhi,New Delhi,T30,26-35,Male,20.0,Mandate,Verified
INV002996,2024-08-20,118634,redemption,272785,Madhya Pradesh,Bhopal,B30,26-35,Male,20.7,UPI,Verified
INV001213,2024-08-20,149324,lumpsum,120764,Punjab,Amritsar,B30,36-45,Male,57.7,Cheque,Verified
INV002724,2024-08-20,118634,sip,5881,Rajasthan,Udaipur,B30,36-45,Male,26.3,Net Banking,Verified
INV002383,2024-08-20,101208,lumpsum,378810,Madhya Pradesh,Bhopal,B30,18-25,Female,3.2,UPI,Verified
INV002189,2024-08-20,102885,redemption,51132,Uttar Pradesh,Lucknow,T30,36-45,Male,37.4,UPI,Verified
INV003666,2024-08-20,118632,lumpsum,387176,Gujarat,Surat,T30,18-25,Male,4.3,Net Banking,Verified
INV002328,2024-08-20,119092,lumpsum,346067,Haryana,Gurugram,T30,26-35,Male,11.6,Net Banking,Verified
INV004118,2024-08-20,119552,sip,415,Punjab,Chandigarh,T30,36-45,Male,26.2,UPI,Verified
INV001526,2024-08-20,119551,sip,5912,Madhya Pradesh,Bhopal,B30,26-35,Female,19.1,UPI,Verified
INV001491,2024-08-20,102885,redemption,355142,Tamil Nadu,Chennai,T30,56+,Male,78.5,UPI,Verified
INV000008,2024-08-20,118632,lumpsum,446342,Punjab,Amritsar,B30,26-35,Female,18.6,UPI,Verified
INV004183,2024-08-21,120505,sip,4732,West Bengal,Kolkata,T30,26-35,Male,13.2,Mandate,Verified
INV001665,2024-08-21,118634,sip,2627,Telangana,Hyderabad,T30,36-45,Male,35.1,Cheque,Verified
INV003813,2024-08-21,100033,sip,7720,Rajasthan,Udaipur,B30,36-45,Male,23.6,Mandate,Verified
INV003294,2024-08-21,100033,redemption,339093,Madhya Pradesh,Bhopal,B30,26-35,Female,11.1,Mandate,Verified
INV000531,2024-08-21,119551,lumpsum,475819,Delhi,Gurugram,T30,56+,Male,64.9,Mandate,Verified
INV000227,2024-08-21,148569,redemption,386473,Haryana,Gurugram,T30,36-45,Male,29.1,Net Banking,Verified
INV002240,2024-08-21,149324,sip,833,Haryana,Faridabad,B30,26-35,Male,24.7,Mandate,Verified
INV000870,2024-08-21,125497,sip,907,Rajasthan,Udaipur,B30,18-25,Male,5.0,Mandate,Verified
INV001407,2024-08-21,120507,sip,2006,Rajasthan,Udaipur,B30,26-35,Female,22.2,Mandate,Verified
INV004983,2024-08-21,101207,sip,15073,Madhya Pradesh,Bhopal,B30,26-35,Male,20.6,Cheque,Verified
INV004700,2024-08-21,101208,lumpsum,312531,Gujarat,Ahmedabad,T30,26-35,Male,15.9,Mandate,Verified
INV003599,2024-08-21,148569,lumpsum,10573,Madhya Pradesh,Indore,T30,46-55,Male,43.2,Mandate,Verified
INV001387,2024-08-21,125498,sip,2877,Tamil Nadu,Chennai,T30,36-45,Male,37.4,Mandate,Verified
INV000593,2024-08-21,100033,lumpsum,334656,Telangana,Hyderabad,T30,56+,Male,50.2,Net Banking,Verified
INV004352,2024-08-21,149323,sip,5269,Punjab,Chandigarh,T30,18-25,Female,5.8,Cheque,Verified
INV003381,2024-08-21,120505,redemption,346601,Madhya Pradesh,Indore,T30,36-45,Female,12.1,Cheque,Verified
INV003989,2024-08-21,101206,sip,54708,Maharashtra,Nashik,B30,26-35,Male,24.6,Cheque,Verified
INV000799,2024-08-21,102887,lumpsum,520001,Madhya Pradesh,Indore,T30,18-25,Male,4.6,UPI,Verified
INV004600,2024-08-21,119092,redemption,198438,West Bengal,Kolkata,T30,46-55,Female,35.5,UPI,Verified
INV004595,2024-08-21,101208,sip,8845,Rajasthan,Udaipur,B30,36-45,Male,24.0,UPI,Verified
INV004630,2024-08-21,101207,sip,2778,Madhya Pradesh,Bhopal,B30,26-35,Female,6.3,Mandate,Verified
INV003363,2024-08-21,101206,sip,1076,Haryana,Gurugram,T30,36-45,Male,46.5,UPI,Verified
INV000402,2024-08-21,119599,sip,9272,Telangana,Hyderabad,T30,18-25,Male,4.8,UPI,Verified
INV000466,2024-08-21,148568,sip,28025,Haryana,Faridabad,B30,18-25,Male,4.4,Mandate,Verified
INV004358,2024-08-21,118635,sip,14467,Tamil Nadu,Coimbatore,B30,26-35,Male,6.5,Net Banking,Verified
INV002574,2024-08-21,119599,lumpsum,336055,Maharashtra,Nashik,B30,26-35,Male,11.1,Net Banking,Verified
INV000679,2024-08-21,120507,lumpsum,121322,Haryana,Faridabad,B30,46-55,Female,79.1,Net Banking,Verified
INV003616,2024-08-21,148569,sip,14700,Rajasthan,Jaipur,T30,36-45,Female,14.0,Cheque,Verified
INV004400,2024-08-21,119120,sip,51102,Uttar Pradesh,Agra,B30,26-35,Male,19.5,Cheque,Verified
INV003731,2024-08-21,119092,lumpsum,310590,Tamil Nadu,Coimbatore,B30,26-35,Female,9.9,Mandate,Verified
INV000986,2024-08-21,148569,sip,7504,Tamil Nadu,Coimbatore,B30,26-35,Male,24.2,Net Banking,Verified
INV000055,2024-08-21,102885,redemption,305549,Karnataka,Bangalore,T30,26-35,Male,13.5,Net Banking,Verified
INV002546,2024-08-21,148568,lumpsum,161845,Gujarat,Surat,T30,26-35,Male,19.3,Mandate,Verified
INV004018,2024-08-21,120843,sip,9591,Punjab,Chandigarh,T30,56+,Male,47.9,Net Banking,Verified
INV001945,2024-08-21,120504,sip,2377,Gujarat,Ahmedabad,T30,26-35,Male,8.0,Mandate,Verified
INV001577,2024-08-21,118634,sip,837,West Bengal,Kolkata,T30,46-55,Male,48.9,Mandate,Verified
INV004981,2024-08-21,119093,sip,864,Haryana,Faridabad,B30,18-25,Male,3.5,Mandate,Verified
INV001043,2024-08-21,119552,lumpsum,525129,Haryana,Gurugram,T30,18-25,Male,7.8,Net Banking,Verified
INV000241,2024-08-21,102886,lumpsum,264368,Telangana,Hyderabad,T30,26-35,Female,16.5,Mandate,Verified
INV003264,2024-08-21,149323,sip,11482,Haryana,Faridabad,B30,18-25,Male,4.9,Mandate,Verified
INV004135,2024-08-21,148568,sip,7297,Tamil Nadu,Coimbatore,B30,26-35,Female,18.7,Cheque,Verified
INV000700,2024-08-21,118636,sip,549,Gujarat,Ahmedabad,T30,56+,Female,71.3,Cheque,Verified
INV001620,2024-08-21,120506,sip,2057,Punjab,Amritsar,B30,26-35,Male,8.1,Mandate,Verified
INV002705,2024-08-21,120842,sip,8155,Uttar Pradesh,Lucknow,T30,46-55,Female,90.6,Mandate,Verified
INV000239,2024-08-21,100016,sip,25382,Punjab,Amritsar,B30,36-45,Female,13.2,Mandate,Verified
INV000314,2024-08-21,100016,sip,20223,West Bengal,Kolkata,T30,26-35,Male,20.5,Net Banking,Verified
INV000138,2024-08-21,125498,lumpsum,64905,Telangana,Hyderabad,T30,26-35,Male,24.7,Mandate,Verified
INV000925,2024-08-21,118635,sip,1999,Karnataka,Mysore,B30,18-25,Male,3.6,Net Banking,Verified
INV001417,2024-08-21,119094,redemption,89526,West Bengal,Kolkata,T30,36-45,Female,12.3,Cheque,Pending
INV002394,2024-08-21,102886,redemption,348056,Delhi,Gurugram,T30,46-55,Male,84.9,Net Banking,Verified
INV003119,2024-08-21,120842,sip,10143,Karnataka,Bangalore,T30,18-25,Female,4.6,Net Banking,Pending
INV003676,2024-08-21,120505,sip,2674,Maharashtra,Pune,T30,26-35,Male,11.8,Cheque,Verified
INV004821,2024-08-22,118632,sip,7380,Tamil Nadu,Coimbatore,B30,26-35,Female,21.6,Net Banking,Pending
INV000453,2024-08-22,119093,sip,2026,Rajasthan,Udaipur,B30,46-55,Male,40.4,UPI,Verified
INV001813,2024-08-22,120843,sip,17654,Karnataka,Mysore,B30,36-45,Male,27.0,Mandate,Verified
INV000079,2024-08-22,118634,sip,21311,Gujarat,Surat,T30,26-35,Male,17.0,UPI,Verified
INV000280,2024-08-22,149322,sip,2405,Punjab,Amritsar,B30,26-35,Female,22.9,UPI,Verified
INV004563,2024-08-22,101207,sip,5260,Gujarat,Surat,T30,46-55,Female,32.2,Net Banking,Verified
INV000772,2024-08-22,125497,lumpsum,435082,Karnataka,Bangalore,T30,56+,Female,16.1,Net Banking,Verified
INV000676,2024-08-22,119094,sip,58430,Rajasthan,Udaipur,B30,56+,Male,71.7,Net Banking,Verified
INV002008,2024-08-22,100016,redemption,458789,Haryana,Gurugram,T30,46-55,Male,83.3,UPI,Verified
INV003651,2024-08-22,101207,sip,2302,Gujarat,Surat,T30,26-35,Male,14.6,Net Banking,Verified
INV004382,2024-08-22,100016,sip,2049,Haryana,Gurugram,T30,56+,Male,31.3,Cheque,Verified
INV004096,2024-08-22,119093,sip,14998,Tamil Nadu,Coimbatore,B30,36-45,Male,57.1,UPI,Verified
INV004788,2024-08-22,148567,sip,11422,Punjab,Amritsar,B30,18-25,Male,5.0,Net Banking,Verified
INV004586,2024-08-22,120506,sip,2802,Telangana,Hyderabad,T30,18-25,Male,4.4,UPI,Verified
INV001909,2024-08-22,119092,sip,1650,Telangana,Hyderabad,T30,36-45,Male,34.2,Mandate,Verified
INV000806,2024-08-22,119120,lumpsum,275297,Maharashtra,Pune,T30,46-55,Male,90.4,Cheque,Verified
INV000257,2024-08-22,125498,redemption,436793,Gujarat,Surat,T30,36-45,Male,27.9,Net Banking,Verified
INV003938,2024-08-22,119599,sip,2735,Delhi,Gurugram,T30,36-45,Female,15.3,Net Banking,Verified
INV004229,2024-08-22,148569,sip,6413,Telangana,Hyderabad,T30,36-45,Female,59.1,Cheque,Verified
INV000662,2024-08-22,120506,sip,2660,Gujarat,Surat,T30,36-45,Female,20.1,Cheque,Verified
INV002847,2024-08-22,100033,sip,5650,Haryana,Faridabad,B30,26-35,Male,13.4,Cheque,Verified
INV003068,2024-08-22,149324,lumpsum,184699,Delhi,New Delhi,T30,26-35,Male,11.6,Cheque,Verified
INV004753,2024-08-22,120844,sip,2984,Karnataka,Mysore,B30,36-45,Female,18.4,UPI,Verified
INV002113,2024-08-22,120506,sip,17838,Maharashtra,Nashik,B30,26-35,Male,21.6,Net Banking,Verified
INV000969,2024-08-22,118632,sip,491,Uttar Pradesh,Lucknow,T30,18-25,Male,6.2,Cheque,Pending
INV001503,2024-08-22,120503,sip,8098,Telangana,Hyderabad,T30,18-25,Male,6.4,UPI,Verified
INV004922,2024-08-22,119552,lumpsum,353131,Haryana,Gurugram,T30,56+,Male,28.2,Mandate,Verified
INV000991,2024-08-22,119552,lumpsum,344309,Madhya Pradesh,Bhopal,B30,46-55,Male,59.1,Net Banking,Verified
INV003885,2024-08-22,101208,sip,8712,West Bengal,Kolkata,T30,36-45,Male,52.3,UPI,Verified
INV002042,2024-08-22,120844,redemption,232540,Tamil Nadu,Chennai,T30,26-35,Female,10.0,Cheque,Verified
INV003232,2024-08-22,120505,redemption,183641,Maharashtra,Pune,T30,36-45,Female,30.9,Mandate,Verified
INV001940,2024-08-22,120841,sip,2149,Delhi,New Delhi,T30,36-45,Male,28.4,Net Banking,Verified
INV001504,2024-08-22,120842,sip,17465,Haryana,Faridabad,B30,36-45,Male,25.5,Net Banking,Verified
INV004617,2024-08-22,119598,sip,25647,Karnataka,Bangalore,T30,26-35,Male,22.1,Cheque,Verified
INV002187,2024-08-22,148567,redemption,151547,Tamil Nadu,Chennai,T30,36-45,Male,15.0,Net Banking,Pending
INV003032,2024-08-22,125498,sip,2791,Punjab,Amritsar,B30,36-45,Male,51.8,Cheque,Verified
INV001410,2024-08-22,102885,lumpsum,81529,Maharashtra,Mumbai,T30,46-55,Male,26.5,Mandate,Verified
INV003010,2024-08-22,101207,lumpsum,500982,Delhi,Gurugram,T30,36-45,Male,13.7,UPI,Verified
INV000558,2024-08-22,120844,sip,991,Punjab,Chandigarh,T30,56+,Female,22.1,Mandate,Verified
INV003222,2024-08-22,120504,sip,9676,Punjab,Amritsar,B30,56+,Female,11.7,Mandate,Verified
INV002350,2024-08-22,101207,lumpsum,407828,Tamil Nadu,Chennai,T30,26-35,Male,23.0,Net Banking,Verified
INV003248,2024-08-22,120503,sip,2618,Karnataka,Mysore,B30,26-35,Male,6.5,Cheque,Verified
INV002052,2024-08-22,119095,sip,410,Uttar Pradesh,Lucknow,T30,36-45,Male,50.8,Cheque,Verified
INV004054,2024-08-22,119092,sip,2037,Tamil Nadu,Chennai,T30,26-35,Female,6.4,Net Banking,Verified
INV004197,2024-08-22,149322,sip,15472,Maharashtra,Pune,T30,46-55,Male,62.9,Net Banking,Verified
INV000613,2024-08-22,120506,sip,1733,Uttar Pradesh,Lucknow,T30,26-35,Male,11.5,Mandate,Verified
INV003052,2024-08-22,101207,lumpsum,367088,Karnataka,Mysore,B30,18-25,Female,7.0,Cheque,Verified
INV004659,2024-08-22,100033,sip,553,West Bengal,Kolkata,T30,18-25,Female,3.3,Mandate,Verified
INV004540,2024-08-22,119598,redemption,57208,Punjab,Chandigarh,T30,36-45,Male,48.9,UPI,Verified
INV001284,2024-08-22,120505,redemption,320067,West Bengal,Kolkata,T30,36-45,Male,49.0,UPI,Verified
INV002881,2024-08-22,120507,sip,2943,Uttar Pradesh,Agra,B30,26-35,Female,11.4,Net Banking,Verified
INV000491,2024-08-22,118634,sip,3073,Madhya Pradesh,Indore,T30,56+,Male,58.2,Mandate,Verified
INV002327,2024-08-22,120843,redemption,33887,Punjab,Amritsar,B30,26-35,Male,7.0,UPI,Verified
INV003210,2024-08-22,120842,sip,8290,Haryana,Faridabad,B30,36-45,Female,23.1,Net Banking,Verified
INV004722,2024-08-22,120841,lumpsum,142191,Haryana,Faridabad,B30,36-45,Female,29.7,Cheque,Verified
INV004029,2024-08-22,148567,sip,10542,Tamil Nadu,Coimbatore,B30,36-45,Male,31.9,Cheque,Verified
INV001638,2024-08-22,120843,redemption,294687,West Bengal,Kolkata,T30,36-45,Female,15.8,UPI,Verified
INV002240,2024-08-22,119598,redemption,197510,Haryana,Faridabad,B30,26-35,Male,24.7,Net Banking,Verified
INV000737,2024-08-23,100016,sip,1831,Madhya Pradesh,Indore,T30,26-35,Female,10.0,Mandate,Verified
INV004413,2024-08-23,100016,lumpsum,593268,Maharashtra,Mumbai,T30,26-35,Male,14.7,Net Banking,Pending
INV003532,2024-08-23,120507,redemption,227828,Punjab,Amritsar,B30,36-45,Female,18.8,Cheque,Verified
INV003022,2024-08-23,120504,redemption,8645,Telangana,Hyderabad,T30,46-55,Male,60.2,UPI,Verified
INV003388,2024-08-23,101208,lumpsum,140245,Haryana,Faridabad,B30,56+,Female,39.3,UPI,Verified
INV004485,2024-08-23,100016,sip,15234,Haryana,Faridabad,B30,18-25,Male,6.6,Cheque,Verified
INV004484,2024-08-23,100025,sip,12678,Punjab,Amritsar,B30,46-55,Male,61.9,Cheque,Verified
INV004915,2024-08-23,120843,redemption,44583,Uttar Pradesh,Kanpur,B30,26-35,Male,9.6,Cheque,Verified
INV001346,2024-08-23,120843,redemption,403743,Gujarat,Surat,T30,18-25,Male,5.7,UPI,Verified
INV002394,2024-08-23,125497,sip,2700,Delhi,Gurugram,T30,46-55,Male,84.9,UPI,Verified
INV002613,2024-08-23,101207,redemption,301840,Karnataka,Bangalore,T30,46-55,Female,44.3,Cheque,Verified
INV004318,2024-08-23,148567,lumpsum,55923,Tamil Nadu,Coimbatore,B30,56+,Female,54.7,Mandate,Verified
INV001499,2024-08-23,118632,lumpsum,477653,Karnataka,Mysore,B30,26-35,Male,12.9,Mandate,Pending
INV003051,2024-08-23,119094,sip,2228,Haryana,Faridabad,B30,36-45,Male,40.2,Net Banking,Verified
INV000720,2024-08-23,118632,sip,2588,Gujarat,Ahmedabad,T30,18-25,Female,5.8,Net Banking,Verified
INV000609,2024-08-23,119094,sip,29606,Tamil Nadu,Coimbatore,B30,18-25,Male,3.9,Mandate,Verified
INV001658,2024-08-23,149323,lumpsum,461845,Rajasthan,Jaipur,T30,36-45,Female,48.4,Cheque,Verified
INV000540,2024-08-23,118632,sip,1772,Tamil Nadu,Coimbatore,B30,26-35,Female,10.4,Mandate,Verified
INV003726,2024-08-23,148567,sip,16686,Tamil Nadu,Coimbatore,B30,26-35,Male,24.1,Cheque,Verified
INV001562,2024-08-23,149324,lumpsum,227949,Delhi,Noida,T30,26-35,Male,7.0,Mandate,Verified
INV003457,2024-08-23,125498,sip,5261,Karnataka,Bangalore,T30,36-45,Male,48.6,Cheque,Verified
INV003004,2024-08-23,120842,sip,2165,Tamil Nadu,Chennai,T30,46-55,Female,34.6,Mandate,Pending
INV002624,2024-08-23,148569,redemption,246120,West Bengal,Kolkata,T30,26-35,Male,8.7,UPI,Verified
INV000768,2024-08-23,100033,lumpsum,149322,Delhi,Noida,T30,56+,Male,12.2,Cheque,Verified
INV002469,2024-08-23,118634,lumpsum,152540,Tamil Nadu,Chennai,T30,26-35,Female,12.3,Net Banking,Verified
INV001080,2024-08-23,120505,lumpsum,87758,Tamil Nadu,Chennai,T30,18-25,Female,7.3,UPI,Verified
INV001670,2024-08-23,149322,lumpsum,356608,West Bengal,Kolkata,T30,26-35,Male,16.5,Net Banking,Pending
INV000577,2024-08-23,120844,sip,2238,Delhi,Noida,T30,36-45,Male,20.4,Cheque,Verified
INV000506,2024-08-23,118634,sip,25252,Gujarat,Ahmedabad,T30,36-45,Female,43.0,UPI,Verified
INV001619,2024-08-23,120504,sip,3452,Uttar Pradesh,Lucknow,T30,36-45,Male,20.7,Net Banking,Verified
INV001536,2024-08-23,102886,lumpsum,319157,Karnataka,Mysore,B30,26-35,Male,17.9,UPI,Verified
INV000658,2024-08-23,120505,sip,5110,Gujarat,Ahmedabad,T30,26-35,Male,14.1,Mandate,Verified
INV004973,2024-08-23,148569,sip,5960,Tamil Nadu,Coimbatore,B30,26-35,Male,11.3,UPI,Verified
INV000074,2024-08-23,120842,redemption,329269,Rajasthan,Jaipur,T30,26-35,Female,8.4,Cheque,Verified
INV000073,2024-08-23,149323,sip,1951,Punjab,Amritsar,B30,18-25,Male,5.5,UPI,Verified
INV003973,2024-08-23,120843,sip,870,Rajasthan,Jaipur,T30,26-35,Male,11.4,Mandate,Verified
INV003510,2024-08-23,118636,sip,9501,Uttar Pradesh,Kanpur,B30,46-55,Male,72.7,UPI,Verified
INV003287,2024-08-23,100033,sip,5911,Delhi,New Delhi,T30,36-45,Male,54.9,Net Banking,Verified
INV001220,2024-08-23,118634,sip,2706,Punjab,Chandigarh,T30,36-45,Male,48.3,Net Banking,Verified
INV002569,2024-08-23,100025,sip,1962,Maharashtra,Nashik,B30,36-45,Female,16.5,Net Banking,Verified
INV000260,2024-08-23,118636,sip,529,Delhi,Gurugram,T30,18-25,Male,4.1,Mandate,Verified
INV000402,2024-08-23,119092,lumpsum,425094,Telangana,Hyderabad,T30,18-25,Male,4.8,Cheque,Verified
INV004876,2024-08-23,101208,sip,549,Karnataka,Bangalore,T30,18-25,Male,7.1,Net Banking,Verified
INV003187,2024-08-23,120841,sip,2993,Haryana,Faridabad,B30,26-35,Female,21.5,UPI,Verified
INV003918,2024-08-23,118632,lumpsum,30515,Madhya Pradesh,Indore,T30,56+,Male,51.2,Net Banking,Verified
INV003288,2024-08-23,120506,lumpsum,375366,Punjab,Chandigarh,T30,56+,Male,57.9,Net Banking,Verified
INV002446,2024-08-23,149324,lumpsum,165402,Tamil Nadu,Coimbatore,B30,26-35,Male,12.9,Cheque,Verified
INV000951,2024-08-23,125497,sip,8549,Punjab,Chandigarh,T30,46-55,Male,72.6,Cheque,Verified
INV003822,2024-08-23,119551,lumpsum,97279,Rajasthan,Jaipur,T30,26-35,Male,12.9,UPI,Verified
INV004618,2024-08-23,120842,redemption,151702,Gujarat,Ahmedabad,T30,18-25,Male,6.7,Net Banking,Verified
INV000833,2024-08-23,120507,sip,50493,Maharashtra,Nashik,B30,18-25,Male,4.4,Mandate,Verified
INV003186,2024-08-23,100016,sip,16176,Maharashtra,Pune,T30,26-35,Male,13.6,Mandate,Verified
INV001316,2024-08-23,119552,sip,462,Punjab,Chandigarh,T30,18-25,Male,7.3,Mandate,Verified
INV002431,2024-08-23,120506,sip,17007,Delhi,Noida,T30,26-35,Female,14.8,Cheque,Verified
INV002079,2024-08-23,118636,sip,890,Rajasthan,Udaipur,B30,26-35,Male,10.1,Cheque,Verified
INV001318,2024-08-23,120841,sip,8923,Telangana,Hyderabad,T30,36-45,Male,59.3,Cheque,Verified
INV001909,2024-08-23,119092,sip,1005,Telangana,Hyderabad,T30,36-45,Male,34.2,Mandate,Verified
INV004699,2024-08-23,120844,sip,23766,Delhi,Gurugram,T30,46-55,Female,69.7,Net Banking,Verified
INV003178,2024-08-23,149324,sip,2910,Telangana,Hyderabad,T30,46-55,Female,60.9,UPI,Verified
INV000392,2024-08-23,125498,lumpsum,387784,Gujarat,Surat,T30,26-35,Female,16.6,Mandate,Verified
INV001173,2024-08-23,119120,lumpsum,285978,Punjab,Chandigarh,T30,26-35,Female,7.8,UPI,Verified
INV004819,2024-08-23,149323,sip,3021,Telangana,Hyderabad,T30,26-35,Female,14.8,UPI,Verified
INV000861,2024-08-23,120843,lumpsum,34229,Uttar Pradesh,Lucknow,T30,18-25,Male,4.2,Net Banking,Verified
INV004799,2024-08-23,149324,sip,945,Madhya Pradesh,Indore,T30,26-35,Male,9.5,Cheque,Verified
INV002946,2024-08-23,120506,sip,46842,Haryana,Gurugram,T30,26-35,Male,22.8,Mandate,Pending
INV002070,2024-08-23,119552,redemption,310258,Telangana,Hyderabad,T30,36-45,Male,40.3,Cheque,Verified
INV001865,2024-08-23,149322,sip,5188,Telangana,Hyderabad,T30,18-25,Female,4.3,Mandate,Verified
INV004798,2024-08-23,102887,sip,1084,Madhya Pradesh,Bhopal,B30,26-35,Male,8.4,UPI,Pending
INV002092,2024-08-23,100016,sip,2843,Punjab,Amritsar,B30,18-25,Male,7.7,Net Banking,Verified
INV004094,2024-08-23,120842,sip,2198,Haryana,Faridabad,B30,26-35,Female,10.0,Mandate,Verified
INV000303,2024-08-23,119598,redemption,344612,West Bengal,Kolkata,T30,18-25,Female,5.0,Cheque,Pending
INV000385,2024-08-23,118634,sip,16529,Karnataka,Mysore,B30,18-25,Female,7.5,Mandate,Verified
INV002235,2024-08-23,125497,sip,24784,Uttar Pradesh,Agra,B30,36-45,Female,32.1,UPI,Verified
INV003532,2024-08-24,102887,sip,1167,Punjab,Amritsar,B30,36-45,Female,18.8,Cheque,Verified
INV001705,2024-08-24,120503,lumpsum,333025,Haryana,Faridabad,B30,46-55,Male,84.3,Cheque,Verified
INV004148,2024-08-24,120505,sip,25414,Madhya Pradesh,Bhopal,B30,18-25,Male,5.1,UPI,Verified
INV000392,2024-08-24,118634,sip,2428,Gujarat,Surat,T30,26-35,Female,16.6,Cheque,Verified
INV003828,2024-08-24,102886,sip,43792,Karnataka,Bangalore,T30,18-25,Male,7.6,Mandate,Verified
INV000767,2024-08-24,118634,redemption,270844,Karnataka,Bangalore,T30,18-25,Female,5.2,UPI,Verified
INV003825,2024-08-24,119094,sip,2240,Telangana,Hyderabad,T30,56+,Male,69.6,Net Banking,Verified
INV000648,2024-08-24,120507,sip,11093,Uttar Pradesh,Kanpur,B30,18-25,Female,5.8,UPI,Verified
INV004493,2024-08-24,102886,lumpsum,568639,Tamil Nadu,Chennai,T30,36-45,Male,19.3,Mandate,Verified
INV004220,2024-08-24,149322,sip,1716,Uttar Pradesh,Agra,B30,26-35,Female,15.1,Net Banking,Verified
INV000341,2024-08-24,120505,sip,468,Delhi,New Delhi,T30,26-35,Male,19.6,Cheque,Verified
INV000335,2024-08-24,149322,lumpsum,277920,Maharashtra,Mumbai,T30,26-35,Male,11.6,UPI,Verified
INV001655,2024-08-24,120507,sip,9888,Delhi,New Delhi,T30,26-35,Male,8.0,Cheque,Verified
INV001999,2024-08-24,119092,lumpsum,512868,Rajasthan,Udaipur,B30,18-25,Male,5.8,UPI,Verified
INV002575,2024-08-24,149322,sip,15626,West Bengal,Kolkata,T30,18-25,Male,7.9,Mandate,Verified
INV000667,2024-08-24,118635,sip,15534,Telangana,Hyderabad,T30,26-35,Male,7.5,UPI,Verified
INV001649,2024-08-24,102885,lumpsum,440331,Telangana,Hyderabad,T30,36-45,Male,51.5,Cheque,Verified
INV002870,2024-08-24,120843,lumpsum,27912,Karnataka,Mysore,B30,26-35,Female,23.7,Net Banking,Verified
INV002198,2024-08-24,148567,sip,6908,Delhi,Gurugram,T30,36-45,Female,43.3,Mandate,Verified
INV003490,2024-08-24,100016,sip,6286,Punjab,Chandigarh,T30,26-35,Male,11.6,Mandate,Verified
INV000533,2024-08-24,149324,sip,464,Rajasthan,Jaipur,T30,56+,Male,25.1,UPI,Verified
INV004279,2024-08-24,120842,lumpsum,438480,Gujarat,Ahmedabad,T30,36-45,Male,35.7,Net Banking,Verified
INV004811,2024-08-24,119092,lumpsum,48507,Punjab,Amritsar,B30,26-35,Female,9.4,Net Banking,Pending
INV002622,2024-08-24,120507,sip,3256,Karnataka,Mysore,B30,18-25,Female,4.0,Cheque,Verified
INV003793,2024-08-24,119599,sip,52242,Delhi,New Delhi,T30,46-55,Male,94.3,Cheque,Verified
INV001408,2024-08-24,149322,sip,2298,Telangana,Hyderabad,T30,26-35,Female,6.7,Cheque,Verified
INV004404,2024-08-24,119093,lumpsum,48113,Telangana,Hyderabad,T30,26-35,Male,22.1,UPI,Verified
INV001003,2024-08-24,120842,lumpsum,222502,Rajasthan,Udaipur,B30,26-35,Male,12.6,Cheque,Verified
INV002151,2024-08-24,100033,redemption,193350,Rajasthan,Jaipur,T30,26-35,Female,18.1,UPI,Verified
INV000199,2024-08-24,120506,redemption,531084,Telangana,Hyderabad,T30,36-45,Female,15.7,Mandate,Verified
INV003691,2024-08-24,120843,lumpsum,373188,Haryana,Faridabad,B30,18-25,Male,3.1,Cheque,Verified
INV001157,2024-08-24,125498,sip,7384,Tamil Nadu,Coimbatore,B30,36-45,Female,23.0,UPI,Verified
INV003025,2024-08-24,118634,redemption,199503,Gujarat,Surat,T30,26-35,Female,11.9,Mandate,Verified
INV000446,2024-08-24,100025,sip,1910,Rajasthan,Jaipur,T30,26-35,Female,23.8,Net Banking,Verified
INV002707,2024-08-24,119094,lumpsum,228044,Maharashtra,Mumbai,T30,26-35,Male,24.7,Cheque,Pending
INV000090,2024-08-24,149324,lumpsum,331159,Rajasthan,Udaipur,B30,26-35,Female,23.7,Net Banking,Verified
INV001480,2024-08-24,101207,sip,485,West Bengal,Kolkata,T30,18-25,Male,3.1,Mandate,Verified
INV002826,2024-08-24,100025,sip,518,Haryana,Gurugram,T30,26-35,Male,20.5,Mandate,Verified
INV001758,2024-08-24,149322,sip,28620,Gujarat,Surat,T30,18-25,Female,7.9,Net Banking,Verified
INV004338,2024-08-24,120505,sip,23524,Maharashtra,Mumbai,T30,46-55,Female,82.5,Cheque,Verified
INV000280,2024-08-24,119094,redemption,558706,Punjab,Amritsar,B30,26-35,Female,22.9,Mandate,Verified
INV002654,2024-08-24,148567,sip,948,Delhi,New Delhi,T30,36-45,Female,38.2,Cheque,Verified
INV004069,2024-08-24,119095,lumpsum,332537,Delhi,Noida,T30,26-35,Male,21.8,Cheque,Verified
INV003583,2024-08-24,120844,sip,24166,Maharashtra,Nashik,B30,18-25,Male,4.9,UPI,Verified
INV001131,2024-08-24,120843,redemption,113800,Tamil Nadu,Coimbatore,B30,36-45,Female,32.0,UPI,Verified
INV001561,2024-08-24,119092,sip,22896,Rajasthan,Udaipur,B30,36-45,Male,39.4,Net Banking,Verified
INV004037,2024-08-24,118634,sip,4021,Gujarat,Ahmedabad,T30,26-35,Male,20.8,UPI,Verified
INV003133,2024-08-24,101207,sip,4999,West Bengal,Kolkata,T30,46-55,Male,72.8,Cheque,Verified
INV003764,2024-08-24,118634,sip,57123,Tamil Nadu,Coimbatore,B30,46-55,Female,16.0,Cheque,Verified
INV001787,2024-08-24,148568,sip,15686,Maharashtra,Nashik,B30,56+,Female,37.0,Net Banking,Verified
INV004772,2024-08-24,149323,sip,15306,Gujarat,Ahmedabad,T30,46-55,Male,26.1,Cheque,Verified
INV003026,2024-08-24,120506,sip,561,Madhya Pradesh,Bhopal,B30,36-45,Female,25.7,Cheque,Verified
INV001137,2024-08-24,119095,redemption,122732,West Bengal,Kolkata,T30,56+,Female,55.8,Cheque,Verified
INV001524,2024-08-24,120507,sip,15446,Madhya Pradesh,Bhopal,B30,26-35,Male,7.7,Cheque,Verified
INV004722,2024-08-24,119551,sip,940,Haryana,Faridabad,B30,36-45,Female,29.7,UPI,Verified
INV003064,2024-08-24,101207,lumpsum,167215,Karnataka,Bangalore,T30,26-35,Male,6.5,Net Banking,Verified
INV001726,2024-08-24,101207,lumpsum,295971,Rajasthan,Udaipur,B30,26-35,Male,19.5,Cheque,Verified
INV001141,2024-08-24,118634,sip,2953,West Bengal,Kolkata,T30,18-25,Female,3.0,UPI,Verified
INV002020,2024-08-24,119552,lumpsum,303488,Karnataka,Mysore,B30,18-25,Male,5.8,Mandate,Verified
INV000294,2024-08-24,148569,sip,13753,Maharashtra,Nashik,B30,36-45,Female,30.8,Cheque,Verified
INV000566,2024-08-24,118632,sip,2196,Uttar Pradesh,Agra,B30,36-45,Male,18.2,UPI,Verified
INV001722,2024-08-24,120505,lumpsum,564630,Delhi,Noida,T30,36-45,Female,55.0,Net Banking,Verified
INV004640,2024-08-24,149322,redemption,406343,Telangana,Hyderabad,T30,36-45,Male,46.5,Cheque,Verified
INV001234,2024-08-24,120505,sip,2967,Uttar Pradesh,Agra,B30,26-35,Male,24.4,Cheque,Verified
INV002536,2024-08-24,120841,lumpsum,168855,West Bengal,Kolkata,T30,26-35,Male,11.9,Net Banking,Verified
INV000573,2024-08-24,120505,lumpsum,430649,Madhya Pradesh,Bhopal,B30,56+,Female,38.5,UPI,Verified
INV003553,2024-08-24,102887,sip,599,Punjab,Amritsar,B30,36-45,Male,33.0,Mandate,Verified
INV004348,2024-08-24,101207,sip,51758,Delhi,New Delhi,T30,26-35,Female,13.4,Cheque,Verified
INV004015,2024-08-25,149322,sip,1665,Maharashtra,Mumbai,T30,18-25,Female,7.6,Net Banking,Verified
INV000205,2024-08-25,118633,redemption,337007,Haryana,Faridabad,B30,18-25,Male,4.4,Mandate,Verified
INV000869,2024-08-25,119551,lumpsum,449514,West Bengal,Kolkata,T30,26-35,Female,12.1,Mandate,Verified
INV000933,2024-08-25,118633,redemption,219917,Rajasthan,Jaipur,T30,36-45,Female,14.9,UPI,Pending
INV000301,2024-08-25,149323,sip,8599,Gujarat,Ahmedabad,T30,56+,Male,14.8,Net Banking,Verified
INV002731,2024-08-25,102885,redemption,494673,Rajasthan,Udaipur,B30,26-35,Male,6.9,Net Banking,Verified
INV004864,2024-08-25,148568,sip,22764,Punjab,Amritsar,B30,26-35,Female,10.5,Net Banking,Verified
INV003130,2024-08-25,118633,sip,15435,West Bengal,Kolkata,T30,18-25,Male,5.6,Mandate,Verified
INV002865,2024-08-25,118635,sip,4813,Maharashtra,Pune,T30,18-25,Male,3.3,Mandate,Verified
INV001886,2024-08-25,120843,lumpsum,78644,Haryana,Gurugram,T30,18-25,Male,7.7,Mandate,Verified
INV001212,2024-08-25,118634,redemption,180329,Uttar Pradesh,Lucknow,T30,36-45,Male,40.3,Mandate,Verified
INV003857,2024-08-25,102886,lumpsum,418902,Madhya Pradesh,Indore,T30,18-25,Male,3.8,Cheque,Verified
INV001916,2024-08-25,149323,sip,15285,Haryana,Gurugram,T30,26-35,Male,11.0,Net Banking,Verified
INV004868,2024-08-25,101207,sip,5362,Karnataka,Bangalore,T30,36-45,Male,49.4,Mandate,Verified
INV001457,2024-08-25,120504,lumpsum,374558,Gujarat,Ahmedabad,T30,26-35,Male,17.7,Net Banking,Verified
INV002576,2024-08-25,148569,sip,2493,Telangana,Hyderabad,T30,26-35,Male,20.3,Cheque,Verified
INV003514,2024-08-25,149324,sip,8383,Delhi,Gurugram,T30,36-45,Female,40.2,Mandate,Verified
INV000028,2024-08-25,119599,redemption,55064,Gujarat,Surat,T30,18-25,Female,6.1,UPI,Verified
INV000591,2024-08-25,118632,sip,3509,Karnataka,Bangalore,T30,18-25,Male,4.1,Cheque,Verified
INV001173,2024-08-25,101207,sip,460,Punjab,Chandigarh,T30,26-35,Female,7.8,Cheque,Verified
INV000265,2024-08-25,120504,sip,1023,Madhya Pradesh,Bhopal,B30,36-45,Male,14.1,Net Banking,Verified
INV001990,2024-08-25,120503,sip,505,Punjab,Amritsar,B30,26-35,Male,9.3,Mandate,Verified
INV000915,2024-08-25,119094,sip,7354,West Bengal,Kolkata,T30,36-45,Male,55.9,Cheque,Verified
INV000308,2024-08-25,118636,sip,2586,West Bengal,Kolkata,T30,36-45,Male,52.4,UPI,Pending
INV003139,2024-08-25,120504,lumpsum,352072,Karnataka,Mysore,B30,36-45,Male,39.4,Net Banking,Verified
INV001093,2024-08-25,120844,redemption,169214,West Bengal,Kolkata,T30,46-55,Female,65.2,Net Banking,Verified
INV002861,2024-08-25,119094,sip,820,Punjab,Amritsar,B30,56+,Female,79.7,UPI,Pending
INV004177,2024-08-25,120504,sip,8024,Tamil Nadu,Coimbatore,B30,26-35,Male,14.7,UPI,Verified
INV002700,2024-08-25,119095,sip,2364,Tamil Nadu,Coimbatore,B30,26-35,Male,8.1,UPI,Verified
INV003460,2024-08-25,118632,lumpsum,319514,Delhi,New Delhi,T30,26-35,Male,14.6,Net Banking,Verified
INV001306,2024-08-25,125498,sip,44173,Telangana,Hyderabad,T30,18-25,Female,4.1,Mandate,Verified
INV003650,2024-08-25,120504,sip,9463,Telangana,Hyderabad,T30,46-55,Male,87.3,Net Banking,Verified
INV001147,2024-08-25,101207,lumpsum,415645,Tamil Nadu,Coimbatore,B30,36-45,Female,14.6,UPI,Verified
INV002541,2024-08-25,101208,lumpsum,142940,Karnataka,Mysore,B30,46-55,Male,63.8,Net Banking,Verified
INV003351,2024-08-25,149324,sip,3077,Delhi,New Delhi,T30,26-35,Male,9.5,Net Banking,Pending
INV001361,2024-08-25,119120,lumpsum,274696,West Bengal,Kolkata,T30,26-35,Female,21.1,Mandate,Verified
INV002018,2024-08-25,119598,redemption,67836,Uttar Pradesh,Agra,B30,26-35,Female,18.0,Mandate,Verified
INV001690,2024-08-25,119599,sip,2738,Rajasthan,Jaipur,T30,36-45,Male,27.6,Mandate,Verified
INV002774,2024-08-25,125497,redemption,258668,Haryana,Gurugram,T30,36-45,Male,58.4,Mandate,Verified
INV003772,2024-08-25,118632,sip,7275,Punjab,Amritsar,B30,18-25,Female,6.8,Mandate,Verified
INV002485,2024-08-25,118633,sip,1010,Karnataka,Mysore,B30,46-55,Female,70.2,UPI,Verified
INV003369,2024-08-25,120503,lumpsum,423241,Delhi,Noida,T30,26-35,Male,21.4,Cheque,Verified
INV002023,2024-08-25,120843,lumpsum,390769,Madhya Pradesh,Indore,T30,36-45,Female,50.5,Cheque,Verified
INV004243,2024-08-25,119551,sip,2503,Punjab,Amritsar,B30,36-45,Female,38.7,Net Banking,Verified
INV000176,2024-08-25,101207,sip,41865,Rajasthan,Jaipur,T30,26-35,Male,13.4,Net Banking,Verified
INV004621,2024-08-25,100016,sip,11441,Punjab,Amritsar,B30,36-45,Female,16.9,Mandate,Verified
INV004238,2024-08-25,149323,sip,21175,Haryana,Faridabad,B30,36-45,Male,40.2,Net Banking,Verified
INV003738,2024-08-25,149323,sip,5140,Delhi,Noida,T30,26-35,Male,19.0,UPI,Verified
INV001374,2024-08-25,101206,lumpsum,224478,Madhya Pradesh,Indore,T30,36-45,Male,14.2,Cheque,Verified
INV004794,2024-08-25,148567,lumpsum,273984,Rajasthan,Udaipur,B30,36-45,Female,46.0,Cheque,Verified
INV002399,2024-08-25,148567,lumpsum,323695,Gujarat,Ahmedabad,T30,46-55,Female,34.7,UPI,Verified
INV003992,2024-08-25,101206,sip,2770,Madhya Pradesh,Bhopal,B30,46-55,Female,86.8,UPI,Verified
INV000750,2024-08-25,119094,sip,1895,Delhi,New Delhi,T30,26-35,Male,20.9,UPI,Verified
INV004278,2024-08-25,119551,lumpsum,336963,Punjab,Chandigarh,T30,26-35,Male,21.8,UPI,Verified
INV000744,2024-08-25,148568,sip,2981,Uttar Pradesh,Kanpur,B30,56+,Female,49.8,Cheque,Verified
INV000376,2024-08-25,120507,lumpsum,152864,Tamil Nadu,Chennai,T30,18-25,Male,3.0,Net Banking,Verified
INV000844,2024-08-25,119551,sip,10072,Gujarat,Surat,T30,26-35,Male,6.5,UPI,Pending
INV000318,2024-08-26,119599,sip,22661,Madhya Pradesh,Bhopal,B30,46-55,Female,47.5,Net Banking,Verified
INV002448,2024-08-26,149324,sip,417,Madhya Pradesh,Bhopal,B30,26-35,Male,24.7,Mandate,Verified
INV003494,2024-08-26,100025,redemption,285281,Punjab,Chandigarh,T30,26-35,Female,18.6,Mandate,Verified
INV004768,2024-08-26,119095,redemption,262830,Delhi,Noida,T30,46-55,Female,98.4,Mandate,Verified
INV004247,2024-08-26,119599,sip,16688,Tamil Nadu,Chennai,T30,18-25,Male,4.9,Mandate,Verified
INV004768,2024-08-26,120506,redemption,331247,Delhi,Noida,T30,46-55,Female,98.4,Net Banking,Verified
INV004604,2024-08-26,102887,sip,463,Haryana,Gurugram,T30,46-55,Male,74.6,Net Banking,Verified
INV002744,2024-08-26,120843,sip,1761,Karnataka,Bangalore,T30,36-45,Male,25.9,Mandate,Verified
INV003203,2024-08-26,102887,lumpsum,227836,Telangana,Hyderabad,T30,26-35,Male,22.5,Mandate,Verified
INV002024,2024-08-26,118636,redemption,183749,West Bengal,Kolkata,T30,26-35,Male,17.6,UPI,Verified
INV002527,2024-08-26,118632,sip,478,Telangana,Hyderabad,T30,18-25,Male,6.8,Cheque,Verified
INV002111,2024-08-26,101207,lumpsum,328311,Telangana,Hyderabad,T30,36-45,Female,29.2,UPI,Verified
INV002427,2024-08-26,149324,redemption,269368,Karnataka,Mysore,B30,18-25,Female,6.5,Cheque,Verified
INV003415,2024-08-26,120843,lumpsum,328254,Gujarat,Surat,T30,46-55,Male,96.6,Net Banking,Pending
INV003122,2024-08-26,119598,lumpsum,199188,Telangana,Hyderabad,T30,26-35,Male,8.3,Net Banking,Verified
INV003939,2024-08-26,100016,sip,558,Madhya Pradesh,Bhopal,B30,36-45,Female,58.1,Net Banking,Verified
INV003911,2024-08-26,120507,sip,8507,Telangana,Hyderabad,T30,36-45,Male,21.5,Cheque,Pending
INV003769,2024-08-26,125497,redemption,501140,Gujarat,Ahmedabad,T30,46-55,Female,74.8,Cheque,Verified
INV003227,2024-08-26,102886,sip,2953,Maharashtra,Mumbai,T30,36-45,Male,41.8,UPI,Verified
INV001801,2024-08-26,100025,sip,11808,Delhi,New Delhi,T30,36-45,Male,44.3,UPI,Verified
INV003592,2024-08-26,148567,sip,442,Madhya Pradesh,Indore,T30,56+,Female,27.6,Cheque,Verified
INV004345,2024-08-26,119093,sip,2263,West Bengal,Kolkata,T30,36-45,Female,33.3,Mandate,Verified
INV001496,2024-08-26,148567,sip,2439,West Bengal,Kolkata,T30,18-25,Male,4.5,Cheque,Verified
INV003153,2024-08-26,120841,sip,11825,Madhya Pradesh,Indore,T30,36-45,Female,20.5,UPI,Verified
INV004085,2024-08-26,148568,redemption,218196,Maharashtra,Pune,T30,36-45,Female,34.5,Cheque,Verified
INV004608,2024-08-26,119552,lumpsum,213472,Karnataka,Bangalore,T30,26-35,Female,23.3,UPI,Verified
INV001334,2024-08-26,119092,redemption,372622,Punjab,Amritsar,B30,36-45,Male,38.6,Mandate,Pending
INV001562,2024-08-26,149324,sip,17796,Delhi,Noida,T30,26-35,Male,7.0,Net Banking,Verified
INV003664,2024-08-26,120841,redemption,150521,Rajasthan,Udaipur,B30,46-55,Male,29.4,Net Banking,Verified
INV001766,2024-08-26,149324,redemption,145038,Delhi,Gurugram,T30,46-55,Female,69.8,Cheque,Verified
INV001481,2024-08-26,125497,lumpsum,20369,Telangana,Hyderabad,T30,26-35,Male,23.4,Mandate,Verified
INV004418,2024-08-26,102887,sip,997,Haryana,Faridabad,B30,26-35,Female,23.2,Cheque,Verified
INV004345,2024-08-26,101207,sip,554,West Bengal,Kolkata,T30,36-45,Female,33.3,Mandate,Verified
INV004982,2024-08-26,102886,redemption,230850,Haryana,Faridabad,B30,18-25,Female,7.9,Net Banking,Verified
INV003748,2024-08-26,118636,redemption,225163,Madhya Pradesh,Indore,T30,46-55,Male,66.4,Cheque,Verified
INV004518,2024-08-26,119120,redemption,283810,Uttar Pradesh,Lucknow,T30,26-35,Female,24.4,Mandate,Verified
INV000152,2024-08-26,119552,lumpsum,305356,Haryana,Faridabad,B30,56+,Female,58.1,UPI,Verified
INV000254,2024-08-26,100016,sip,801,Haryana,Gurugram,T30,18-25,Female,3.7,Net Banking,Verified
INV001800,2024-08-26,100025,lumpsum,452086,Tamil Nadu,Chennai,T30,26-35,Female,12.8,UPI,Verified
INV002918,2024-08-26,149324,redemption,58116,Madhya Pradesh,Bhopal,B30,36-45,Female,18.6,UPI,Verified
INV004324,2024-08-26,119094,redemption,54784,Madhya Pradesh,Indore,T30,36-45,Male,42.4,Cheque,Verified
INV003189,2024-08-26,118633,sip,15134,Tamil Nadu,Chennai,T30,36-45,Female,44.6,Cheque,Pending
INV004006,2024-08-26,102885,lumpsum,358333,Tamil Nadu,Coimbatore,B30,56+,Male,59.1,Cheque,Pending
INV004410,2024-08-26,118632,sip,2221,Tamil Nadu,Chennai,T30,36-45,Male,45.5,Net Banking,Verified
INV002135,2024-08-26,102885,sip,1099,Gujarat,Ahmedabad,T30,56+,Male,18.3,UPI,Verified
INV003450,2024-08-26,101208,lumpsum,77396,Maharashtra,Nashik,B30,18-25,Female,4.2,Cheque,Verified
INV001006,2024-08-26,120842,sip,597,Tamil Nadu,Coimbatore,B30,56+,Female,75.6,UPI,Verified
INV000211,2024-08-26,119093,lumpsum,255629,Punjab,Chandigarh,T30,26-35,Male,17.0,UPI,Verified
INV002703,2024-08-26,120842,sip,498,Punjab,Amritsar,B30,18-25,Male,3.1,Net Banking,Verified
INV001629,2024-08-26,120844,sip,6929,Madhya Pradesh,Indore,T30,26-35,Male,15.0,Net Banking,Verified
INV004648,2024-08-26,119094,sip,2983,Maharashtra,Pune,T30,36-45,Male,54.3,Net Banking,Verified
INV004484,2024-08-26,101208,lumpsum,419252,Punjab,Amritsar,B30,46-55,Male,61.9,Mandate,Verified
INV002407,2024-08-26,102886,sip,8610,West Bengal,Kolkata,T30,36-45,Male,35.9,UPI,Verified
INV003948,2024-08-26,148569,lumpsum,392117,Madhya Pradesh,Indore,T30,18-25,Female,7.5,Net Banking,Verified
INV002835,2024-08-26,119095,sip,4965,Haryana,Faridabad,B30,26-35,Male,11.2,Net Banking,Verified
INV004273,2024-08-26,102886,sip,55098,Haryana,Faridabad,B30,26-35,Male,17.5,Net Banking,Verified
INV004551,2024-08-26,120503,lumpsum,60602,Maharashtra,Nashik,B30,18-25,Male,6.0,Net Banking,Verified
INV003920,2024-08-26,148569,sip,2657,Punjab,Chandigarh,T30,26-35,Male,20.3,Net Banking,Verified
INV004804,2024-08-26,119599,sip,24931,Maharashtra,Mumbai,T30,36-45,Male,44.1,Cheque,Verified
INV000074,2024-08-26,148569,sip,1803,Rajasthan,Jaipur,T30,26-35,Female,8.4,UPI,Verified
INV004824,2024-08-26,148568,lumpsum,442578,Uttar Pradesh,Agra,B30,26-35,Male,15.3,Mandate,Verified
INV002579,2024-08-26,149322,redemption,144634,Maharashtra,Mumbai,T30,36-45,Male,30.1,Mandate,Verified
INV002074,2024-08-26,119094,lumpsum,21469,Karnataka,Bangalore,T30,26-35,Female,6.1,UPI,Verified
INV001353,2024-08-26,148569,lumpsum,58396,Punjab,Amritsar,B30,26-35,Male,6.5,Net Banking,Verified
INV004226,2024-08-26,100033,lumpsum,201640,Punjab,Chandigarh,T30,18-25,Male,3.9,Mandate,Verified
INV000573,2024-08-26,119599,redemption,81941,Madhya Pradesh,Bhopal,B30,56+,Female,38.5,Cheque,Verified
INV000050,2024-08-26,119599,lumpsum,255268,Maharashtra,Pune,T30,36-45,Male,13.4,Net Banking,Verified
INV002291,2024-08-26,120843,sip,892,Telangana,Hyderabad,T30,26-35,Male,8.2,Cheque,Verified
INV000326,2024-08-26,120504,sip,1068,Madhya Pradesh,Bhopal,B30,26-35,Female,11.0,Mandate,Verified
INV001470,2024-08-26,120505,lumpsum,17084,Haryana,Gurugram,T30,36-45,Male,26.2,UPI,Verified
INV001356,2024-08-26,100033,sip,8876,Gujarat,Ahmedabad,T30,26-35,Male,19.7,Net Banking,Verified
INV003270,2024-08-26,100016,sip,43103,Karnataka,Bangalore,T30,56+,Male,43.3,UPI,Verified
INV002744,2024-08-26,119092,sip,2478,Karnataka,Bangalore,T30,36-45,Male,25.9,UPI,Verified
INV002093,2024-08-26,100025,redemption,446102,Punjab,Chandigarh,T30,26-35,Male,14.7,Net Banking,Pending
INV004966,2024-08-26,119598,lumpsum,361264,Rajasthan,Jaipur,T30,26-35,Male,13.8,Cheque,Verified
INV001282,2024-08-26,102887,sip,2534,West Bengal,Kolkata,T30,18-25,Female,5.2,Net Banking,Verified
INV003992,2024-08-26,120841,sip,2476,Madhya Pradesh,Bhopal,B30,46-55,Female,86.8,Mandate,Verified
INV001528,2024-08-26,120503,sip,40412,Telangana,Hyderabad,T30,26-35,Female,20.7,Net Banking,Pending
INV003640,2024-08-27,100025,sip,25820,Gujarat,Ahmedabad,T30,26-35,Male,14.0,Net Banking,Verified
INV003971,2024-08-27,101208,sip,456,Haryana,Gurugram,T30,26-35,Male,14.1,Cheque,Verified
INV003975,2024-08-27,102887,lumpsum,253396,Gujarat,Ahmedabad,T30,36-45,Male,26.2,Mandate,Verified
INV003891,2024-08-27,120506,sip,8439,Telangana,Hyderabad,T30,26-35,Male,21.8,UPI,Verified
INV000647,2024-08-27,119095,lumpsum,433552,Punjab,Chandigarh,T30,46-55,Male,46.5,Mandate,Verified
INV001460,2024-08-27,148569,sip,11840,Uttar Pradesh,Kanpur,B30,36-45,Male,45.4,Mandate,Verified
INV002002,2024-08-27,120506,lumpsum,219064,Gujarat,Ahmedabad,T30,36-45,Female,28.4,Mandate,Verified
INV002420,2024-08-27,120844,sip,1186,Karnataka,Mysore,B30,26-35,Female,6.4,Mandate,Verified
INV002485,2024-08-27,120842,lumpsum,199981,Karnataka,Mysore,B30,46-55,Female,70.2,Net Banking,Verified
INV004796,2024-08-27,120844,sip,3114,Delhi,Noida,T30,18-25,Male,4.6,UPI,Verified
INV001457,2024-08-27,101206,sip,27628,Gujarat,Ahmedabad,T30,26-35,Male,17.7,UPI,Verified
INV000005,2024-08-27,118635,lumpsum,201354,Punjab,Amritsar,B30,26-35,Female,10.4,Mandate,Verified
INV004426,2024-08-27,119093,sip,26596,Rajasthan,Jaipur,T30,26-35,Male,10.4,UPI,Verified
INV004834,2024-08-27,119552,lumpsum,52792,Delhi,New Delhi,T30,26-35,Male,20.0,Mandate,Verified
INV001796,2024-08-27,148568,sip,6552,Telangana,Hyderabad,T30,18-25,Male,6.7,Cheque,Verified
INV001979,2024-08-27,149324,sip,6041,Maharashtra,Pune,T30,26-35,Male,12.2,UPI,Verified
INV001269,2024-08-27,125498,sip,21623,Maharashtra,Mumbai,T30,26-35,Male,14.4,Cheque,Verified
INV002444,2024-08-27,119551,lumpsum,267157,Uttar Pradesh,Lucknow,T30,18-25,Female,3.8,Net Banking,Verified
INV001683,2024-08-27,100033,sip,562,Haryana,Gurugram,T30,26-35,Male,8.7,UPI,Verified
INV004276,2024-08-27,102885,sip,12341,Punjab,Amritsar,B30,26-35,Male,13.4,UPI,Verified
INV002389,2024-08-27,120844,sip,574,Haryana,Faridabad,B30,36-45,Male,50.8,UPI,Pending
INV000833,2024-08-27,119094,sip,881,Maharashtra,Nashik,B30,18-25,Male,4.4,Cheque,Verified
INV003784,2024-08-27,119095,lumpsum,241025,Telangana,Hyderabad,T30,56+,Female,8.2,Mandate,Verified
INV004557,2024-08-27,119599,sip,23784,Maharashtra,Nashik,B30,26-35,Male,8.0,UPI,Verified
INV002521,2024-08-27,119093,sip,2967,Punjab,Chandigarh,T30,26-35,Male,12.3,Cheque,Verified
INV002808,2024-08-27,102886,sip,54276,Uttar Pradesh,Agra,B30,26-35,Male,24.1,Cheque,Verified
INV001720,2024-08-27,118634,lumpsum,319152,Karnataka,Mysore,B30,36-45,Male,43.6,Cheque,Verified
INV004926,2024-08-27,120506,sip,2704,Karnataka,Mysore,B30,36-45,Male,45.3,Mandate,Verified
INV004572,2024-08-27,120505,sip,16694,Tamil Nadu,Coimbatore,B30,46-55,Female,79.2,Net Banking,Verified
INV002680,2024-08-27,100016,sip,16961,West Bengal,Kolkata,T30,36-45,Male,17.4,Cheque,Verified
INV002290,2024-08-27,100025,lumpsum,352778,Gujarat,Ahmedabad,T30,36-45,Male,24.7,Cheque,Verified
INV003419,2024-08-27,118632,lumpsum,388515,Maharashtra,Pune,T30,18-25,Male,5.3,Mandate,Pending
INV002363,2024-08-27,101206,sip,1729,Punjab,Chandigarh,T30,26-35,Male,12.7,UPI,Verified
INV002534,2024-08-27,120504,redemption,6778,Madhya Pradesh,Indore,T30,46-55,Male,31.0,UPI,Verified
INV002412,2024-08-27,101207,sip,4100,Karnataka,Bangalore,T30,26-35,Male,11.4,Mandate,Verified
INV004904,2024-08-27,119094,sip,1109,Tamil Nadu,Chennai,T30,26-35,Female,8.6,UPI,Verified
INV001326,2024-08-27,125497,redemption,87257,Rajasthan,Udaipur,B30,46-55,Male,54.9,Net Banking,Verified
INV002532,2024-08-27,118632,sip,7478,Telangana,Hyderabad,T30,56+,Female,11.7,Net Banking,Verified
INV000099,2024-08-27,119093,sip,10984,Haryana,Gurugram,T30,36-45,Male,43.5,Cheque,Verified
INV000810,2024-08-27,101206,redemption,488090,Rajasthan,Jaipur,T30,26-35,Male,11.2,UPI,Verified
INV001788,2024-08-27,149323,redemption,44004,Tamil Nadu,Chennai,T30,18-25,Female,4.8,UPI,Verified
INV002089,2024-08-27,100025,sip,10133,Rajasthan,Udaipur,B30,46-55,Female,22.5,Cheque,Verified
INV001402,2024-08-27,119095,redemption,399524,Tamil Nadu,Chennai,T30,26-35,Male,15.2,Cheque,Verified
INV001851,2024-08-27,125497,sip,22707,Gujarat,Ahmedabad,T30,26-35,Male,16.2,Mandate,Verified
INV004945,2024-08-27,119552,sip,2613,West Bengal,Kolkata,T30,36-45,Female,56.8,UPI,Verified
INV001558,2024-08-27,148567,lumpsum,29807,West Bengal,Kolkata,T30,56+,Female,23.8,UPI,Verified
INV004123,2024-08-27,148567,sip,2934,Haryana,Gurugram,T30,36-45,Male,53.8,Cheque,Verified
INV000246,2024-08-27,120841,sip,2321,Tamil Nadu,Chennai,T30,26-35,Male,19.7,UPI,Verified
INV002239,2024-08-27,119094,lumpsum,297880,Gujarat,Surat,T30,26-35,Male,8.9,Cheque,Verified
INV000256,2024-08-27,120844,sip,2944,Delhi,New Delhi,T30,36-45,Male,14.0,Mandate,Verified
INV002656,2024-08-27,100016,sip,840,Tamil Nadu,Coimbatore,B30,26-35,Male,9.6,Mandate,Verified
INV002179,2024-08-27,101208,sip,51945,Haryana,Gurugram,T30,26-35,Female,12.0,Mandate,Verified
INV001232,2024-08-27,149322,lumpsum,587530,Uttar Pradesh,Agra,B30,46-55,Female,29.8,UPI,Verified
INV001420,2024-08-27,119551,lumpsum,20982,Rajasthan,Jaipur,T30,36-45,Male,32.2,Net Banking,Verified
INV001903,2024-08-27,119598,sip,9648,Delhi,New Delhi,T30,26-35,Female,8.8,UPI,Verified
INV003828,2024-08-27,100033,sip,29362,Karnataka,Bangalore,T30,18-25,Male,7.6,Cheque,Verified
INV000132,2024-08-27,119551,sip,2805,Karnataka,Bangalore,T30,46-55,Female,37.1,Mandate,Verified
INV000138,2024-08-27,149324,lumpsum,466204,Telangana,Hyderabad,T30,26-35,Male,24.7,Cheque,Pending
INV000137,2024-08-27,119094,sip,481,Rajasthan,Jaipur,T30,26-35,Female,12.0,UPI,Verified
INV002407,2024-08-27,120507,sip,2143,West Bengal,Kolkata,T30,36-45,Male,35.9,Net Banking,Verified
INV004957,2024-08-27,118636,redemption,319944,Delhi,New Delhi,T30,36-45,Male,51.2,Net Banking,Verified
INV004688,2024-08-27,118635,lumpsum,403299,West Bengal,Kolkata,T30,26-35,Male,20.7,Cheque,Verified
INV002307,2024-08-27,100016,sip,7660,Gujarat,Ahmedabad,T30,26-35,Male,24.2,Mandate,Verified
INV002552,2024-08-27,118635,sip,498,Delhi,Gurugram,T30,36-45,Male,24.4,Net Banking,Verified
INV002897,2024-08-27,149323,sip,1137,Maharashtra,Pune,T30,26-35,Male,23.1,Mandate,Verified
INV003404,2024-08-27,125498,redemption,316637,Tamil Nadu,Chennai,T30,36-45,Male,26.8,Cheque,Verified
INV002852,2024-08-28,120843,sip,570,West Bengal,Kolkata,T30,46-55,Male,69.5,Mandate,Pending
INV001394,2024-08-28,118635,sip,15069,Karnataka,Bangalore,T30,56+,Male,42.9,Net Banking,Verified
INV003669,2024-08-28,102886,lumpsum,238567,West Bengal,Kolkata,T30,18-25,Female,7.8,Cheque,Verified
INV001406,2024-08-28,120843,lumpsum,253541,Telangana,Hyderabad,T30,46-55,Male,86.0,Cheque,Verified
INV004273,2024-08-28,118636,sip,961,Haryana,Faridabad,B30,26-35,Male,17.5,Cheque,Pending
INV004036,2024-08-28,118636,lumpsum,388439,Uttar Pradesh,Agra,B30,56+,Female,51.7,Cheque,Verified
INV000703,2024-08-28,148569,lumpsum,203643,Delhi,New Delhi,T30,26-35,Male,15.4,UPI,Pending
INV000853,2024-08-28,148568,sip,2578,Punjab,Chandigarh,T30,26-35,Female,8.0,UPI,Verified
INV003970,2024-08-28,119092,sip,5612,Telangana,Hyderabad,T30,18-25,Male,4.1,UPI,Verified
INV003816,2024-08-28,120842,lumpsum,471252,West Bengal,Kolkata,T30,26-35,Female,17.0,Net Banking,Verified
INV003736,2024-08-28,119552,lumpsum,301965,Karnataka,Mysore,B30,18-25,Male,4.9,UPI,Verified
INV004151,2024-08-28,119598,lumpsum,383510,Karnataka,Mysore,B30,26-35,Male,21.6,Net Banking,Verified
INV001351,2024-08-28,120506,lumpsum,351348,Uttar Pradesh,Kanpur,B30,26-35,Male,8.5,Net Banking,Verified
INV003694,2024-08-28,149324,sip,4759,Madhya Pradesh,Bhopal,B30,26-35,Female,24.1,Mandate,Verified
INV004034,2024-08-28,125498,sip,2374,Karnataka,Mysore,B30,46-55,Male,71.0,Net Banking,Verified
INV000896,2024-08-28,102885,sip,11378,Karnataka,Mysore,B30,26-35,Male,14.7,Cheque,Verified
INV002838,2024-08-28,119599,sip,461,West Bengal,Kolkata,T30,56+,Female,71.9,Mandate,Pending
INV003877,2024-08-28,102886,sip,3345,Rajasthan,Udaipur,B30,36-45,Female,25.4,Cheque,Verified
INV001075,2024-08-28,118633,sip,4163,Punjab,Chandigarh,T30,26-35,Female,24.5,Cheque,Verified
INV000361,2024-08-28,148568,lumpsum,430711,Maharashtra,Pune,T30,46-55,Male,27.1,UPI,Verified
INV000615,2024-08-28,118633,sip,574,Punjab,Amritsar,B30,36-45,Male,60.0,Cheque,Verified
INV000199,2024-08-28,120506,sip,1628,Telangana,Hyderabad,T30,36-45,Female,15.7,Cheque,Verified
INV002495,2024-08-28,149323,sip,11452,Maharashtra,Nashik,B30,26-35,Male,6.6,Mandate,Verified
INV004428,2024-08-28,118632,redemption,200357,Rajasthan,Udaipur,B30,26-35,Female,6.7,Net Banking,Verified
INV001654,2024-08-28,119552,sip,13553,Uttar Pradesh,Lucknow,T30,36-45,Female,28.1,Net Banking,Verified
INV001905,2024-08-28,119092,sip,2211,Tamil Nadu,Chennai,T30,26-35,Male,19.2,Net Banking,Verified
INV002550,2024-08-28,125497,lumpsum,62352,Tamil Nadu,Coimbatore,B30,26-35,Female,15.3,UPI,Verified
INV003308,2024-08-28,119599,redemption,88419,Telangana,Hyderabad,T30,56+,Male,58.2,Net Banking,Verified
INV003337,2024-08-28,149323,sip,16407,Tamil Nadu,Chennai,T30,26-35,Female,21.7,Net Banking,Verified
INV000393,2024-08-28,119092,sip,43045,Maharashtra,Mumbai,T30,36-45,Male,53.1,Net Banking,Verified
INV002535,2024-08-28,120844,redemption,302399,Rajasthan,Udaipur,B30,36-45,Male,22.6,Mandate,Verified
INV002035,2024-08-28,119092,lumpsum,266855,Tamil Nadu,Chennai,T30,36-45,Male,12.2,Mandate,Verified
INV001806,2024-08-28,102886,redemption,314824,Telangana,Hyderabad,T30,36-45,Male,32.6,UPI,Verified
INV000411,2024-08-28,119092,lumpsum,129070,West Bengal,Kolkata,T30,26-35,Female,11.1,Net Banking,Verified
INV002282,2024-08-28,102887,sip,3275,West Bengal,Kolkata,T30,36-45,Male,53.7,Cheque,Verified
INV000415,2024-08-28,118634,sip,8178,Maharashtra,Pune,T30,36-45,Female,20.3,Mandate,Verified
INV001771,2024-08-28,102887,lumpsum,391824,Gujarat,Surat,T30,46-55,Male,85.9,Mandate,Verified
INV004595,2024-08-28,120844,sip,21059,Rajasthan,Udaipur,B30,36-45,Male,24.0,Mandate,Verified
INV003518,2024-08-28,118632,lumpsum,79774,Madhya Pradesh,Bhopal,B30,26-35,Male,6.7,Net Banking,Verified
INV004579,2024-08-28,120507,redemption,204921,Rajasthan,Jaipur,T30,26-35,Male,18.7,Net Banking,Verified
INV002293,2024-08-28,101207,redemption,192752,Tamil Nadu,Coimbatore,B30,26-35,Female,24.3,Net Banking,Verified
INV004560,2024-08-28,118632,sip,1139,Tamil Nadu,Coimbatore,B30,36-45,Male,42.7,Cheque,Verified
INV002906,2024-08-28,120504,sip,1110,Telangana,Hyderabad,T30,26-35,Male,19.9,Mandate,Verified
INV000493,2024-08-28,100016,lumpsum,207221,Punjab,Chandigarh,T30,18-25,Male,4.2,Mandate,Pending
INV000403,2024-08-28,120507,sip,5560,Rajasthan,Jaipur,T30,18-25,Female,7.7,Mandate,Verified
INV003121,2024-08-28,120841,sip,27579,Telangana,Hyderabad,T30,36-45,Male,13.7,Cheque,Verified
INV003225,2024-08-28,148567,lumpsum,159020,West Bengal,Kolkata,T30,26-35,Male,9.2,Net Banking,Verified
INV004381,2024-08-28,119095,lumpsum,150210,West Bengal,Kolkata,T30,46-55,Female,27.2,Net Banking,Verified
INV004399,2024-08-28,118632,sip,576,Delhi,Noida,T30,56+,Female,52.3,Net Banking,Verified
INV003609,2024-08-28,125497,sip,11212,Karnataka,Mysore,B30,26-35,Male,9.2,Cheque,Verified
INV001508,2024-08-28,120844,lumpsum,280912,Tamil Nadu,Coimbatore,B30,46-55,Male,63.3,Net Banking,Verified
INV002226,2024-08-28,102886,redemption,46567,Gujarat,Surat,T30,46-55,Female,29.3,Net Banking,Verified
INV004406,2024-08-28,125498,lumpsum,108714,Rajasthan,Jaipur,T30,36-45,Male,12.2,Cheque,Verified
INV002123,2024-08-28,119093,lumpsum,186359,West Bengal,Kolkata,T30,26-35,Male,14.7,UPI,Verified
INV002220,2024-08-28,119551,sip,2854,Punjab,Chandigarh,T30,46-55,Male,29.9,Cheque,Verified
INV002586,2024-08-28,119093,sip,2721,West Bengal,Kolkata,T30,26-35,Female,9.1,Mandate,Verified
INV002220,2024-08-28,119552,lumpsum,133815,Punjab,Chandigarh,T30,46-55,Male,29.9,Net Banking,Verified
INV002624,2024-08-28,148568,lumpsum,236058,West Bengal,Kolkata,T30,26-35,Male,8.7,Mandate,Verified
INV000652,2024-08-28,119551,lumpsum,55374,Delhi,Gurugram,T30,26-35,Male,8.0,Mandate,Verified
INV003011,2024-08-28,120843,sip,16474,Gujarat,Ahmedabad,T30,18-25,Male,4.4,Cheque,Verified
INV001530,2024-08-28,148568,lumpsum,399650,Telangana,Hyderabad,T30,26-35,Male,21.0,Mandate,Pending
INV000010,2024-08-28,119598,sip,8464,Maharashtra,Pune,T30,36-45,Male,13.6,Net Banking,Verified
INV004992,2024-08-28,120504,sip,2303,Rajasthan,Udaipur,B30,26-35,Male,11.1,Cheque,Verified
INV000823,2024-08-29,118634,sip,6247,Madhya Pradesh,Bhopal,B30,46-55,Male,41.5,Cheque,Verified
INV002229,2024-08-29,119092,sip,520,Rajasthan,Jaipur,T30,36-45,Male,24.6,UPI,Verified
INV000843,2024-08-29,120844,sip,456,Maharashtra,Mumbai,T30,26-35,Male,10.2,Cheque,Verified
INV000665,2024-08-29,119095,sip,1001,Rajasthan,Udaipur,B30,26-35,Female,6.6,Cheque,Verified
INV002752,2024-08-29,102885,lumpsum,93494,Rajasthan,Udaipur,B30,26-35,Male,20.1,Mandate,Verified
INV001861,2024-08-29,119552,sip,2016,Haryana,Gurugram,T30,26-35,Female,19.4,Mandate,Verified
INV002276,2024-08-29,119092,redemption,498395,Telangana,Hyderabad,T30,46-55,Male,88.0,UPI,Verified
INV003946,2024-08-29,102887,sip,22109,Karnataka,Mysore,B30,26-35,Female,9.2,Cheque,Verified
INV003098,2024-08-29,119095,sip,28230,Gujarat,Surat,T30,26-35,Female,9.5,UPI,Verified
INV003765,2024-08-29,120505,lumpsum,360311,Uttar Pradesh,Kanpur,B30,26-35,Male,11.1,UPI,Verified
INV003015,2024-08-29,118632,lumpsum,182064,Madhya Pradesh,Indore,T30,18-25,Male,4.4,Cheque,Verified
INV002402,2024-08-29,101208,sip,1703,Uttar Pradesh,Lucknow,T30,46-55,Male,55.5,Cheque,Verified
INV004576,2024-08-29,118635,sip,2168,Rajasthan,Jaipur,T30,46-55,Male,54.5,Net Banking,Verified
INV002602,2024-08-29,101206,redemption,566831,Gujarat,Surat,T30,56+,Female,45.7,UPI,Verified
INV004551,2024-08-29,125498,sip,2026,Maharashtra,Nashik,B30,18-25,Male,6.0,Mandate,Verified
INV001680,2024-08-29,120842,sip,3026,Madhya Pradesh,Indore,T30,26-35,Male,22.8,Mandate,Verified
INV000754,2024-08-29,119095,sip,8538,West Bengal,Kolkata,T30,26-35,Male,8.0,Cheque,Verified
INV003709,2024-08-29,119092,sip,4104,Uttar Pradesh,Agra,B30,46-55,Female,21.0,Net Banking,Verified
INV002682,2024-08-29,119093,sip,12857,Karnataka,Mysore,B30,26-35,Male,17.9,Cheque,Verified
INV004667,2024-08-29,100033,lumpsum,56037,Maharashtra,Pune,T30,26-35,Male,16.9,UPI,Pending
INV004181,2024-08-29,148568,sip,2420,Uttar Pradesh,Lucknow,T30,26-35,Female,17.8,UPI,Verified
INV001871,2024-08-29,119092,sip,50362,Delhi,Gurugram,T30,56+,Male,13.9,UPI,Verified
INV002635,2024-08-29,100033,sip,401,Telangana,Hyderabad,T30,18-25,Male,3.8,Mandate,Verified
INV002101,2024-08-29,149323,lumpsum,39711,Uttar Pradesh,Lucknow,T30,26-35,Male,14.7,Cheque,Verified
INV002056,2024-08-29,120841,lumpsum,329366,Madhya Pradesh,Bhopal,B30,18-25,Female,3.4,Cheque,Verified
INV000987,2024-08-29,118633,sip,822,Punjab,Amritsar,B30,26-35,Male,18.7,Net Banking,Verified
INV000986,2024-08-29,100025,sip,498,Tamil Nadu,Coimbatore,B30,26-35,Male,24.2,Cheque,Verified
INV001181,2024-08-29,102885,sip,3320,West Bengal,Kolkata,T30,26-35,Male,21.0,Cheque,Verified
INV004843,2024-08-29,100033,sip,1860,Haryana,Faridabad,B30,56+,Male,49.8,Net Banking,Verified
INV003168,2024-08-29,120506,sip,4469,Uttar Pradesh,Lucknow,T30,18-25,Male,5.1,UPI,Verified
INV004842,2024-08-29,118634,sip,6378,Rajasthan,Udaipur,B30,46-55,Male,32.8,Mandate,Verified
INV001011,2024-08-29,118633,redemption,35233,Madhya Pradesh,Bhopal,B30,26-35,Male,14.4,UPI,Pending
INV004834,2024-08-29,119551,sip,8406,Delhi,New Delhi,T30,26-35,Male,20.0,Net Banking,Verified
INV002017,2024-08-29,119552,sip,8279,Karnataka,Mysore,B30,26-35,Female,15.0,Mandate,Pending
INV003183,2024-08-29,119551,sip,58746,Punjab,Amritsar,B30,36-45,Female,54.2,Mandate,Verified
INV004040,2024-08-29,120844,sip,500,Gujarat,Ahmedabad,T30,36-45,Male,54.3,UPI,Verified
INV004906,2024-08-29,148568,lumpsum,407778,Madhya Pradesh,Indore,T30,26-35,Male,9.9,Net Banking,Verified
INV002567,2024-08-29,120506,redemption,449819,Madhya Pradesh,Indore,T30,36-45,Male,20.3,Net Banking,Verified
INV002380,2024-08-29,101207,sip,43070,Gujarat,Surat,T30,26-35,Male,19.4,UPI,Verified
INV004761,2024-08-29,119094,sip,884,Madhya Pradesh,Indore,T30,26-35,Male,21.4,UPI,Verified
INV001922,2024-08-29,120507,sip,1191,West Bengal,Kolkata,T30,18-25,Male,5.5,Cheque,Verified
INV000922,2024-08-29,120844,lumpsum,536463,Karnataka,Mysore,B30,26-35,Male,22.4,Cheque,Verified
INV000277,2024-08-29,119552,sip,4236,Rajasthan,Udaipur,B30,46-55,Male,28.1,Cheque,Verified
INV002664,2024-08-29,120506,sip,1659,Karnataka,Bangalore,T30,26-35,Male,17.3,UPI,Verified
INV003276,2024-08-29,101206,redemption,274581,Telangana,Hyderabad,T30,46-55,Male,45.0,Cheque,Verified
INV002939,2024-08-29,118635,sip,11317,Rajasthan,Udaipur,B30,18-25,Male,3.1,UPI,Verified
INV004922,2024-08-29,100025,redemption,425520,Haryana,Gurugram,T30,56+,Male,28.2,Mandate,Verified
INV002937,2024-08-29,118632,sip,571,Rajasthan,Jaipur,T30,56+,Male,64.5,Mandate,Verified
INV004682,2024-08-29,125498,sip,8784,Telangana,Hyderabad,T30,26-35,Female,8.7,Cheque,Verified
INV001881,2024-08-29,149323,sip,6995,Telangana,Hyderabad,T30,26-35,Male,11.2,Cheque,Verified
INV000344,2024-08-29,120504,redemption,291807,Madhya Pradesh,Bhopal,B30,36-45,Male,56.7,Net Banking,Verified
INV002804,2024-08-29,100033,lumpsum,469318,Madhya Pradesh,Indore,T30,36-45,Male,39.9,Net Banking,Verified
INV000743,2024-08-29,118634,sip,24868,Telangana,Hyderabad,T30,26-35,Male,22.8,Cheque,Verified
INV001492,2024-08-29,100033,lumpsum,387995,Tamil Nadu,Chennai,T30,26-35,Male,19.6,Mandate,Verified
INV003528,2024-08-29,118633,lumpsum,137972,Madhya Pradesh,Bhopal,B30,18-25,Female,3.6,Cheque,Verified
INV002509,2024-08-29,125497,sip,576,Maharashtra,Mumbai,T30,36-45,Female,19.9,UPI,Verified
INV003659,2024-08-29,119120,redemption,10437,Madhya Pradesh,Bhopal,B30,56+,Male,27.4,Cheque,Verified
INV002717,2024-08-29,100033,redemption,129280,Maharashtra,Nashik,B30,26-35,Female,24.8,Net Banking,Verified
INV001648,2024-08-29,119120,sip,8461,Telangana,Hyderabad,T30,46-55,Female,96.8,UPI,Pending
INV002472,2024-08-29,102885,lumpsum,390142,Maharashtra,Mumbai,T30,26-35,Female,19.1,UPI,Verified
INV004408,2024-08-29,120504,redemption,290520,Punjab,Amritsar,B30,26-35,Male,23.5,Mandate,Verified
INV004505,2024-08-29,120504,redemption,94723,Punjab,Amritsar,B30,26-35,Male,7.8,Mandate,Verified
INV003590,2024-08-29,119599,lumpsum,230708,Karnataka,Bangalore,T30,46-55,Female,23.1,UPI,Verified
INV001448,2024-08-29,102885,lumpsum,67956,Telangana,Hyderabad,T30,26-35,Female,14.2,Cheque,Verified
INV001449,2024-08-29,101207,sip,1039,Gujarat,Ahmedabad,T30,36-45,Male,45.2,Cheque,Verified
INV003662,2024-08-29,120506,redemption,506960,Rajasthan,Jaipur,T30,18-25,Male,5.7,Cheque,Verified
INV001643,2024-08-29,125497,sip,1986,Punjab,Amritsar,B30,36-45,Male,28.4,Cheque,Verified
INV002498,2024-08-29,101206,lumpsum,405895,Gujarat,Ahmedabad,T30,36-45,Male,56.2,Cheque,Verified
INV001616,2024-08-29,120507,sip,10567,Tamil Nadu,Chennai,T30,26-35,Male,23.2,Cheque,Pending
INV000684,2024-08-29,125498,sip,20257,Rajasthan,Udaipur,B30,26-35,Male,10.4,Net Banking,Verified
INV001444,2024-08-29,119092,sip,13101,Rajasthan,Jaipur,T30,36-45,Male,36.8,Mandate,Verified
INV000630,2024-08-29,149322,sip,533,Uttar Pradesh,Kanpur,B30,26-35,Male,18.9,Cheque,Verified
INV004464,2024-08-29,102886,sip,4103,Haryana,Faridabad,B30,26-35,Female,11.9,Cheque,Verified
INV001828,2024-08-30,125497,sip,2284,Gujarat,Surat,T30,36-45,Male,27.7,UPI,Verified
INV003044,2024-08-30,119093,sip,4310,West Bengal,Kolkata,T30,18-25,Female,3.2,Mandate,Verified
INV003335,2024-08-30,120505,lumpsum,101115,Maharashtra,Pune,T30,18-25,Male,4.1,Net Banking,Verified
INV000693,2024-08-30,118634,lumpsum,129030,Haryana,Faridabad,B30,26-35,Male,11.0,Mandate,Pending
INV004249,2024-08-30,148568,redemption,389493,Karnataka,Mysore,B30,26-35,Male,23.2,Cheque,Verified
INV002819,2024-08-30,118636,sip,491,West Bengal,Kolkata,T30,26-35,Male,24.1,UPI,Verified
INV004411,2024-08-30,120503,sip,6818,Maharashtra,Mumbai,T30,26-35,Female,13.8,Net Banking,Verified
INV004576,2024-08-30,120842,sip,8496,Rajasthan,Jaipur,T30,46-55,Male,54.5,Net Banking,Verified
INV003083,2024-08-30,148569,lumpsum,419975,Madhya Pradesh,Bhopal,B30,56+,Female,41.3,Cheque,Verified
INV001969,2024-08-30,100016,lumpsum,345998,Uttar Pradesh,Kanpur,B30,26-35,Male,9.7,Mandate,Pending
INV003331,2024-08-30,148568,lumpsum,463090,Karnataka,Bangalore,T30,26-35,Female,7.1,UPI,Verified
INV002154,2024-08-30,102886,sip,1089,Uttar Pradesh,Lucknow,T30,36-45,Male,40.5,Cheque,Verified
INV004647,2024-08-30,100033,sip,16611,Madhya Pradesh,Indore,T30,36-45,Female,25.3,Cheque,Verified
INV000721,2024-08-30,120504,lumpsum,338132,Maharashtra,Nashik,B30,36-45,Male,59.1,Mandate,Verified
INV003363,2024-08-30,119551,lumpsum,438538,Haryana,Gurugram,T30,36-45,Male,46.5,UPI,Verified
INV001348,2024-08-30,125498,sip,2531,Haryana,Gurugram,T30,26-35,Female,8.6,UPI,Verified
INV002286,2024-08-30,102885,sip,43691,Tamil Nadu,Coimbatore,B30,18-25,Male,5.9,UPI,Verified
INV001221,2024-08-30,119120,sip,27222,Delhi,New Delhi,T30,26-35,Female,22.4,Cheque,Pending
INV004893,2024-08-30,125498,redemption,354415,Delhi,Gurugram,T30,36-45,Male,32.6,UPI,Pending
INV003401,2024-08-30,149324,redemption,26795,Rajasthan,Jaipur,T30,26-35,Female,18.1,UPI,Verified
INV004037,2024-08-30,120505,sip,6790,Gujarat,Ahmedabad,T30,26-35,Male,20.8,Cheque,Pending
INV003908,2024-08-30,120505,redemption,421255,Tamil Nadu,Coimbatore,B30,26-35,Female,13.8,Cheque,Verified
INV002530,2024-08-30,100016,lumpsum,227586,Telangana,Hyderabad,T30,36-45,Male,53.9,Mandate,Verified
INV001227,2024-08-30,149322,sip,877,Tamil Nadu,Coimbatore,B30,36-45,Male,58.3,UPI,Pending
INV003387,2024-08-30,119552,sip,2430,Gujarat,Ahmedabad,T30,36-45,Male,15.4,Cheque,Verified
INV004729,2024-08-30,101206,redemption,434117,Madhya Pradesh,Bhopal,B30,26-35,Male,19.4,Mandate,Verified
INV000930,2024-08-30,119552,sip,55865,Rajasthan,Udaipur,B30,18-25,Female,4.1,Cheque,Verified
INV000571,2024-08-30,100025,sip,2325,Rajasthan,Udaipur,B30,18-25,Male,6.7,UPI,Verified
INV003455,2024-08-30,120506,lumpsum,158023,Tamil Nadu,Coimbatore,B30,46-55,Male,40.2,Net Banking,Verified
INV000530,2024-08-30,100025,sip,5156,West Bengal,Kolkata,T30,18-25,Male,5.3,Cheque,Verified
INV001399,2024-08-30,118636,redemption,178506,Delhi,New Delhi,T30,26-35,Female,16.4,UPI,Verified
INV000744,2024-08-30,101208,sip,9933,Uttar Pradesh,Kanpur,B30,56+,Female,49.8,Cheque,Verified
INV000738,2024-08-30,149323,sip,8010,Punjab,Amritsar,B30,26-35,Male,12.1,UPI,Verified
INV000195,2024-08-30,101208,sip,2981,Madhya Pradesh,Bhopal,B30,36-45,Female,56.5,UPI,Verified
INV004528,2024-08-30,119552,sip,58883,Madhya Pradesh,Indore,T30,46-55,Male,82.5,Net Banking,Verified
INV003116,2024-08-30,101207,lumpsum,535757,Rajasthan,Udaipur,B30,26-35,Female,8.7,Cheque,Verified
INV001880,2024-08-30,100033,sip,2023,Madhya Pradesh,Bhopal,B30,26-35,Male,23.0,Mandate,Verified
INV004534,2024-08-30,149324,sip,13301,Maharashtra,Nashik,B30,26-35,Male,8.8,Cheque,Verified
INV004154,2024-08-30,149322,sip,15954,Karnataka,Mysore,B30,18-25,Male,4.7,Cheque,Verified
INV002583,2024-08-30,149322,lumpsum,325848,Gujarat,Ahmedabad,T30,46-55,Male,48.5,UPI,Verified
INV004986,2024-08-30,118634,sip,1847,Madhya Pradesh,Bhopal,B30,26-35,Male,12.3,UPI,Verified
INV003640,2024-08-30,118634,redemption,427723,Gujarat,Ahmedabad,T30,26-35,Male,14.0,Net Banking,Verified
INV002067,2024-08-30,120841,lumpsum,33787,Gujarat,Ahmedabad,T30,36-45,Female,46.2,Mandate,Verified
INV001972,2024-08-30,118636,redemption,415524,Uttar Pradesh,Kanpur,B30,18-25,Male,4.6,Cheque,Verified
INV002693,2024-08-30,125497,sip,49830,Uttar Pradesh,Kanpur,B30,26-35,Male,22.5,UPI,Verified
INV001853,2024-08-30,149324,sip,57491,Delhi,Noida,T30,18-25,Male,6.1,Mandate,Verified
INV001375,2024-08-30,101208,redemption,138906,Haryana,Gurugram,T30,18-25,Male,6.3,Mandate,Verified
INV000373,2024-08-30,125497,sip,8952,Gujarat,Surat,T30,26-35,Male,8.0,UPI,Verified
INV002188,2024-08-30,119551,lumpsum,66387,Rajasthan,Jaipur,T30,26-35,Male,19.1,Mandate,Pending
INV002672,2024-08-31,118633,sip,441,Rajasthan,Udaipur,B30,26-35,Male,10.2,UPI,Verified
INV003797,2024-08-31,119598,sip,56047,Madhya Pradesh,Indore,T30,26-35,Male,6.6,UPI,Verified
INV001602,2024-08-31,119094,lumpsum,319498,West Bengal,Kolkata,T30,36-45,Male,27.0,Net Banking,Verified
INV004324,2024-08-31,120842,sip,11089,Madhya Pradesh,Indore,T30,36-45,Male,42.4,Net Banking,Verified
INV001580,2024-08-31,120504,sip,2960,Punjab,Chandigarh,T30,26-35,Male,18.7,UPI,Verified
INV004665,2024-08-31,120841,sip,1074,Madhya Pradesh,Bhopal,B30,36-45,Male,17.1,Net Banking,Verified
INV000902,2024-08-31,119599,lumpsum,209625,Maharashtra,Mumbai,T30,26-35,Female,6.0,UPI,Verified
INV003277,2024-08-31,120842,redemption,420316,Rajasthan,Jaipur,T30,18-25,Male,3.3,Net Banking,Verified
INV002748,2024-08-31,102886,sip,3558,Punjab,Amritsar,B30,26-35,Male,7.8,Mandate,Verified
INV004893,2024-08-31,120841,sip,3576,Delhi,Gurugram,T30,36-45,Male,32.6,Net Banking,Verified
INV002104,2024-08-31,119120,sip,4237,Maharashtra,Mumbai,T30,26-35,Female,15.0,Cheque,Verified
INV000706,2024-08-31,120503,lumpsum,377511,Telangana,Hyderabad,T30,26-35,Female,7.3,Net Banking,Verified
INV002236,2024-08-31,119092,sip,5535,Delhi,New Delhi,T30,26-35,Male,21.6,UPI,Verified
INV004447,2024-08-31,101206,lumpsum,298156,West Bengal,Kolkata,T30,36-45,Female,53.4,Mandate,Verified
INV001831,2024-08-31,119094,sip,421,Madhya Pradesh,Indore,T30,18-25,Female,4.3,Cheque,Verified
INV003931,2024-08-31,102886,sip,1696,Madhya Pradesh,Indore,T30,26-35,Male,17.7,Mandate,Verified
INV003321,2024-08-31,120504,sip,2446,Karnataka,Bangalore,T30,46-55,Male,22.5,UPI,Verified
INV002810,2024-08-31,149322,lumpsum,388957,Punjab,Amritsar,B30,36-45,Male,33.2,Mandate,Verified
INV000861,2024-08-31,100025,lumpsum,194517,Uttar Pradesh,Lucknow,T30,18-25,Male,4.2,Mandate,Verified
INV003609,2024-08-31,148569,redemption,185757,Karnataka,Mysore,B30,26-35,Male,9.2,Mandate,Verified
INV001295,2024-08-31,120844,sip,3110,Madhya Pradesh,Indore,T30,36-45,Male,30.8,Mandate,Verified
INV003828,2024-08-31,148567,redemption,426441,Karnataka,Bangalore,T30,18-25,Male,7.6,Net Banking,Verified
INV004704,2024-08-31,120504,redemption,202828,Delhi,New Delhi,T30,26-35,Male,23.1,Cheque,Verified
INV002066,2024-08-31,120504,sip,11725,West Bengal,Kolkata,T30,26-35,Female,23.3,Net Banking,Verified
INV001574,2024-08-31,100025,sip,4159,Maharashtra,Mumbai,T30,36-45,Female,35.7,UPI,Verified
INV001575,2024-08-31,119551,lumpsum,356476,Karnataka,Bangalore,T30,26-35,Male,12.0,Mandate,Verified
INV003787,2024-08-31,119598,lumpsum,406175,Karnataka,Mysore,B30,46-55,Male,29.3,UPI,Verified
INV000304,2024-08-31,119551,sip,2145,West Bengal,Kolkata,T30,36-45,Male,25.6,Mandate,Verified
INV004179,2024-08-31,120843,sip,20013,Maharashtra,Pune,T30,26-35,Female,19.3,Cheque,Verified
INV002952,2024-08-31,118634,sip,5084,Punjab,Amritsar,B30,18-25,Male,7.1,Cheque,Verified
INV002685,2024-08-31,125498,lumpsum,343271,Madhya Pradesh,Bhopal,B30,18-25,Male,3.7,Mandate,Verified
INV003083,2024-08-31,120506,sip,8763,Madhya Pradesh,Bhopal,B30,56+,Female,41.3,Cheque,Verified
INV002520,2024-08-31,120843,sip,16647,Tamil Nadu,Chennai,T30,36-45,Male,48.9,Cheque,Verified
INV000411,2024-08-31,125498,sip,42101,West Bengal,Kolkata,T30,26-35,Female,11.1,UPI,Verified
INV002875,2024-08-31,120842,sip,22186,Delhi,Noida,T30,26-35,Male,23.9,UPI,Pending
INV004800,2024-08-31,100025,redemption,139430,West Bengal,Kolkata,T30,36-45,Female,22.6,Net Banking,Verified
INV001380,2024-08-31,119599,lumpsum,354831,Haryana,Gurugram,T30,36-45,Male,27.6,Net Banking,Verified
INV001053,2024-08-31,120843,sip,17229,West Bengal,Kolkata,T30,46-55,Female,79.0,UPI,Verified
INV002903,2024-08-31,120841,sip,3262,Madhya Pradesh,Indore,T30,36-45,Male,45.0,UPI,Verified
INV004989,2024-08-31,118636,sip,452,Karnataka,Bangalore,T30,26-35,Male,6.4,Net Banking,Verified
INV000011,2024-08-31,119552,sip,5579,West Bengal,Kolkata,T30,26-35,Male,9.6,Mandate,Verified
INV003505,2024-08-31,149323,sip,2556,West Bengal,Kolkata,T30,56+,Female,53.5,Mandate,Verified
INV003485,2024-08-31,119599,sip,1001,Haryana,Gurugram,T30,36-45,Male,39.1,Cheque,Verified
INV001059,2024-08-31,119092,lumpsum,125895,Karnataka,Mysore,B30,26-35,Male,24.2,UPI,Verified
INV002350,2024-08-31,148568,sip,2803,Tamil Nadu,Chennai,T30,26-35,Male,23.0,Net Banking,Verified
INV003494,2024-08-31,119094,sip,54880,Punjab,Chandigarh,T30,26-35,Female,18.6,Mandate,Verified
INV002997,2024-08-31,120843,sip,5309,West Bengal,Kolkata,T30,26-35,Male,23.7,Net Banking,Verified
INV003713,2024-08-31,102887,sip,58147,West Bengal,Kolkata,T30,36-45,Female,29.9,UPI,Verified
INV000746,2024-08-31,101206,sip,4579,Madhya Pradesh,Bhopal,B30,36-45,Male,49.8,UPI,Verified
INV003711,2024-08-31,102886,sip,15878,Telangana,Hyderabad,T30,36-45,Female,13.1,UPI,Verified
INV002466,2024-08-31,119551,sip,14398,Madhya Pradesh,Indore,T30,36-45,Male,36.9,Cheque,Verified
INV004347,2024-08-31,118632,lumpsum,205355,West Bengal,Kolkata,T30,36-45,Male,20.5,Net Banking,Verified
INV002165,2024-08-31,119551,redemption,45733,Telangana,Hyderabad,T30,46-55,Male,46.2,Mandate,Verified
INV004836,2024-08-31,100016,lumpsum,467616,West Bengal,Kolkata,T30,26-35,Male,8.3,Cheque,Verified
INV004261,2024-08-31,101207,lumpsum,284659,West Bengal,Kolkata,T30,56+,Male,49.8,Cheque,Verified
INV004621,2024-08-31,119093,sip,8483,Punjab,Amritsar,B30,36-45,Female,16.9,Cheque,Verified
INV002478,2024-08-31,118636,lumpsum,141470,Telangana,Hyderabad,T30,18-25,Male,4.4,Mandate,Pending
INV004481,2024-08-31,149323,redemption,21878,Rajasthan,Jaipur,T30,46-55,Male,60.1,Net Banking,Verified
INV002921,2024-08-31,120506,lumpsum,222819,Punjab,Amritsar,B30,18-25,Female,5.4,Net Banking,Verified
INV000284,2024-08-31,118634,sip,2492,Karnataka,Mysore,B30,26-35,Male,7.0,UPI,Verified
INV003254,2024-08-31,100025,redemption,58260,Uttar Pradesh,Lucknow,T30,26-35,Male,9.5,UPI,Verified
INV003613,2024-08-31,120842,redemption,249731,Punjab,Amritsar,B30,26-35,Male,13.5,Cheque,Verified
INV001128,2024-08-31,118633,lumpsum,278659,West Bengal,Kolkata,T30,36-45,Female,43.2,Net Banking,Verified
INV003443,2024-08-31,119551,redemption,34977,Madhya Pradesh,Bhopal,B30,26-35,Male,16.6,Cheque,Verified
INV002360,2024-08-31,120505,redemption,394432,Maharashtra,Mumbai,T30,26-35,Male,11.6,UPI,Verified
INV000170,2024-08-31,148568,sip,2045,Haryana,Gurugram,T30,36-45,Female,12.4,Mandate,Verified
INV001023,2024-08-31,119552,lumpsum,552340,Gujarat,Ahmedabad,T30,36-45,Male,27.1,Net Banking,Verified
INV000874,2024-08-31,101207,sip,478,Tamil Nadu,Chennai,T30,56+,Male,19.1,Cheque,Verified
INV004130,2024-08-31,120844,lumpsum,238332,Punjab,Amritsar,B30,36-45,Male,57.9,Net Banking,Pending
INV003047,2024-08-31,101207,sip,2669,Maharashtra,Mumbai,T30,46-55,Male,40.0,UPI,Verified
INV004581,2024-08-31,119093,sip,1637,Gujarat,Surat,T30,26-35,Male,14.7,Mandate,Pending
INV004056,2024-09-01,120504,sip,8762,Haryana,Gurugram,T30,26-35,Male,8.3,Net Banking,Verified
INV004089,2024-09-01,149322,lumpsum,40673,Haryana,Gurugram,T30,36-45,Female,15.2,UPI,Verified
INV002349,2024-09-01,120506,sip,8419,Punjab,Amritsar,B30,26-35,Female,9.6,Net Banking,Verified
INV004089,2024-09-01,119120,lumpsum,173435,Haryana,Gurugram,T30,36-45,Female,15.2,Mandate,Verified
INV002718,2024-09-01,119093,sip,1962,Telangana,Hyderabad,T30,36-45,Male,15.6,Net Banking,Verified
INV001255,2024-09-01,120505,lumpsum,189935,Punjab,Amritsar,B30,26-35,Male,14.3,Mandate,Verified
INV004078,2024-09-01,119551,lumpsum,430457,Delhi,Noida,T30,18-25,Male,3.8,Mandate,Verified
INV004829,2024-09-01,100025,sip,49918,Madhya Pradesh,Indore,T30,26-35,Male,21.8,Net Banking,Verified
INV002868,2024-09-01,120842,lumpsum,60628,Gujarat,Ahmedabad,T30,26-35,Female,24.7,UPI,Verified
INV001223,2024-09-01,102886,redemption,360721,Punjab,Amritsar,B30,56+,Male,46.0,Net Banking,Verified
INV001210,2024-09-01,100025,sip,4521,Uttar Pradesh,Agra,B30,36-45,Male,25.5,Cheque,Verified
INV002953,2024-09-01,125497,sip,2097,Tamil Nadu,Coimbatore,B30,46-55,Male,62.4,UPI,Verified
INV002265,2024-09-01,119599,sip,849,Rajasthan,Jaipur,T30,18-25,Female,3.8,Cheque,Pending
INV002559,2024-09-01,118634,redemption,40442,Haryana,Faridabad,B30,18-25,Female,3.4,Cheque,Verified
INV000948,2024-09-01,119599,sip,13762,Tamil Nadu,Chennai,T30,46-55,Male,94.7,Mandate,Verified
INV001050,2024-09-01,120506,sip,485,Telangana,Hyderabad,T30,36-45,Female,38.9,UPI,Verified
INV001782,2024-09-01,148569,lumpsum,212573,Uttar Pradesh,Agra,B30,36-45,Female,47.5,Mandate,Verified
INV002531,2024-09-01,119552,sip,2920,Rajasthan,Udaipur,B30,36-45,Female,50.4,Cheque,Verified
INV002639,2024-09-01,118633,redemption,57573,Gujarat,Ahmedabad,T30,36-45,Male,20.7,UPI,Verified
INV000638,2024-09-01,102885,redemption,153292,Rajasthan,Udaipur,B30,26-35,Male,12.7,UPI,Verified
INV000802,2024-09-01,118632,sip,26484,Gujarat,Ahmedabad,T30,36-45,Male,34.4,Mandate,Pending
INV002621,2024-09-01,120507,lumpsum,429670,Uttar Pradesh,Agra,B30,26-35,Female,22.6,UPI,Verified
INV003044,2024-09-01,148569,sip,2779,West Bengal,Kolkata,T30,18-25,Female,3.2,Mandate,Verified
INV003042,2024-09-01,149324,sip,14442,Tamil Nadu,Coimbatore,B30,46-55,Male,23.5,Mandate,Verified
INV004314,2024-09-01,120506,redemption,436502,Haryana,Gurugram,T30,26-35,Male,19.2,Cheque,Verified
INV003041,2024-09-01,102886,lumpsum,285273,Madhya Pradesh,Bhopal,B30,36-45,Male,32.0,UPI,Verified
INV000045,2024-09-01,119120,sip,8189,Uttar Pradesh,Lucknow,T30,36-45,Male,26.2,UPI,Verified
INV000481,2024-09-01,120844,redemption,192611,Madhya Pradesh,Bhopal,B30,26-35,Female,13.4,UPI,Verified
INV003036,2024-09-01,119093,sip,5534,Telangana,Hyderabad,T30,26-35,Male,18.2,Net Banking,Pending
INV004555,2024-09-01,120505,sip,17814,Uttar Pradesh,Lucknow,T30,36-45,Female,24.4,UPI,Pending
INV003964,2024-09-01,119093,sip,2471,Punjab,Chandigarh,T30,26-35,Male,16.7,Net Banking,Verified
INV000765,2024-09-01,119551,lumpsum,83067,Telangana,Hyderabad,T30,18-25,Male,4.6,Cheque,Verified
INV000490,2024-09-01,119095,sip,24512,Delhi,New Delhi,T30,26-35,Male,10.0,Cheque,Pending
INV003640,2024-09-01,100025,sip,2957,Gujarat,Ahmedabad,T30,26-35,Male,14.0,Mandate,Verified
INV001060,2024-09-01,148568,redemption,393701,Telangana,Hyderabad,T30,36-45,Male,29.0,Net Banking,Verified
INV004289,2024-09-01,119598,sip,2878,Karnataka,Bangalore,T30,26-35,Male,14.8,UPI,Verified
INV003765,2024-09-01,120505,sip,402,Uttar Pradesh,Kanpur,B30,26-35,Male,11.1,UPI,Verified
INV002629,2024-09-01,149324,sip,16439,Karnataka,Mysore,B30,36-45,Male,32.9,Mandate,Verified
INV003089,2024-09-01,118632,sip,2300,Uttar Pradesh,Agra,B30,26-35,Male,14.1,UPI,Verified
INV000118,2024-09-01,120503,sip,22361,Telangana,Hyderabad,T30,26-35,Male,20.2,UPI,Verified
INV004620,2024-09-01,102886,sip,897,Maharashtra,Pune,T30,36-45,Male,58.6,Net Banking,Pending
INV003557,2024-09-01,149323,sip,8365,Karnataka,Bangalore,T30,46-55,Female,81.8,Net Banking,Verified
INV000587,2024-09-01,119095,sip,874,Punjab,Chandigarh,T30,26-35,Male,15.5,Mandate,Verified
INV001140,2024-09-01,119092,sip,4256,Uttar Pradesh,Lucknow,T30,36-45,Female,18.8,Cheque,Verified
INV001853,2024-09-01,119093,sip,28778,Delhi,Noida,T30,18-25,Male,6.1,UPI,Verified
INV003656,2024-09-01,148569,lumpsum,105238,Rajasthan,Udaipur,B30,36-45,Female,58.5,Mandate,Verified
INV002279,2024-09-01,120507,sip,8339,Delhi,Gurugram,T30,36-45,Male,25.1,Cheque,Verified
INV003685,2024-09-01,148567,lumpsum,373660,Gujarat,Ahmedabad,T30,26-35,Male,10.4,Cheque,Verified
INV001322,2024-09-01,120506,redemption,190091,Uttar Pradesh,Lucknow,T30,26-35,Female,10.5,Net Banking,Verified
INV003914,2024-09-01,149322,lumpsum,43709,Karnataka,Bangalore,T30,26-35,Male,8.9,UPI,Verified
INV003913,2024-09-01,119092,sip,8648,Telangana,Hyderabad,T30,36-45,Male,51.7,Cheque,Verified
INV004627,2024-09-01,100016,sip,2028,West Bengal,Kolkata,T30,36-45,Male,47.7,Cheque,Verified
INV004377,2024-09-02,118634,lumpsum,211419,Haryana,Faridabad,B30,18-25,Male,6.1,Net Banking,Verified
INV002964,2024-09-02,149323,redemption,267075,Rajasthan,Udaipur,B30,46-55,Male,84.1,Net Banking,Verified
INV003034,2024-09-02,119092,sip,2925,Tamil Nadu,Chennai,T30,26-35,Male,7.2,Mandate,Verified
INV002774,2024-09-02,120505,sip,3294,Haryana,Gurugram,T30,36-45,Male,58.4,UPI,Verified
INV002583,2024-09-02,118635,sip,11154,Gujarat,Ahmedabad,T30,46-55,Male,48.5,Net Banking,Verified
INV004840,2024-09-02,119095,sip,4300,Maharashtra,Pune,T30,18-25,Male,6.5,Cheque,Verified
INV004829,2024-09-02,119551,sip,6992,Madhya Pradesh,Indore,T30,26-35,Male,21.8,Cheque,Verified
INV002584,2024-09-02,118632,lumpsum,204334,Tamil Nadu,Chennai,T30,36-45,Female,40.0,Mandate,Verified
INV002606,2024-09-02,120844,sip,2345,Telangana,Hyderabad,T30,26-35,Female,8.1,Cheque,Verified
INV003600,2024-09-02,101206,lumpsum,10637,West Bengal,Kolkata,T30,56+,Female,19.3,UPI,Verified
INV003137,2024-09-02,125497,sip,2391,Tamil Nadu,Coimbatore,B30,36-45,Male,15.9,Net Banking,Verified
INV002159,2024-09-02,118635,sip,21392,Haryana,Gurugram,T30,26-35,Male,7.0,UPI,Pending
INV000165,2024-09-02,120841,lumpsum,280939,Punjab,Chandigarh,T30,36-45,Female,18.8,UPI,Verified
INV002052,2024-09-02,120506,redemption,385249,Uttar Pradesh,Lucknow,T30,36-45,Male,50.8,Mandate,Verified
INV002575,2024-09-02,119094,redemption,190842,West Bengal,Kolkata,T30,18-25,Male,7.9,UPI,Verified
INV004854,2024-09-02,119120,sip,439,Rajasthan,Udaipur,B30,18-25,Female,3.5,UPI,Verified
INV004077,2024-09-02,120503,redemption,193611,Delhi,New Delhi,T30,18-25,Female,3.5,UPI,Verified
INV004917,2024-09-02,120506,sip,41677,Uttar Pradesh,Kanpur,B30,26-35,Male,18.3,Mandate,Verified
INV002105,2024-09-02,118633,redemption,288896,Haryana,Gurugram,T30,18-25,Female,3.7,UPI,Pending
INV003894,2024-09-02,119092,sip,538,Tamil Nadu,Coimbatore,B30,26-35,Male,14.9,Mandate,Verified
INV001518,2024-09-02,119094,sip,48656,Karnataka,Mysore,B30,18-25,Male,3.9,UPI,Verified
INV003139,2024-09-02,120842,sip,7511,Karnataka,Mysore,B30,36-45,Male,39.4,Net Banking,Verified
INV002879,2024-09-02,118633,sip,10773,Tamil Nadu,Coimbatore,B30,46-55,Male,26.0,Mandate,Verified
INV003058,2024-09-02,101207,lumpsum,411170,Karnataka,Mysore,B30,36-45,Male,46.2,Cheque,Verified
INV001013,2024-09-02,120843,redemption,226078,Telangana,Hyderabad,T30,36-45,Male,40.6,Net Banking,Verified
INV001183,2024-09-02,102886,sip,2532,West Bengal,Kolkata,T30,46-55,Male,79.9,Cheque,Verified
INV002130,2024-09-02,120842,lumpsum,361193,Maharashtra,Pune,T30,46-55,Male,22.5,Mandate,Verified
INV000136,2024-09-02,118633,sip,820,Gujarat,Surat,T30,18-25,Male,3.7,Net Banking,Verified
INV002466,2024-09-02,119552,lumpsum,329997,Madhya Pradesh,Indore,T30,36-45,Male,36.9,Cheque,Verified
INV002554,2024-09-02,119094,sip,17358,Madhya Pradesh,Bhopal,B30,18-25,Male,5.4,UPI,Verified
INV003260,2024-09-02,125498,sip,9993,Madhya Pradesh,Indore,T30,18-25,Male,7.9,Net Banking,Verified
INV003477,2024-09-02,119092,sip,10125,Delhi,Gurugram,T30,36-45,Female,23.1,Mandate,Verified
INV004738,2024-09-02,125498,sip,440,Uttar Pradesh,Kanpur,B30,56+,Female,52.6,Mandate,Verified
INV001706,2024-09-02,118636,lumpsum,114469,West Bengal,Kolkata,T30,26-35,Male,14.2,Mandate,Verified
INV001727,2024-09-02,149323,sip,7800,Gujarat,Surat,T30,46-55,Female,74.1,Net Banking,Verified
INV000895,2024-09-02,149322,lumpsum,347441,Rajasthan,Udaipur,B30,26-35,Male,19.5,Mandate,Verified
INV004458,2024-09-02,149322,redemption,42170,Gujarat,Ahmedabad,T30,26-35,Female,12.3,Cheque,Verified
INV001894,2024-09-02,120503,redemption,150622,Delhi,New Delhi,T30,26-35,Male,21.1,UPI,Verified
INV002688,2024-09-02,102886,sip,1626,Uttar Pradesh,Lucknow,T30,26-35,Male,23.5,Mandate,Verified
INV001688,2024-09-02,120842,redemption,113076,Gujarat,Ahmedabad,T30,26-35,Male,7.7,Cheque,Verified
INV002454,2024-09-02,100016,sip,13199,Uttar Pradesh,Agra,B30,36-45,Male,37.5,Mandate,Verified
INV003407,2024-09-02,118632,sip,4276,West Bengal,Kolkata,T30,26-35,Male,6.7,Mandate,Verified
INV000594,2024-09-02,120842,sip,1095,Telangana,Hyderabad,T30,18-25,Male,6.6,UPI,Verified
INV001772,2024-09-02,100033,sip,2714,Telangana,Hyderabad,T30,36-45,Male,31.2,UPI,Verified
INV003317,2024-09-02,120504,sip,2890,Delhi,New Delhi,T30,18-25,Male,6.6,Net Banking,Verified
INV003321,2024-09-02,102886,sip,7609,Karnataka,Bangalore,T30,46-55,Male,22.5,Net Banking,Verified
INV003325,2024-09-02,102887,sip,10850,Haryana,Faridabad,B30,26-35,Male,17.3,Cheque,Verified
INV001797,2024-09-02,102885,sip,5052,Punjab,Amritsar,B30,26-35,Female,6.8,UPI,Verified
INV000719,2024-09-02,118633,lumpsum,371698,Tamil Nadu,Coimbatore,B30,18-25,Male,6.8,Net Banking,Verified
INV003185,2024-09-02,119599,sip,1102,Rajasthan,Udaipur,B30,26-35,Female,23.1,Net Banking,Verified
INV003288,2024-09-02,120503,sip,3161,Punjab,Chandigarh,T30,56+,Male,57.9,Cheque,Verified
INV001920,2024-09-02,119094,sip,7188,Madhya Pradesh,Indore,T30,36-45,Female,24.5,Net Banking,Verified
INV004266,2024-09-02,120505,sip,405,Delhi,New Delhi,T30,36-45,Male,35.9,Net Banking,Verified
INV004434,2024-09-02,100016,sip,6983,Gujarat,Surat,T30,46-55,Male,17.7,Cheque,Pending
INV000514,2024-09-02,118633,redemption,373640,West Bengal,Kolkata,T30,36-45,Male,43.2,Cheque,Verified
INV001993,2024-09-02,101206,lumpsum,187705,Uttar Pradesh,Agra,B30,36-45,Female,44.2,Mandate,Pending
INV004314,2024-09-02,100033,sip,958,Haryana,Gurugram,T30,26-35,Male,19.2,UPI,Verified
INV001676,2024-09-02,118632,lumpsum,42744,Haryana,Faridabad,B30,56+,Female,30.9,Cheque,Verified
INV000758,2024-09-02,119095,sip,1810,Delhi,New Delhi,T30,56+,Male,61.5,UPI,Verified
INV001955,2024-09-02,118635,redemption,301943,Madhya Pradesh,Bhopal,B30,26-35,Female,16.4,Cheque,Verified
INV002705,2024-09-02,118632,sip,1019,Uttar Pradesh,Lucknow,T30,46-55,Female,90.6,Net Banking,Verified
INV004768,2024-09-02,120504,sip,2134,Delhi,Noida,T30,46-55,Female,98.4,Cheque,Verified
INV001379,2024-09-02,120503,sip,473,Punjab,Amritsar,B30,56+,Female,74.3,Mandate,Verified
INV003958,2024-09-03,120507,sip,10761,Haryana,Faridabad,B30,18-25,Male,6.6,Mandate,Verified
INV003748,2024-09-03,120843,sip,3365,Madhya Pradesh,Indore,T30,46-55,Male,66.4,UPI,Verified
INV001773,2024-09-03,100016,sip,1119,Punjab,Chandigarh,T30,26-35,Male,21.4,Cheque,Verified
INV002530,2024-09-03,102887,sip,5775,Telangana,Hyderabad,T30,36-45,Male,53.9,UPI,Pending
INV002694,2024-09-03,119095,sip,6396,West Bengal,Kolkata,T30,26-35,Male,12.9,Mandate,Verified
INV003641,2024-09-03,118633,lumpsum,29589,Telangana,Hyderabad,T30,26-35,Female,13.1,Cheque,Verified
INV004994,2024-09-03,101206,sip,8642,Delhi,New Delhi,T30,36-45,Male,31.9,Mandate,Verified
INV002392,2024-09-03,100016,sip,2391,Madhya Pradesh,Indore,T30,56+,Female,68.4,UPI,Verified
INV002125,2024-09-03,119551,sip,3502,Haryana,Faridabad,B30,26-35,Female,7.9,Net Banking,Verified
INV000680,2024-09-03,120844,sip,525,Tamil Nadu,Chennai,T30,18-25,Female,4.1,UPI,Verified
INV002704,2024-09-03,120844,redemption,474621,Delhi,Noida,T30,36-45,Female,47.8,Cheque,Verified
INV001623,2024-09-03,149322,lumpsum,167533,Gujarat,Surat,T30,26-35,Female,17.3,Net Banking,Verified
INV004994,2024-09-03,120841,sip,2791,Delhi,New Delhi,T30,36-45,Male,31.9,Mandate,Verified
INV001798,2024-09-03,148567,sip,10753,Tamil Nadu,Chennai,T30,36-45,Female,21.3,Mandate,Pending
INV002211,2024-09-03,100016,lumpsum,245517,Gujarat,Surat,T30,26-35,Male,11.3,UPI,Pending
INV002399,2024-09-03,101206,sip,2695,Gujarat,Ahmedabad,T30,46-55,Female,34.7,Cheque,Verified
INV003995,2024-09-03,101207,redemption,448180,Uttar Pradesh,Agra,B30,36-45,Female,33.8,UPI,Pending
INV001023,2024-09-03,100033,lumpsum,5577,Gujarat,Ahmedabad,T30,36-45,Male,27.1,Net Banking,Verified
INV004608,2024-09-03,101208,sip,9046,Karnataka,Bangalore,T30,26-35,Female,23.3,Net Banking,Pending
INV002509,2024-09-03,120503,sip,2074,Maharashtra,Mumbai,T30,36-45,Female,19.9,Cheque,Verified
INV001488,2024-09-03,101206,lumpsum,237778,Punjab,Chandigarh,T30,18-25,Female,5.2,Cheque,Verified
INV003468,2024-09-03,119598,sip,423,Madhya Pradesh,Indore,T30,36-45,Female,43.1,Net Banking,Verified
INV001735,2024-09-03,118636,sip,29736,Maharashtra,Pune,T30,56+,Male,41.9,Cheque,Verified
INV000452,2024-09-03,119120,sip,5493,Tamil Nadu,Coimbatore,B30,26-35,Male,18.1,Mandate,Verified
INV002402,2024-09-03,119552,lumpsum,105250,Uttar Pradesh,Lucknow,T30,46-55,Male,55.5,Mandate,Verified
INV000512,2024-09-03,119598,lumpsum,146566,Punjab,Amritsar,B30,46-55,Male,82.6,Mandate,Verified
INV004992,2024-09-03,120505,lumpsum,465547,Rajasthan,Udaipur,B30,26-35,Male,11.1,Net Banking,Verified
INV003419,2024-09-03,149322,sip,9838,Maharashtra,Pune,T30,18-25,Male,5.3,UPI,Verified
INV004287,2024-09-03,119552,sip,814,Gujarat,Surat,T30,26-35,Female,18.1,Net Banking,Verified
INV001028,2024-09-03,100016,sip,10121,Rajasthan,Jaipur,T30,46-55,Female,67.4,Mandate,Pending
INV003632,2024-09-03,119552,sip,3157,Punjab,Chandigarh,T30,36-45,Female,43.2,UPI,Verified
INV004932,2024-09-03,100033,sip,16353,Tamil Nadu,Chennai,T30,26-35,Female,21.1,Mandate,Pending
INV003055,2024-09-03,149324,sip,4795,Madhya Pradesh,Indore,T30,26-35,Female,18.0,UPI,Verified
INV003057,2024-09-03,120503,sip,1014,Punjab,Chandigarh,T30,18-25,Male,6.4,Cheque,Verified
INV001680,2024-09-03,120844,sip,3140,Madhya Pradesh,Indore,T30,26-35,Male,22.8,Mandate,Verified
INV000678,2024-09-03,118634,sip,2780,Gujarat,Surat,T30,26-35,Male,19.1,Mandate,Verified
INV001206,2024-09-03,125498,lumpsum,27115,Delhi,Noida,T30,26-35,Male,11.7,Mandate,Pending
INV002445,2024-09-03,119599,lumpsum,225418,Punjab,Chandigarh,T30,26-35,Male,9.5,Mandate,Verified
INV003124,2024-09-03,148567,sip,459,West Bengal,Kolkata,T30,36-45,Male,28.8,Cheque,Verified
INV001586,2024-09-03,149322,sip,1772,Tamil Nadu,Chennai,T30,26-35,Male,6.4,Cheque,Verified
INV003363,2024-09-03,119094,sip,15260,Haryana,Gurugram,T30,36-45,Male,46.5,Cheque,Verified
INV004138,2024-09-03,100016,lumpsum,526229,Madhya Pradesh,Indore,T30,36-45,Male,18.2,Cheque,Pending
INV000288,2024-09-03,100016,lumpsum,436272,Telangana,Hyderabad,T30,26-35,Male,10.1,UPI,Verified
INV003835,2024-09-03,120504,sip,2381,Delhi,Noida,T30,36-45,Female,58.3,Cheque,Pending
INV003838,2024-09-03,101206,lumpsum,267964,Gujarat,Surat,T30,18-25,Female,5.1,UPI,Verified
INV004769,2024-09-03,119095,sip,2906,Punjab,Amritsar,B30,46-55,Female,25.3,UPI,Verified
INV000255,2024-09-03,118635,sip,3389,Haryana,Gurugram,T30,26-35,Female,19.9,UPI,Verified
INV000930,2024-09-03,125497,sip,463,Rajasthan,Udaipur,B30,18-25,Female,4.1,Net Banking,Verified
INV003584,2024-09-03,118636,sip,6860,Punjab,Amritsar,B30,26-35,Male,12.6,Mandate,Pending
INV001214,2024-09-03,120507,redemption,199144,Telangana,Hyderabad,T30,36-45,Male,19.8,Cheque,Pending
INV001545,2024-09-03,119552,sip,914,Madhya Pradesh,Bhopal,B30,26-35,Male,11.5,UPI,Verified
INV004781,2024-09-03,119093,sip,24775,Haryana,Faridabad,B30,18-25,Female,5.7,UPI,Verified
INV004787,2024-09-03,120504,sip,406,Haryana,Faridabad,B30,26-35,Male,8.2,Cheque,Verified
INV000939,2024-09-03,118633,lumpsum,346741,Karnataka,Bangalore,T30,26-35,Male,19.6,UPI,Verified
INV001985,2024-09-03,149322,sip,23218,Gujarat,Surat,T30,36-45,Male,46.6,Net Banking,Verified
INV004796,2024-09-03,100025,sip,521,Delhi,Noida,T30,18-25,Male,4.6,UPI,Verified
INV003868,2024-09-03,101206,lumpsum,20845,Gujarat,Surat,T30,36-45,Male,25.8,Cheque,Verified
INV000694,2024-09-03,149323,lumpsum,167058,Rajasthan,Jaipur,T30,46-55,Male,50.6,Mandate,Verified
INV004345,2024-09-03,148567,lumpsum,269088,West Bengal,Kolkata,T30,36-45,Female,33.3,Mandate,Verified
INV003123,2024-09-03,100016,lumpsum,475971,Haryana,Faridabad,B30,36-45,Male,36.2,UPI,Verified
INV004695,2024-09-03,148568,lumpsum,430777,Gujarat,Ahmedabad,T30,26-35,Female,14.3,Mandate,Verified
INV003278,2024-09-03,148567,redemption,207516,Madhya Pradesh,Bhopal,B30,26-35,Male,7.3,Mandate,Verified
INV002864,2024-09-03,120843,sip,2125,Madhya Pradesh,Bhopal,B30,26-35,Male,6.8,Mandate,Pending
INV003783,2024-09-03,149322,sip,48572,Madhya Pradesh,Indore,T30,18-25,Male,3.5,Cheque,Verified
INV000595,2024-09-03,119092,lumpsum,56800,Gujarat,Surat,T30,18-25,Male,7.6,UPI,Verified
INV000590,2024-09-03,148569,lumpsum,90902,Gujarat,Ahmedabad,T30,36-45,Male,23.3,UPI,Verified
INV003678,2024-09-03,119551,lumpsum,160821,Gujarat,Ahmedabad,T30,26-35,Male,6.6,Cheque,Verified
INV003329,2024-09-03,119552,sip,49349,Madhya Pradesh,Indore,T30,56+,Male,25.2,Mandate,Verified
INV000344,2024-09-03,120505,redemption,26077,Madhya Pradesh,Bhopal,B30,36-45,Male,56.7,UPI,Verified
INV000383,2024-09-03,119093,sip,848,Telangana,Hyderabad,T30,26-35,Female,23.4,UPI,Verified
INV004208,2024-09-03,119551,sip,4981,West Bengal,Kolkata,T30,36-45,Male,53.3,UPI,Verified
INV001305,2024-09-03,120841,sip,13568,Rajasthan,Jaipur,T30,26-35,Female,15.7,Cheque,Verified
INV004044,2024-09-03,125498,sip,15973,Rajasthan,Jaipur,T30,46-55,Male,82.3,Net Banking,Verified
INV000756,2024-09-04,120506,sip,28358,Tamil Nadu,Chennai,T30,36-45,Male,44.2,Cheque,Verified
INV000501,2024-09-04,120505,sip,1120,Punjab,Chandigarh,T30,18-25,Male,4.0,UPI,Verified
INV000440,2024-09-04,149324,sip,6578,Uttar Pradesh,Agra,B30,18-25,Male,6.7,UPI,Verified
INV004608,2024-09-04,118633,sip,2755,Karnataka,Bangalore,T30,26-35,Female,23.3,Mandate,Verified
INV004804,2024-09-04,118636,lumpsum,220689,Maharashtra,Mumbai,T30,36-45,Male,44.1,UPI,Verified
INV002474,2024-09-04,119095,sip,1870,Gujarat,Surat,T30,36-45,Male,54.3,Net Banking,Verified
INV004822,2024-09-04,120844,sip,3461,Rajasthan,Udaipur,B30,26-35,Male,14.8,Mandate,Pending
INV004521,2024-09-04,118636,sip,2883,Gujarat,Ahmedabad,T30,18-25,Male,7.9,Cheque,Verified
INV002675,2024-09-04,118634,sip,6583,Uttar Pradesh,Agra,B30,36-45,Male,17.9,Cheque,Verified
INV004455,2024-09-04,148568,sip,8401,Telangana,Hyderabad,T30,18-25,Female,3.5,Net Banking,Verified
INV002424,2024-09-04,148567,sip,26070,Telangana,Hyderabad,T30,56+,Female,51.2,Net Banking,Pending
INV000669,2024-09-04,120505,redemption,504574,Madhya Pradesh,Indore,T30,36-45,Male,25.2,UPI,Verified
INV004175,2024-09-04,120842,sip,7118,Tamil Nadu,Coimbatore,B30,36-45,Female,51.8,Cheque,Verified
INV002639,2024-09-04,120507,sip,26743,Gujarat,Ahmedabad,T30,36-45,Male,20.7,UPI,Pending
INV000869,2024-09-04,118632,sip,2109,West Bengal,Kolkata,T30,26-35,Female,12.1,Mandate,Verified
INV004348,2024-09-04,118632,lumpsum,184172,Delhi,New Delhi,T30,26-35,Female,13.4,Cheque,Verified
INV002759,2024-09-04,118633,sip,586,Delhi,Noida,T30,36-45,Male,44.6,Mandate,Verified
INV004607,2024-09-04,119551,redemption,303527,Telangana,Hyderabad,T30,26-35,Female,7.0,Cheque,Verified
INV004451,2024-09-04,102886,sip,8797,Madhya Pradesh,Bhopal,B30,56+,Male,78.6,Net Banking,Verified
INV000803,2024-09-04,119599,sip,8160,Karnataka,Mysore,B30,26-35,Female,20.6,Cheque,Verified
INV002497,2024-09-04,119599,lumpsum,27651,Telangana,Hyderabad,T30,26-35,Female,13.0,Net Banking,Verified
INV000131,2024-09-04,120503,sip,15555,Telangana,Hyderabad,T30,36-45,Female,16.8,Mandate,Verified
INV004678,2024-09-04,149323,sip,8018,West Bengal,Kolkata,T30,36-45,Female,15.3,Net Banking,Verified
INV000857,2024-09-04,125497,lumpsum,288031,Gujarat,Ahmedabad,T30,26-35,Female,23.6,UPI,Verified
INV000673,2024-09-04,148568,sip,46570,Maharashtra,Nashik,B30,36-45,Male,47.4,Net Banking,Verified
INV000334,2024-09-04,118635,sip,4875,Uttar Pradesh,Lucknow,T30,56+,Male,22.6,Mandate,Verified
INV004748,2024-09-04,118634,sip,7582,Delhi,Noida,T30,26-35,Male,12.6,Net Banking,Verified
INV000384,2024-09-04,149323,sip,2208,Tamil Nadu,Coimbatore,B30,18-25,Female,6.5,UPI,Verified
INV002214,2024-09-04,149322,sip,2848,Delhi,Gurugram,T30,36-45,Female,50.5,Cheque,Verified
INV003095,2024-09-04,120506,sip,22871,Madhya Pradesh,Bhopal,B30,18-25,Male,5.1,Cheque,Verified
INV002250,2024-09-04,100025,redemption,91136,Telangana,Hyderabad,T30,36-45,Male,20.4,Net Banking,Verified
INV003471,2024-09-04,102885,sip,2120,Maharashtra,Nashik,B30,36-45,Male,15.0,Cheque,Verified
INV003192,2024-09-04,120505,sip,13985,Uttar Pradesh,Lucknow,T30,26-35,Male,22.2,Net Banking,Verified
INV002372,2024-09-04,100025,sip,25882,Maharashtra,Pune,T30,36-45,Female,28.6,Net Banking,Verified
INV003705,2024-09-04,118634,lumpsum,232973,Telangana,Hyderabad,T30,26-35,Male,8.0,Net Banking,Verified
INV003788,2024-09-04,102886,sip,904,Tamil Nadu,Chennai,T30,18-25,Male,3.1,UPI,Verified
INV001102,2024-09-04,149322,sip,25874,West Bengal,Kolkata,T30,46-55,Male,22.2,Mandate,Verified
INV002319,2024-09-04,149323,sip,418,Karnataka,Mysore,B30,26-35,Male,8.7,UPI,Verified
INV001225,2024-09-04,120507,sip,460,Karnataka,Mysore,B30,26-35,Male,16.5,Cheque,Verified
INV003932,2024-09-04,119093,sip,2073,Karnataka,Mysore,B30,26-35,Male,15.7,UPI,Verified
INV002946,2024-09-04,118635,lumpsum,185408,Haryana,Gurugram,T30,26-35,Male,22.8,Mandate,Verified
INV001419,2024-09-04,119095,sip,11758,Delhi,New Delhi,T30,26-35,Male,7.1,Net Banking,Verified
INV001130,2024-09-04,120507,lumpsum,530580,Rajasthan,Jaipur,T30,18-25,Female,3.2,Mandate,Verified
INV003942,2024-09-04,118636,lumpsum,455509,Haryana,Faridabad,B30,26-35,Female,23.3,UPI,Verified
INV003436,2024-09-04,119093,redemption,172265,Maharashtra,Mumbai,T30,36-45,Female,54.4,Net Banking,Verified
INV003045,2024-09-04,119552,sip,11942,Telangana,Hyderabad,T30,26-35,Male,12.2,Cheque,Pending
INV001407,2024-09-04,120507,lumpsum,354130,Rajasthan,Udaipur,B30,26-35,Female,22.2,Cheque,Verified
INV003095,2024-09-04,125497,lumpsum,94609,Madhya Pradesh,Bhopal,B30,18-25,Male,5.1,UPI,Verified
INV001986,2024-09-04,119094,redemption,128856,Madhya Pradesh,Indore,T30,36-45,Female,17.4,Net Banking,Pending
INV002217,2024-09-04,149322,sip,2937,Tamil Nadu,Coimbatore,B30,18-25,Male,7.0,UPI,Verified
INV001587,2024-09-04,120507,lumpsum,345603,Punjab,Chandigarh,T30,26-35,Male,22.3,UPI,Verified
INV003619,2024-09-04,119093,sip,8163,West Bengal,Kolkata,T30,18-25,Female,3.3,UPI,Verified
INV002903,2024-09-04,119095,lumpsum,107449,Madhya Pradesh,Indore,T30,36-45,Male,45.0,Cheque,Verified
INV003294,2024-09-04,125497,sip,8453,Madhya Pradesh,Bhopal,B30,26-35,Female,11.1,Mandate,Verified
INV002271,2024-09-04,118633,sip,2946,Tamil Nadu,Chennai,T30,46-55,Female,75.9,Net Banking,Verified
INV002361,2024-09-04,120507,sip,14094,Gujarat,Surat,T30,36-45,Male,59.3,UPI,Verified
INV001343,2024-09-04,120506,lumpsum,175204,Gujarat,Surat,T30,18-25,Female,6.9,Net Banking,Pending
INV003744,2024-09-04,120843,redemption,146826,Karnataka,Mysore,B30,18-25,Female,4.1,Net Banking,Verified
INV003649,2024-09-04,101207,redemption,43322,Haryana,Gurugram,T30,46-55,Female,79.9,UPI,Verified
INV001666,2024-09-04,149323,lumpsum,355823,Madhya Pradesh,Bhopal,B30,36-45,Male,58.1,Mandate,Verified
INV003375,2024-09-04,148568,sip,9646,Telangana,Hyderabad,T30,56+,Female,62.2,Mandate,Verified
INV003321,2024-09-04,125497,sip,10817,Karnataka,Bangalore,T30,46-55,Male,22.5,Net Banking,Verified
INV003687,2024-09-05,119094,lumpsum,228302,Tamil Nadu,Chennai,T30,36-45,Male,21.8,Mandate,Verified
INV000546,2024-09-05,118634,sip,2596,Karnataka,Mysore,B30,26-35,Male,9.5,Mandate,Verified
INV004874,2024-09-05,120506,sip,13144,Tamil Nadu,Coimbatore,B30,46-55,Male,35.2,Mandate,Verified
INV004873,2024-09-05,119120,lumpsum,92137,Delhi,New Delhi,T30,26-35,Male,6.1,Net Banking,Verified
INV003819,2024-09-05,120841,sip,9376,Haryana,Gurugram,T30,26-35,Male,19.0,Net Banking,Verified
INV001468,2024-09-05,118633,redemption,186979,Tamil Nadu,Chennai,T30,26-35,Female,19.4,Net Banking,Verified
INV002640,2024-09-05,148568,sip,17278,Haryana,Faridabad,B30,56+,Female,50.5,UPI,Verified
INV004079,2024-09-05,125497,sip,816,Karnataka,Bangalore,T30,36-45,Female,57.2,UPI,Verified
INV000929,2024-09-05,120843,redemption,548789,West Bengal,Kolkata,T30,36-45,Female,27.7,Net Banking,Verified
INV002230,2024-09-05,102886,sip,5258,Delhi,Noida,T30,36-45,Male,21.7,Mandate,Verified
INV002786,2024-09-05,118634,sip,484,Tamil Nadu,Coimbatore,B30,26-35,Female,13.3,Cheque,Verified
INV004345,2024-09-05,119095,redemption,347173,West Bengal,Kolkata,T30,36-45,Female,33.3,Cheque,Verified
INV002142,2024-09-05,120504,sip,8443,Tamil Nadu,Chennai,T30,18-25,Male,3.6,Net Banking,Verified
INV001836,2024-09-05,119552,sip,1113,Uttar Pradesh,Agra,B30,26-35,Male,17.4,Net Banking,Verified
INV003635,2024-09-05,125498,sip,2680,West Bengal,Kolkata,T30,56+,Female,55.1,UPI,Verified
INV004919,2024-09-05,120841,redemption,130209,Telangana,Hyderabad,T30,26-35,Male,6.6,Cheque,Verified
INV000569,2024-09-05,118632,redemption,239648,Madhya Pradesh,Indore,T30,26-35,Male,8.0,UPI,Verified
INV001485,2024-09-05,119095,sip,25476,Rajasthan,Jaipur,T30,56+,Female,24.4,Net Banking,Verified
INV001274,2024-09-05,118634,lumpsum,242455,Maharashtra,Mumbai,T30,36-45,Female,55.7,Mandate,Verified
INV000704,2024-09-05,102886,lumpsum,67870,Gujarat,Ahmedabad,T30,18-25,Male,4.5,UPI,Verified
INV001678,2024-09-05,119551,sip,8527,Delhi,New Delhi,T30,36-45,Female,38.8,Cheque,Verified
INV004542,2024-09-05,119093,sip,16873,Maharashtra,Pune,T30,36-45,Male,53.7,UPI,Verified
INV003200,2024-09-05,148567,sip,58572,Punjab,Chandigarh,T30,46-55,Male,61.2,UPI,Verified
INV003822,2024-09-05,118633,sip,13741,Rajasthan,Jaipur,T30,26-35,Male,12.9,Cheque,Verified
INV001728,2024-09-05,118632,sip,14245,Karnataka,Bangalore,T30,26-35,Male,17.0,Cheque,Verified
INV003707,2024-09-05,148567,sip,23895,Telangana,Hyderabad,T30,36-45,Female,55.5,UPI,Verified
INV004276,2024-09-05,118634,lumpsum,315570,Punjab,Amritsar,B30,26-35,Male,13.4,UPI,Verified
INV000320,2024-09-05,120503,redemption,197546,Uttar Pradesh,Kanpur,B30,26-35,Male,19.7,Cheque,Verified
INV000747,2024-09-05,125498,sip,4776,West Bengal,Kolkata,T30,36-45,Female,40.3,Cheque,Verified
INV001092,2024-09-05,102886,lumpsum,100766,Haryana,Gurugram,T30,26-35,Male,14.9,UPI,Verified
INV000457,2024-09-05,101207,lumpsum,265952,Haryana,Faridabad,B30,26-35,Female,22.3,Mandate,Verified
INV001897,2024-09-05,119120,sip,6682,Maharashtra,Mumbai,T30,26-35,Male,8.6,UPI,Verified
INV001820,2024-09-05,125498,sip,2036,Maharashtra,Mumbai,T30,36-45,Female,39.3,Net Banking,Verified
INV004995,2024-09-05,120503,sip,4558,West Bengal,Kolkata,T30,36-45,Male,53.0,Cheque,Verified
INV002218,2024-09-05,120842,sip,6672,Punjab,Amritsar,B30,36-45,Male,52.7,UPI,Verified
INV000744,2024-09-05,149323,redemption,45331,Uttar Pradesh,Kanpur,B30,56+,Female,49.8,Mandate,Verified
INV000286,2024-09-05,100025,sip,4376,Madhya Pradesh,Indore,T30,26-35,Female,9.8,Cheque,Verified
INV002179,2024-09-05,101208,sip,6953,Haryana,Gurugram,T30,26-35,Female,12.0,Net Banking,Verified
INV000036,2024-09-05,119551,sip,8337,West Bengal,Kolkata,T30,36-45,Male,49.7,Net Banking,Verified
INV000357,2024-09-05,119093,sip,25890,Rajasthan,Udaipur,B30,26-35,Male,24.5,Mandate,Verified
INV004279,2024-09-05,101206,sip,10870,Gujarat,Ahmedabad,T30,36-45,Male,35.7,Mandate,Verified
INV003329,2024-09-05,120843,lumpsum,89158,Madhya Pradesh,Indore,T30,56+,Male,25.2,Mandate,Verified
INV003979,2024-09-05,120843,sip,8973,Madhya Pradesh,Indore,T30,36-45,Male,44.4,Mandate,Verified
INV002166,2024-09-05,120505,sip,5340,Haryana,Gurugram,T30,36-45,Male,33.3,Cheque,Verified
INV002329,2024-09-05,120504,sip,41439,Madhya Pradesh,Indore,T30,56+,Male,51.2,UPI,Verified
INV001929,2024-09-05,100025,sip,538,Rajasthan,Jaipur,T30,56+,Male,60.1,Cheque,Verified
INV000850,2024-09-05,120507,lumpsum,383295,Maharashtra,Pune,T30,36-45,Male,23.7,Mandate,Verified
INV001031,2024-09-05,118634,lumpsum,242944,Delhi,New Delhi,T30,36-45,Female,23.0,UPI,Verified
INV001406,2024-09-05,120505,sip,43823,Telangana,Hyderabad,T30,46-55,Male,86.0,Mandate,Verified
INV001592,2024-09-05,148568,lumpsum,171054,Telangana,Hyderabad,T30,18-25,Male,4.3,Mandate,Verified
INV003661,2024-09-06,102885,sip,2188,Delhi,Noida,T30,18-25,Female,6.4,Net Banking,Verified
INV002670,2024-09-06,118636,sip,2945,Uttar Pradesh,Agra,B30,36-45,Male,48.7,UPI,Verified
INV000532,2024-09-06,125498,sip,904,Madhya Pradesh,Bhopal,B30,26-35,Male,9.0,Net Banking,Verified
INV002633,2024-09-06,101206,redemption,120164,Karnataka,Bangalore,T30,26-35,Female,8.1,UPI,Verified
INV001217,2024-09-06,118632,lumpsum,112445,Rajasthan,Jaipur,T30,26-35,Male,21.5,Cheque,Verified
INV003169,2024-09-06,149322,sip,499,Telangana,Hyderabad,T30,26-35,Female,11.2,Mandate,Verified
INV001454,2024-09-06,149322,sip,12674,Tamil Nadu,Chennai,T30,26-35,Male,9.3,Net Banking,Verified
INV001370,2024-09-06,149323,sip,10607,Tamil Nadu,Coimbatore,B30,26-35,Male,7.5,Net Banking,Verified
INV003134,2024-09-06,125498,lumpsum,143289,Telangana,Hyderabad,T30,36-45,Female,41.3,Cheque,Verified
INV003305,2024-09-06,118634,sip,22280,Telangana,Hyderabad,T30,46-55,Male,41.0,UPI,Verified
INV003310,2024-09-06,120844,sip,1733,Telangana,Hyderabad,T30,26-35,Male,8.0,Mandate,Verified
INV003724,2024-09-06,101208,redemption,315439,Punjab,Amritsar,B30,56+,Male,52.5,Mandate,Verified
INV003121,2024-09-06,120843,sip,3496,Telangana,Hyderabad,T30,36-45,Male,13.7,Net Banking,Verified
INV000778,2024-09-06,148568,lumpsum,143869,Haryana,Faridabad,B30,26-35,Male,16.9,UPI,Verified
INV002237,2024-09-06,119094,sip,9215,Uttar Pradesh,Agra,B30,46-55,Male,23.1,Net Banking,Verified
INV002850,2024-09-06,102885,redemption,397953,Uttar Pradesh,Lucknow,T30,46-55,Male,76.5,Mandate,Verified
INV001651,2024-09-06,100016,sip,24169,Gujarat,Ahmedabad,T30,18-25,Male,4.1,Cheque,Verified
INV000724,2024-09-06,120844,sip,11345,Uttar Pradesh,Kanpur,B30,46-55,Male,78.7,Cheque,Verified
INV003187,2024-09-06,149324,sip,978,Haryana,Faridabad,B30,26-35,Female,21.5,UPI,Verified
INV003491,2024-09-06,119092,sip,3073,Delhi,Noida,T30,46-55,Male,92.5,Cheque,Verified
INV004769,2024-09-06,149323,sip,2530,Punjab,Amritsar,B30,46-55,Female,25.3,Mandate,Verified
INV003234,2024-09-06,119120,sip,2769,Telangana,Hyderabad,T30,26-35,Male,13.5,Cheque,Verified
INV003233,2024-09-06,102885,sip,6545,Karnataka,Bangalore,T30,56+,Male,16.8,Net Banking,Verified
INV004190,2024-09-06,120842,redemption,310816,Gujarat,Surat,T30,46-55,Male,38.9,UPI,Verified
INV002526,2024-09-06,118632,sip,6326,Madhya Pradesh,Bhopal,B30,18-25,Female,3.5,Cheque,Verified
INV000715,2024-09-06,120506,sip,958,Uttar Pradesh,Agra,B30,26-35,Male,24.2,UPI,Verified
INV003459,2024-09-06,101206,redemption,233391,Karnataka,Mysore,B30,26-35,Female,23.5,UPI,Verified
INV003797,2024-09-06,118636,redemption,304643,Madhya Pradesh,Indore,T30,26-35,Male,6.6,UPI,Verified
INV004207,2024-09-06,118632,lumpsum,182628,Gujarat,Ahmedabad,T30,56+,Female,53.3,Cheque,Verified
INV003412,2024-09-06,149324,lumpsum,173063,Rajasthan,Jaipur,T30,18-25,Male,7.8,Cheque,Verified
INV000222,2024-09-06,120505,sip,3138,Maharashtra,Mumbai,T30,36-45,Male,46.7,UPI,Verified
INV002660,2024-09-06,120842,sip,1935,Uttar Pradesh,Lucknow,T30,36-45,Male,28.2,Mandate,Verified
INV003406,2024-09-06,149324,redemption,172962,Madhya Pradesh,Bhopal,B30,26-35,Male,21.2,UPI,Verified
INV001244,2024-09-06,100016,sip,10987,Uttar Pradesh,Agra,B30,26-35,Male,20.0,Mandate,Pending
INV002249,2024-09-06,125498,sip,2167,Karnataka,Bangalore,T30,36-45,Male,19.6,Net Banking,Verified
INV000203,2024-09-06,120841,sip,22930,Maharashtra,Nashik,B30,26-35,Male,16.0,Mandate,Verified
INV001235,2024-09-06,148569,sip,2946,Haryana,Faridabad,B30,26-35,Male,19.3,UPI,Verified
INV000909,2024-09-06,119092,sip,1061,Haryana,Gurugram,T30,46-55,Female,92.6,Mandate,Verified
INV001227,2024-09-06,120507,sip,1068,Tamil Nadu,Coimbatore,B30,36-45,Male,58.3,Cheque,Verified
INV000496,2024-09-06,148567,sip,415,Maharashtra,Mumbai,T30,36-45,Male,14.3,Net Banking,Verified
INV001219,2024-09-06,149322,sip,21037,West Bengal,Kolkata,T30,26-35,Male,18.4,Mandate,Verified
INV003379,2024-09-06,118635,redemption,163666,Uttar Pradesh,Lucknow,T30,36-45,Male,43.2,UPI,Verified
INV005000,2024-09-06,119552,lumpsum,376134,Tamil Nadu,Coimbatore,B30,18-25,Male,3.4,Mandate,Verified
INV003669,2024-09-06,101207,sip,8625,West Bengal,Kolkata,T30,18-25,Female,7.8,Net Banking,Verified
INV002146,2024-09-06,100025,redemption,178276,Telangana,Hyderabad,T30,26-35,Male,19.0,Mandate,Verified
INV001558,2024-09-06,119599,sip,2531,West Bengal,Kolkata,T30,56+,Female,23.8,UPI,Verified
INV004495,2024-09-06,149323,sip,900,Punjab,Amritsar,B30,36-45,Female,24.4,UPI,Verified
INV000039,2024-09-06,125497,lumpsum,106846,Madhya Pradesh,Bhopal,B30,26-35,Male,6.5,Net Banking,Verified
INV002999,2024-09-06,119120,sip,1661,Madhya Pradesh,Bhopal,B30,36-45,Male,16.8,UPI,Verified
INV002131,2024-09-06,102887,redemption,360051,Madhya Pradesh,Bhopal,B30,46-55,Male,75.1,Mandate,Verified
INV001160,2024-09-06,125498,sip,480,Karnataka,Mysore,B30,36-45,Female,13.8,UPI,Verified
INV004955,2024-09-06,120507,sip,2895,Madhya Pradesh,Bhopal,B30,46-55,Male,63.3,Net Banking,Verified
INV003058,2024-09-06,102887,lumpsum,243411,Karnataka,Mysore,B30,36-45,Male,46.2,Cheque,Verified
INV002496,2024-09-06,149323,sip,2838,Karnataka,Mysore,B30,36-45,Male,40.5,Net Banking,Verified
INV003539,2024-09-06,101208,sip,14467,Rajasthan,Udaipur,B30,56+,Female,54.9,UPI,Verified
INV002595,2024-09-06,148568,lumpsum,403296,Tamil Nadu,Coimbatore,B30,36-45,Male,27.8,UPI,Verified
INV003924,2024-09-06,100033,sip,48922,Telangana,Hyderabad,T30,26-35,Male,20.1,UPI,Verified
INV002177,2024-09-06,102885,lumpsum,403202,Haryana,Gurugram,T30,26-35,Male,13.2,Mandate,Verified
INV004421,2024-09-06,119092,sip,2847,Punjab,Amritsar,B30,26-35,Male,20.5,Mandate,Verified
INV002627,2024-09-06,149323,sip,486,West Bengal,Kolkata,T30,26-35,Male,19.0,UPI,Verified
INV000069,2024-09-06,120843,sip,52274,Gujarat,Ahmedabad,T30,56+,Female,35.9,UPI,Verified
INV003082,2024-09-06,125497,sip,1606,Telangana,Hyderabad,T30,26-35,Male,18.7,Net Banking,Verified
INV004079,2024-09-06,118636,redemption,430603,Karnataka,Bangalore,T30,36-45,Female,57.2,Net Banking,Verified
INV001516,2024-09-06,125497,redemption,531976,Tamil Nadu,Coimbatore,B30,26-35,Male,22.0,UPI,Verified
INV001016,2024-09-06,149324,sip,11677,Delhi,Gurugram,T30,36-45,Male,19.2,Cheque,Verified
INV004973,2024-09-06,120844,redemption,354080,Tamil Nadu,Coimbatore,B30,26-35,Male,11.3,UPI,Verified
INV000657,2024-09-07,119095,lumpsum,248944,Tamil Nadu,Coimbatore,B30,26-35,Female,11.4,Mandate,Verified
INV003205,2024-09-07,100033,sip,2910,Punjab,Chandigarh,T30,26-35,Female,16.1,Mandate,Verified
INV002570,2024-09-07,101206,sip,974,Punjab,Chandigarh,T30,36-45,Male,55.3,UPI,Verified
INV003244,2024-09-07,119093,sip,2842,Telangana,Hyderabad,T30,26-35,Female,21.1,Mandate,Verified
INV002829,2024-09-07,102887,lumpsum,204426,West Bengal,Kolkata,T30,26-35,Male,6.1,UPI,Verified
INV001924,2024-09-07,148568,sip,11476,Karnataka,Bangalore,T30,18-25,Male,4.9,UPI,Verified
INV003845,2024-09-07,119093,sip,8700,Gujarat,Surat,T30,26-35,Female,10.1,Net Banking,Verified
INV003685,2024-09-07,102886,sip,922,Gujarat,Ahmedabad,T30,26-35,Male,10.4,Mandate,Verified
INV000496,2024-09-07,119120,sip,4200,Maharashtra,Mumbai,T30,36-45,Male,14.3,Mandate,Verified
INV000199,2024-09-07,120844,lumpsum,181835,Telangana,Hyderabad,T30,36-45,Female,15.7,Mandate,Verified
INV001564,2024-09-07,120841,lumpsum,364906,Haryana,Faridabad,B30,46-55,Male,43.2,UPI,Verified
INV000198,2024-09-07,101206,sip,462,Punjab,Chandigarh,T30,46-55,Male,21.5,Mandate,Verified
INV001744,2024-09-07,102887,lumpsum,195569,Karnataka,Mysore,B30,26-35,Male,15.9,Cheque,Verified
INV003811,2024-09-07,119095,sip,8725,Gujarat,Surat,T30,46-55,Female,83.6,Net Banking,Verified
INV001743,2024-09-07,119092,lumpsum,270953,Telangana,Hyderabad,T30,26-35,Male,23.5,UPI,Verified
INV002602,2024-09-07,120505,sip,3338,Gujarat,Surat,T30,56+,Female,45.7,Cheque,Verified
INV003235,2024-09-07,102887,lumpsum,222815,Haryana,Faridabad,B30,56+,Male,19.0,Mandate,Verified
INV002758,2024-09-07,120506,redemption,18249,Delhi,Gurugram,T30,26-35,Male,7.3,Mandate,Pending
INV004990,2024-09-07,148568,lumpsum,399812,Maharashtra,Nashik,B30,26-35,Female,9.5,Mandate,Verified
INV000572,2024-09-07,119094,sip,13067,Gujarat,Surat,T30,36-45,Female,28.9,Cheque,Verified
INV001522,2024-09-07,149323,sip,8277,Tamil Nadu,Chennai,T30,36-45,Female,59.4,Cheque,Verified
INV000486,2024-09-07,148568,redemption,398672,Madhya Pradesh,Indore,T30,26-35,Female,12.6,UPI,Verified
INV002934,2024-09-07,148567,lumpsum,28152,Delhi,Noida,T30,36-45,Male,25.8,UPI,Verified
INV001592,2024-09-07,148567,sip,17777,Telangana,Hyderabad,T30,18-25,Male,4.3,Mandate,Verified
INV000749,2024-09-07,101207,lumpsum,548015,Uttar Pradesh,Kanpur,B30,36-45,Male,36.1,UPI,Verified
INV001379,2024-09-07,119092,redemption,459014,Punjab,Amritsar,B30,56+,Female,74.3,Net Banking,Verified
INV001694,2024-09-07,149324,lumpsum,353463,Punjab,Amritsar,B30,46-55,Female,36.8,Cheque,Verified
INV003936,2024-09-07,118633,sip,5323,Punjab,Chandigarh,T30,36-45,Male,19.8,Cheque,Verified
INV000227,2024-09-07,118632,sip,2151,Haryana,Gurugram,T30,36-45,Male,29.1,Net Banking,Verified
INV004391,2024-09-07,119092,sip,12260,Maharashtra,Mumbai,T30,26-35,Female,23.3,Mandate,Pending
INV001117,2024-09-07,100033,sip,26098,Punjab,Amritsar,B30,18-25,Male,3.9,Mandate,Verified
INV000116,2024-09-07,120843,redemption,207823,West Bengal,Kolkata,T30,18-25,Male,3.2,Net Banking,Verified
INV001588,2024-09-07,101206,lumpsum,376022,Karnataka,Bangalore,T30,56+,Male,75.2,UPI,Verified
INV002542,2024-09-07,118635,lumpsum,63633,Telangana,Hyderabad,T30,26-35,Female,15.9,Mandate,Verified
INV003982,2024-09-07,119551,sip,5149,Tamil Nadu,Coimbatore,B30,36-45,Female,34.4,Cheque,Verified
INV004911,2024-09-07,119551,sip,5622,West Bengal,Kolkata,T30,26-35,Female,9.4,Net Banking,Pending
INV004196,2024-09-07,118636,lumpsum,168828,West Bengal,Kolkata,T30,46-55,Male,44.4,Cheque,Verified
INV003328,2024-09-07,149324,sip,2804,Karnataka,Mysore,B30,26-35,Female,14.2,UPI,Verified
INV000527,2024-09-07,149324,sip,16556,Telangana,Hyderabad,T30,26-35,Male,12.1,Mandate,Verified
INV000390,2024-09-07,101208,lumpsum,219760,Karnataka,Bangalore,T30,26-35,Male,24.9,Cheque,Verified
INV002772,2024-09-07,118633,sip,2992,Haryana,Faridabad,B30,26-35,Male,14.7,UPI,Verified
INV003124,2024-09-07,119598,sip,12359,West Bengal,Kolkata,T30,36-45,Male,28.8,Mandate,Verified
INV004868,2024-09-07,120506,lumpsum,195886,Karnataka,Bangalore,T30,36-45,Male,49.4,Net Banking,Verified
INV001068,2024-09-07,120506,sip,591,West Bengal,Kolkata,T30,26-35,Male,6.1,UPI,Verified
INV002996,2024-09-07,119095,sip,28424,Madhya Pradesh,Bhopal,B30,26-35,Male,20.7,Net Banking,Verified
INV002445,2024-09-07,125498,sip,2697,Punjab,Chandigarh,T30,26-35,Male,9.5,Mandate,Verified
INV000822,2024-09-07,102887,sip,461,Punjab,Amritsar,B30,26-35,Male,9.2,Net Banking,Verified
INV001469,2024-09-07,102887,lumpsum,174914,Karnataka,Bangalore,T30,56+,Male,74.7,UPI,Verified
INV004349,2024-09-07,101207,lumpsum,277325,Haryana,Gurugram,T30,26-35,Female,9.3,Mandate,Verified
INV000109,2024-09-07,118635,sip,11627,Karnataka,Bangalore,T30,26-35,Female,15.0,UPI,Verified
INV002632,2024-09-07,120507,sip,7808,Tamil Nadu,Chennai,T30,26-35,Female,14.1,Mandate,Verified
INV004644,2024-09-07,125497,sip,23719,Maharashtra,Nashik,B30,36-45,Male,21.7,Cheque,Verified
INV001837,2024-09-07,120843,sip,952,Uttar Pradesh,Agra,B30,18-25,Male,5.5,UPI,Verified
INV003966,2024-09-07,119599,lumpsum,180062,Uttar Pradesh,Agra,B30,46-55,Male,79.6,Mandate,Verified
INV002304,2024-09-07,119094,sip,4190,Karnataka,Mysore,B30,46-55,Male,57.7,Mandate,Verified
INV001357,2024-09-07,148569,lumpsum,432938,Gujarat,Ahmedabad,T30,36-45,Female,58.4,Net Banking,Verified
INV003857,2024-09-07,100025,redemption,437529,Madhya Pradesh,Indore,T30,18-25,Male,3.8,Cheque,Verified
INV004855,2024-09-07,119551,sip,2320,Madhya Pradesh,Bhopal,B30,36-45,Female,49.4,Net Banking,Pending
INV003957,2024-09-07,118632,lumpsum,529735,Delhi,Noida,T30,36-45,Male,30.9,Net Banking,Verified
INV003861,2024-09-07,119599,lumpsum,128960,Punjab,Chandigarh,T30,26-35,Female,13.8,Net Banking,Verified
INV000768,2024-09-07,149322,sip,2025,Delhi,Noida,T30,56+,Male,12.2,Cheque,Verified
INV000731,2024-09-07,120504,sip,21486,Rajasthan,Jaipur,T30,18-25,Male,7.1,Net Banking,Verified
INV001103,2024-09-07,148568,sip,2635,Karnataka,Mysore,B30,26-35,Female,6.4,Cheque,Verified
INV001547,2024-09-07,149322,lumpsum,158344,Tamil Nadu,Coimbatore,B30,36-45,Male,55.7,Mandate,Verified
INV002531,2024-09-07,149323,redemption,167376,Rajasthan,Udaipur,B30,36-45,Female,50.4,UPI,Verified
INV001655,2024-09-07,149322,sip,15736,Delhi,New Delhi,T30,26-35,Male,8.0,Net Banking,Verified
INV000309,2024-09-07,119599,sip,577,Delhi,Gurugram,T30,26-35,Male,18.1,Cheque,Verified
INV004770,2024-09-08,125497,sip,8198,Gujarat,Surat,T30,18-25,Female,5.2,UPI,Verified
INV004200,2024-09-08,100025,lumpsum,314653,Rajasthan,Udaipur,B30,36-45,Male,35.9,Mandate,Verified
INV004947,2024-09-08,149322,sip,3586,Telangana,Hyderabad,T30,26-35,Female,19.7,Mandate,Verified
INV001746,2024-09-08,119599,sip,1917,Rajasthan,Udaipur,B30,26-35,Male,11.2,Cheque,Verified
INV000643,2024-09-08,149324,lumpsum,138811,Haryana,Faridabad,B30,26-35,Female,23.5,Mandate,Verified
INV000596,2024-09-08,149322,lumpsum,15759,Madhya Pradesh,Indore,T30,56+,Male,21.3,Cheque,Verified
INV004946,2024-09-08,101208,sip,3293,Gujarat,Surat,T30,26-35,Female,19.5,Net Banking,Verified
INV002365,2024-09-08,148569,sip,5798,Gujarat,Ahmedabad,T30,46-55,Male,76.9,UPI,Verified
INV002450,2024-09-08,101207,lumpsum,337453,West Bengal,Kolkata,T30,36-45,Female,14.5,Cheque,Verified
INV000844,2024-09-08,119599,sip,1148,Gujarat,Surat,T30,26-35,Male,6.5,UPI,Pending
INV004223,2024-09-08,100016,lumpsum,428421,Uttar Pradesh,Agra,B30,36-45,Female,49.3,Net Banking,Pending
INV000419,2024-09-08,102886,lumpsum,160284,Haryana,Gurugram,T30,56+,Female,27.6,UPI,Verified
INV003793,2024-09-08,120506,sip,9094,Delhi,New Delhi,T30,46-55,Male,94.3,Net Banking,Verified
INV000047,2024-09-08,149322,redemption,455324,Haryana,Faridabad,B30,36-45,Male,23.6,Net Banking,Verified
INV004948,2024-09-08,125497,sip,2583,Madhya Pradesh,Indore,T30,56+,Male,54.1,Net Banking,Verified
INV000595,2024-09-08,120504,lumpsum,498046,Gujarat,Surat,T30,18-25,Male,7.6,Mandate,Verified
INV000429,2024-09-08,101208,sip,2413,Gujarat,Surat,T30,36-45,Female,41.7,UPI,Verified
INV001042,2024-09-08,148568,lumpsum,190593,Karnataka,Mysore,B30,26-35,Male,13.5,Mandate,Verified
INV000741,2024-09-08,120844,sip,10737,Rajasthan,Udaipur,B30,26-35,Male,17.4,UPI,Verified
INV004210,2024-09-08,118636,sip,24160,Madhya Pradesh,Bhopal,B30,56+,Male,23.9,Net Banking,Verified
INV004459,2024-09-08,120506,sip,5604,Maharashtra,Pune,T30,26-35,Female,9.2,Mandate,Verified
INV004753,2024-09-08,119599,lumpsum,196339,Karnataka,Mysore,B30,36-45,Female,18.4,UPI,Verified
INV003563,2024-09-08,120506,sip,3036,Haryana,Gurugram,T30,46-55,Male,41.8,Mandate,Verified
INV001312,2024-09-08,100016,redemption,267620,Delhi,Noida,T30,26-35,Male,6.9,Net Banking,Verified
INV001567,2024-09-08,100033,sip,15431,West Bengal,Kolkata,T30,36-45,Male,12.2,Mandate,Verified
INV000413,2024-09-08,119599,lumpsum,50726,Haryana,Gurugram,T30,36-45,Female,49.8,Mandate,Verified
INV004849,2024-09-08,102886,sip,26360,Maharashtra,Pune,T30,46-55,Female,21.9,UPI,Verified
INV003735,2024-09-08,119094,sip,11300,Gujarat,Ahmedabad,T30,36-45,Female,13.9,UPI,Verified
INV004120,2024-09-08,125497,sip,1761,Telangana,Hyderabad,T30,18-25,Male,7.2,UPI,Verified
INV000935,2024-09-08,119092,sip,2823,Telangana,Hyderabad,T30,36-45,Male,14.6,Mandate,Verified
INV002052,2024-09-08,120843,sip,422,Uttar Pradesh,Lucknow,T30,36-45,Male,50.8,Mandate,Verified
INV000697,2024-09-08,100016,lumpsum,407537,Gujarat,Ahmedabad,T30,36-45,Male,41.4,Net Banking,Pending
INV000696,2024-09-08,119599,sip,1617,Madhya Pradesh,Indore,T30,26-35,Male,10.7,Net Banking,Verified
INV004116,2024-09-08,102886,sip,1198,Gujarat,Ahmedabad,T30,36-45,Male,59.4,Mandate,Verified
INV003898,2024-09-08,120841,lumpsum,416910,Madhya Pradesh,Indore,T30,26-35,Male,6.2,UPI,Verified
INV004496,2024-09-08,119092,redemption,395778,Madhya Pradesh,Indore,T30,18-25,Female,6.3,Net Banking,Verified
INV000949,2024-09-08,120506,sip,21278,Tamil Nadu,Coimbatore,B30,26-35,Male,11.2,Mandate,Verified
INV003129,2024-09-08,148567,redemption,239505,Haryana,Gurugram,T30,36-45,Female,33.4,Net Banking,Verified
INV002231,2024-09-08,120503,lumpsum,464260,Karnataka,Mysore,B30,26-35,Male,10.1,UPI,Verified
INV000529,2024-09-08,102885,lumpsum,284495,Maharashtra,Mumbai,T30,18-25,Male,4.7,Mandate,Verified
INV000979,2024-09-08,119551,sip,2442,Karnataka,Bangalore,T30,26-35,Male,24.7,Mandate,Verified
INV001652,2024-09-08,120842,redemption,312667,Tamil Nadu,Chennai,T30,26-35,Female,12.7,Net Banking,Verified
INV004348,2024-09-08,119094,lumpsum,186190,Delhi,New Delhi,T30,26-35,Female,13.4,UPI,Pending
INV004886,2024-09-08,119552,lumpsum,188457,Tamil Nadu,Chennai,T30,26-35,Male,18.1,Mandate,Verified
INV002384,2024-09-08,149324,sip,13606,Karnataka,Mysore,B30,26-35,Male,24.3,UPI,Verified
INV000972,2024-09-08,119093,lumpsum,388896,Telangana,Hyderabad,T30,18-25,Female,5.9,Cheque,Verified
INV002127,2024-09-08,120504,sip,7326,Rajasthan,Udaipur,B30,18-25,Male,7.4,UPI,Verified
INV003065,2024-09-08,119598,redemption,167358,Uttar Pradesh,Kanpur,B30,46-55,Male,27.9,Mandate,Verified
INV000985,2024-09-08,120507,lumpsum,360980,West Bengal,Kolkata,T30,26-35,Female,11.4,Net Banking,Verified
INV004632,2024-09-08,119120,sip,13329,Punjab,Chandigarh,T30,26-35,Male,18.0,Cheque,Verified
INV004036,2024-09-08,120841,lumpsum,59758,Uttar Pradesh,Agra,B30,56+,Female,51.7,UPI,Verified
INV001383,2024-09-08,120505,sip,983,Maharashtra,Pune,T30,26-35,Male,18.6,Net Banking,Verified
INV001686,2024-09-08,120504,lumpsum,228185,Rajasthan,Jaipur,T30,26-35,Male,7.5,UPI,Verified
INV002518,2024-09-08,120504,lumpsum,114077,Karnataka,Bangalore,T30,36-45,Male,39.4,Mandate,Verified
INV002996,2024-09-08,102887,lumpsum,309457,Madhya Pradesh,Bhopal,B30,26-35,Male,20.7,Net Banking,Verified
INV000412,2024-09-08,100016,redemption,104880,Rajasthan,Udaipur,B30,18-25,Male,7.4,Mandate,Verified
INV003918,2024-09-08,118634,sip,13801,Madhya Pradesh,Indore,T30,56+,Male,51.2,Net Banking,Verified
INV002611,2024-09-08,100016,sip,2691,West Bengal,Kolkata,T30,26-35,Male,21.5,UPI,Verified
INV004138,2024-09-08,102887,sip,8173,Madhya Pradesh,Indore,T30,36-45,Male,18.2,Net Banking,Verified
INV003553,2024-09-08,118636,redemption,517148,Punjab,Amritsar,B30,36-45,Male,33.0,UPI,Verified
INV004820,2024-09-08,119092,sip,2041,Punjab,Chandigarh,T30,26-35,Male,10.4,Mandate,Verified
INV003297,2024-09-08,100016,redemption,337453,Madhya Pradesh,Bhopal,B30,36-45,Female,16.3,Mandate,Verified
INV002626,2024-09-08,118633,lumpsum,250831,Karnataka,Bangalore,T30,36-45,Male,29.4,Mandate,Verified
INV000666,2024-09-08,120506,sip,2487,Maharashtra,Mumbai,T30,36-45,Male,49.7,Cheque,Verified
INV003814,2024-09-08,102886,lumpsum,461668,Rajasthan,Udaipur,B30,36-45,Female,12.5,Cheque,Verified
INV001718,2024-09-08,118635,redemption,515411,Gujarat,Ahmedabad,T30,26-35,Male,11.3,Net Banking,Verified
INV000999,2024-09-08,100033,sip,4424,Telangana,Hyderabad,T30,26-35,Male,15.6,Cheque,Verified
INV003289,2024-09-08,148568,sip,13293,Uttar Pradesh,Lucknow,T30,26-35,Male,11.2,Cheque,Verified
INV003273,2024-09-09,119095,sip,1083,Haryana,Faridabad,B30,36-45,Male,18.3,UPI,Verified
INV002841,2024-09-09,119599,sip,903,Uttar Pradesh,Kanpur,B30,26-35,Male,13.2,Mandate,Verified
INV001061,2024-09-09,120844,sip,968,Punjab,Amritsar,B30,18-25,Male,7.4,Cheque,Verified
INV001052,2024-09-09,120504,lumpsum,103372,Karnataka,Mysore,B30,26-35,Female,8.6,Net Banking,Verified
INV001833,2024-09-09,120841,lumpsum,277619,Karnataka,Bangalore,T30,36-45,Female,28.4,UPI,Verified
INV003745,2024-09-09,119094,lumpsum,277447,West Bengal,Kolkata,T30,36-45,Male,17.8,Cheque,Verified
INV000310,2024-09-09,120504,sip,1644,Delhi,Noida,T30,36-45,Male,58.4,Cheque,Verified
INV001856,2024-09-09,120503,lumpsum,371792,Delhi,New Delhi,T30,36-45,Female,43.5,UPI,Verified
INV003313,2024-09-09,100033,sip,425,Delhi,Noida,T30,26-35,Male,16.1,UPI,Verified
INV000767,2024-09-09,118636,sip,25444,Karnataka,Bangalore,T30,18-25,Female,5.2,UPI,Verified
INV002533,2024-09-09,101207,redemption,206261,Haryana,Faridabad,B30,46-55,Male,73.5,Mandate,Verified
INV001533,2024-09-09,149322,redemption,441576,Telangana,Hyderabad,T30,26-35,Male,21.4,UPI,Verified
INV000969,2024-09-09,120843,sip,49491,Uttar Pradesh,Lucknow,T30,18-25,Male,6.2,Mandate,Verified
INV004737,2024-09-09,120843,sip,4890,Madhya Pradesh,Indore,T30,46-55,Male,98.4,UPI,Verified
INV001395,2024-09-09,118632,redemption,182333,Telangana,Hyderabad,T30,56+,Male,53.5,Net Banking,Verified
INV003832,2024-09-09,118635,sip,3013,Karnataka,Mysore,B30,46-55,Male,34.4,Net Banking,Verified
INV000556,2024-09-09,102887,sip,579,Rajasthan,Udaipur,B30,18-25,Male,7.2,Cheque,Verified
INV004821,2024-09-09,100016,redemption,266864,Tamil Nadu,Coimbatore,B30,26-35,Female,21.6,UPI,Verified
INV003181,2024-09-09,120505,sip,21112,Karnataka,Bangalore,T30,18-25,Female,3.9,Cheque,Verified
INV002309,2024-09-09,101207,sip,42711,Tamil Nadu,Chennai,T30,26-35,Female,16.6,UPI,Verified
INV003855,2024-09-09,119094,sip,1067,Haryana,Faridabad,B30,56+,Male,58.1,UPI,Verified
INV002130,2024-09-09,101206,sip,12842,Maharashtra,Pune,T30,46-55,Male,22.5,UPI,Verified
INV000925,2024-09-09,102885,lumpsum,452936,Karnataka,Mysore,B30,18-25,Male,3.6,Net Banking,Pending
INV002309,2024-09-09,149322,sip,10091,Tamil Nadu,Chennai,T30,26-35,Female,16.6,UPI,Verified
INV004819,2024-09-09,119093,lumpsum,67506,Telangana,Hyderabad,T30,26-35,Female,14.8,UPI,Verified
INV000087,2024-09-09,148569,sip,29970,Rajasthan,Jaipur,T30,36-45,Male,56.2,Net Banking,Verified
INV002044,2024-09-09,120506,lumpsum,67242,Gujarat,Ahmedabad,T30,26-35,Female,19.1,UPI,Verified
INV003144,2024-09-09,120506,lumpsum,279569,Haryana,Gurugram,T30,36-45,Female,38.0,Net Banking,Verified
INV002574,2024-09-09,101206,redemption,46769,Maharashtra,Nashik,B30,26-35,Male,11.1,Cheque,Verified
INV002575,2024-09-09,100025,sip,2906,West Bengal,Kolkata,T30,18-25,Male,7.9,Net Banking,Verified
INV002630,2024-09-09,120843,sip,16150,Punjab,Amritsar,B30,36-45,Male,19.6,UPI,Pending
INV001210,2024-09-09,119093,lumpsum,369475,Uttar Pradesh,Agra,B30,36-45,Male,25.5,Net Banking,Verified
INV000148,2024-09-09,100025,sip,7814,Telangana,Hyderabad,T30,18-25,Female,3.5,Mandate,Verified
INV004871,2024-09-09,119551,lumpsum,594649,Punjab,Chandigarh,T30,26-35,Male,9.2,Net Banking,Verified
INV000104,2024-09-09,101207,sip,8208,Madhya Pradesh,Indore,T30,26-35,Male,8.1,Net Banking,Verified
INV002873,2024-09-09,118635,sip,15368,Haryana,Gurugram,T30,18-25,Male,5.9,Cheque,Verified
INV004518,2024-09-09,148569,sip,13129,Uttar Pradesh,Lucknow,T30,26-35,Female,24.4,Mandate,Verified
INV003918,2024-09-09,120844,lumpsum,406407,Madhya Pradesh,Indore,T30,56+,Male,51.2,Cheque,Verified
INV002651,2024-09-09,118633,lumpsum,347660,Haryana,Faridabad,B30,26-35,Male,12.5,Mandate,Verified
INV000568,2024-09-09,102885,sip,1096,Delhi,New Delhi,T30,36-45,Male,48.4,Cheque,Verified
INV004744,2024-09-09,118634,lumpsum,204476,Telangana,Hyderabad,T30,26-35,Female,16.0,Cheque,Verified
INV001751,2024-09-09,120503,sip,2761,Tamil Nadu,Coimbatore,B30,18-25,Male,6.8,Cheque,Verified
INV001415,2024-09-09,148567,sip,22833,Haryana,Gurugram,T30,56+,Male,33.1,Mandate,Verified
INV000241,2024-09-09,120843,sip,1857,Telangana,Hyderabad,T30,26-35,Female,16.5,Net Banking,Verified
INV003450,2024-09-09,100016,sip,8410,Maharashtra,Nashik,B30,18-25,Female,4.2,UPI,Verified
INV002171,2024-09-09,120505,sip,891,Telangana,Hyderabad,T30,56+,Male,21.8,UPI,Verified
INV002787,2024-09-09,125497,redemption,397023,Uttar Pradesh,Kanpur,B30,18-25,Male,4.8,Cheque,Verified
INV004152,2024-09-09,119093,sip,1036,Rajasthan,Udaipur,B30,56+,Male,44.0,Net Banking,Verified
INV004011,2024-09-09,101206,sip,2999,Punjab,Amritsar,B30,18-25,Female,5.0,Net Banking,Verified
INV004606,2024-09-09,125498,lumpsum,71020,Gujarat,Surat,T30,36-45,Male,57.2,Mandate,Verified
INV001428,2024-09-09,125498,sip,28465,Delhi,New Delhi,T30,26-35,Male,17.8,UPI,Verified
INV002437,2024-09-09,119095,redemption,241581,Haryana,Faridabad,B30,26-35,Male,24.8,UPI,Verified
INV001599,2024-09-10,148568,sip,1662,Haryana,Faridabad,B30,36-45,Female,31.0,UPI,Verified
INV003412,2024-09-10,149322,lumpsum,488591,Rajasthan,Jaipur,T30,18-25,Male,7.8,Cheque,Verified
INV004503,2024-09-10,148569,sip,11576,Gujarat,Ahmedabad,T30,36-45,Male,14.9,Net Banking,Pending
INV002702,2024-09-10,119552,sip,586,Punjab,Chandigarh,T30,36-45,Male,25.4,UPI,Verified
INV002348,2024-09-10,149323,lumpsum,93880,Uttar Pradesh,Agra,B30,26-35,Male,13.4,Net Banking,Verified
INV002288,2024-09-10,119093,sip,14067,Gujarat,Surat,T30,26-35,Female,17.5,Net Banking,Verified
INV002862,2024-09-10,102887,lumpsum,408797,Telangana,Hyderabad,T30,56+,Male,72.7,Net Banking,Verified
INV000416,2024-09-10,119095,sip,445,Maharashtra,Nashik,B30,26-35,Male,6.8,Cheque,Verified
INV004335,2024-09-10,120504,sip,8034,Gujarat,Ahmedabad,T30,26-35,Female,6.6,Cheque,Verified
INV004428,2024-09-10,119095,lumpsum,87365,Rajasthan,Udaipur,B30,26-35,Female,6.7,UPI,Verified
INV004322,2024-09-10,102886,lumpsum,90585,Tamil Nadu,Chennai,T30,26-35,Female,19.8,Mandate,Verified
INV003633,2024-09-10,100016,lumpsum,348378,Madhya Pradesh,Bhopal,B30,26-35,Male,11.8,UPI,Verified
INV001815,2024-09-10,102887,sip,5891,West Bengal,Kolkata,T30,26-35,Female,23.7,Net Banking,Pending
INV003541,2024-09-10,120844,sip,22751,Punjab,Chandigarh,T30,26-35,Female,10.5,Cheque,Verified
INV003533,2024-09-10,102885,sip,13936,Telangana,Hyderabad,T30,56+,Female,11.4,Cheque,Verified
INV001567,2024-09-10,101206,sip,22708,West Bengal,Kolkata,T30,36-45,Male,12.2,Net Banking,Verified
INV001536,2024-09-10,120843,lumpsum,320393,Karnataka,Mysore,B30,26-35,Male,17.9,UPI,Verified
INV001450,2024-09-10,102885,sip,501,Rajasthan,Udaipur,B30,26-35,Female,16.8,UPI,Verified
INV004631,2024-09-10,118632,redemption,73815,Tamil Nadu,Chennai,T30,36-45,Female,20.2,Net Banking,Verified
INV003791,2024-09-10,149324,lumpsum,121961,Tamil Nadu,Coimbatore,B30,46-55,Male,77.4,Cheque,Verified
INV004266,2024-09-10,119093,lumpsum,562361,Delhi,New Delhi,T30,36-45,Male,35.9,Cheque,Pending
INV002941,2024-09-10,120842,lumpsum,235239,Rajasthan,Udaipur,B30,36-45,Female,59.2,Cheque,Verified
INV004761,2024-09-10,119598,sip,5485,Madhya Pradesh,Indore,T30,26-35,Male,21.4,Net Banking,Verified
INV000858,2024-09-10,119120,sip,984,Tamil Nadu,Chennai,T30,36-45,Female,28.7,Mandate,Verified
INV001960,2024-09-10,120841,sip,15198,Uttar Pradesh,Agra,B30,36-45,Male,43.8,Net Banking,Verified
INV002563,2024-09-10,149322,lumpsum,235656,Madhya Pradesh,Indore,T30,18-25,Female,6.8,Net Banking,Verified
INV001972,2024-09-10,119120,sip,56665,Uttar Pradesh,Kanpur,B30,18-25,Male,4.6,Cheque,Verified
INV004149,2024-09-10,149324,sip,2186,Rajasthan,Udaipur,B30,56+,Female,78.2,Net Banking,Verified
INV001247,2024-09-10,119120,sip,2223,West Bengal,Kolkata,T30,36-45,Male,48.1,Cheque,Verified
INV000920,2024-09-10,120844,sip,2555,Delhi,Gurugram,T30,56+,Male,19.8,Net Banking,Verified
INV000194,2024-09-10,119551,sip,1007,Maharashtra,Pune,T30,36-45,Male,21.6,Net Banking,Verified
INV002017,2024-09-10,120504,sip,12109,Karnataka,Mysore,B30,26-35,Female,15.0,UPI,Verified
INV003859,2024-09-10,119095,sip,5159,Karnataka,Bangalore,T30,36-45,Male,28.5,Net Banking,Verified
INV002642,2024-09-10,125498,redemption,108347,Haryana,Gurugram,T30,46-55,Female,48.8,Net Banking,Verified
INV002642,2024-09-10,118632,lumpsum,298927,Haryana,Gurugram,T30,46-55,Female,48.8,Cheque,Verified
INV001212,2024-09-10,119093,sip,2658,Uttar Pradesh,Lucknow,T30,36-45,Male,40.3,Net Banking,Verified
INV002080,2024-09-10,119551,redemption,224437,Tamil Nadu,Coimbatore,B30,26-35,Male,21.3,Mandate,Verified
INV002822,2024-09-10,119120,sip,2348,Karnataka,Bangalore,T30,46-55,Male,79.5,UPI,Verified
INV004996,2024-09-10,120507,sip,5839,Delhi,New Delhi,T30,46-55,Male,87.8,Cheque,Verified
INV003003,2024-09-10,119095,sip,2893,West Bengal,Kolkata,T30,18-25,Female,3.1,Mandate,Verified
INV002196,2024-09-10,119599,sip,2465,Delhi,Gurugram,T30,26-35,Female,23.6,UPI,Verified
INV003012,2024-09-10,125498,sip,1012,Madhya Pradesh,Indore,T30,36-45,Male,41.8,Mandate,Verified
INV002403,2024-09-10,119599,lumpsum,208341,Maharashtra,Nashik,B30,18-25,Male,3.3,Cheque,Verified
INV003961,2024-09-10,100016,lumpsum,232661,Rajasthan,Udaipur,B30,46-55,Male,39.6,UPI,Verified
INV000284,2024-09-10,120844,sip,905,Karnataka,Mysore,B30,26-35,Male,7.0,UPI,Verified
INV004017,2024-09-10,101207,redemption,278090,West Bengal,Kolkata,T30,36-45,Male,36.7,Net Banking,Verified
INV001133,2024-09-10,148568,redemption,82063,Madhya Pradesh,Bhopal,B30,26-35,Male,21.0,UPI,Verified
INV004938,2024-09-10,120506,sip,49682,Karnataka,Bangalore,T30,18-25,Male,6.3,UPI,Verified
INV004927,2024-09-10,118636,sip,14187,Maharashtra,Nashik,B30,26-35,Male,19.5,Mandate,Verified
INV002131,2024-09-10,120506,sip,3124,Madhya Pradesh,Bhopal,B30,46-55,Male,75.1,Net Banking,Verified
INV003884,2024-09-10,118632,sip,1670,Rajasthan,Udaipur,B30,18-25,Male,6.6,Cheque,Verified
INV000132,2024-09-10,148569,lumpsum,360953,Karnataka,Bangalore,T30,46-55,Female,37.1,UPI,Verified
INV001112,2024-09-10,118636,sip,5451,Delhi,Gurugram,T30,46-55,Male,82.5,Net Banking,Verified
INV000830,2024-09-10,149322,redemption,76290,Tamil Nadu,Chennai,T30,36-45,Female,43.0,Cheque,Verified
INV002249,2024-09-10,120506,redemption,227366,Karnataka,Bangalore,T30,36-45,Male,19.6,Cheque,Verified
INV004691,2024-09-10,119093,redemption,379401,Delhi,Noida,T30,26-35,Male,14.5,UPI,Verified
INV002747,2024-09-10,120844,lumpsum,378344,Haryana,Faridabad,B30,46-55,Male,34.0,UPI,Pending
INV003756,2024-09-10,118634,sip,28267,Telangana,Hyderabad,T30,26-35,Male,6.9,Mandate,Verified
INV001879,2024-09-10,120841,lumpsum,190571,Uttar Pradesh,Lucknow,T30,18-25,Female,6.3,UPI,Verified
INV001879,2024-09-10,148567,lumpsum,80628,Uttar Pradesh,Lucknow,T30,18-25,Female,6.3,Net Banking,Verified
INV004246,2024-09-10,120843,sip,42955,West Bengal,Kolkata,T30,36-45,Female,12.2,UPI,Verified
INV002844,2024-09-10,119552,lumpsum,146535,Uttar Pradesh,Agra,B30,26-35,Male,15.8,Cheque,Verified
INV004233,2024-09-11,120844,redemption,267543,Maharashtra,Nashik,B30,26-35,Female,8.7,Net Banking,Verified
INV000239,2024-09-11,118633,sip,46880,Punjab,Amritsar,B30,36-45,Female,13.2,Mandate,Verified
INV000228,2024-09-11,102886,sip,45992,Karnataka,Bangalore,T30,26-35,Male,7.2,Mandate,Verified
INV000886,2024-09-11,101207,sip,512,Punjab,Chandigarh,T30,26-35,Male,20.5,Cheque,Verified
INV002569,2024-09-11,120503,lumpsum,316507,Maharashtra,Nashik,B30,36-45,Female,16.5,Net Banking,Verified
INV004151,2024-09-11,149322,sip,22992,Karnataka,Mysore,B30,26-35,Male,21.6,Mandate,Verified
INV002351,2024-09-11,119599,sip,1819,Gujarat,Ahmedabad,T30,36-45,Male,18.9,UPI,Verified
INV003471,2024-09-11,119093,sip,1101,Maharashtra,Nashik,B30,36-45,Male,15.0,Cheque,Verified
INV000756,2024-09-11,120841,sip,918,Tamil Nadu,Chennai,T30,36-45,Male,44.2,Mandate,Verified
INV001026,2024-09-11,118636,sip,13699,Haryana,Gurugram,T30,26-35,Male,12.1,Net Banking,Verified
INV003479,2024-09-11,119120,sip,5712,West Bengal,Kolkata,T30,36-45,Female,44.7,UPI,Verified
INV002435,2024-09-11,120841,sip,12908,Maharashtra,Nashik,B30,56+,Female,58.6,Mandate,Verified
INV004807,2024-09-11,102887,lumpsum,99210,Maharashtra,Mumbai,T30,36-45,Male,31.4,UPI,Verified
INV001155,2024-09-11,125497,lumpsum,76156,Telangana,Hyderabad,T30,26-35,Female,16.7,Net Banking,Verified
INV003531,2024-09-11,120842,redemption,477517,Delhi,Gurugram,T30,36-45,Male,41.9,Mandate,Verified
INV003113,2024-09-11,120505,redemption,466505,Rajasthan,Jaipur,T30,26-35,Male,22.0,Mandate,Verified
INV001636,2024-09-11,120842,sip,416,Rajasthan,Udaipur,B30,18-25,Male,6.0,Cheque,Verified
INV000961,2024-09-11,100016,sip,2884,Rajasthan,Udaipur,B30,36-45,Male,17.2,Cheque,Verified
INV000546,2024-09-11,119599,lumpsum,134018,Karnataka,Mysore,B30,26-35,Male,9.5,UPI,Verified
INV001208,2024-09-11,119551,sip,12265,Gujarat,Ahmedabad,T30,56+,Male,18.7,Net Banking,Verified
INV000978,2024-09-11,118632,lumpsum,314112,West Bengal,Kolkata,T30,26-35,Male,18.6,Mandate,Verified
INV002308,2024-09-11,101206,sip,5596,Tamil Nadu,Chennai,T30,26-35,Male,19.0,UPI,Verified
INV003673,2024-09-11,120841,sip,13103,Maharashtra,Mumbai,T30,26-35,Male,23.5,Net Banking,Verified
INV000981,2024-09-11,118633,sip,2798,West Bengal,Kolkata,T30,36-45,Female,59.7,Net Banking,Verified
INV004518,2024-09-11,125497,sip,5748,Uttar Pradesh,Lucknow,T30,26-35,Female,24.4,UPI,Verified
INV004345,2024-09-11,125497,lumpsum,409322,West Bengal,Kolkata,T30,36-45,Female,33.3,Net Banking,Verified
INV000550,2024-09-11,120844,lumpsum,136236,Rajasthan,Udaipur,B30,26-35,Male,6.7,UPI,Verified
INV002513,2024-09-11,125497,sip,10775,Punjab,Amritsar,B30,26-35,Female,10.6,Mandate,Verified
INV002453,2024-09-11,149324,lumpsum,357438,Gujarat,Surat,T30,26-35,Female,16.1,Net Banking,Verified
INV001004,2024-09-11,120506,sip,2938,Uttar Pradesh,Kanpur,B30,18-25,Male,3.8,Mandate,Verified
INV001499,2024-09-11,118633,sip,29251,Karnataka,Mysore,B30,26-35,Male,12.9,Mandate,Verified
INV004360,2024-09-11,148568,sip,4330,Madhya Pradesh,Bhopal,B30,26-35,Female,15.9,Net Banking,Verified
INV004028,2024-09-11,119598,sip,10171,Rajasthan,Jaipur,T30,18-25,Male,3.3,Net Banking,Verified
INV001976,2024-09-11,101207,sip,6288,Madhya Pradesh,Indore,T30,26-35,Female,6.1,UPI,Verified
INV000321,2024-09-11,118633,sip,26631,Maharashtra,Mumbai,T30,26-35,Male,24.2,Cheque,Verified
INV002153,2024-09-11,120504,redemption,424727,Maharashtra,Nashik,B30,18-25,Female,3.5,Net Banking,Verified
INV002802,2024-09-11,148569,lumpsum,324070,Gujarat,Surat,T30,36-45,Female,32.8,Mandate,Verified
INV003412,2024-09-11,119094,redemption,202155,Rajasthan,Jaipur,T30,18-25,Male,7.8,Mandate,Verified
INV003568,2024-09-11,101208,lumpsum,44974,Tamil Nadu,Chennai,T30,18-25,Female,5.3,Mandate,Pending
INV002192,2024-09-11,101206,sip,2542,Uttar Pradesh,Lucknow,T30,18-25,Male,6.9,Cheque,Verified
INV002401,2024-09-11,118635,sip,1957,West Bengal,Kolkata,T30,26-35,Male,20.9,Cheque,Verified
INV002735,2024-09-11,120842,redemption,18591,Tamil Nadu,Coimbatore,B30,18-25,Female,7.6,Net Banking,Verified
INV003270,2024-09-11,148568,sip,41525,Karnataka,Bangalore,T30,56+,Male,43.3,Cheque,Verified
INV003579,2024-09-11,148569,sip,5677,West Bengal,Kolkata,T30,18-25,Male,4.6,Net Banking,Pending
INV002685,2024-09-11,118636,sip,575,Madhya Pradesh,Bhopal,B30,18-25,Male,3.7,UPI,Verified
INV002540,2024-09-11,120844,lumpsum,243662,Uttar Pradesh,Agra,B30,26-35,Male,10.8,Net Banking,Verified
INV003989,2024-09-11,119120,redemption,409661,Maharashtra,Nashik,B30,26-35,Male,24.6,UPI,Verified
INV004712,2024-09-11,119598,sip,3439,Uttar Pradesh,Kanpur,B30,36-45,Male,55.7,UPI,Verified
INV004999,2024-09-11,101208,sip,29882,Telangana,Hyderabad,T30,26-35,Male,24.8,Mandate,Verified
INV003708,2024-09-11,119552,sip,2859,Punjab,Amritsar,B30,46-55,Male,38.6,Mandate,Verified
INV000029,2024-09-11,125497,sip,1981,Rajasthan,Udaipur,B30,26-35,Female,7.6,UPI,Verified
INV000534,2024-09-11,100033,redemption,439018,Punjab,Amritsar,B30,36-45,Male,16.8,Cheque,Verified
INV003805,2024-09-11,120842,redemption,49938,Madhya Pradesh,Indore,T30,26-35,Female,17.0,UPI,Verified
INV004185,2024-09-11,120842,sip,2892,Tamil Nadu,Coimbatore,B30,46-55,Male,38.5,Net Banking,Verified
INV004023,2024-09-11,101207,sip,2937,Tamil Nadu,Chennai,T30,46-55,Male,69.6,Mandate,Verified
INV004188,2024-09-11,149323,lumpsum,259381,Tamil Nadu,Chennai,T30,26-35,Male,7.4,Net Banking,Pending
INV001592,2024-09-11,102887,sip,2395,Telangana,Hyderabad,T30,18-25,Male,4.3,Mandate,Verified
INV000276,2024-09-11,148568,sip,2880,Telangana,Hyderabad,T30,36-45,Female,38.3,Cheque,Verified
INV000857,2024-09-11,102887,sip,26289,Gujarat,Ahmedabad,T30,26-35,Female,23.6,Mandate,Verified
INV001031,2024-09-11,149322,lumpsum,149755,Delhi,New Delhi,T30,36-45,Female,23.0,Mandate,Verified
INV002409,2024-09-11,119095,lumpsum,310198,Punjab,Amritsar,B30,18-25,Female,4.9,Mandate,Pending
INV000546,2024-09-12,118636,sip,10012,Karnataka,Mysore,B30,26-35,Male,9.5,Mandate,Verified
INV002538,2024-09-12,125498,sip,6117,Haryana,Gurugram,T30,18-25,Male,4.7,Cheque,Verified
INV000377,2024-09-12,125497,sip,20563,Karnataka,Bangalore,T30,26-35,Male,19.8,Cheque,Verified
INV001596,2024-09-12,120843,redemption,96048,Telangana,Hyderabad,T30,46-55,Male,61.3,Cheque,Pending
INV004900,2024-09-12,148569,redemption,382134,Delhi,Noida,T30,36-45,Male,32.1,Mandate,Verified
INV004891,2024-09-12,118636,sip,2595,Telangana,Hyderabad,T30,46-55,Female,83.5,Cheque,Verified
INV002632,2024-09-12,125497,redemption,349700,Tamil Nadu,Chennai,T30,26-35,Female,14.1,Net Banking,Verified
INV002391,2024-09-12,148569,lumpsum,47615,Madhya Pradesh,Bhopal,B30,18-25,Female,7.9,Net Banking,Verified
INV003087,2024-09-12,102885,sip,1807,Punjab,Amritsar,B30,18-25,Female,6.0,UPI,Verified
INV001142,2024-09-12,119598,sip,1610,Uttar Pradesh,Lucknow,T30,26-35,Male,16.8,Cheque,Verified
INV003999,2024-09-12,100016,sip,53417,Haryana,Faridabad,B30,26-35,Female,21.2,Mandate,Verified
INV003329,2024-09-12,119092,sip,2391,Madhya Pradesh,Indore,T30,56+,Male,25.2,Net Banking,Verified
INV002138,2024-09-12,119094,sip,3323,Karnataka,Bangalore,T30,46-55,Female,78.2,UPI,Pending
INV003067,2024-09-12,118634,sip,1076,Delhi,New Delhi,T30,26-35,Male,8.9,UPI,Verified
INV000994,2024-09-12,148568,sip,2948,Maharashtra,Pune,T30,26-35,Female,6.1,UPI,Verified
INV000086,2024-09-12,101207,sip,1811,Karnataka,Mysore,B30,18-25,Female,4.1,Net Banking,Verified
INV001625,2024-09-12,149322,sip,479,Uttar Pradesh,Kanpur,B30,46-55,Female,78.2,Net Banking,Verified
INV001352,2024-09-12,120843,redemption,146857,Punjab,Chandigarh,T30,26-35,Female,8.3,UPI,Verified
INV002711,2024-09-12,119551,sip,28003,Haryana,Gurugram,T30,26-35,Male,12.4,UPI,Verified
INV003014,2024-09-12,119598,sip,54103,Karnataka,Bangalore,T30,26-35,Female,12.3,Cheque,Verified
INV000361,2024-09-12,149324,lumpsum,448737,Maharashtra,Pune,T30,46-55,Male,27.1,UPI,Verified
INV002927,2024-09-12,118636,lumpsum,221434,Punjab,Amritsar,B30,56+,Male,29.1,Mandate,Verified
INV004007,2024-09-12,149323,sip,2101,Delhi,New Delhi,T30,18-25,Female,4.5,UPI,Verified
INV004377,2024-09-12,100016,sip,45414,Haryana,Faridabad,B30,18-25,Male,6.1,Mandate,Verified
INV004051,2024-09-12,148568,sip,4335,Rajasthan,Udaipur,B30,36-45,Female,28.8,Net Banking,Verified
INV004915,2024-09-12,120505,lumpsum,202453,Uttar Pradesh,Kanpur,B30,26-35,Male,9.6,Cheque,Verified
INV002274,2024-09-12,125498,lumpsum,303703,Tamil Nadu,Coimbatore,B30,18-25,Female,6.9,Cheque,Pending
INV001789,2024-09-12,119552,sip,2091,Gujarat,Surat,T30,18-25,Male,4.4,Mandate,Verified
INV003177,2024-09-12,102885,redemption,38151,Uttar Pradesh,Kanpur,B30,18-25,Male,4.2,UPI,Pending
INV000456,2024-09-12,119552,sip,7273,Karnataka,Mysore,B30,26-35,Male,17.2,Net Banking,Verified
INV000835,2024-09-12,102887,sip,7716,Uttar Pradesh,Lucknow,T30,56+,Male,65.1,Mandate,Verified
INV004646,2024-09-12,100033,sip,573,Madhya Pradesh,Indore,T30,18-25,Female,5.5,Cheque,Verified
INV002325,2024-09-12,102886,redemption,171956,Rajasthan,Udaipur,B30,36-45,Male,48.8,Cheque,Verified
INV000705,2024-09-12,125497,sip,4094,Delhi,Noida,T30,26-35,Male,6.9,UPI,Verified
INV001914,2024-09-12,119094,lumpsum,337301,Delhi,Gurugram,T30,56+,Male,61.9,Mandate,Verified
INV004550,2024-09-12,119092,redemption,284417,Karnataka,Mysore,B30,18-25,Female,5.4,Mandate,Verified
INV000843,2024-09-12,119093,sip,14910,Maharashtra,Mumbai,T30,26-35,Male,10.2,UPI,Verified
INV004562,2024-09-12,120504,sip,7613,Telangana,Hyderabad,T30,26-35,Female,19.0,Mandate,Verified
INV004163,2024-09-12,118633,sip,25648,Uttar Pradesh,Agra,B30,46-55,Male,96.4,Net Banking,Verified
INV003380,2024-09-12,100016,sip,14602,Delhi,Noida,T30,36-45,Male,21.0,Net Banking,Verified
INV001968,2024-09-12,148567,sip,503,Tamil Nadu,Chennai,T30,26-35,Female,24.9,Net Banking,Verified
INV002523,2024-09-12,149322,lumpsum,336950,Telangana,Hyderabad,T30,46-55,Female,57.2,Cheque,Pending
INV002911,2024-09-12,101208,sip,14412,Gujarat,Surat,T30,26-35,Male,24.1,Net Banking,Verified
INV002450,2024-09-12,119120,sip,11038,West Bengal,Kolkata,T30,36-45,Female,14.5,Mandate,Verified
INV001950,2024-09-12,120505,sip,1038,Maharashtra,Pune,T30,26-35,Female,6.0,Net Banking,Verified
INV004184,2024-09-12,102885,redemption,351983,Karnataka,Bangalore,T30,26-35,Male,9.9,Cheque,Verified
INV002835,2024-09-12,119095,sip,2912,Haryana,Faridabad,B30,26-35,Male,11.2,Net Banking,Verified
INV000284,2024-09-12,149322,sip,22876,Karnataka,Mysore,B30,26-35,Male,7.0,UPI,Verified
INV001740,2024-09-12,119093,sip,12400,Uttar Pradesh,Kanpur,B30,36-45,Female,53.9,Net Banking,Verified
INV002666,2024-09-12,101208,sip,17420,Madhya Pradesh,Bhopal,B30,46-55,Female,93.7,Cheque,Verified
INV000521,2024-09-12,100016,sip,6264,West Bengal,Kolkata,T30,26-35,Male,9.7,UPI,Verified
INV000285,2024-09-12,118632,sip,446,Madhya Pradesh,Indore,T30,18-25,Female,3.6,UPI,Verified
INV002668,2024-09-12,118635,lumpsum,346579,Delhi,Gurugram,T30,26-35,Male,9.8,Mandate,Verified
INV000165,2024-09-12,118634,sip,59489,Punjab,Chandigarh,T30,36-45,Female,18.8,Cheque,Verified
INV002264,2024-09-12,102886,lumpsum,459197,Tamil Nadu,Coimbatore,B30,46-55,Female,21.2,Mandate,Verified
INV001778,2024-09-12,149322,lumpsum,443089,Maharashtra,Mumbai,T30,26-35,Male,9.7,Mandate,Verified
INV000943,2024-09-12,102885,lumpsum,412382,West Bengal,Kolkata,T30,18-25,Male,5.8,UPI,Verified
INV002090,2024-09-12,149322,sip,1172,Maharashtra,Mumbai,T30,26-35,Male,23.7,Net Banking,Pending
INV003373,2024-09-12,100033,lumpsum,410612,Gujarat,Surat,T30,56+,Male,62.9,Cheque,Verified
INV004288,2024-09-12,120503,lumpsum,212841,Punjab,Amritsar,B30,18-25,Female,6.1,Mandate,Verified
INV004241,2024-09-12,120506,sip,9530,Maharashtra,Mumbai,T30,36-45,Male,18.9,Cheque,Verified
INV004421,2024-09-13,119551,sip,40611,Punjab,Amritsar,B30,26-35,Male,20.5,Mandate,Verified
INV001894,2024-09-13,118634,redemption,234876,Delhi,New Delhi,T30,26-35,Male,21.1,UPI,Verified
INV004998,2024-09-13,118635,lumpsum,374047,Gujarat,Ahmedabad,T30,36-45,Male,24.2,Mandate,Verified
INV002664,2024-09-13,118633,redemption,310331,Karnataka,Bangalore,T30,26-35,Male,17.3,Mandate,Verified
INV003419,2024-09-13,119120,sip,4921,Maharashtra,Pune,T30,18-25,Male,5.3,Mandate,Verified
INV003382,2024-09-13,118636,lumpsum,342011,Karnataka,Bangalore,T30,26-35,Male,19.8,UPI,Verified
INV000301,2024-09-13,118635,redemption,126507,Gujarat,Ahmedabad,T30,56+,Male,14.8,UPI,Verified
INV000444,2024-09-13,119598,sip,6003,Maharashtra,Pune,T30,36-45,Female,42.1,Mandate,Verified
INV004593,2024-09-13,148567,sip,1097,Punjab,Amritsar,B30,26-35,Male,13.7,Mandate,Verified
INV003268,2024-09-13,120504,lumpsum,107180,Punjab,Amritsar,B30,26-35,Male,7.1,Net Banking,Verified
INV000005,2024-09-13,149323,sip,8203,Punjab,Amritsar,B30,26-35,Female,10.4,UPI,Verified
INV004691,2024-09-13,120504,redemption,443546,Delhi,Noida,T30,26-35,Male,14.5,Mandate,Verified
INV002563,2024-09-13,120506,lumpsum,375725,Madhya Pradesh,Indore,T30,18-25,Female,6.8,Cheque,Verified
INV000245,2024-09-13,119598,sip,1873,Punjab,Amritsar,B30,26-35,Male,6.2,Net Banking,Verified
INV002101,2024-09-13,100016,sip,2365,Uttar Pradesh,Lucknow,T30,26-35,Male,14.7,Net Banking,Verified
INV000402,2024-09-13,118636,redemption,232232,Telangana,Hyderabad,T30,18-25,Male,4.8,Net Banking,Verified
INV002682,2024-09-13,119598,lumpsum,372889,Karnataka,Mysore,B30,26-35,Male,17.9,Mandate,Verified
INV003505,2024-09-13,120843,lumpsum,80305,West Bengal,Kolkata,T30,56+,Female,53.5,Net Banking,Verified
INV000140,2024-09-13,119552,sip,58701,Punjab,Amritsar,B30,56+,Male,74.0,Net Banking,Verified
INV003134,2024-09-13,119551,sip,1108,Telangana,Hyderabad,T30,36-45,Female,41.3,Mandate,Verified
INV000101,2024-09-13,125497,sip,1028,Madhya Pradesh,Indore,T30,26-35,Male,20.8,Cheque,Verified
INV002241,2024-09-13,119093,sip,25827,Punjab,Amritsar,B30,36-45,Female,41.4,Mandate,Verified
INV001803,2024-09-13,119551,lumpsum,35752,Rajasthan,Udaipur,B30,26-35,Female,20.6,Mandate,Verified
INV000322,2024-09-13,148569,sip,1838,Rajasthan,Jaipur,T30,18-25,Male,5.9,Net Banking,Verified
INV002155,2024-09-13,149322,sip,2729,Telangana,Hyderabad,T30,56+,Male,26.2,Cheque,Verified
INV002698,2024-09-13,148569,lumpsum,405627,Maharashtra,Pune,T30,26-35,Male,20.9,Cheque,Verified
INV002246,2024-09-13,102887,sip,16888,Maharashtra,Pune,T30,36-45,Male,31.2,Net Banking,Verified
INV003289,2024-09-13,118636,sip,20804,Uttar Pradesh,Lucknow,T30,26-35,Male,11.2,Cheque,Verified
INV000200,2024-09-13,119598,lumpsum,176628,Rajasthan,Udaipur,B30,18-25,Male,4.0,UPI,Verified
INV004814,2024-09-13,101207,sip,550,Karnataka,Bangalore,T30,18-25,Female,7.8,Cheque,Pending
INV002567,2024-09-13,120506,lumpsum,460202,Madhya Pradesh,Indore,T30,36-45,Male,20.3,Net Banking,Verified
INV003054,2024-09-13,118634,sip,9863,Telangana,Hyderabad,T30,56+,Female,77.1,Mandate,Verified
INV004467,2024-09-13,149324,sip,7539,Tamil Nadu,Chennai,T30,46-55,Male,52.4,UPI,Verified
INV004934,2024-09-13,125497,sip,1065,West Bengal,Kolkata,T30,26-35,Female,22.0,Mandate,Verified
INV001651,2024-09-13,118633,sip,56023,Gujarat,Ahmedabad,T30,18-25,Male,4.1,UPI,Verified
INV002892,2024-09-13,119598,sip,12660,West Bengal,Kolkata,T30,18-25,Male,4.4,Mandate,Verified
INV003530,2024-09-13,102887,sip,9496,Maharashtra,Pune,T30,26-35,Male,9.4,Cheque,Verified
INV004417,2024-09-13,119598,redemption,280561,Rajasthan,Jaipur,T30,26-35,Male,7.2,Net Banking,Verified
INV001631,2024-09-13,125497,sip,432,Haryana,Faridabad,B30,36-45,Male,55.9,UPI,Verified
INV001053,2024-09-13,118635,sip,8660,West Bengal,Kolkata,T30,46-55,Female,79.0,Net Banking,Verified
INV004291,2024-09-13,120843,sip,2981,Telangana,Hyderabad,T30,56+,Female,30.4,Mandate,Verified
INV002426,2024-09-13,118634,sip,49687,Haryana,Faridabad,B30,26-35,Male,10.9,Cheque,Verified
INV002753,2024-09-13,148567,sip,46676,Uttar Pradesh,Lucknow,T30,26-35,Female,21.2,Net Banking,Verified
INV004294,2024-09-13,118632,lumpsum,163550,Punjab,Chandigarh,T30,56+,Female,76.0,Mandate,Verified
INV001182,2024-09-13,149323,lumpsum,175998,Punjab,Amritsar,B30,26-35,Male,9.1,Cheque,Verified
INV002364,2024-09-13,101208,sip,29179,Rajasthan,Jaipur,T30,46-55,Male,51.3,Mandate,Verified
INV000734,2024-09-13,119599,sip,13382,Maharashtra,Pune,T30,26-35,Female,15.2,Net Banking,Verified
INV002865,2024-09-13,119551,sip,3397,Maharashtra,Pune,T30,18-25,Male,3.3,UPI,Verified
INV001345,2024-09-13,100033,lumpsum,358603,Tamil Nadu,Coimbatore,B30,26-35,Male,17.3,Cheque,Verified
INV001047,2024-09-13,119095,sip,593,Tamil Nadu,Chennai,T30,56+,Female,78.8,UPI,Verified
INV001109,2024-09-13,125498,lumpsum,490913,Delhi,Noida,T30,26-35,Male,18.4,Mandate,Verified
INV004132,2024-09-13,118632,lumpsum,310888,Rajasthan,Jaipur,T30,18-25,Male,6.3,Net Banking,Verified
INV003907,2024-09-13,120843,sip,412,Gujarat,Surat,T30,46-55,Male,62.6,Net Banking,Pending
INV003904,2024-09-13,149324,sip,2372,Karnataka,Bangalore,T30,46-55,Male,67.6,Cheque,Verified
INV004017,2024-09-13,148568,sip,8718,West Bengal,Kolkata,T30,36-45,Male,36.7,Mandate,Verified
INV004001,2024-09-13,120507,sip,13526,Delhi,Noida,T30,56+,Female,52.7,Cheque,Verified
INV003807,2024-09-13,101206,sip,2854,Rajasthan,Udaipur,B30,46-55,Male,76.4,Net Banking,Verified
INV002405,2024-09-13,118635,lumpsum,284254,Maharashtra,Nashik,B30,18-25,Male,7.6,Cheque,Verified
INV002803,2024-09-13,120504,lumpsum,308471,Uttar Pradesh,Agra,B30,36-45,Male,31.9,Mandate,Verified
INV003601,2024-09-13,119093,sip,11309,Haryana,Faridabad,B30,26-35,Female,17.0,Cheque,Verified
INV003944,2024-09-13,125497,lumpsum,89242,Maharashtra,Pune,T30,26-35,Male,17.5,Cheque,Verified
INV004223,2024-09-13,120506,lumpsum,195331,Uttar Pradesh,Agra,B30,36-45,Female,49.3,Cheque,Verified
INV002769,2024-09-13,119552,sip,53402,Maharashtra,Pune,T30,18-25,Female,4.5,Cheque,Verified
INV002737,2024-09-13,102886,sip,421,Gujarat,Ahmedabad,T30,18-25,Female,5.4,Net Banking,Verified
INV004165,2024-09-13,100016,sip,943,West Bengal,Kolkata,T30,26-35,Male,9.3,UPI,Verified
INV003739,2024-09-13,125498,sip,11838,Gujarat,Surat,T30,46-55,Female,81.0,Cheque,Verified
INV002369,2024-09-13,120504,sip,28357,Madhya Pradesh,Bhopal,B30,36-45,Male,33.6,Cheque,Verified
INV004177,2024-09-13,119551,sip,4539,Tamil Nadu,Coimbatore,B30,26-35,Male,14.7,UPI,Verified
INV001118,2024-09-14,119093,lumpsum,315033,Haryana,Gurugram,T30,18-25,Male,6.7,Cheque,Verified
INV001475,2024-09-14,101208,sip,2853,Madhya Pradesh,Indore,T30,36-45,Male,35.0,Cheque,Verified
INV004947,2024-09-14,120844,sip,1719,Telangana,Hyderabad,T30,26-35,Female,19.7,UPI,Verified
INV002865,2024-09-14,125497,lumpsum,355864,Maharashtra,Pune,T30,18-25,Male,3.3,Cheque,Verified
INV000491,2024-09-14,119094,lumpsum,332766,Madhya Pradesh,Indore,T30,56+,Male,58.2,Mandate,Verified
INV003491,2024-09-14,118634,sip,833,Delhi,Noida,T30,46-55,Male,92.5,Mandate,Verified
INV000504,2024-09-14,118633,sip,2723,Karnataka,Mysore,B30,26-35,Male,17.4,Mandate,Verified
INV002459,2024-09-14,120843,sip,971,Rajasthan,Udaipur,B30,18-25,Female,5.2,Net Banking,Verified
INV002476,2024-09-14,119599,lumpsum,417583,Telangana,Hyderabad,T30,36-45,Female,58.6,Cheque,Verified
INV002391,2024-09-14,118633,sip,13879,Madhya Pradesh,Bhopal,B30,18-25,Female,7.9,Net Banking,Verified
INV003655,2024-09-14,120507,sip,2725,Madhya Pradesh,Bhopal,B30,36-45,Female,24.9,Mandate,Verified
INV004945,2024-09-14,120505,sip,28113,West Bengal,Kolkata,T30,36-45,Female,56.8,Net Banking,Verified
INV004224,2024-09-14,100033,sip,16177,Haryana,Faridabad,B30,56+,Male,34.4,Net Banking,Verified
INV003666,2024-09-14,119094,sip,41453,Gujarat,Surat,T30,18-25,Male,4.3,Cheque,Verified
INV004822,2024-09-14,118635,lumpsum,43471,Rajasthan,Udaipur,B30,26-35,Male,14.8,Mandate,Verified
INV000292,2024-09-14,102887,sip,923,Uttar Pradesh,Lucknow,T30,18-25,Male,3.3,UPI,Verified
INV000069,2024-09-14,120841,redemption,26737,Gujarat,Ahmedabad,T30,56+,Female,35.9,Net Banking,Verified
INV002476,2024-09-14,102886,lumpsum,302667,Telangana,Hyderabad,T30,36-45,Female,58.6,Net Banking,Verified
INV000070,2024-09-14,120842,sip,821,West Bengal,Kolkata,T30,56+,Female,20.1,UPI,Verified
INV004508,2024-09-14,120843,lumpsum,364301,Punjab,Amritsar,B30,36-45,Female,36.5,Cheque,Verified
INV002141,2024-09-14,119095,sip,3369,Delhi,New Delhi,T30,46-55,Male,36.2,Mandate,Verified
INV000119,2024-09-14,100033,sip,29496,Rajasthan,Jaipur,T30,26-35,Female,16.8,Cheque,Verified
INV003435,2024-09-14,120506,sip,10300,Maharashtra,Nashik,B30,26-35,Female,17.8,Mandate,Verified
INV000999,2024-09-14,102886,redemption,119446,Telangana,Hyderabad,T30,26-35,Male,15.6,UPI,Verified
INV000946,2024-09-14,100033,lumpsum,214061,Karnataka,Bangalore,T30,46-55,Female,37.3,UPI,Verified
INV001372,2024-09-14,118636,sip,13261,Haryana,Faridabad,B30,56+,Male,46.7,UPI,Verified
INV002070,2024-09-14,120504,sip,22044,Telangana,Hyderabad,T30,36-45,Male,40.3,UPI,Verified
INV000387,2024-09-14,118635,lumpsum,193877,Gujarat,Surat,T30,36-45,Male,53.8,UPI,Verified
INV004629,2024-09-14,120506,sip,442,Karnataka,Bangalore,T30,18-25,Female,4.9,UPI,Verified
INV004263,2024-09-14,119120,sip,47572,Delhi,Gurugram,T30,26-35,Female,9.6,Net Banking,Verified
INV000964,2024-09-14,120842,sip,1835,Haryana,Faridabad,B30,26-35,Male,6.7,Net Banking,Verified
INV004260,2024-09-14,120844,sip,1615,Tamil Nadu,Coimbatore,B30,26-35,Male,18.8,Cheque,Verified
INV000412,2024-09-14,118636,sip,14467,Rajasthan,Udaipur,B30,18-25,Male,7.4,Net Banking,Verified
INV002093,2024-09-14,119120,sip,1906,Punjab,Chandigarh,T30,26-35,Male,14.7,Net Banking,Pending
INV001356,2024-09-14,148568,redemption,276333,Gujarat,Ahmedabad,T30,26-35,Male,19.7,UPI,Verified
INV001870,2024-09-14,119599,sip,1198,Madhya Pradesh,Indore,T30,26-35,Male,19.3,Cheque,Verified
INV000426,2024-09-14,102887,sip,17685,West Bengal,Kolkata,T30,18-25,Male,3.6,Net Banking,Verified
INV004844,2024-09-14,102887,sip,1775,Maharashtra,Pune,T30,26-35,Male,15.7,UPI,Verified
INV003886,2024-09-14,125497,sip,1915,Punjab,Chandigarh,T30,26-35,Male,19.7,Mandate,Verified
INV002107,2024-09-14,101206,lumpsum,196362,Telangana,Hyderabad,T30,26-35,Male,18.2,Net Banking,Verified
INV003701,2024-09-14,120841,sip,2851,Karnataka,Mysore,B30,18-25,Male,6.7,Cheque,Verified
INV000334,2024-09-14,119095,sip,25479,Uttar Pradesh,Lucknow,T30,56+,Male,22.6,Mandate,Pending
INV003415,2024-09-14,149322,sip,17501,Gujarat,Surat,T30,46-55,Male,96.6,Cheque,Verified
INV000729,2024-09-14,148567,sip,15606,Telangana,Hyderabad,T30,36-45,Male,36.5,Net Banking,Verified
INV000728,2024-09-14,120504,sip,2267,Telangana,Hyderabad,T30,26-35,Male,8.4,Mandate,Verified
INV004907,2024-09-14,102887,sip,5833,Gujarat,Ahmedabad,T30,26-35,Male,20.7,Mandate,Verified
INV004319,2024-09-14,120507,lumpsum,291961,Gujarat,Surat,T30,18-25,Male,3.9,Mandate,Verified
INV000325,2024-09-14,100033,redemption,29121,Haryana,Faridabad,B30,26-35,Male,20.9,Net Banking,Verified
INV000662,2024-09-14,120503,sip,2894,Gujarat,Surat,T30,36-45,Female,20.1,Cheque,Pending
INV000460,2024-09-14,102885,lumpsum,20543,Delhi,Noida,T30,36-45,Male,47.1,UPI,Verified
INV004326,2024-09-14,118636,sip,4664,Delhi,Gurugram,T30,26-35,Male,7.5,UPI,Verified
INV003452,2024-09-14,119552,sip,13438,Haryana,Faridabad,B30,18-25,Male,4.5,Mandate,Verified
INV002969,2024-09-14,120504,sip,1867,Karnataka,Bangalore,T30,26-35,Male,15.4,UPI,Verified
INV001685,2024-09-14,149322,sip,3087,Punjab,Amritsar,B30,26-35,Male,14.5,Cheque,Verified
INV001917,2024-09-14,119120,lumpsum,316441,Telangana,Hyderabad,T30,26-35,Male,22.9,UPI,Verified
INV003735,2024-09-14,101208,sip,6659,Gujarat,Ahmedabad,T30,36-45,Female,13.9,Mandate,Verified
INV001516,2024-09-14,120505,sip,4757,Tamil Nadu,Coimbatore,B30,26-35,Male,22.0,UPI,Verified
INV002877,2024-09-14,148568,sip,2085,Rajasthan,Jaipur,T30,36-45,Male,56.5,Cheque,Verified
INV000212,2024-09-14,120506,lumpsum,360041,Rajasthan,Udaipur,B30,36-45,Male,54.3,Cheque,Verified
INV003971,2024-09-14,100016,sip,3497,Haryana,Gurugram,T30,26-35,Male,14.1,Cheque,Verified
INV001997,2024-09-14,119092,lumpsum,46670,Delhi,New Delhi,T30,56+,Female,24.8,Cheque,Verified
INV000893,2024-09-14,120841,sip,25278,Punjab,Chandigarh,T30,46-55,Male,35.3,Mandate,Verified
INV001971,2024-09-14,119094,sip,2001,Gujarat,Ahmedabad,T30,26-35,Male,21.0,Mandate,Verified
INV003535,2024-09-14,120841,redemption,198228,Maharashtra,Nashik,B30,26-35,Male,12.5,Mandate,Verified
INV002503,2024-09-14,119598,sip,28843,Gujarat,Ahmedabad,T30,26-35,Male,11.5,UPI,Verified
INV004392,2024-09-14,119598,sip,503,West Bengal,Kolkata,T30,18-25,Male,6.7,Net Banking,Verified
INV004187,2024-09-14,119094,sip,2973,Haryana,Gurugram,T30,18-25,Male,5.6,Net Banking,Verified
INV000646,2024-09-14,119551,lumpsum,94923,Uttar Pradesh,Lucknow,T30,26-35,Female,23.9,Cheque,Verified
INV002556,2024-09-14,100033,lumpsum,223907,Delhi,Noida,T30,26-35,Male,8.1,Cheque,Verified
INV001576,2024-09-14,119598,sip,17931,Delhi,Noida,T30,46-55,Female,46.5,Cheque,Verified
INV002185,2024-09-14,119092,sip,4478,Punjab,Chandigarh,T30,26-35,Male,21.0,UPI,Verified
INV001924,2024-09-15,100016,sip,13433,Karnataka,Bangalore,T30,18-25,Male,4.9,Net Banking,Verified
INV004392,2024-09-15,148567,sip,5091,West Bengal,Kolkata,T30,18-25,Male,6.7,Mandate,Pending
INV000483,2024-09-15,148569,sip,20912,Haryana,Gurugram,T30,18-25,Male,7.7,Cheque,Verified
INV003282,2024-09-15,119094,redemption,15540,Madhya Pradesh,Bhopal,B30,18-25,Male,7.6,Mandate,Verified
INV002326,2024-09-15,119598,redemption,384193,Telangana,Hyderabad,T30,36-45,Female,33.2,UPI,Verified
INV003317,2024-09-15,149322,lumpsum,350196,Delhi,New Delhi,T30,18-25,Male,6.6,UPI,Verified
INV002802,2024-09-15,120504,lumpsum,256729,Gujarat,Surat,T30,36-45,Female,32.8,Net Banking,Verified
INV000419,2024-09-15,102887,sip,420,Haryana,Gurugram,T30,56+,Female,27.6,Net Banking,Verified
INV002785,2024-09-15,119598,lumpsum,5566,Delhi,Noida,T30,36-45,Male,20.2,UPI,Verified
INV002092,2024-09-15,120506,sip,2939,Punjab,Amritsar,B30,18-25,Male,7.7,Net Banking,Verified
INV002582,2024-09-15,102886,sip,5167,Telangana,Hyderabad,T30,26-35,Female,11.1,Cheque,Verified
INV001391,2024-09-15,102886,sip,2335,Madhya Pradesh,Bhopal,B30,36-45,Male,18.5,UPI,Verified
INV000860,2024-09-15,125497,lumpsum,138770,Madhya Pradesh,Bhopal,B30,36-45,Female,51.8,UPI,Verified
INV003884,2024-09-15,101206,sip,1182,Rajasthan,Udaipur,B30,18-25,Male,6.6,Cheque,Verified
INV001393,2024-09-15,118636,sip,11079,Punjab,Chandigarh,T30,56+,Male,67.6,UPI,Pending
INV003109,2024-09-15,120843,sip,2078,Delhi,Gurugram,T30,26-35,Male,22.8,Cheque,Verified
INV003232,2024-09-15,120506,lumpsum,6444,Maharashtra,Pune,T30,36-45,Female,30.9,UPI,Verified
INV003389,2024-09-15,119094,sip,8990,Telangana,Hyderabad,T30,26-35,Male,22.3,Net Banking,Verified
INV002527,2024-09-15,125498,lumpsum,234041,Telangana,Hyderabad,T30,18-25,Male,6.8,Cheque,Verified
INV000734,2024-09-15,102885,sip,1964,Maharashtra,Pune,T30,26-35,Female,15.2,Mandate,Verified
INV004304,2024-09-15,101206,sip,911,Haryana,Gurugram,T30,18-25,Male,5.5,Mandate,Verified
INV001992,2024-09-15,101208,lumpsum,139852,Telangana,Hyderabad,T30,18-25,Male,3.3,Cheque,Verified
INV004679,2024-09-15,101208,sip,3083,Madhya Pradesh,Indore,T30,18-25,Female,4.0,Net Banking,Verified
INV004078,2024-09-15,120841,lumpsum,141442,Delhi,Noida,T30,18-25,Male,3.8,UPI,Verified
INV001353,2024-09-15,119094,sip,26905,Punjab,Amritsar,B30,26-35,Male,6.5,Net Banking,Verified
INV001587,2024-09-15,119551,sip,28914,Punjab,Chandigarh,T30,26-35,Male,22.3,Net Banking,Verified
INV000853,2024-09-15,125498,sip,2858,Punjab,Chandigarh,T30,26-35,Female,8.0,Mandate,Verified
INV001259,2024-09-15,119095,lumpsum,23029,Telangana,Hyderabad,T30,26-35,Female,10.6,Net Banking,Verified
INV001275,2024-09-15,119094,lumpsum,51729,Delhi,Noida,T30,36-45,Female,37.4,UPI,Verified
INV004073,2024-09-15,149322,sip,7662,Gujarat,Surat,T30,46-55,Female,32.6,Cheque,Verified
INV003171,2024-09-15,118633,lumpsum,437294,Rajasthan,Jaipur,T30,36-45,Female,16.3,Cheque,Verified
INV001332,2024-09-15,102886,sip,20253,Uttar Pradesh,Agra,B30,26-35,Female,19.9,Mandate,Verified
INV004321,2024-09-15,120844,sip,2790,West Bengal,Kolkata,T30,26-35,Male,16.0,Mandate,Pending
INV000793,2024-09-15,118634,sip,22755,West Bengal,Kolkata,T30,26-35,Female,8.4,Net Banking,Verified
INV003288,2024-09-15,120504,redemption,436062,Punjab,Chandigarh,T30,56+,Male,57.9,Cheque,Verified
INV002267,2024-09-15,100033,sip,15782,Haryana,Faridabad,B30,18-25,Male,4.7,UPI,Verified
INV000718,2024-09-15,119552,lumpsum,227235,Delhi,Gurugram,T30,26-35,Male,10.8,Mandate,Verified
INV000751,2024-09-15,118634,sip,906,Uttar Pradesh,Kanpur,B30,36-45,Male,17.7,Cheque,Verified
INV003025,2024-09-15,100025,sip,2475,Gujarat,Surat,T30,26-35,Female,11.9,Net Banking,Verified
INV000317,2024-09-15,101206,sip,49347,West Bengal,Kolkata,T30,36-45,Male,50.2,UPI,Verified
INV003818,2024-09-15,101208,sip,1792,Gujarat,Surat,T30,36-45,Male,25.3,UPI,Verified
INV001348,2024-09-15,101206,redemption,333160,Haryana,Gurugram,T30,26-35,Female,8.6,Cheque,Verified
INV001360,2024-09-15,149322,sip,8637,Telangana,Hyderabad,T30,36-45,Female,26.8,UPI,Pending
INV003663,2024-09-15,120506,redemption,376591,Delhi,Gurugram,T30,26-35,Female,19.0,UPI,Pending
INV004947,2024-09-15,119552,lumpsum,179123,Telangana,Hyderabad,T30,26-35,Female,19.7,Net Banking,Verified
INV001835,2024-09-15,118633,sip,829,Delhi,Noida,T30,26-35,Female,13.2,Mandate,Verified
INV004957,2024-09-15,120504,redemption,353185,Delhi,New Delhi,T30,36-45,Male,51.2,Cheque,Verified
INV002870,2024-09-15,119093,sip,438,Karnataka,Mysore,B30,26-35,Female,23.7,UPI,Verified
INV004523,2024-09-15,119599,sip,6411,Haryana,Gurugram,T30,26-35,Female,13.5,Net Banking,Verified
INV003635,2024-09-15,120504,sip,2306,West Bengal,Kolkata,T30,56+,Female,55.1,UPI,Verified
INV000138,2024-09-15,119552,redemption,394509,Telangana,Hyderabad,T30,26-35,Male,24.7,Cheque,Verified
INV003599,2024-09-15,102886,sip,10239,Madhya Pradesh,Indore,T30,46-55,Male,43.2,UPI,Verified
INV001810,2024-09-15,102885,lumpsum,465049,Uttar Pradesh,Kanpur,B30,26-35,Female,10.1,Mandate,Verified
INV004644,2024-09-15,100033,sip,5455,Maharashtra,Nashik,B30,36-45,Male,21.7,Net Banking,Verified
INV004951,2024-09-15,149322,sip,17266,Karnataka,Mysore,B30,26-35,Female,7.5,Cheque,Verified
INV001374,2024-09-15,101208,lumpsum,405639,Madhya Pradesh,Indore,T30,36-45,Male,14.2,UPI,Verified
INV003262,2024-09-15,118633,redemption,210014,Telangana,Hyderabad,T30,46-55,Male,80.2,UPI,Verified
INV003870,2024-09-16,149324,lumpsum,129008,West Bengal,Kolkata,T30,26-35,Male,15.0,Net Banking,Verified
INV003637,2024-09-16,148568,lumpsum,404128,Telangana,Hyderabad,T30,36-45,Male,18.6,UPI,Verified
INV001615,2024-09-16,120842,lumpsum,446314,Tamil Nadu,Chennai,T30,26-35,Male,15.7,Mandate,Verified
INV000262,2024-09-16,119094,sip,6259,Telangana,Hyderabad,T30,36-45,Male,47.6,Net Banking,Verified
INV004137,2024-09-16,149322,redemption,252908,West Bengal,Kolkata,T30,18-25,Female,6.2,Cheque,Verified
INV001987,2024-09-16,120842,sip,50839,Tamil Nadu,Coimbatore,B30,18-25,Male,7.2,UPI,Pending
INV003265,2024-09-16,148567,lumpsum,257301,Rajasthan,Jaipur,T30,36-45,Female,46.8,Net Banking,Verified
INV004951,2024-09-16,149324,sip,15253,Karnataka,Mysore,B30,26-35,Female,7.5,Net Banking,Verified
INV001811,2024-09-16,100016,sip,52959,Punjab,Amritsar,B30,18-25,Male,7.8,Net Banking,Verified
INV001008,2024-09-16,119093,sip,921,Rajasthan,Udaipur,B30,46-55,Male,85.8,Cheque,Verified
INV003615,2024-09-16,149324,sip,490,Rajasthan,Jaipur,T30,36-45,Male,32.6,Net Banking,Verified
INV002023,2024-09-16,101206,redemption,35036,Madhya Pradesh,Indore,T30,36-45,Female,50.5,Net Banking,Verified
INV003408,2024-09-16,120844,sip,8735,West Bengal,Kolkata,T30,18-25,Male,6.1,UPI,Verified
INV000112,2024-09-16,102886,sip,8475,Tamil Nadu,Chennai,T30,26-35,Male,20.5,UPI,Verified
INV002671,2024-09-16,101206,sip,9706,Madhya Pradesh,Indore,T30,18-25,Male,6.3,Cheque,Verified
INV003814,2024-09-16,120507,sip,6681,Rajasthan,Udaipur,B30,36-45,Female,12.5,Mandate,Verified
INV002803,2024-09-16,118632,sip,3193,Uttar Pradesh,Agra,B30,36-45,Male,31.9,Net Banking,Verified
INV004839,2024-09-16,119598,sip,27959,Karnataka,Mysore,B30,26-35,Male,19.1,Cheque,Verified
INV003703,2024-09-16,148567,sip,510,Karnataka,Bangalore,T30,36-45,Female,20.8,Mandate,Verified
INV000977,2024-09-16,118635,sip,4609,Karnataka,Mysore,B30,56+,Male,22.5,Net Banking,Verified
INV003792,2024-09-16,100016,redemption,205634,Maharashtra,Pune,T30,46-55,Male,17.9,Net Banking,Verified
INV001816,2024-09-16,100025,sip,6771,Telangana,Hyderabad,T30,26-35,Male,9.0,Mandate,Verified
INV002506,2024-09-16,118632,sip,2334,Karnataka,Bangalore,T30,18-25,Female,3.2,Net Banking,Verified
INV000670,2024-09-16,118634,sip,24574,Uttar Pradesh,Kanpur,B30,26-35,Male,15.9,Mandate,Verified
INV001299,2024-09-16,120505,sip,2204,Haryana,Faridabad,B30,26-35,Male,19.9,Net Banking,Verified
INV004568,2024-09-16,119092,lumpsum,570402,Karnataka,Mysore,B30,18-25,Male,7.3,Cheque,Verified
INV002817,2024-09-16,125498,sip,22956,Gujarat,Ahmedabad,T30,26-35,Male,15.8,UPI,Verified
INV002055,2024-09-16,119092,lumpsum,399102,Punjab,Amritsar,B30,26-35,Male,18.7,Net Banking,Verified
INV004856,2024-09-16,118636,sip,11081,Maharashtra,Mumbai,T30,36-45,Male,54.3,Net Banking,Verified
INV003901,2024-09-16,101206,redemption,363602,Delhi,Gurugram,T30,46-55,Male,45.4,Mandate,Verified
INV004135,2024-09-16,120507,sip,8749,Tamil Nadu,Coimbatore,B30,26-35,Female,18.7,Net Banking,Verified
INV002792,2024-09-16,118632,sip,503,Gujarat,Surat,T30,18-25,Male,3.6,Cheque,Verified
INV004776,2024-09-16,100033,sip,8569,Punjab,Chandigarh,T30,36-45,Male,22.9,UPI,Verified
INV004119,2024-09-16,100025,redemption,182802,Uttar Pradesh,Kanpur,B30,26-35,Female,13.0,Net Banking,Verified
INV002532,2024-09-16,101206,sip,6215,Telangana,Hyderabad,T30,56+,Female,11.7,Cheque,Verified
INV000917,2024-09-16,100033,lumpsum,486108,Rajasthan,Udaipur,B30,18-25,Male,7.5,Mandate,Verified
INV002705,2024-09-16,119551,sip,16420,Uttar Pradesh,Lucknow,T30,46-55,Female,90.6,Net Banking,Verified
INV003372,2024-09-16,120841,lumpsum,132793,Karnataka,Mysore,B30,36-45,Female,38.1,Net Banking,Verified
INV003372,2024-09-16,149322,redemption,411798,Karnataka,Mysore,B30,36-45,Female,38.1,UPI,Verified
INV002552,2024-09-16,119094,sip,21948,Delhi,Gurugram,T30,36-45,Male,24.4,Cheque,Verified
INV000128,2024-09-16,102886,sip,985,Rajasthan,Jaipur,T30,36-45,Female,50.9,Mandate,Verified
INV004258,2024-09-16,101208,sip,3169,Gujarat,Ahmedabad,T30,36-45,Male,56.6,Net Banking,Pending
INV003271,2024-09-16,101208,lumpsum,280802,West Bengal,Kolkata,T30,18-25,Male,4.8,UPI,Verified
INV000709,2024-09-16,120505,redemption,173025,Telangana,Hyderabad,T30,26-35,Female,13.6,Net Banking,Verified
INV003554,2024-09-16,118636,lumpsum,527519,Rajasthan,Jaipur,T30,26-35,Female,15.6,Net Banking,Pending
INV003731,2024-09-16,118635,lumpsum,359805,Tamil Nadu,Coimbatore,B30,26-35,Female,9.9,Mandate,Verified
INV004971,2024-09-16,119552,sip,482,Telangana,Hyderabad,T30,26-35,Male,21.3,Net Banking,Verified
INV001612,2024-09-16,149322,lumpsum,332209,Haryana,Gurugram,T30,26-35,Female,12.0,Mandate,Verified
INV003455,2024-09-16,125498,sip,20022,Tamil Nadu,Coimbatore,B30,46-55,Male,40.2,Cheque,Verified
INV001688,2024-09-16,120842,redemption,87996,Gujarat,Ahmedabad,T30,26-35,Male,7.7,Cheque,Verified
INV003367,2024-09-16,120506,lumpsum,282663,Haryana,Gurugram,T30,46-55,Male,42.0,UPI,Verified
INV003507,2024-09-16,120842,sip,549,Karnataka,Bangalore,T30,26-35,Female,22.5,Mandate,Verified
INV002896,2024-09-16,125498,sip,2977,Maharashtra,Nashik,B30,26-35,Male,21.5,Net Banking,Pending
INV001549,2024-09-16,102885,sip,6159,Haryana,Gurugram,T30,36-45,Male,19.5,Net Banking,Verified
INV002701,2024-09-16,102887,sip,1163,Rajasthan,Jaipur,T30,26-35,Male,11.6,Mandate,Verified
INV001567,2024-09-17,120844,sip,5284,West Bengal,Kolkata,T30,36-45,Male,12.2,UPI,Verified
INV003210,2024-09-17,119552,sip,6133,Haryana,Faridabad,B30,36-45,Female,23.1,Mandate,Verified
INV001078,2024-09-17,149324,redemption,385272,Punjab,Chandigarh,T30,46-55,Female,99.2,Net Banking,Verified
INV002284,2024-09-17,100025,lumpsum,221173,Karnataka,Bangalore,T30,36-45,Male,55.3,UPI,Verified
INV001349,2024-09-17,118636,lumpsum,378938,Haryana,Gurugram,T30,18-25,Female,5.3,UPI,Verified
INV004794,2024-09-17,102885,sip,59321,Rajasthan,Udaipur,B30,36-45,Female,46.0,Cheque,Verified
INV004108,2024-09-17,148568,sip,13974,Madhya Pradesh,Indore,T30,36-45,Female,22.5,Cheque,Verified
INV003005,2024-09-17,118632,sip,51847,Punjab,Amritsar,B30,26-35,Male,24.5,Net Banking,Verified
INV004259,2024-09-17,120506,sip,23128,Tamil Nadu,Chennai,T30,26-35,Female,24.3,Mandate,Verified
INV001359,2024-09-17,148569,redemption,220103,Haryana,Gurugram,T30,36-45,Female,41.8,Cheque,Verified
INV004668,2024-09-17,102886,sip,494,Gujarat,Ahmedabad,T30,26-35,Male,6.4,Mandate,Verified
INV002849,2024-09-17,119095,sip,7046,Madhya Pradesh,Indore,T30,26-35,Male,21.3,Mandate,Verified
INV002073,2024-09-17,120842,sip,9508,Uttar Pradesh,Kanpur,B30,56+,Male,73.1,Cheque,Verified
INV003727,2024-09-17,120842,redemption,143124,Gujarat,Surat,T30,18-25,Female,7.2,UPI,Pending
INV001545,2024-09-17,119094,lumpsum,159017,Madhya Pradesh,Bhopal,B30,26-35,Male,11.5,UPI,Verified
INV000509,2024-09-17,120844,sip,14287,Madhya Pradesh,Bhopal,B30,56+,Male,26.5,UPI,Verified
INV001440,2024-09-17,100025,sip,6296,West Bengal,Kolkata,T30,26-35,Male,11.3,Net Banking,Verified
INV004341,2024-09-17,120841,sip,918,Tamil Nadu,Coimbatore,B30,18-25,Male,7.5,Cheque,Verified
INV002228,2024-09-17,100025,sip,6755,Uttar Pradesh,Kanpur,B30,18-25,Male,7.7,UPI,Verified
INV003046,2024-09-17,119551,lumpsum,302998,West Bengal,Kolkata,T30,36-45,Male,12.4,Net Banking,Verified
INV000682,2024-09-17,148567,redemption,390422,Delhi,New Delhi,T30,56+,Female,69.2,UPI,Verified
INV000503,2024-09-17,119120,lumpsum,533080,Madhya Pradesh,Bhopal,B30,26-35,Female,22.2,Cheque,Verified
INV000577,2024-09-17,119095,sip,10992,Delhi,Noida,T30,36-45,Male,20.4,Net Banking,Verified
INV003671,2024-09-17,102886,lumpsum,281211,Haryana,Gurugram,T30,36-45,Female,22.9,Mandate,Verified
INV003167,2024-09-17,102887,sip,854,Telangana,Hyderabad,T30,26-35,Male,19.8,Net Banking,Verified
INV001666,2024-09-17,120841,sip,8661,Madhya Pradesh,Bhopal,B30,36-45,Male,58.1,Mandate,Verified
INV000566,2024-09-17,118636,sip,2858,Uttar Pradesh,Agra,B30,36-45,Male,18.2,Mandate,Verified
INV003270,2024-09-17,120844,redemption,258962,Karnataka,Bangalore,T30,56+,Male,43.3,Mandate,Verified
INV004226,2024-09-17,101207,sip,515,Punjab,Chandigarh,T30,18-25,Male,3.9,Cheque,Verified
INV002950,2024-09-17,120507,sip,984,Madhya Pradesh,Indore,T30,46-55,Female,37.4,Cheque,Verified
INV001917,2024-09-17,118632,sip,11917,Telangana,Hyderabad,T30,26-35,Male,22.9,UPI,Verified
INV001662,2024-09-17,102886,redemption,465303,Delhi,Gurugram,T30,36-45,Male,45.6,Mandate,Verified
INV003517,2024-09-17,102885,lumpsum,367470,Gujarat,Ahmedabad,T30,26-35,Male,16.6,Cheque,Verified
INV001030,2024-09-17,118634,lumpsum,26006,Maharashtra,Mumbai,T30,26-35,Female,22.8,Cheque,Pending
INV004927,2024-09-17,148568,sip,5420,Maharashtra,Nashik,B30,26-35,Male,19.5,UPI,Verified
INV004380,2024-09-17,102887,sip,428,Gujarat,Surat,T30,36-45,Male,16.6,Cheque,Verified
INV004725,2024-09-17,119093,sip,9502,Gujarat,Ahmedabad,T30,18-25,Male,4.7,Net Banking,Verified
INV002594,2024-09-17,118632,sip,58150,Haryana,Gurugram,T30,26-35,Male,23.7,UPI,Verified
INV003672,2024-09-17,118636,sip,3135,Uttar Pradesh,Agra,B30,36-45,Male,32.5,UPI,Verified
INV000827,2024-09-17,120505,redemption,265132,Maharashtra,Pune,T30,36-45,Male,28.8,Net Banking,Verified
INV004468,2024-09-17,102887,sip,16503,Telangana,Hyderabad,T30,46-55,Female,20.8,Net Banking,Verified
INV004974,2024-09-17,148568,sip,7133,Gujarat,Ahmedabad,T30,56+,Female,62.6,Mandate,Verified
INV003747,2024-09-17,119120,lumpsum,379002,Madhya Pradesh,Indore,T30,26-35,Female,21.7,Cheque,Verified
INV000449,2024-09-17,120506,sip,8539,Haryana,Faridabad,B30,18-25,Male,6.8,Cheque,Verified
INV001485,2024-09-17,120841,sip,414,Rajasthan,Jaipur,T30,56+,Female,24.4,Cheque,Verified
INV004076,2024-09-17,120507,sip,2957,Madhya Pradesh,Indore,T30,26-35,Male,15.7,Mandate,Verified
INV003062,2024-09-17,120503,sip,4971,Haryana,Faridabad,B30,46-55,Male,96.3,Mandate,Verified
INV004974,2024-09-17,118636,lumpsum,216017,Gujarat,Ahmedabad,T30,56+,Female,62.6,UPI,Verified
INV001883,2024-09-17,100025,sip,2333,Maharashtra,Pune,T30,46-55,Male,69.3,Cheque,Pending
INV004147,2024-09-17,119092,sip,3071,Madhya Pradesh,Bhopal,B30,26-35,Female,10.1,Mandate,Verified
INV002779,2024-09-17,120503,sip,2793,Uttar Pradesh,Lucknow,T30,26-35,Male,10.4,UPI,Verified
INV002017,2024-09-17,119095,sip,2198,Karnataka,Mysore,B30,26-35,Female,15.0,UPI,Verified
INV004920,2024-09-17,120507,sip,428,Rajasthan,Jaipur,T30,56+,Male,16.3,Mandate,Verified
INV002627,2024-09-17,120504,sip,2767,West Bengal,Kolkata,T30,26-35,Male,19.0,UPI,Verified
INV000929,2024-09-17,148567,sip,51837,West Bengal,Kolkata,T30,36-45,Female,27.7,Mandate,Verified
INV004063,2024-09-17,148567,sip,586,Haryana,Gurugram,T30,36-45,Male,19.3,Net Banking,Verified
INV001429,2024-09-17,100033,sip,2146,Uttar Pradesh,Kanpur,B30,36-45,Male,33.5,Mandate,Verified
INV000262,2024-09-17,148567,sip,1030,Telangana,Hyderabad,T30,36-45,Male,47.6,Net Banking,Verified
INV000547,2024-09-17,120507,lumpsum,175015,West Bengal,Kolkata,T30,26-35,Male,16.6,UPI,Verified
INV002450,2024-09-17,101208,redemption,220561,West Bengal,Kolkata,T30,36-45,Female,14.5,Net Banking,Verified
INV003606,2024-09-17,120503,redemption,434196,Maharashtra,Pune,T30,36-45,Male,23.6,UPI,Verified
INV001228,2024-09-18,148569,sip,11628,Karnataka,Bangalore,T30,36-45,Female,29.8,Net Banking,Verified
INV001242,2024-09-18,100016,sip,8356,Tamil Nadu,Chennai,T30,36-45,Male,57.8,Mandate,Verified
INV001998,2024-09-18,119552,redemption,123377,Haryana,Faridabad,B30,26-35,Male,19.2,Cheque,Verified
INV003783,2024-09-18,120844,redemption,236721,Madhya Pradesh,Indore,T30,18-25,Male,3.5,Net Banking,Verified
INV004223,2024-09-18,118636,lumpsum,309143,Uttar Pradesh,Agra,B30,36-45,Female,49.3,Cheque,Verified
INV002003,2024-09-18,100025,redemption,313835,Delhi,New Delhi,T30,26-35,Female,20.1,Cheque,Verified
INV003296,2024-09-18,119551,sip,3247,Haryana,Gurugram,T30,26-35,Female,11.3,Mandate,Verified
INV000270,2024-09-18,149324,lumpsum,28128,Maharashtra,Mumbai,T30,18-25,Male,7.6,Cheque,Verified
INV000913,2024-09-18,102885,lumpsum,412199,Gujarat,Ahmedabad,T30,26-35,Female,22.5,Net Banking,Verified
INV004767,2024-09-18,119120,sip,11461,Uttar Pradesh,Kanpur,B30,26-35,Female,12.7,UPI,Verified
INV000853,2024-09-18,101207,sip,21645,Punjab,Chandigarh,T30,26-35,Female,8.0,UPI,Verified
INV000328,2024-09-18,100033,sip,11841,Madhya Pradesh,Bhopal,B30,26-35,Male,19.6,Cheque,Verified
INV003240,2024-09-18,120504,sip,1153,Haryana,Gurugram,T30,26-35,Male,21.7,Net Banking,Verified
INV002953,2024-09-18,101208,lumpsum,218394,Tamil Nadu,Coimbatore,B30,46-55,Male,62.4,Cheque,Pending
INV004756,2024-09-18,100033,redemption,153762,Gujarat,Surat,T30,46-55,Male,41.1,UPI,Verified
INV000294,2024-09-18,118634,sip,6230,Maharashtra,Nashik,B30,36-45,Female,30.8,UPI,Verified
INV001250,2024-09-18,125498,lumpsum,158961,Rajasthan,Udaipur,B30,26-35,Male,25.0,Mandate,Verified
INV003799,2024-09-18,119093,redemption,287328,Punjab,Amritsar,B30,18-25,Male,5.6,Mandate,Verified
INV003209,2024-09-18,119599,lumpsum,87243,Delhi,Gurugram,T30,46-55,Male,76.0,Net Banking,Verified
INV001853,2024-09-18,120842,redemption,65333,Delhi,Noida,T30,18-25,Male,6.1,Cheque,Verified
INV001227,2024-09-18,125498,lumpsum,160075,Tamil Nadu,Coimbatore,B30,36-45,Male,58.3,Net Banking,Verified
INV003142,2024-09-18,119093,sip,46246,West Bengal,Kolkata,T30,26-35,Male,12.5,Cheque,Verified
INV001896,2024-09-18,120505,sip,4382,Tamil Nadu,Chennai,T30,36-45,Male,37.1,Mandate,Pending
INV002013,2024-09-18,120841,redemption,289273,Rajasthan,Jaipur,T30,46-55,Male,30.2,Mandate,Pending
INV003766,2024-09-18,101207,redemption,252445,West Bengal,Kolkata,T30,36-45,Male,52.3,Cheque,Verified
INV001972,2024-09-18,102885,sip,56731,Uttar Pradesh,Kanpur,B30,18-25,Male,4.6,Cheque,Verified
INV000948,2024-09-18,102885,sip,12588,Tamil Nadu,Chennai,T30,46-55,Male,94.7,Mandate,Verified
INV000736,2024-09-18,100033,sip,419,Haryana,Faridabad,B30,36-45,Female,39.4,Net Banking,Verified
INV002688,2024-09-18,100025,sip,6838,Uttar Pradesh,Lucknow,T30,26-35,Male,23.5,Net Banking,Verified
INV003432,2024-09-18,102885,sip,10281,Uttar Pradesh,Agra,B30,56+,Female,11.2,Cheque,Verified
INV004568,2024-09-18,148567,sip,59904,Karnataka,Mysore,B30,18-25,Male,7.3,Mandate,Verified
INV001166,2024-09-18,149324,lumpsum,256258,Punjab,Chandigarh,T30,26-35,Male,21.4,Mandate,Verified
INV002864,2024-09-18,120841,lumpsum,424013,Madhya Pradesh,Bhopal,B30,26-35,Male,6.8,Net Banking,Verified
INV004534,2024-09-18,119092,sip,2266,Maharashtra,Nashik,B30,26-35,Male,8.8,Mandate,Verified
INV000700,2024-09-18,102887,sip,14192,Gujarat,Ahmedabad,T30,56+,Female,71.3,Cheque,Verified
INV000699,2024-09-18,118635,sip,2734,Rajasthan,Jaipur,T30,18-25,Male,7.7,Net Banking,Verified
INV004344,2024-09-18,118633,lumpsum,227650,Haryana,Faridabad,B30,26-35,Male,13.5,Cheque,Verified
INV004348,2024-09-18,118634,lumpsum,76035,Delhi,New Delhi,T30,26-35,Female,13.4,Cheque,Verified
INV004508,2024-09-18,120505,sip,520,Punjab,Amritsar,B30,36-45,Female,36.5,Mandate,Verified
INV000689,2024-09-18,101208,redemption,269110,Tamil Nadu,Chennai,T30,26-35,Female,19.8,UPI,Verified
INV002702,2024-09-18,125498,sip,28679,Punjab,Chandigarh,T30,36-45,Male,25.4,Net Banking,Verified
INV002704,2024-09-18,120505,sip,24558,Delhi,Noida,T30,36-45,Female,47.8,Cheque,Verified
INV004374,2024-09-18,149322,sip,24576,Maharashtra,Nashik,B30,36-45,Female,16.5,Mandate,Verified
INV001522,2024-09-18,120842,lumpsum,453593,Tamil Nadu,Chennai,T30,36-45,Female,59.4,Net Banking,Verified
INV002600,2024-09-18,120503,lumpsum,355467,Madhya Pradesh,Bhopal,B30,36-45,Female,54.1,Mandate,Verified
INV004443,2024-09-18,118632,redemption,302770,Maharashtra,Nashik,B30,26-35,Female,13.0,Cheque,Pending
INV003605,2024-09-18,119094,sip,570,Gujarat,Ahmedabad,T30,36-45,Male,15.5,Cheque,Verified
INV001060,2024-09-18,120842,sip,29645,Telangana,Hyderabad,T30,36-45,Male,29.0,Cheque,Pending
INV002401,2024-09-18,125498,sip,2264,West Bengal,Kolkata,T30,26-35,Male,20.9,Net Banking,Verified
INV004996,2024-09-18,149324,sip,1014,Delhi,New Delhi,T30,46-55,Male,87.8,UPI,Verified
INV003593,2024-09-18,120844,sip,5891,Karnataka,Bangalore,T30,26-35,Female,21.6,Mandate,Verified
INV000625,2024-09-18,120841,lumpsum,280469,Rajasthan,Jaipur,T30,46-55,Female,19.7,Mandate,Verified
INV002234,2024-09-18,119552,sip,22980,Rajasthan,Jaipur,T30,26-35,Male,24.5,Mandate,Verified
INV004611,2024-09-18,118635,sip,10676,Madhya Pradesh,Bhopal,B30,18-25,Female,6.1,UPI,Verified
INV002591,2024-09-18,119093,redemption,305879,Gujarat,Ahmedabad,T30,18-25,Male,3.7,Mandate,Verified
INV001805,2024-09-18,125498,lumpsum,273732,Gujarat,Ahmedabad,T30,36-45,Male,44.9,UPI,Verified
INV001206,2024-09-18,118636,lumpsum,75663,Delhi,Noida,T30,26-35,Male,11.7,Mandate,Verified
INV000959,2024-09-18,120503,lumpsum,169444,Haryana,Faridabad,B30,46-55,Male,33.9,Cheque,Verified
INV000958,2024-09-18,120503,lumpsum,109323,Delhi,Gurugram,T30,56+,Male,74.6,Cheque,Verified
INV000135,2024-09-18,125497,sip,2572,Punjab,Amritsar,B30,18-25,Male,5.7,UPI,Verified
INV003119,2024-09-18,119120,lumpsum,475735,Karnataka,Bangalore,T30,18-25,Female,4.6,UPI,Verified
INV002637,2024-09-18,119551,sip,7383,Telangana,Hyderabad,T30,26-35,Male,14.4,Mandate,Verified
INV003436,2024-09-19,102887,sip,8467,Maharashtra,Mumbai,T30,36-45,Female,54.4,UPI,Verified
INV002083,2024-09-19,120842,sip,41725,Gujarat,Surat,T30,26-35,Male,21.2,Net Banking,Verified
INV002497,2024-09-19,119095,sip,14984,Telangana,Hyderabad,T30,26-35,Female,13.0,Cheque,Verified
INV000486,2024-09-19,118636,lumpsum,511192,Madhya Pradesh,Indore,T30,26-35,Female,12.6,Cheque,Verified
INV003054,2024-09-19,101208,sip,6110,Telangana,Hyderabad,T30,56+,Female,77.1,Mandate,Verified
INV000776,2024-09-19,120507,sip,10723,Rajasthan,Jaipur,T30,26-35,Male,12.4,Net Banking,Verified
INV004850,2024-09-19,119092,sip,41988,Madhya Pradesh,Bhopal,B30,56+,Male,34.8,Mandate,Verified
INV004763,2024-09-19,118632,sip,13601,Karnataka,Bangalore,T30,46-55,Female,19.6,Cheque,Verified
INV002083,2024-09-19,118636,sip,8986,Gujarat,Surat,T30,26-35,Male,21.2,Mandate,Verified
INV000260,2024-09-19,102886,sip,2754,Delhi,Gurugram,T30,18-25,Male,4.1,Mandate,Verified
INV001212,2024-09-19,102886,lumpsum,229505,Uttar Pradesh,Lucknow,T30,36-45,Male,40.3,Mandate,Verified
INV000772,2024-09-19,119552,sip,1110,Karnataka,Bangalore,T30,56+,Female,16.1,UPI,Verified
INV003851,2024-09-19,125498,redemption,292467,Karnataka,Bangalore,T30,46-55,Male,60.6,Net Banking,Pending
INV001048,2024-09-19,100016,redemption,299137,Delhi,New Delhi,T30,46-55,Male,46.6,UPI,Verified
INV004710,2024-09-19,119120,sip,24587,Delhi,Gurugram,T30,36-45,Male,41.1,Cheque,Verified
INV003617,2024-09-19,148569,sip,3526,Maharashtra,Pune,T30,36-45,Male,39.0,UPI,Verified
INV003485,2024-09-19,125497,sip,11955,Haryana,Gurugram,T30,36-45,Male,39.1,Net Banking,Verified
INV002500,2024-09-19,120505,redemption,437756,Delhi,New Delhi,T30,26-35,Male,14.7,Mandate,Verified
INV002724,2024-09-19,118634,sip,24511,Rajasthan,Udaipur,B30,36-45,Male,26.3,UPI,Verified
INV002142,2024-09-19,125497,sip,8086,Tamil Nadu,Chennai,T30,18-25,Male,3.6,Mandate,Verified
INV003193,2024-09-19,149324,lumpsum,136274,Rajasthan,Jaipur,T30,36-45,Male,40.4,Net Banking,Verified
INV002045,2024-09-19,149324,sip,2621,Rajasthan,Jaipur,T30,18-25,Female,3.8,Net Banking,Verified
INV003534,2024-09-19,148569,sip,13735,Madhya Pradesh,Indore,T30,46-55,Male,75.7,Cheque,Verified
INV000781,2024-09-19,149323,sip,569,Delhi,Gurugram,T30,26-35,Male,6.8,Mandate,Verified
INV000656,2024-09-19,148569,redemption,460504,Gujarat,Surat,T30,18-25,Male,5.2,UPI,Verified
INV002022,2024-09-19,118634,sip,16691,Tamil Nadu,Coimbatore,B30,26-35,Male,6.8,Mandate,Verified
INV004739,2024-09-19,119120,redemption,521902,Delhi,Gurugram,T30,18-25,Male,3.2,Cheque,Verified
INV004124,2024-09-19,119598,lumpsum,368028,Maharashtra,Nashik,B30,56+,Male,76.4,Mandate,Pending
INV001388,2024-09-19,101206,lumpsum,166834,Punjab,Amritsar,B30,46-55,Male,72.8,Mandate,Verified
INV004094,2024-09-19,118632,sip,1658,Haryana,Faridabad,B30,26-35,Female,10.0,Cheque,Verified
INV004641,2024-09-19,149322,lumpsum,125312,Haryana,Faridabad,B30,56+,Male,42.4,Net Banking,Verified
INV001869,2024-09-19,120506,redemption,367799,Uttar Pradesh,Lucknow,T30,46-55,Male,30.6,Cheque,Verified
INV001799,2024-09-19,120841,lumpsum,409176,Rajasthan,Udaipur,B30,56+,Female,45.2,Cheque,Verified
INV003391,2024-09-19,118635,lumpsum,382174,West Bengal,Kolkata,T30,26-35,Male,20.2,Cheque,Verified
INV003812,2024-09-19,125497,sip,8208,Haryana,Faridabad,B30,18-25,Female,3.6,Mandate,Verified
INV003395,2024-09-19,120843,lumpsum,431087,Gujarat,Ahmedabad,T30,36-45,Male,39.2,Cheque,Verified
INV001396,2024-09-19,149322,sip,1134,Rajasthan,Jaipur,T30,26-35,Female,10.6,Net Banking,Verified
INV003642,2024-09-19,119598,sip,5890,Haryana,Faridabad,B30,18-25,Male,3.1,Cheque,Verified
INV002265,2024-09-19,149323,sip,25446,Rajasthan,Jaipur,T30,18-25,Female,3.8,Cheque,Verified
INV001831,2024-09-19,119552,sip,2221,Madhya Pradesh,Indore,T30,18-25,Female,4.3,Net Banking,Verified
INV004688,2024-09-19,100033,sip,8039,West Bengal,Kolkata,T30,26-35,Male,20.7,Cheque,Verified
INV004243,2024-09-19,149322,sip,7174,Punjab,Amritsar,B30,36-45,Female,38.7,Net Banking,Verified
INV004122,2024-09-19,120842,sip,10219,West Bengal,Kolkata,T30,26-35,Male,20.5,Cheque,Pending
INV003518,2024-09-19,148567,lumpsum,247204,Madhya Pradesh,Bhopal,B30,26-35,Male,6.7,UPI,Verified
INV003003,2024-09-19,118635,sip,3166,West Bengal,Kolkata,T30,18-25,Female,3.1,Cheque,Verified
INV001982,2024-09-19,102887,lumpsum,363250,Karnataka,Mysore,B30,26-35,Male,14.9,Net Banking,Verified
INV000881,2024-09-19,119095,sip,11384,Uttar Pradesh,Agra,B30,26-35,Male,17.1,Net Banking,Verified
INV004313,2024-09-19,102886,sip,7106,Maharashtra,Nashik,B30,36-45,Male,44.3,Net Banking,Verified
INV004268,2024-09-19,100016,sip,829,Delhi,Gurugram,T30,26-35,Female,10.1,Mandate,Verified
INV001192,2024-09-19,102885,sip,42971,Telangana,Hyderabad,T30,26-35,Male,8.1,UPI,Verified
INV000276,2024-09-20,119093,sip,23003,Telangana,Hyderabad,T30,36-45,Female,38.3,UPI,Verified
INV003545,2024-09-20,120503,sip,4713,Gujarat,Ahmedabad,T30,26-35,Female,15.7,Cheque,Verified
INV001615,2024-09-20,148567,lumpsum,134798,Tamil Nadu,Chennai,T30,26-35,Male,15.7,Mandate,Verified
INV001620,2024-09-20,125497,redemption,256459,Punjab,Amritsar,B30,26-35,Male,8.1,Mandate,Verified
INV004952,2024-09-20,119094,lumpsum,167900,Uttar Pradesh,Kanpur,B30,26-35,Male,15.9,UPI,Verified
INV000135,2024-09-20,119094,sip,13904,Punjab,Amritsar,B30,18-25,Male,5.7,UPI,Verified
INV001810,2024-09-20,118635,sip,2598,Uttar Pradesh,Kanpur,B30,26-35,Female,10.1,Cheque,Verified
INV002164,2024-09-20,100016,sip,2609,Punjab,Amritsar,B30,56+,Male,37.0,Mandate,Verified
INV001260,2024-09-20,101208,sip,14398,Delhi,Gurugram,T30,26-35,Male,23.4,Cheque,Verified
INV003976,2024-09-20,120504,redemption,95480,Telangana,Hyderabad,T30,46-55,Male,18.9,Net Banking,Verified
INV002073,2024-09-20,120506,lumpsum,238089,Uttar Pradesh,Kanpur,B30,56+,Male,73.1,Cheque,Verified
INV003000,2024-09-20,100025,sip,1104,Delhi,Gurugram,T30,36-45,Male,32.3,Net Banking,Verified
INV002561,2024-09-20,101206,sip,7694,Gujarat,Ahmedabad,T30,18-25,Female,4.6,Net Banking,Verified
INV001264,2024-09-20,101208,redemption,262934,Madhya Pradesh,Indore,T30,26-35,Female,12.0,Mandate,Verified
INV000631,2024-09-20,101206,lumpsum,194007,Delhi,Noida,T30,36-45,Female,48.6,Cheque,Verified
INV001034,2024-09-20,120507,sip,56160,Maharashtra,Pune,T30,26-35,Male,20.4,Net Banking,Verified
INV002199,2024-09-20,101208,sip,2679,Gujarat,Ahmedabad,T30,26-35,Male,18.6,Net Banking,Verified
INV001049,2024-09-20,119092,redemption,274624,Madhya Pradesh,Indore,T30,36-45,Female,52.5,Cheque,Verified
INV000601,2024-09-20,148569,lumpsum,198177,Rajasthan,Jaipur,T30,46-55,Male,52.6,Mandate,Verified
INV001833,2024-09-20,120506,sip,1000,Karnataka,Bangalore,T30,36-45,Female,28.4,Cheque,Verified
INV003192,2024-09-20,119552,redemption,380833,Uttar Pradesh,Lucknow,T30,26-35,Male,22.2,Mandate,Verified
INV000638,2024-09-20,119092,sip,8111,Rajasthan,Udaipur,B30,26-35,Male,12.7,Mandate,Verified
INV002599,2024-09-20,101208,sip,2126,Gujarat,Surat,T30,26-35,Male,11.4,Net Banking,Verified
INV004388,2024-09-20,102886,sip,47855,Gujarat,Surat,T30,26-35,Female,10.3,UPI,Verified
INV004184,2024-09-20,118636,lumpsum,366783,Karnataka,Bangalore,T30,26-35,Male,9.9,Cheque,Verified
INV001628,2024-09-20,119120,redemption,243193,Rajasthan,Jaipur,T30,36-45,Female,45.6,Net Banking,Verified
INV000293,2024-09-20,120506,sip,4388,Karnataka,Mysore,B30,26-35,Female,19.3,Mandate,Verified
INV004418,2024-09-20,119120,redemption,284878,Haryana,Faridabad,B30,26-35,Female,23.2,Cheque,Verified
INV002045,2024-09-20,119092,sip,6310,Rajasthan,Jaipur,T30,18-25,Female,3.8,Cheque,Verified
INV000493,2024-09-20,125497,sip,6086,Punjab,Chandigarh,T30,18-25,Male,4.2,UPI,Verified
INV000969,2024-09-20,119552,lumpsum,426954,Uttar Pradesh,Lucknow,T30,18-25,Male,6.2,Cheque,Verified
INV004089,2024-09-20,100016,lumpsum,286799,Haryana,Gurugram,T30,36-45,Female,15.2,Cheque,Verified
INV002743,2024-09-20,120505,sip,6934,Haryana,Gurugram,T30,56+,Male,49.8,Net Banking,Verified
INV002666,2024-09-20,118635,sip,8995,Madhya Pradesh,Bhopal,B30,46-55,Female,93.7,Mandate,Verified
INV000778,2024-09-20,119095,sip,14925,Haryana,Faridabad,B30,26-35,Male,16.9,Cheque,Verified
INV004596,2024-09-20,119094,lumpsum,49931,Rajasthan,Udaipur,B30,26-35,Male,22.8,Cheque,Verified
INV004125,2024-09-20,119094,redemption,237787,Gujarat,Surat,T30,26-35,Male,9.4,Cheque,Verified
INV001191,2024-09-20,120507,redemption,233323,Telangana,Hyderabad,T30,56+,Male,37.5,Net Banking,Verified
INV001404,2024-09-20,118633,redemption,117386,West Bengal,Kolkata,T30,46-55,Male,56.2,Net Banking,Verified
INV000191,2024-09-20,120842,sip,5979,Karnataka,Bangalore,T30,26-35,Male,23.1,Cheque,Verified
INV004574,2024-09-20,102886,sip,5463,Maharashtra,Mumbai,T30,36-45,Male,54.3,Net Banking,Verified
INV002935,2024-09-20,148569,sip,8122,Madhya Pradesh,Indore,T30,18-25,Male,5.6,Mandate,Verified
INV001421,2024-09-20,120506,sip,3177,Telangana,Hyderabad,T30,26-35,Male,19.8,Net Banking,Verified
INV002938,2024-09-20,120506,lumpsum,309102,West Bengal,Kolkata,T30,18-25,Male,7.2,UPI,Verified
INV003485,2024-09-20,118633,sip,45574,Haryana,Gurugram,T30,36-45,Male,39.1,UPI,Verified
INV002461,2024-09-20,100025,sip,2816,West Bengal,Kolkata,T30,26-35,Male,19.5,Cheque,Verified
INV001483,2024-09-20,118632,sip,2962,Rajasthan,Jaipur,T30,36-45,Male,38.8,Mandate,Verified
INV001479,2024-09-20,119092,sip,15418,Rajasthan,Udaipur,B30,26-35,Female,19.0,Net Banking,Verified
INV001639,2024-09-20,120844,sip,7058,West Bengal,Kolkata,T30,56+,Male,14.3,Net Banking,Verified
INV003345,2024-09-20,125497,sip,20137,Maharashtra,Pune,T30,26-35,Female,17.7,Cheque,Pending
INV001459,2024-09-20,120507,redemption,373777,Gujarat,Surat,T30,26-35,Male,24.9,Cheque,Verified
INV002634,2024-09-20,100025,lumpsum,414952,Madhya Pradesh,Bhopal,B30,26-35,Male,10.7,UPI,Verified
INV003843,2024-09-20,101207,lumpsum,25121,Punjab,Amritsar,B30,56+,Male,31.8,Mandate,Verified
INV004240,2024-09-20,102887,sip,27353,Maharashtra,Mumbai,T30,18-25,Male,7.1,Cheque,Verified
INV002264,2024-09-20,118636,sip,9909,Tamil Nadu,Coimbatore,B30,46-55,Female,21.2,Net Banking,Verified
INV002142,2024-09-20,119094,sip,54823,Tamil Nadu,Chennai,T30,18-25,Male,3.6,Mandate,Verified
INV002095,2024-09-20,119599,lumpsum,281899,Punjab,Amritsar,B30,26-35,Male,9.2,UPI,Verified
INV003668,2024-09-20,149324,sip,14480,West Bengal,Kolkata,T30,36-45,Female,44.1,Mandate,Verified
INV001781,2024-09-20,149323,sip,8679,Punjab,Amritsar,B30,36-45,Male,58.6,Net Banking,Verified
INV003663,2024-09-20,101206,sip,50769,Delhi,Gurugram,T30,26-35,Female,19.0,Mandate,Pending
INV003979,2024-09-21,149323,sip,522,Madhya Pradesh,Indore,T30,36-45,Male,44.4,Cheque,Verified
INV004840,2024-09-21,125498,sip,1742,Maharashtra,Pune,T30,18-25,Male,6.5,Cheque,Verified
INV002433,2024-09-21,100033,sip,1109,Tamil Nadu,Coimbatore,B30,36-45,Female,46.3,Mandate,Verified
INV000002,2024-09-21,120841,sip,2354,Maharashtra,Pune,T30,46-55,Male,24.0,Mandate,Verified
INV000930,2024-09-21,148568,sip,2989,Rajasthan,Udaipur,B30,18-25,Female,4.1,UPI,Verified
INV003821,2024-09-21,148568,sip,447,Delhi,Noida,T30,18-25,Female,6.4,Net Banking,Verified
INV003090,2024-09-21,120504,sip,4110,Karnataka,Bangalore,T30,26-35,Male,16.9,Mandate,Verified
INV000118,2024-09-21,119598,sip,2563,Telangana,Hyderabad,T30,26-35,Male,20.2,Mandate,Verified
INV000056,2024-09-21,148568,sip,2270,Haryana,Faridabad,B30,26-35,Female,22.5,UPI,Verified
INV000984,2024-09-21,120504,sip,9482,Telangana,Hyderabad,T30,26-35,Male,20.9,UPI,Verified
INV000057,2024-09-21,148568,sip,988,Tamil Nadu,Chennai,T30,36-45,Male,59.9,Net Banking,Pending
INV003925,2024-09-21,120506,sip,1795,Punjab,Amritsar,B30,26-35,Female,14.2,UPI,Pending
INV000220,2024-09-21,119093,sip,460,Uttar Pradesh,Lucknow,T30,36-45,Male,48.1,UPI,Verified
INV004958,2024-09-21,118634,sip,2570,Maharashtra,Mumbai,T30,36-45,Male,20.9,Mandate,Verified
INV000201,2024-09-21,148568,sip,976,Madhya Pradesh,Indore,T30,46-55,Male,87.0,Mandate,Verified
INV004019,2024-09-21,100033,sip,596,Tamil Nadu,Chennai,T30,26-35,Male,20.9,Net Banking,Verified
INV003178,2024-09-21,119551,redemption,239411,Telangana,Hyderabad,T30,46-55,Female,60.9,UPI,Verified
INV001002,2024-09-21,118633,redemption,344681,Telangana,Hyderabad,T30,36-45,Male,52.5,Net Banking,Verified
INV004068,2024-09-21,119095,lumpsum,21693,West Bengal,Kolkata,T30,46-55,Male,63.0,UPI,Verified
INV001213,2024-09-21,120843,sip,12801,Punjab,Amritsar,B30,36-45,Male,57.7,Mandate,Verified
INV004799,2024-09-21,120844,lumpsum,36269,Madhya Pradesh,Indore,T30,26-35,Male,9.5,Mandate,Verified
INV001251,2024-09-21,120506,sip,55279,Punjab,Chandigarh,T30,26-35,Female,11.7,UPI,Verified
INV000095,2024-09-21,101207,sip,2143,West Bengal,Kolkata,T30,18-25,Male,6.5,Mandate,Verified
INV001088,2024-09-21,101208,sip,2486,Tamil Nadu,Coimbatore,B30,26-35,Male,15.3,UPI,Verified
INV000101,2024-09-21,119599,sip,5991,Madhya Pradesh,Indore,T30,26-35,Male,20.8,Mandate,Verified
INV001181,2024-09-21,118634,sip,2088,West Bengal,Kolkata,T30,26-35,Male,21.0,Cheque,Verified
INV002121,2024-09-21,125497,lumpsum,275049,Madhya Pradesh,Bhopal,B30,18-25,Female,3.5,Mandate,Verified
INV002937,2024-09-21,102885,redemption,76126,Rajasthan,Jaipur,T30,56+,Male,64.5,Cheque,Verified
INV000398,2024-09-21,149324,redemption,34512,Madhya Pradesh,Indore,T30,46-55,Male,28.2,UPI,Verified
INV000699,2024-09-21,120841,sip,20059,Rajasthan,Jaipur,T30,18-25,Male,7.7,UPI,Pending
INV003313,2024-09-21,149322,sip,2119,Delhi,Noida,T30,26-35,Male,16.1,Net Banking,Verified
INV002939,2024-09-21,100025,lumpsum,222619,Rajasthan,Udaipur,B30,18-25,Male,3.1,Cheque,Pending
INV003431,2024-09-21,119551,sip,2304,Karnataka,Mysore,B30,18-25,Male,6.3,Cheque,Verified
INV002270,2024-09-21,125497,redemption,108918,Madhya Pradesh,Indore,T30,46-55,Female,23.9,Mandate,Verified
INV002799,2024-09-21,148568,sip,40648,Uttar Pradesh,Lucknow,T30,36-45,Male,50.5,Cheque,Verified
INV004348,2024-09-21,120841,sip,11057,Delhi,New Delhi,T30,26-35,Female,13.4,Cheque,Verified
INV003257,2024-09-21,120841,sip,594,Rajasthan,Jaipur,T30,56+,Male,34.8,Cheque,Verified
INV001680,2024-09-21,118634,sip,5442,Madhya Pradesh,Indore,T30,26-35,Male,22.8,UPI,Verified
INV003793,2024-09-21,120504,sip,2163,Delhi,New Delhi,T30,46-55,Male,94.3,UPI,Verified
INV001454,2024-09-21,119093,sip,10190,Tamil Nadu,Chennai,T30,26-35,Male,9.3,Net Banking,Verified
INV004515,2024-09-21,119094,lumpsum,507665,Rajasthan,Udaipur,B30,18-25,Female,5.2,Net Banking,Verified
INV000656,2024-09-21,118636,lumpsum,218999,Gujarat,Surat,T30,18-25,Male,5.2,Cheque,Verified
INV004410,2024-09-21,148569,sip,11777,Tamil Nadu,Chennai,T30,36-45,Male,45.5,Cheque,Verified
INV004611,2024-09-21,120844,lumpsum,222481,Madhya Pradesh,Bhopal,B30,18-25,Female,6.1,Cheque,Verified
INV001408,2024-09-21,118632,lumpsum,457050,Telangana,Hyderabad,T30,26-35,Female,6.7,UPI,Verified
INV000577,2024-09-21,119092,lumpsum,378472,Delhi,Noida,T30,36-45,Male,20.4,Net Banking,Verified
INV001885,2024-09-21,118634,sip,9904,Karnataka,Bangalore,T30,26-35,Male,18.8,Mandate,Verified
INV001386,2024-09-21,148568,lumpsum,282883,Tamil Nadu,Coimbatore,B30,18-25,Male,7.5,Cheque,Verified
INV002839,2024-09-21,148567,sip,5439,Punjab,Amritsar,B30,26-35,Male,14.8,Net Banking,Verified
INV000615,2024-09-21,148568,lumpsum,357845,Punjab,Amritsar,B30,36-45,Male,60.0,Net Banking,Verified
INV003531,2024-09-21,119093,sip,16389,Delhi,Gurugram,T30,36-45,Male,41.9,Mandate,Verified
INV002499,2024-09-21,149324,sip,2245,Gujarat,Surat,T30,26-35,Male,23.0,Mandate,Verified
INV004594,2024-09-21,120505,sip,26632,Haryana,Gurugram,T30,26-35,Female,9.8,Cheque,Verified
INV001811,2024-09-21,100025,sip,24789,Punjab,Amritsar,B30,18-25,Male,7.8,Net Banking,Pending
INV004712,2024-09-21,102885,redemption,440306,Uttar Pradesh,Kanpur,B30,36-45,Male,55.7,Net Banking,Verified
INV000473,2024-09-21,125498,redemption,475281,Karnataka,Mysore,B30,36-45,Male,15.4,UPI,Verified
INV003285,2024-09-21,149322,sip,8386,Maharashtra,Pune,T30,36-45,Male,24.0,UPI,Verified
INV000395,2024-09-21,119095,sip,4448,Delhi,Noida,T30,18-25,Male,3.4,Mandate,Verified
INV000775,2024-09-21,125498,sip,44329,Gujarat,Surat,T30,26-35,Male,15.1,Mandate,Pending
INV000512,2024-09-21,118636,lumpsum,121741,Punjab,Amritsar,B30,46-55,Male,82.6,Cheque,Verified
INV002925,2024-09-21,120507,redemption,215933,West Bengal,Kolkata,T30,36-45,Female,48.6,Cheque,Verified
INV000724,2024-09-21,100025,sip,2742,Uttar Pradesh,Kanpur,B30,46-55,Male,78.7,Cheque,Verified
INV004234,2024-09-21,101208,sip,21187,Tamil Nadu,Chennai,T30,26-35,Male,22.8,Mandate,Verified
INV004434,2024-09-22,149322,sip,44682,Gujarat,Surat,T30,46-55,Male,17.7,Cheque,Verified
INV001325,2024-09-22,118633,redemption,284283,Rajasthan,Udaipur,B30,18-25,Male,4.4,Net Banking,Verified
INV003283,2024-09-22,119551,sip,3444,Delhi,New Delhi,T30,56+,Female,45.7,Net Banking,Verified
INV001083,2024-09-22,119599,lumpsum,426872,Gujarat,Ahmedabad,T30,46-55,Male,16.4,Cheque,Verified
INV004332,2024-09-22,149324,redemption,131748,Haryana,Faridabad,B30,36-45,Female,52.1,Cheque,Verified
INV003078,2024-09-22,119551,sip,539,Haryana,Gurugram,T30,36-45,Male,57.5,Mandate,Verified
INV003608,2024-09-22,118632,redemption,22193,West Bengal,Kolkata,T30,46-55,Male,59.6,Cheque,Verified
INV004274,2024-09-22,119551,lumpsum,399334,Rajasthan,Udaipur,B30,26-35,Male,20.4,Net Banking,Verified
INV002929,2024-09-22,120504,redemption,198873,West Bengal,Kolkata,T30,26-35,Male,13.0,Mandate,Verified
INV002874,2024-09-22,120504,sip,832,Punjab,Chandigarh,T30,56+,Female,15.0,UPI,Verified
INV001048,2024-09-22,148569,sip,4462,Delhi,New Delhi,T30,46-55,Male,46.6,Cheque,Verified
INV001842,2024-09-22,148568,lumpsum,366880,Gujarat,Surat,T30,26-35,Male,14.4,Cheque,Verified
INV002237,2024-09-22,102886,sip,3136,Uttar Pradesh,Agra,B30,46-55,Male,23.1,UPI,Verified
INV002047,2024-09-22,119551,sip,3551,Tamil Nadu,Coimbatore,B30,26-35,Female,19.5,UPI,Verified
INV002822,2024-09-22,100016,lumpsum,346242,Karnataka,Bangalore,T30,46-55,Male,79.5,UPI,Verified
INV002855,2024-09-22,102887,sip,4599,Uttar Pradesh,Kanpur,B30,26-35,Female,9.9,Cheque,Verified
INV003683,2024-09-22,119552,redemption,55457,Telangana,Hyderabad,T30,26-35,Female,21.0,Net Banking,Verified
INV000711,2024-09-22,120506,redemption,470721,Karnataka,Bangalore,T30,56+,Male,28.3,Cheque,Verified
INV000593,2024-09-22,100033,sip,8410,Telangana,Hyderabad,T30,56+,Male,50.2,UPI,Verified
INV000414,2024-09-22,119094,sip,58737,Tamil Nadu,Chennai,T30,36-45,Male,21.9,Mandate,Verified
INV002637,2024-09-22,149322,sip,1923,Telangana,Hyderabad,T30,26-35,Male,14.4,Mandate,Pending
INV004703,2024-09-22,148567,sip,3156,Gujarat,Ahmedabad,T30,56+,Female,45.6,UPI,Verified
INV000361,2024-09-22,119599,sip,8748,Maharashtra,Pune,T30,46-55,Male,27.1,Cheque,Verified
INV001792,2024-09-22,148568,redemption,310408,Gujarat,Ahmedabad,T30,26-35,Female,18.8,UPI,Verified
INV003982,2024-09-22,149322,sip,8234,Tamil Nadu,Coimbatore,B30,36-45,Female,34.4,Cheque,Verified
INV004901,2024-09-22,119093,sip,26794,Haryana,Gurugram,T30,26-35,Female,10.8,Cheque,Verified
INV004306,2024-09-22,119120,lumpsum,311384,Telangana,Hyderabad,T30,26-35,Female,20.4,Mandate,Verified
INV000974,2024-09-22,118633,sip,1059,Maharashtra,Mumbai,T30,46-55,Male,88.6,UPI,Verified
INV004595,2024-09-22,119551,sip,15606,Rajasthan,Udaipur,B30,36-45,Male,24.0,Mandate,Verified
INV004163,2024-09-22,120507,sip,2613,Uttar Pradesh,Agra,B30,46-55,Male,96.4,Cheque,Verified
INV000537,2024-09-22,120841,sip,9540,Uttar Pradesh,Lucknow,T30,36-45,Female,42.3,UPI,Verified
INV004797,2024-09-22,149323,lumpsum,436155,Gujarat,Ahmedabad,T30,56+,Male,18.9,UPI,Verified
INV003409,2024-09-22,119095,lumpsum,373955,Karnataka,Mysore,B30,46-55,Male,44.2,Mandate,Verified
INV003698,2024-09-22,118634,redemption,59293,Madhya Pradesh,Bhopal,B30,36-45,Female,41.5,Net Banking,Verified
INV004765,2024-09-22,149322,sip,2098,Haryana,Gurugram,T30,26-35,Male,10.4,Cheque,Verified
INV000851,2024-09-22,120506,sip,47978,Tamil Nadu,Chennai,T30,36-45,Male,39.2,Mandate,Verified
INV001996,2024-09-22,102887,lumpsum,447434,Telangana,Hyderabad,T30,26-35,Male,21.7,Cheque,Verified
INV002566,2024-09-22,101207,redemption,61869,Uttar Pradesh,Kanpur,B30,26-35,Female,23.0,UPI,Verified
INV002490,2024-09-22,119093,sip,2948,Gujarat,Surat,T30,36-45,Female,28.1,Net Banking,Verified
INV004542,2024-09-22,101208,lumpsum,318065,Maharashtra,Pune,T30,36-45,Male,53.7,Net Banking,Verified
INV004617,2024-09-22,120507,sip,47446,Karnataka,Bangalore,T30,26-35,Male,22.1,Net Banking,Pending
INV001392,2024-09-22,119094,lumpsum,148241,Rajasthan,Udaipur,B30,26-35,Male,18.5,UPI,Verified
INV000895,2024-09-22,120504,lumpsum,31748,Rajasthan,Udaipur,B30,26-35,Male,19.5,UPI,Verified
INV000128,2024-09-22,120504,sip,1098,Rajasthan,Jaipur,T30,36-45,Female,50.9,UPI,Verified
INV004911,2024-09-22,119095,sip,14234,West Bengal,Kolkata,T30,26-35,Female,9.4,Net Banking,Verified
INV002974,2024-09-22,119094,sip,2498,Telangana,Hyderabad,T30,26-35,Female,21.9,Mandate,Verified
INV004579,2024-09-23,118632,sip,11140,Rajasthan,Jaipur,T30,26-35,Male,18.7,Net Banking,Verified
INV002329,2024-09-23,102885,lumpsum,403923,Madhya Pradesh,Indore,T30,56+,Male,51.2,Net Banking,Verified
INV003121,2024-09-23,149324,lumpsum,221926,Telangana,Hyderabad,T30,36-45,Male,13.7,Cheque,Verified
INV004919,2024-09-23,119094,redemption,89058,Telangana,Hyderabad,T30,26-35,Male,6.6,UPI,Verified
INV003433,2024-09-23,119120,sip,8043,Rajasthan,Jaipur,T30,26-35,Female,9.1,UPI,Pending
INV004888,2024-09-23,118632,sip,3294,Delhi,Gurugram,T30,26-35,Female,6.7,Cheque,Verified
INV002734,2024-09-23,125498,sip,47953,Haryana,Faridabad,B30,26-35,Female,15.8,UPI,Verified
INV001762,2024-09-23,102885,sip,2260,Punjab,Amritsar,B30,18-25,Female,7.5,Cheque,Verified
INV001787,2024-09-23,149322,lumpsum,198629,Maharashtra,Nashik,B30,56+,Female,37.0,Mandate,Verified
INV001758,2024-09-23,102886,lumpsum,306998,Gujarat,Surat,T30,18-25,Female,7.9,Mandate,Verified
INV000562,2024-09-23,120504,sip,22403,Gujarat,Ahmedabad,T30,36-45,Male,32.9,Mandate,Verified
INV000123,2024-09-23,120503,sip,24289,Punjab,Chandigarh,T30,46-55,Male,73.3,Net Banking,Verified
INV004954,2024-09-23,100033,sip,3108,Haryana,Faridabad,B30,26-35,Female,6.6,Cheque,Verified
INV000750,2024-09-23,149323,sip,545,Delhi,New Delhi,T30,26-35,Male,20.9,Mandate,Verified
INV001386,2024-09-23,102885,lumpsum,132249,Tamil Nadu,Coimbatore,B30,18-25,Male,7.5,Net Banking,Verified
INV003426,2024-09-23,102887,sip,8001,Karnataka,Bangalore,T30,46-55,Male,27.8,Cheque,Verified
INV003401,2024-09-23,120504,sip,5378,Rajasthan,Jaipur,T30,26-35,Female,18.1,Cheque,Verified
INV001512,2024-09-23,118632,sip,17646,Haryana,Gurugram,T30,46-55,Male,49.4,UPI,Verified
INV003092,2024-09-23,120503,sip,528,Karnataka,Mysore,B30,26-35,Male,20.0,Cheque,Verified
INV003545,2024-09-23,120505,sip,3118,Gujarat,Ahmedabad,T30,26-35,Female,15.7,Mandate,Verified
INV001804,2024-09-23,120841,redemption,343280,Punjab,Amritsar,B30,26-35,Male,20.1,Mandate,Verified
INV000765,2024-09-23,120844,redemption,294080,Telangana,Hyderabad,T30,18-25,Male,4.6,Cheque,Pending
INV003974,2024-09-23,101206,redemption,246499,Maharashtra,Nashik,B30,46-55,Male,73.6,UPI,Verified
INV002184,2024-09-23,149323,sip,3054,Uttar Pradesh,Agra,B30,36-45,Female,38.1,Mandate,Verified
INV001113,2024-09-23,120507,sip,2513,Rajasthan,Jaipur,T30,26-35,Female,11.7,Mandate,Verified
INV001235,2024-09-23,102886,sip,5515,Haryana,Faridabad,B30,26-35,Male,19.3,Mandate,Verified
INV000527,2024-09-23,100016,redemption,181156,Telangana,Hyderabad,T30,26-35,Male,12.1,Net Banking,Pending
INV001562,2024-09-23,101206,sip,2764,Delhi,Noida,T30,26-35,Male,7.0,Mandate,Verified
INV000203,2024-09-23,119094,lumpsum,302866,Maharashtra,Nashik,B30,26-35,Male,16.0,Mandate,Verified
INV004143,2024-09-23,120841,lumpsum,61126,Gujarat,Ahmedabad,T30,18-25,Male,7.4,Cheque,Pending
INV004514,2024-09-23,119120,sip,945,Haryana,Faridabad,B30,46-55,Male,40.1,UPI,Verified
INV002732,2024-09-23,149324,redemption,91891,Uttar Pradesh,Lucknow,T30,18-25,Male,4.5,Net Banking,Verified
INV001080,2024-09-23,119094,sip,3439,Tamil Nadu,Chennai,T30,18-25,Female,7.3,UPI,Verified
INV002800,2024-09-23,149324,sip,22129,West Bengal,Kolkata,T30,36-45,Male,51.9,Mandate,Verified
INV001929,2024-09-23,101208,sip,7356,Rajasthan,Jaipur,T30,56+,Male,60.1,Cheque,Verified
INV001930,2024-09-23,120844,lumpsum,199756,Tamil Nadu,Chennai,T30,26-35,Female,8.8,Cheque,Verified
INV002609,2024-09-23,119598,lumpsum,184901,Haryana,Faridabad,B30,36-45,Male,27.7,Cheque,Verified
INV000225,2024-09-23,119120,sip,11010,Delhi,New Delhi,T30,56+,Male,44.0,Mandate,Verified
INV003513,2024-09-23,120505,lumpsum,501720,West Bengal,Kolkata,T30,36-45,Male,57.3,Mandate,Verified
INV001964,2024-09-23,118635,sip,3276,Madhya Pradesh,Indore,T30,46-55,Male,63.7,UPI,Verified
INV000230,2024-09-23,148568,sip,2327,Haryana,Faridabad,B30,18-25,Male,3.3,Mandate,Verified
INV000242,2024-09-23,119095,redemption,223271,Maharashtra,Nashik,B30,36-45,Male,40.2,Cheque,Verified
INV004203,2024-09-23,148567,sip,2297,Madhya Pradesh,Indore,T30,18-25,Male,7.9,Cheque,Verified
INV000194,2024-09-23,120504,lumpsum,508381,Maharashtra,Pune,T30,36-45,Male,21.6,Cheque,Verified
INV002216,2024-09-23,101206,sip,1174,Maharashtra,Mumbai,T30,46-55,Male,26.5,Mandate,Verified
INV000806,2024-09-23,119120,lumpsum,162182,Maharashtra,Pune,T30,46-55,Male,90.4,Net Banking,Verified
INV001823,2024-09-23,118635,sip,2429,Tamil Nadu,Coimbatore,B30,26-35,Male,17.1,UPI,Verified
INV003455,2024-09-23,102886,sip,905,Tamil Nadu,Coimbatore,B30,46-55,Male,40.2,Net Banking,Verified
INV002186,2024-09-23,101208,sip,8573,Haryana,Faridabad,B30,18-25,Female,7.9,Cheque,Verified
INV003015,2024-09-23,125498,sip,28800,Madhya Pradesh,Indore,T30,18-25,Male,4.4,Cheque,Verified
INV000022,2024-09-23,119092,redemption,60380,Telangana,Hyderabad,T30,36-45,Male,37.4,Cheque,Verified
INV001113,2024-09-23,100033,sip,58640,Rajasthan,Jaipur,T30,26-35,Female,11.7,UPI,Pending
INV001847,2024-09-23,100033,sip,6987,Maharashtra,Nashik,B30,56+,Male,53.4,Cheque,Verified
INV001480,2024-09-23,120505,lumpsum,334121,West Bengal,Kolkata,T30,18-25,Male,3.1,Cheque,Verified
INV000106,2024-09-23,125498,redemption,143934,Uttar Pradesh,Kanpur,B30,18-25,Female,5.1,Net Banking,Verified
INV004261,2024-09-23,120844,sip,13213,West Bengal,Kolkata,T30,56+,Male,49.8,UPI,Verified
INV000378,2024-09-23,149322,sip,24594,Madhya Pradesh,Bhopal,B30,26-35,Male,8.7,Mandate,Verified
INV004841,2024-09-23,119552,redemption,327608,West Bengal,Kolkata,T30,26-35,Male,21.4,Cheque,Verified
INV003674,2024-09-23,101207,lumpsum,478112,Uttar Pradesh,Kanpur,B30,36-45,Male,32.8,Cheque,Verified
INV002299,2024-09-23,102885,sip,499,Karnataka,Mysore,B30,36-45,Female,26.8,Cheque,Verified
INV000930,2024-09-23,101206,redemption,197094,Rajasthan,Udaipur,B30,18-25,Female,4.1,Cheque,Verified
INV002913,2024-09-23,102886,lumpsum,400664,Delhi,New Delhi,T30,56+,Male,28.5,Mandate,Verified
INV004682,2024-09-23,149323,redemption,276565,Telangana,Hyderabad,T30,26-35,Female,8.7,Net Banking,Verified
INV003860,2024-09-23,120504,sip,7443,Punjab,Chandigarh,T30,26-35,Male,20.4,Net Banking,Verified
INV003636,2024-09-24,119598,sip,41861,West Bengal,Kolkata,T30,46-55,Female,94.0,Mandate,Verified
INV004042,2024-09-24,119599,sip,848,Madhya Pradesh,Bhopal,B30,36-45,Male,36.0,Mandate,Verified
INV001140,2024-09-24,119551,sip,2938,Uttar Pradesh,Lucknow,T30,36-45,Female,18.8,Cheque,Verified
INV000720,2024-09-24,101208,sip,9260,Gujarat,Ahmedabad,T30,18-25,Female,5.8,UPI,Verified
INV000076,2024-09-24,120505,sip,7724,Gujarat,Ahmedabad,T30,56+,Female,67.1,Net Banking,Verified
INV003697,2024-09-24,119094,lumpsum,126502,Maharashtra,Mumbai,T30,18-25,Male,6.3,Net Banking,Verified
INV002700,2024-09-24,119094,sip,5158,Tamil Nadu,Coimbatore,B30,26-35,Male,8.1,UPI,Verified
INV003514,2024-09-24,118636,sip,4253,Delhi,Gurugram,T30,36-45,Female,40.2,Net Banking,Verified
INV003943,2024-09-24,119094,lumpsum,109343,Telangana,Hyderabad,T30,46-55,Male,46.2,UPI,Pending
INV001712,2024-09-24,120507,sip,47416,West Bengal,Kolkata,T30,18-25,Male,6.2,Cheque,Verified
INV001174,2024-09-24,120507,sip,10508,Maharashtra,Nashik,B30,36-45,Male,12.7,Mandate,Verified
INV004054,2024-09-24,101207,lumpsum,153861,Tamil Nadu,Chennai,T30,26-35,Female,6.4,Cheque,Verified
INV000099,2024-09-24,100025,lumpsum,223351,Haryana,Gurugram,T30,36-45,Male,43.5,Net Banking,Verified
INV000075,2024-09-24,125497,sip,51707,Madhya Pradesh,Bhopal,B30,36-45,Male,27.2,Cheque,Verified
INV002563,2024-09-24,149324,sip,421,Madhya Pradesh,Indore,T30,18-25,Female,6.8,Cheque,Verified
INV004688,2024-09-24,120842,sip,915,West Bengal,Kolkata,T30,26-35,Male,20.7,UPI,Verified
INV004439,2024-09-24,101208,redemption,103206,Haryana,Faridabad,B30,26-35,Male,8.6,UPI,Verified
INV004593,2024-09-24,120503,lumpsum,295537,Punjab,Amritsar,B30,26-35,Male,13.7,UPI,Verified
INV000801,2024-09-24,148569,sip,5534,Karnataka,Mysore,B30,36-45,Male,18.3,Net Banking,Verified
INV000929,2024-09-24,119092,sip,2759,West Bengal,Kolkata,T30,36-45,Female,27.7,Cheque,Verified
INV000196,2024-09-24,118633,lumpsum,20500,Tamil Nadu,Chennai,T30,26-35,Male,17.9,Net Banking,Verified
INV000314,2024-09-24,118635,sip,936,West Bengal,Kolkata,T30,26-35,Male,20.5,Net Banking,Verified
INV000821,2024-09-24,120842,redemption,353046,Uttar Pradesh,Kanpur,B30,36-45,Male,50.1,Mandate,Verified
INV004417,2024-09-24,120506,redemption,369854,Rajasthan,Jaipur,T30,26-35,Male,7.2,Mandate,Verified
INV000822,2024-09-24,120503,sip,2024,Punjab,Amritsar,B30,26-35,Male,9.2,UPI,Verified
INV000289,2024-09-24,100016,sip,12561,Delhi,Gurugram,T30,36-45,Male,54.2,Mandate,Verified
INV002446,2024-09-24,118634,sip,922,Tamil Nadu,Coimbatore,B30,26-35,Male,12.9,Cheque,Verified
INV000827,2024-09-24,149324,sip,17642,Maharashtra,Pune,T30,36-45,Male,28.8,Mandate,Verified
INV004411,2024-09-24,102887,sip,1961,Maharashtra,Mumbai,T30,26-35,Female,13.8,Cheque,Verified
INV002555,2024-09-24,118634,lumpsum,439704,Gujarat,Ahmedabad,T30,36-45,Male,24.5,Mandate,Verified
INV004744,2024-09-24,120843,lumpsum,300614,Telangana,Hyderabad,T30,26-35,Female,16.0,Cheque,Pending
INV004150,2024-09-24,120841,lumpsum,6384,West Bengal,Kolkata,T30,18-25,Male,6.2,Mandate,Verified
INV002941,2024-09-24,119551,lumpsum,297447,Rajasthan,Udaipur,B30,36-45,Female,59.2,Cheque,Verified
INV003202,2024-09-24,118636,sip,2999,Maharashtra,Pune,T30,46-55,Male,48.9,Cheque,Verified
INV003975,2024-09-24,119093,sip,2938,Gujarat,Ahmedabad,T30,36-45,Male,26.2,Net Banking,Verified
INV003588,2024-09-24,101208,sip,2433,Gujarat,Ahmedabad,T30,36-45,Female,29.3,UPI,Pending
INV000614,2024-09-24,102886,sip,12990,Rajasthan,Udaipur,B30,26-35,Male,6.1,Cheque,Verified
INV003574,2024-09-24,120843,redemption,354343,Haryana,Faridabad,B30,46-55,Male,48.4,Mandate,Pending
INV003865,2024-09-24,119551,sip,1620,Gujarat,Ahmedabad,T30,18-25,Female,3.3,Cheque,Verified
INV000545,2024-09-24,120503,sip,1700,Telangana,Hyderabad,T30,26-35,Male,23.6,Net Banking,Pending
INV002281,2024-09-24,118634,lumpsum,336062,Uttar Pradesh,Lucknow,T30,18-25,Female,3.1,Mandate,Verified
INV000747,2024-09-24,102887,sip,2033,West Bengal,Kolkata,T30,36-45,Female,40.3,Net Banking,Pending
INV002185,2024-09-24,120506,sip,12303,Punjab,Chandigarh,T30,26-35,Male,21.0,Net Banking,Verified
INV004461,2024-09-24,148568,lumpsum,286375,Tamil Nadu,Chennai,T30,46-55,Male,80.3,Net Banking,Verified
INV000960,2024-09-24,102887,lumpsum,565526,West Bengal,Kolkata,T30,46-55,Male,90.6,Mandate,Verified
INV003024,2024-09-24,118633,sip,2241,Maharashtra,Pune,T30,36-45,Female,43.1,Mandate,Verified
INV001196,2024-09-24,102887,sip,933,Punjab,Chandigarh,T30,26-35,Male,21.4,UPI,Verified
INV000959,2024-09-24,120504,sip,938,Haryana,Faridabad,B30,46-55,Male,33.9,Net Banking,Verified
INV003655,2024-09-24,100025,sip,8976,Madhya Pradesh,Bhopal,B30,36-45,Female,24.9,UPI,Verified
INV003123,2024-09-24,119092,redemption,429396,Haryana,Faridabad,B30,36-45,Male,36.2,Cheque,Verified
INV004444,2024-09-24,149322,sip,55142,Tamil Nadu,Chennai,T30,56+,Female,19.8,Net Banking,Verified
INV002102,2024-09-24,118633,sip,55812,Madhya Pradesh,Bhopal,B30,26-35,Male,9.2,UPI,Verified
INV004112,2024-09-24,102885,lumpsum,399334,Madhya Pradesh,Bhopal,B30,46-55,Male,30.0,UPI,Verified
INV000869,2024-09-24,118636,sip,2764,West Bengal,Kolkata,T30,26-35,Female,12.1,Mandate,Verified
INV002101,2024-09-24,120505,sip,6022,Uttar Pradesh,Lucknow,T30,26-35,Male,14.7,UPI,Verified
INV001043,2024-09-24,119095,sip,2783,Haryana,Gurugram,T30,18-25,Male,7.8,UPI,Verified
INV004465,2024-09-25,119598,lumpsum,136555,Gujarat,Surat,T30,26-35,Male,14.2,Net Banking,Pending
INV002608,2024-09-25,120842,sip,7508,Uttar Pradesh,Agra,B30,36-45,Female,22.2,Mandate,Verified
INV003050,2024-09-25,101206,redemption,468929,Maharashtra,Mumbai,T30,18-25,Male,7.2,Mandate,Verified
INV003588,2024-09-25,119094,sip,12226,Gujarat,Ahmedabad,T30,36-45,Female,29.3,Net Banking,Verified
INV000584,2024-09-25,119095,redemption,139635,Uttar Pradesh,Kanpur,B30,46-55,Female,20.9,Mandate,Verified
INV002322,2024-09-25,119092,lumpsum,279422,Tamil Nadu,Chennai,T30,18-25,Male,3.3,UPI,Verified
INV000586,2024-09-25,125498,sip,8295,West Bengal,Kolkata,T30,36-45,Male,43.8,Cheque,Verified
INV003563,2024-09-25,148569,lumpsum,43994,Haryana,Gurugram,T30,46-55,Male,41.8,Cheque,Verified
INV003996,2024-09-25,118634,sip,416,Karnataka,Bangalore,T30,36-45,Female,39.8,UPI,Verified
INV000611,2024-09-25,102887,sip,8635,Uttar Pradesh,Agra,B30,26-35,Male,11.4,Cheque,Verified
INV002876,2024-09-25,148567,redemption,101266,Uttar Pradesh,Kanpur,B30,36-45,Female,44.6,Cheque,Verified
INV004393,2024-09-25,148567,sip,14581,Telangana,Hyderabad,T30,26-35,Female,21.5,Mandate,Verified
INV002195,2024-09-25,149323,sip,13807,Telangana,Hyderabad,T30,26-35,Male,24.5,Cheque,Verified
INV004436,2024-09-25,148569,sip,15340,Delhi,New Delhi,T30,56+,Male,30.3,Net Banking,Verified
INV003642,2024-09-25,118633,sip,489,Haryana,Faridabad,B30,18-25,Male,3.1,Net Banking,Verified
INV003653,2024-09-25,148569,sip,5487,Punjab,Amritsar,B30,18-25,Female,3.8,Net Banking,Verified
INV002206,2024-09-25,101206,sip,40816,Tamil Nadu,Chennai,T30,18-25,Male,7.7,Cheque,Verified
INV003550,2024-09-25,102887,sip,2390,Madhya Pradesh,Bhopal,B30,26-35,Male,22.6,UPI,Verified
INV001759,2024-09-25,119598,redemption,305968,Haryana,Faridabad,B30,36-45,Female,25.6,Mandate,Verified
INV001282,2024-09-25,125497,sip,2684,West Bengal,Kolkata,T30,18-25,Female,5.2,Mandate,Verified
INV004841,2024-09-25,149324,redemption,150498,West Bengal,Kolkata,T30,26-35,Male,21.4,UPI,Verified
INV002260,2024-09-25,102885,sip,11452,Telangana,Hyderabad,T30,26-35,Female,10.1,Cheque,Verified
INV003781,2024-09-25,149324,sip,2168,Tamil Nadu,Coimbatore,B30,26-35,Male,15.8,Mandate,Verified
INV003267,2024-09-25,118636,sip,1954,Rajasthan,Udaipur,B30,36-45,Male,29.9,UPI,Verified
INV002533,2024-09-25,119120,sip,2449,Haryana,Faridabad,B30,46-55,Male,73.5,UPI,Verified
INV001999,2024-09-25,100016,redemption,354300,Rajasthan,Udaipur,B30,18-25,Male,5.8,UPI,Verified
INV002682,2024-09-25,119552,sip,20284,Karnataka,Mysore,B30,26-35,Male,17.9,Net Banking,Verified
INV004145,2024-09-25,120507,sip,542,Gujarat,Surat,T30,18-25,Male,4.9,Mandate,Verified
INV001274,2024-09-25,100025,sip,984,Maharashtra,Mumbai,T30,36-45,Female,55.7,UPI,Verified
INV004108,2024-09-25,101207,lumpsum,328261,Madhya Pradesh,Indore,T30,36-45,Female,22.5,Cheque,Verified
INV000144,2024-09-25,120505,sip,1775,Delhi,Noida,T30,26-35,Male,19.1,Net Banking,Verified
INV001906,2024-09-25,119093,sip,51591,Tamil Nadu,Coimbatore,B30,36-45,Female,55.6,Cheque,Verified
INV001814,2024-09-25,148567,sip,16622,West Bengal,Kolkata,T30,26-35,Female,6.9,Cheque,Verified
INV002898,2024-09-25,102887,sip,2597,Maharashtra,Pune,T30,26-35,Female,8.1,Mandate,Verified
INV004641,2024-09-25,102887,sip,49210,Haryana,Faridabad,B30,56+,Male,42.4,UPI,Verified
INV002575,2024-09-25,100016,sip,2648,West Bengal,Kolkata,T30,18-25,Male,7.9,Net Banking,Verified
INV004643,2024-09-25,118634,sip,2317,Delhi,Noida,T30,26-35,Female,12.4,Mandate,Verified
INV004271,2024-09-25,102887,sip,7220,Maharashtra,Mumbai,T30,18-25,Male,3.2,Cheque,Verified
INV002352,2024-09-25,101208,redemption,230658,Uttar Pradesh,Lucknow,T30,56+,Male,28.1,UPI,Verified
INV002675,2024-09-25,149323,sip,5037,Uttar Pradesh,Agra,B30,36-45,Male,17.9,Cheque,Verified
INV000123,2024-09-25,119094,lumpsum,18399,Punjab,Chandigarh,T30,46-55,Male,73.3,Net Banking,Verified
INV001195,2024-09-25,120505,sip,7016,Gujarat,Surat,T30,26-35,Male,6.4,Cheque,Verified
INV001142,2024-09-25,118635,sip,2838,Uttar Pradesh,Lucknow,T30,26-35,Male,16.8,UPI,Verified
INV002841,2024-09-25,118632,lumpsum,188114,Uttar Pradesh,Kanpur,B30,26-35,Male,13.2,Mandate,Verified
INV003215,2024-09-25,119095,sip,537,Gujarat,Surat,T30,26-35,Female,20.9,Mandate,Verified
INV001003,2024-09-25,102887,sip,2641,Rajasthan,Udaipur,B30,26-35,Male,12.6,Net Banking,Verified
INV003683,2024-09-25,118634,sip,3160,Telangana,Hyderabad,T30,26-35,Female,21.0,UPI,Verified
INV002295,2024-09-25,148568,sip,17450,Telangana,Hyderabad,T30,26-35,Female,17.9,Mandate,Verified
INV001709,2024-09-25,120844,sip,2939,Delhi,New Delhi,T30,36-45,Male,55.9,UPI,Verified
INV002021,2024-09-25,102886,lumpsum,450216,Maharashtra,Pune,T30,36-45,Male,38.6,Cheque,Verified
INV002530,2024-09-25,120844,sip,3231,Telangana,Hyderabad,T30,36-45,Male,53.9,Net Banking,Verified
INV004919,2024-09-25,149323,redemption,369372,Telangana,Hyderabad,T30,26-35,Male,6.6,Cheque,Verified
INV003812,2024-09-25,101207,sip,21162,Haryana,Faridabad,B30,18-25,Female,3.6,Mandate,Verified
INV002118,2024-09-25,120507,lumpsum,134642,Punjab,Chandigarh,T30,26-35,Female,6.6,Mandate,Verified
INV003760,2024-09-25,148568,lumpsum,451279,Uttar Pradesh,Lucknow,T30,26-35,Male,15.4,Mandate,Verified
INV003428,2024-09-25,120505,lumpsum,165690,Tamil Nadu,Coimbatore,B30,26-35,Female,22.8,Net Banking,Verified
INV000739,2024-09-25,119093,sip,2470,Uttar Pradesh,Agra,B30,46-55,Female,97.0,Cheque,Verified
INV000332,2024-09-25,102885,sip,13096,Telangana,Hyderabad,T30,36-45,Female,12.9,Cheque,Verified
INV001955,2024-09-25,120504,redemption,445004,Madhya Pradesh,Bhopal,B30,26-35,Female,16.4,UPI,Verified
INV000744,2024-09-25,100033,lumpsum,330494,Uttar Pradesh,Kanpur,B30,56+,Female,49.8,Mandate,Pending
INV003900,2024-09-25,119120,redemption,80108,Gujarat,Ahmedabad,T30,36-45,Male,27.7,Net Banking,Verified
INV000937,2024-09-25,119552,lumpsum,126505,Madhya Pradesh,Indore,T30,26-35,Male,22.8,Net Banking,Verified
INV003661,2024-09-26,102887,lumpsum,120793,Delhi,Noida,T30,18-25,Female,6.4,Cheque,Verified
INV003002,2024-09-26,118633,sip,3555,Maharashtra,Pune,T30,26-35,Male,17.0,UPI,Verified
INV003258,2024-09-26,148567,lumpsum,70193,Rajasthan,Udaipur,B30,26-35,Male,14.7,Cheque,Verified
INV004770,2024-09-26,149323,sip,3404,Gujarat,Surat,T30,18-25,Female,5.2,Cheque,Pending
INV003221,2024-09-26,120505,sip,49251,Karnataka,Mysore,B30,26-35,Male,15.8,UPI,Verified
INV003812,2024-09-26,100025,sip,2350,Haryana,Faridabad,B30,18-25,Female,3.6,UPI,Verified
INV003599,2024-09-26,118635,sip,1169,Madhya Pradesh,Indore,T30,46-55,Male,43.2,Cheque,Verified
INV003833,2024-09-26,120506,lumpsum,369571,Delhi,New Delhi,T30,26-35,Male,11.7,Mandate,Verified
INV004712,2024-09-26,118636,sip,52114,Uttar Pradesh,Kanpur,B30,36-45,Male,55.7,Mandate,Verified
INV004111,2024-09-26,120505,lumpsum,153949,Tamil Nadu,Chennai,T30,36-45,Male,27.4,Net Banking,Verified
INV002841,2024-09-26,118636,sip,5539,Uttar Pradesh,Kanpur,B30,26-35,Male,13.2,Net Banking,Pending
INV003503,2024-09-26,120503,sip,6227,Karnataka,Mysore,B30,36-45,Male,26.3,UPI,Verified
INV003058,2024-09-26,148569,sip,2289,Karnataka,Mysore,B30,36-45,Male,46.2,Net Banking,Verified
INV002813,2024-09-26,101208,sip,25181,Punjab,Chandigarh,T30,26-35,Male,13.5,Net Banking,Verified
INV003077,2024-09-26,120507,sip,508,Tamil Nadu,Coimbatore,B30,18-25,Female,4.6,UPI,Verified
INV004473,2024-09-26,101206,sip,1043,Karnataka,Mysore,B30,18-25,Male,5.6,Cheque,Verified
INV004598,2024-09-26,119120,lumpsum,399845,Tamil Nadu,Chennai,T30,46-55,Male,60.5,UPI,Verified
INV003887,2024-09-26,100016,lumpsum,230250,Rajasthan,Udaipur,B30,56+,Female,54.1,Net Banking,Verified
INV002633,2024-09-26,118633,lumpsum,244203,Karnataka,Bangalore,T30,26-35,Female,8.1,Mandate,Verified
INV003556,2024-09-26,120841,sip,17624,Karnataka,Mysore,B30,18-25,Male,3.7,Net Banking,Verified
INV003880,2024-09-26,100025,sip,17950,Gujarat,Surat,T30,26-35,Male,9.6,Mandate,Verified
INV004097,2024-09-26,119598,sip,20371,Gujarat,Ahmedabad,T30,56+,Male,52.9,UPI,Verified
INV003562,2024-09-26,100016,sip,14389,West Bengal,Kolkata,T30,26-35,Female,11.8,Net Banking,Verified
INV004282,2024-09-26,148569,sip,2496,Punjab,Amritsar,B30,26-35,Male,20.8,Cheque,Verified
INV004448,2024-09-26,119598,sip,52231,Karnataka,Mysore,B30,26-35,Male,20.3,UPI,Pending
INV002852,2024-09-26,149322,redemption,186274,West Bengal,Kolkata,T30,46-55,Male,69.5,Mandate,Verified
INV003860,2024-09-26,118633,sip,4988,Punjab,Chandigarh,T30,26-35,Male,20.4,Cheque,Verified
INV003153,2024-09-26,101207,sip,41460,Madhya Pradesh,Indore,T30,36-45,Female,20.5,UPI,Verified
INV004410,2024-09-26,119599,sip,6995,Tamil Nadu,Chennai,T30,36-45,Male,45.5,UPI,Pending
INV003978,2024-09-26,125497,redemption,311188,Telangana,Hyderabad,T30,26-35,Female,6.2,Mandate,Verified
INV002497,2024-09-26,118635,lumpsum,332819,Telangana,Hyderabad,T30,26-35,Female,13.0,Net Banking,Verified
INV000942,2024-09-26,125497,redemption,159684,Haryana,Faridabad,B30,56+,Male,70.2,Cheque,Verified
INV001356,2024-09-26,118635,sip,2757,Gujarat,Ahmedabad,T30,26-35,Male,19.7,UPI,Verified
INV002100,2024-09-26,149323,redemption,402506,Delhi,Noida,T30,26-35,Male,22.5,Net Banking,Verified
INV002330,2024-09-26,149322,sip,5734,Madhya Pradesh,Indore,T30,26-35,Female,17.5,Net Banking,Pending
INV000669,2024-09-26,125497,redemption,487635,Madhya Pradesh,Indore,T30,36-45,Male,25.2,UPI,Verified
INV000529,2024-09-26,101207,sip,2766,Maharashtra,Mumbai,T30,18-25,Male,4.7,Net Banking,Verified
INV000299,2024-09-26,148569,lumpsum,264975,Delhi,Noida,T30,26-35,Male,24.4,UPI,Verified
INV000819,2024-09-26,119095,sip,44048,Karnataka,Bangalore,T30,36-45,Male,56.5,Mandate,Verified
INV002000,2024-09-26,120842,sip,2667,Rajasthan,Jaipur,T30,36-45,Female,57.6,Net Banking,Verified
INV001394,2024-09-26,118636,sip,5221,Karnataka,Bangalore,T30,56+,Male,42.9,Cheque,Verified
INV000239,2024-09-26,149323,redemption,339248,Punjab,Amritsar,B30,36-45,Female,13.2,Net Banking,Verified
INV002571,2024-09-26,100033,redemption,392956,Delhi,New Delhi,T30,36-45,Female,32.1,UPI,Verified
INV001092,2024-09-26,118633,sip,494,Haryana,Gurugram,T30,26-35,Male,14.9,Net Banking,Verified
INV001809,2024-09-26,148568,sip,50159,Telangana,Hyderabad,T30,46-55,Male,80.5,Mandate,Verified
INV001772,2024-09-26,119094,redemption,84055,Telangana,Hyderabad,T30,36-45,Male,31.2,Net Banking,Pending
INV002225,2024-09-26,149322,sip,512,Punjab,Amritsar,B30,46-55,Male,86.2,Cheque,Pending
INV000759,2024-09-26,100033,sip,2594,Gujarat,Ahmedabad,T30,26-35,Male,7.6,UPI,Verified
INV000124,2024-09-26,118634,lumpsum,476893,Punjab,Amritsar,B30,36-45,Female,46.2,Mandate,Verified
INV000252,2024-09-26,120503,sip,2700,Gujarat,Surat,T30,46-55,Female,24.4,Cheque,Pending
INV002078,2024-09-26,100025,sip,6465,Haryana,Faridabad,B30,18-25,Male,6.4,Net Banking,Verified
INV001092,2024-09-26,119120,redemption,22862,Haryana,Gurugram,T30,26-35,Male,14.9,Mandate,Verified
INV000777,2024-09-26,120504,sip,2904,Uttar Pradesh,Lucknow,T30,26-35,Male,15.7,UPI,Verified
INV001170,2024-09-26,149322,sip,2705,Karnataka,Mysore,B30,36-45,Male,34.6,UPI,Verified
INV002122,2024-09-26,100025,sip,1713,Gujarat,Ahmedabad,T30,46-55,Male,46.3,Cheque,Verified
INV000935,2024-09-26,119599,sip,3193,Telangana,Hyderabad,T30,36-45,Male,14.6,UPI,Verified
INV000799,2024-09-26,118635,sip,10687,Madhya Pradesh,Indore,T30,18-25,Male,4.6,UPI,Verified
INV000206,2024-09-26,149324,sip,1631,Punjab,Amritsar,B30,26-35,Male,9.8,Cheque,Verified
INV001377,2024-09-26,118636,lumpsum,446656,Maharashtra,Mumbai,T30,56+,Female,64.7,Cheque,Verified
INV002425,2024-09-26,102885,sip,29466,Madhya Pradesh,Bhopal,B30,26-35,Male,18.1,Cheque,Verified
INV000235,2024-09-26,148569,sip,2453,Delhi,New Delhi,T30,26-35,Male,8.5,Cheque,Verified
INV001254,2024-09-26,120507,sip,3307,Punjab,Chandigarh,T30,26-35,Male,20.5,Mandate,Verified
INV000527,2024-09-26,119598,sip,4652,Telangana,Hyderabad,T30,26-35,Male,12.1,Net Banking,Verified
INV001903,2024-09-26,120506,sip,16677,Delhi,New Delhi,T30,26-35,Female,8.8,Mandate,Verified
INV001991,2024-09-26,119551,lumpsum,502649,West Bengal,Kolkata,T30,26-35,Male,13.9,Cheque,Verified
INV001710,2024-09-26,101206,sip,7463,Delhi,New Delhi,T30,56+,Male,33.0,UPI,Verified
INV000077,2024-09-26,119094,redemption,279729,Rajasthan,Jaipur,T30,36-45,Male,23.0,Net Banking,Verified
INV000731,2024-09-26,149324,sip,16700,Rajasthan,Jaipur,T30,18-25,Male,7.1,Mandate,Verified
INV000403,2024-09-26,119094,redemption,299576,Rajasthan,Jaipur,T30,18-25,Female,7.7,Cheque,Verified
INV003624,2024-09-27,119552,sip,5514,Telangana,Hyderabad,T30,46-55,Female,87.5,Cheque,Verified
INV003964,2024-09-27,148568,sip,580,Punjab,Chandigarh,T30,26-35,Male,16.7,Mandate,Verified
INV001234,2024-09-27,101207,sip,8740,Uttar Pradesh,Agra,B30,26-35,Male,24.4,Cheque,Verified
INV004679,2024-09-27,120505,sip,40783,Madhya Pradesh,Indore,T30,18-25,Female,4.0,Mandate,Verified
INV000602,2024-09-27,148567,sip,9093,West Bengal,Kolkata,T30,18-25,Male,8.0,Mandate,Verified
INV004400,2024-09-27,120507,sip,2907,Uttar Pradesh,Agra,B30,26-35,Male,19.5,Cheque,Verified
INV004978,2024-09-27,119092,sip,44787,Uttar Pradesh,Lucknow,T30,46-55,Male,34.3,Net Banking,Verified
INV000188,2024-09-27,120841,lumpsum,229774,Tamil Nadu,Coimbatore,B30,46-55,Male,79.0,Mandate,Verified
INV000657,2024-09-27,118635,sip,2083,Tamil Nadu,Coimbatore,B30,26-35,Female,11.4,Mandate,Verified
INV001663,2024-09-27,149324,redemption,344202,Gujarat,Surat,T30,36-45,Female,29.2,Cheque,Verified
INV003546,2024-09-27,101206,sip,6145,West Bengal,Kolkata,T30,36-45,Male,16.2,Mandate,Verified
INV000614,2024-09-27,125497,sip,3184,Rajasthan,Udaipur,B30,26-35,Male,6.1,Net Banking,Pending
INV003607,2024-09-27,148568,lumpsum,28476,Delhi,Gurugram,T30,18-25,Male,4.7,Cheque,Verified
INV000779,2024-09-27,102886,sip,457,Gujarat,Ahmedabad,T30,36-45,Male,35.3,UPI,Verified
INV004281,2024-09-27,149322,sip,58927,Rajasthan,Jaipur,T30,26-35,Female,15.9,UPI,Verified
INV003091,2024-09-27,120506,sip,2776,Delhi,New Delhi,T30,36-45,Female,36.4,Mandate,Pending
INV003379,2024-09-27,100016,sip,583,Uttar Pradesh,Lucknow,T30,36-45,Male,43.2,Net Banking,Verified
INV001670,2024-09-27,101208,lumpsum,325849,West Bengal,Kolkata,T30,26-35,Male,16.5,Mandate,Pending
INV000073,2024-09-27,119598,sip,8926,Punjab,Amritsar,B30,18-25,Male,5.5,Mandate,Verified
INV003563,2024-09-27,149322,lumpsum,448469,Haryana,Gurugram,T30,46-55,Male,41.8,Mandate,Verified
INV001053,2024-09-27,149323,sip,5844,West Bengal,Kolkata,T30,46-55,Female,79.0,Cheque,Verified
INV000621,2024-09-27,120505,lumpsum,318553,Rajasthan,Udaipur,B30,56+,Female,45.8,UPI,Verified
INV001406,2024-09-27,119120,sip,2054,Telangana,Hyderabad,T30,46-55,Male,86.0,UPI,Verified
INV004796,2024-09-27,120841,sip,6991,Delhi,Noida,T30,18-25,Male,4.6,Net Banking,Verified
INV002932,2024-09-27,120506,sip,6993,Haryana,Gurugram,T30,36-45,Female,28.4,Net Banking,Verified
INV000734,2024-09-27,120506,sip,21296,Maharashtra,Pune,T30,26-35,Female,15.2,Net Banking,Verified
INV004388,2024-09-27,119095,redemption,118282,Gujarat,Surat,T30,26-35,Female,10.3,UPI,Verified
INV002204,2024-09-27,148569,lumpsum,169512,Punjab,Amritsar,B30,36-45,Male,36.1,Net Banking,Verified
INV002384,2024-09-27,120505,sip,2771,Karnataka,Mysore,B30,26-35,Male,24.3,Mandate,Verified
INV003354,2024-09-27,119552,redemption,219919,Punjab,Chandigarh,T30,46-55,Male,48.5,UPI,Verified
INV004116,2024-09-27,118633,lumpsum,302523,Gujarat,Ahmedabad,T30,36-45,Male,59.4,Mandate,Verified
INV000908,2024-09-27,120504,lumpsum,18547,Karnataka,Mysore,B30,26-35,Male,11.3,UPI,Verified
INV001719,2024-09-27,120505,sip,6184,Rajasthan,Udaipur,B30,26-35,Male,19.2,Mandate,Verified
INV003173,2024-09-27,120842,sip,52707,Gujarat,Surat,T30,18-25,Male,7.1,Mandate,Verified
INV003329,2024-09-27,120844,sip,28895,Madhya Pradesh,Indore,T30,56+,Male,25.2,UPI,Verified
INV002645,2024-09-27,119092,sip,52170,Haryana,Gurugram,T30,46-55,Female,67.7,Mandate,Verified
INV001259,2024-09-27,101207,lumpsum,333272,Telangana,Hyderabad,T30,26-35,Female,10.6,Net Banking,Verified
INV000069,2024-09-27,102886,sip,485,Gujarat,Ahmedabad,T30,56+,Female,35.9,Net Banking,Verified
INV001258,2024-09-27,148568,sip,8934,Karnataka,Mysore,B30,36-45,Male,42.4,Cheque,Verified
INV002250,2024-09-27,119552,sip,51961,Telangana,Hyderabad,T30,36-45,Male,20.4,Mandate,Verified
INV002768,2024-09-27,120844,sip,7182,Delhi,Noida,T30,26-35,Male,6.9,Mandate,Verified
INV002641,2024-09-27,119095,sip,57923,Maharashtra,Nashik,B30,56+,Male,27.1,Mandate,Verified
INV004295,2024-09-27,100025,sip,8185,Karnataka,Bangalore,T30,36-45,Male,50.6,UPI,Verified
INV001308,2024-09-27,102887,sip,8516,Rajasthan,Jaipur,T30,36-45,Male,19.3,Net Banking,Verified
INV001494,2024-09-27,120842,sip,3128,Madhya Pradesh,Indore,T30,18-25,Male,5.7,Cheque,Verified
INV004324,2024-09-27,120504,lumpsum,251494,Madhya Pradesh,Indore,T30,36-45,Male,42.4,Net Banking,Pending
INV000210,2024-09-27,119552,sip,8810,Rajasthan,Jaipur,T30,26-35,Male,9.1,Cheque,Verified
INV004133,2024-09-27,125498,sip,1174,Maharashtra,Nashik,B30,36-45,Male,41.6,Cheque,Verified
INV001603,2024-09-27,102887,sip,2452,Uttar Pradesh,Agra,B30,46-55,Female,53.9,Mandate,Verified
INV001790,2024-09-27,102886,lumpsum,484628,Punjab,Chandigarh,T30,46-55,Male,15.8,Cheque,Verified
INV004546,2024-09-27,120505,sip,2190,Karnataka,Mysore,B30,36-45,Male,28.4,Mandate,Verified
INV003395,2024-09-27,119092,sip,7164,Gujarat,Ahmedabad,T30,36-45,Male,39.2,Mandate,Verified
INV000318,2024-09-27,101206,lumpsum,43518,Madhya Pradesh,Bhopal,B30,46-55,Female,47.5,Net Banking,Verified
INV000532,2024-09-27,118636,sip,4903,Madhya Pradesh,Bhopal,B30,26-35,Male,9.0,Mandate,Verified
INV003157,2024-09-27,120842,sip,16903,Maharashtra,Pune,T30,36-45,Male,44.7,UPI,Verified
INV001968,2024-09-27,149322,sip,17494,Tamil Nadu,Chennai,T30,26-35,Female,24.9,Net Banking,Pending
INV003834,2024-09-27,149322,sip,7461,Madhya Pradesh,Bhopal,B30,36-45,Male,25.1,Net Banking,Verified
INV000832,2024-09-27,119095,sip,17807,Karnataka,Bangalore,T30,36-45,Male,36.6,UPI,Verified
INV000759,2024-09-27,120506,sip,11582,Gujarat,Ahmedabad,T30,26-35,Male,7.6,UPI,Verified
INV003105,2024-09-27,101207,sip,2275,Rajasthan,Jaipur,T30,18-25,Female,6.0,Net Banking,Verified
INV000171,2024-09-27,149323,redemption,145963,Delhi,Noida,T30,18-25,Female,6.2,Net Banking,Verified
INV000633,2024-09-27,119095,sip,3528,Karnataka,Bangalore,T30,46-55,Male,69.2,Net Banking,Pending
INV000877,2024-09-27,120842,lumpsum,386589,Telangana,Hyderabad,T30,36-45,Female,15.8,UPI,Verified
INV004071,2024-09-27,119599,lumpsum,416275,Gujarat,Ahmedabad,T30,36-45,Female,22.2,Cheque,Verified
INV003559,2024-09-27,120506,sip,24733,Uttar Pradesh,Kanpur,B30,26-35,Female,9.4,Net Banking,Verified
INV004874,2024-09-27,148568,redemption,369214,Tamil Nadu,Coimbatore,B30,46-55,Male,35.2,UPI,Verified
INV004581,2024-09-28,149322,sip,7363,Gujarat,Surat,T30,26-35,Male,14.7,UPI,Verified
INV000173,2024-09-28,118634,redemption,333511,Maharashtra,Mumbai,T30,26-35,Male,7.6,UPI,Verified
INV001573,2024-09-28,118633,sip,2146,Tamil Nadu,Coimbatore,B30,26-35,Male,20.7,Mandate,Verified
INV003635,2024-09-28,120507,sip,870,West Bengal,Kolkata,T30,56+,Female,55.1,Net Banking,Verified
INV003933,2024-09-28,120841,sip,8972,Tamil Nadu,Coimbatore,B30,18-25,Female,3.0,Net Banking,Verified
INV002659,2024-09-28,102886,lumpsum,483438,Madhya Pradesh,Bhopal,B30,36-45,Female,56.5,Cheque,Verified
INV000023,2024-09-28,119552,sip,55420,West Bengal,Kolkata,T30,46-55,Female,61.9,Net Banking,Verified
INV000078,2024-09-28,102885,lumpsum,140200,Haryana,Faridabad,B30,26-35,Male,20.2,Net Banking,Verified
INV004105,2024-09-28,118635,sip,50902,Tamil Nadu,Coimbatore,B30,26-35,Female,22.1,Mandate,Verified
INV000117,2024-09-28,119120,lumpsum,253229,Karnataka,Bangalore,T30,26-35,Female,15.6,UPI,Verified
INV003325,2024-09-28,120504,lumpsum,134411,Haryana,Faridabad,B30,26-35,Male,17.3,Cheque,Verified
INV003441,2024-09-28,119095,lumpsum,92619,West Bengal,Kolkata,T30,26-35,Male,13.5,UPI,Verified
INV003246,2024-09-28,101207,lumpsum,217429,Gujarat,Ahmedabad,T30,26-35,Male,12.7,UPI,Verified
INV003787,2024-09-28,120504,lumpsum,79592,Karnataka,Mysore,B30,46-55,Male,29.3,Net Banking,Verified
INV004864,2024-09-28,100016,sip,2894,Punjab,Amritsar,B30,26-35,Female,10.5,Cheque,Verified
INV000052,2024-09-28,125497,sip,2409,Tamil Nadu,Coimbatore,B30,26-35,Male,19.1,Mandate,Verified
INV001189,2024-09-28,120505,redemption,114604,Maharashtra,Nashik,B30,56+,Male,70.1,Cheque,Verified
INV002016,2024-09-28,102886,sip,47355,Delhi,Noida,T30,46-55,Male,17.2,Cheque,Verified
INV000865,2024-09-28,120504,sip,2886,Tamil Nadu,Coimbatore,B30,26-35,Male,24.2,Mandate,Verified
INV002415,2024-09-28,120843,sip,8937,West Bengal,Kolkata,T30,36-45,Male,13.9,Mandate,Verified
INV001507,2024-09-28,125498,sip,10973,Uttar Pradesh,Lucknow,T30,26-35,Male,20.4,Net Banking,Verified
INV001716,2024-09-28,125498,sip,15495,Haryana,Gurugram,T30,36-45,Male,45.0,Net Banking,Verified
INV001551,2024-09-28,148568,redemption,40813,Tamil Nadu,Chennai,T30,26-35,Female,21.7,UPI,Verified
INV002420,2024-09-28,100033,sip,1086,Karnataka,Mysore,B30,26-35,Female,6.4,Net Banking,Verified
INV003279,2024-09-28,120506,sip,12586,Rajasthan,Jaipur,T30,46-55,Female,19.4,UPI,Verified
INV003831,2024-09-28,102885,sip,3340,Rajasthan,Jaipur,T30,56+,Male,21.2,UPI,Verified
INV004502,2024-09-28,149324,sip,6196,Rajasthan,Udaipur,B30,36-45,Male,59.0,Mandate,Verified
INV002332,2024-09-28,120504,lumpsum,231955,Punjab,Chandigarh,T30,26-35,Female,13.4,Mandate,Verified
INV001410,2024-09-28,120504,sip,5158,Maharashtra,Mumbai,T30,46-55,Male,26.5,Mandate,Verified
INV000626,2024-09-28,118636,sip,7385,Haryana,Gurugram,T30,26-35,Female,12.3,UPI,Verified
INV003772,2024-09-28,119093,sip,3237,Punjab,Amritsar,B30,18-25,Female,6.8,Net Banking,Verified
INV003360,2024-09-28,119120,lumpsum,336599,Madhya Pradesh,Indore,T30,26-35,Female,19.5,Net Banking,Verified
INV000128,2024-09-28,101207,lumpsum,252832,Rajasthan,Jaipur,T30,36-45,Female,50.9,Mandate,Pending
INV001295,2024-09-28,119552,sip,7805,Madhya Pradesh,Indore,T30,36-45,Male,30.8,Cheque,Verified
INV002503,2024-09-28,120844,sip,441,Gujarat,Ahmedabad,T30,26-35,Male,11.5,Net Banking,Verified
INV000205,2024-09-28,149322,sip,2673,Haryana,Faridabad,B30,18-25,Male,4.4,Cheque,Verified
INV003586,2024-09-28,149324,lumpsum,30577,Haryana,Faridabad,B30,46-55,Male,68.9,UPI,Verified
INV001261,2024-09-28,148569,redemption,525073,Rajasthan,Jaipur,T30,46-55,Male,50.0,UPI,Verified
INV004818,2024-09-28,102886,redemption,10820,Maharashtra,Pune,T30,26-35,Male,23.5,Mandate,Verified
INV004630,2024-09-28,101208,lumpsum,189563,Madhya Pradesh,Bhopal,B30,26-35,Female,6.3,Mandate,Verified
INV001912,2024-09-28,119598,sip,3093,Haryana,Gurugram,T30,26-35,Male,10.4,UPI,Verified
INV001971,2024-09-28,101207,lumpsum,175856,Gujarat,Ahmedabad,T30,26-35,Male,21.0,Mandate,Pending
INV000736,2024-09-28,119551,lumpsum,7328,Haryana,Faridabad,B30,36-45,Female,39.4,Mandate,Verified
INV001136,2024-09-28,119093,sip,50987,Gujarat,Ahmedabad,T30,26-35,Female,22.8,UPI,Verified
INV004600,2024-09-28,119095,sip,445,West Bengal,Kolkata,T30,46-55,Female,35.5,UPI,Verified
INV002540,2024-09-28,118632,lumpsum,451776,Uttar Pradesh,Agra,B30,26-35,Male,10.8,Net Banking,Verified
INV004039,2024-09-28,148568,sip,3092,Gujarat,Surat,T30,46-55,Female,89.7,Cheque,Pending
INV001937,2024-09-28,120844,lumpsum,146255,Haryana,Gurugram,T30,18-25,Male,7.8,UPI,Verified
INV002895,2024-09-28,102887,sip,2932,Madhya Pradesh,Bhopal,B30,26-35,Male,10.7,Net Banking,Verified
INV001167,2024-09-28,119095,sip,1788,Punjab,Amritsar,B30,36-45,Male,26.7,Cheque,Verified
INV000878,2024-09-28,102886,sip,58671,Tamil Nadu,Coimbatore,B30,36-45,Female,33.4,UPI,Verified
INV001715,2024-09-28,125498,sip,2311,Gujarat,Surat,T30,18-25,Male,7.7,Mandate,Verified
INV003256,2024-09-28,119552,lumpsum,461857,Punjab,Amritsar,B30,46-55,Male,26.0,Net Banking,Pending
INV003735,2024-09-28,119552,sip,49608,Gujarat,Ahmedabad,T30,36-45,Female,13.9,UPI,Verified
INV004296,2024-09-28,120843,redemption,197734,Telangana,Hyderabad,T30,26-35,Male,18.2,Net Banking,Verified
INV000609,2024-09-28,148567,redemption,260775,Tamil Nadu,Coimbatore,B30,18-25,Male,3.9,Net Banking,Verified
INV000574,2024-09-28,148569,sip,529,Rajasthan,Jaipur,T30,46-55,Female,37.0,Cheque,Verified
INV000791,2024-09-29,118636,lumpsum,85949,Madhya Pradesh,Bhopal,B30,26-35,Male,18.4,Cheque,Verified
INV000156,2024-09-29,102887,lumpsum,210276,Telangana,Hyderabad,T30,46-55,Male,29.1,Cheque,Verified
INV003247,2024-09-29,100033,redemption,223702,Madhya Pradesh,Indore,T30,46-55,Female,93.1,Cheque,Verified
INV001317,2024-09-29,118634,lumpsum,101314,Punjab,Chandigarh,T30,26-35,Female,8.9,Cheque,Verified
INV000690,2024-09-29,120505,sip,456,Delhi,Gurugram,T30,46-55,Male,98.7,Mandate,Verified
INV002574,2024-09-29,119093,sip,25622,Maharashtra,Nashik,B30,26-35,Male,11.1,Cheque,Verified
INV004617,2024-09-29,102887,sip,10113,Karnataka,Bangalore,T30,26-35,Male,22.1,UPI,Verified
INV004939,2024-09-29,118632,sip,7674,Punjab,Amritsar,B30,18-25,Male,4.7,Mandate,Verified
INV003671,2024-09-29,102887,redemption,147447,Haryana,Gurugram,T30,36-45,Female,22.9,UPI,Verified
INV000590,2024-09-29,118634,sip,11774,Gujarat,Ahmedabad,T30,36-45,Male,23.3,UPI,Verified
INV002576,2024-09-29,120507,redemption,427266,Telangana,Hyderabad,T30,26-35,Male,20.3,Cheque,Verified
INV000994,2024-09-29,118632,sip,23083,Maharashtra,Pune,T30,26-35,Female,6.1,Net Banking,Verified
INV003431,2024-09-29,118636,sip,2645,Karnataka,Mysore,B30,18-25,Male,6.3,Net Banking,Verified
INV002086,2024-09-29,118636,lumpsum,138875,Gujarat,Ahmedabad,T30,26-35,Male,22.9,Cheque,Verified
INV002065,2024-09-29,119095,sip,2140,Rajasthan,Udaipur,B30,46-55,Male,78.6,Mandate,Verified
INV004420,2024-09-29,102887,lumpsum,7411,Haryana,Gurugram,T30,36-45,Male,14.6,Mandate,Verified
INV001178,2024-09-29,120503,sip,574,West Bengal,Kolkata,T30,26-35,Female,10.3,Cheque,Verified
INV003054,2024-09-29,119599,sip,46656,Telangana,Hyderabad,T30,56+,Female,77.1,Net Banking,Verified
INV001099,2024-09-29,149324,sip,46444,Haryana,Gurugram,T30,26-35,Female,18.9,Mandate,Verified
INV001514,2024-09-29,102887,sip,10876,Delhi,Gurugram,T30,46-55,Male,75.8,Cheque,Verified
INV003648,2024-09-29,120844,lumpsum,339303,Haryana,Faridabad,B30,46-55,Male,74.1,Cheque,Verified
INV002762,2024-09-29,102885,sip,21347,Rajasthan,Udaipur,B30,26-35,Female,21.9,Net Banking,Verified
INV000961,2024-09-29,120507,sip,17354,Rajasthan,Udaipur,B30,36-45,Male,17.2,UPI,Verified
INV003043,2024-09-29,120844,sip,51383,Karnataka,Bangalore,T30,26-35,Male,21.2,UPI,Verified
INV002697,2024-09-29,149322,sip,8593,West Bengal,Kolkata,T30,26-35,Male,14.1,UPI,Verified
INV000343,2024-09-29,120842,redemption,319005,Punjab,Chandigarh,T30,36-45,Male,28.5,Net Banking,Verified
INV003436,2024-09-29,118633,lumpsum,126751,Maharashtra,Mumbai,T30,36-45,Female,54.4,Mandate,Verified
INV000123,2024-09-29,102885,sip,2190,Punjab,Chandigarh,T30,46-55,Male,73.3,Mandate,Verified
INV001138,2024-09-29,120506,lumpsum,377111,Haryana,Faridabad,B30,46-55,Female,81.3,Cheque,Verified
INV002873,2024-09-29,118636,sip,1833,Haryana,Gurugram,T30,18-25,Male,5.9,Net Banking,Verified
INV003521,2024-09-29,148569,sip,7838,Rajasthan,Jaipur,T30,46-55,Male,95.4,UPI,Verified
INV003161,2024-09-29,118634,sip,8896,Uttar Pradesh,Kanpur,B30,36-45,Female,30.2,Net Banking,Verified
INV004401,2024-09-29,120841,redemption,304728,Rajasthan,Udaipur,B30,26-35,Male,22.6,UPI,Verified
INV003319,2024-09-29,120504,sip,42080,Punjab,Chandigarh,T30,26-35,Male,12.8,Mandate,Verified
INV004638,2024-09-29,119092,lumpsum,118541,Delhi,New Delhi,T30,26-35,Male,6.3,Net Banking,Verified
INV002992,2024-09-29,119551,sip,2441,Tamil Nadu,Chennai,T30,26-35,Male,14.6,UPI,Pending
INV002035,2024-09-29,101208,lumpsum,180755,Tamil Nadu,Chennai,T30,36-45,Male,12.2,UPI,Verified
INV004100,2024-09-29,149322,redemption,336193,Delhi,Gurugram,T30,26-35,Male,20.7,UPI,Verified
INV003964,2024-09-29,148569,sip,7985,Punjab,Chandigarh,T30,26-35,Male,16.7,UPI,Verified
INV002858,2024-09-29,118636,sip,3167,Rajasthan,Udaipur,B30,26-35,Male,17.4,UPI,Verified
INV004009,2024-09-29,120505,sip,12768,Gujarat,Ahmedabad,T30,18-25,Male,5.6,Net Banking,Verified
INV001532,2024-09-29,120507,sip,5754,Madhya Pradesh,Bhopal,B30,36-45,Female,39.5,UPI,Verified
INV000827,2024-09-29,148569,sip,996,Maharashtra,Pune,T30,36-45,Male,28.8,UPI,Verified
INV001780,2024-09-29,118632,lumpsum,517699,Punjab,Amritsar,B30,46-55,Male,84.1,Net Banking,Verified
INV002869,2024-09-29,118633,sip,15037,Haryana,Faridabad,B30,26-35,Male,19.9,Cheque,Pending
INV000895,2024-09-29,120843,lumpsum,246941,Rajasthan,Udaipur,B30,26-35,Male,19.5,Net Banking,Verified
INV004038,2024-09-29,118634,lumpsum,84927,Gujarat,Surat,T30,26-35,Female,24.6,Cheque,Verified
INV004188,2024-09-29,102885,lumpsum,413673,Tamil Nadu,Chennai,T30,26-35,Male,7.4,Cheque,Verified
INV001733,2024-09-29,125498,sip,24497,Tamil Nadu,Coimbatore,B30,36-45,Female,29.5,Net Banking,Verified
INV002452,2024-09-29,120843,sip,11796,Uttar Pradesh,Kanpur,B30,18-25,Male,5.1,UPI,Verified
INV000371,2024-09-29,120503,sip,15135,Uttar Pradesh,Agra,B30,26-35,Male,14.6,Net Banking,Verified
INV001927,2024-09-29,125497,lumpsum,420978,Rajasthan,Jaipur,T30,56+,Male,58.7,Mandate,Verified
INV000563,2024-09-29,148569,sip,1612,Uttar Pradesh,Lucknow,T30,26-35,Male,15.5,Cheque,Pending
INV003251,2024-09-29,102886,sip,1114,Tamil Nadu,Coimbatore,B30,36-45,Female,52.4,Cheque,Verified
INV000767,2024-09-29,120506,sip,45004,Karnataka,Bangalore,T30,18-25,Female,5.2,Cheque,Verified
INV003519,2024-09-29,120505,lumpsum,120275,Madhya Pradesh,Indore,T30,26-35,Male,9.8,Net Banking,Verified
INV003638,2024-09-29,125498,sip,9936,West Bengal,Kolkata,T30,56+,Male,27.1,Net Banking,Pending
INV001545,2024-09-29,120507,lumpsum,269213,Madhya Pradesh,Bhopal,B30,26-35,Male,11.5,Cheque,Verified
INV003377,2024-09-29,119551,lumpsum,222568,Uttar Pradesh,Agra,B30,36-45,Male,53.9,Net Banking,Verified
INV003102,2024-09-29,125498,sip,9503,Maharashtra,Pune,T30,18-25,Male,4.3,Net Banking,Verified
INV003459,2024-09-29,148568,sip,8099,Karnataka,Mysore,B30,26-35,Female,23.5,UPI,Pending
INV001959,2024-09-29,119095,sip,2970,Tamil Nadu,Chennai,T30,18-25,Female,4.7,Net Banking,Verified
INV001553,2024-09-29,125497,lumpsum,159456,Delhi,Noida,T30,26-35,Male,23.5,Net Banking,Verified
INV001842,2024-09-29,102886,lumpsum,429947,Gujarat,Surat,T30,26-35,Male,14.4,UPI,Verified
INV003581,2024-09-29,120506,lumpsum,199512,Tamil Nadu,Coimbatore,B30,56+,Male,15.3,Net Banking,Verified
INV003280,2024-09-29,120506,sip,5596,Haryana,Faridabad,B30,26-35,Female,9.0,Mandate,Verified
INV004459,2024-09-30,118634,sip,11155,Maharashtra,Pune,T30,26-35,Female,9.2,Net Banking,Verified
INV004927,2024-09-30,119120,lumpsum,231152,Maharashtra,Nashik,B30,26-35,Male,19.5,Cheque,Verified
INV003987,2024-09-30,120844,sip,511,Tamil Nadu,Coimbatore,B30,26-35,Female,24.1,Mandate,Verified
INV003091,2024-09-30,102887,sip,2205,Delhi,New Delhi,T30,36-45,Female,36.4,UPI,Verified
INV001979,2024-09-30,119092,lumpsum,364500,Maharashtra,Pune,T30,26-35,Male,12.2,Net Banking,Verified
INV003332,2024-09-30,148568,redemption,179462,Uttar Pradesh,Kanpur,B30,46-55,Male,83.2,UPI,Verified
INV001123,2024-09-30,100025,sip,9166,Uttar Pradesh,Lucknow,T30,26-35,Male,23.9,Mandate,Verified
INV000310,2024-09-30,148567,sip,17638,Delhi,Noida,T30,36-45,Male,58.4,Cheque,Verified
INV001130,2024-09-30,119598,sip,14837,Rajasthan,Jaipur,T30,18-25,Female,3.2,UPI,Pending
INV000274,2024-09-30,119092,sip,10925,Uttar Pradesh,Kanpur,B30,26-35,Male,23.7,Net Banking,Verified
INV003254,2024-09-30,119094,sip,21170,Uttar Pradesh,Lucknow,T30,26-35,Male,9.5,Cheque,Verified
INV000041,2024-09-30,120503,sip,2747,Karnataka,Mysore,B30,46-55,Male,25.0,UPI,Verified
INV004078,2024-09-30,102885,sip,1139,Delhi,Noida,T30,18-25,Male,3.8,Net Banking,Verified
INV003473,2024-09-30,118633,sip,11694,Telangana,Hyderabad,T30,26-35,Male,16.5,UPI,Verified
INV002298,2024-09-30,101207,sip,16445,Maharashtra,Nashik,B30,56+,Male,45.3,Mandate,Verified
INV003070,2024-09-30,119598,sip,8085,West Bengal,Kolkata,T30,26-35,Male,23.7,Mandate,Verified
INV001997,2024-09-30,120843,sip,2175,Delhi,New Delhi,T30,56+,Female,24.8,UPI,Verified
INV000235,2024-09-30,101207,lumpsum,279462,Delhi,New Delhi,T30,26-35,Male,8.5,Net Banking,Verified
INV000522,2024-09-30,119598,redemption,346397,Punjab,Chandigarh,T30,26-35,Female,10.8,Mandate,Verified
INV004745,2024-09-30,119598,redemption,83580,West Bengal,Kolkata,T30,18-25,Male,5.2,Net Banking,Verified
INV003848,2024-09-30,118634,sip,1733,Telangana,Hyderabad,T30,26-35,Male,24.0,Mandate,Verified
INV001369,2024-09-30,120503,sip,58820,Gujarat,Ahmedabad,T30,46-55,Male,83.8,Net Banking,Verified
INV000414,2024-09-30,120503,sip,2445,Tamil Nadu,Chennai,T30,36-45,Male,21.9,Mandate,Verified
INV000660,2024-09-30,149323,sip,13551,Punjab,Chandigarh,T30,36-45,Male,14.1,Net Banking,Verified
INV004901,2024-09-30,119120,lumpsum,6086,Haryana,Gurugram,T30,26-35,Female,10.8,Net Banking,Pending
INV004120,2024-09-30,148569,sip,401,Telangana,Hyderabad,T30,18-25,Male,7.2,UPI,Verified
INV002602,2024-09-30,149324,sip,11084,Gujarat,Surat,T30,56+,Female,45.7,Cheque,Verified
INV001598,2024-09-30,119598,lumpsum,353382,Tamil Nadu,Coimbatore,B30,36-45,Male,48.2,Net Banking,Verified
INV002997,2024-09-30,101206,lumpsum,180674,West Bengal,Kolkata,T30,26-35,Male,23.7,Mandate,Verified
INV003230,2024-09-30,148567,lumpsum,70029,Punjab,Amritsar,B30,18-25,Female,3.2,UPI,Verified
INV000865,2024-09-30,120844,sip,8286,Tamil Nadu,Coimbatore,B30,26-35,Male,24.2,Cheque,Verified
INV003630,2024-09-30,120507,sip,2045,Karnataka,Bangalore,T30,18-25,Female,4.9,Net Banking,Verified
INV003767,2024-09-30,148567,sip,20746,Madhya Pradesh,Bhopal,B30,36-45,Female,13.6,UPI,Verified
INV004790,2024-09-30,119094,redemption,577138,Tamil Nadu,Coimbatore,B30,18-25,Male,3.4,Mandate,Verified
INV000130,2024-09-30,120842,lumpsum,334322,Madhya Pradesh,Indore,T30,56+,Female,69.4,Net Banking,Verified
INV002942,2024-09-30,125498,sip,2470,Delhi,Noida,T30,36-45,Male,27.8,Mandate,Verified
INV001037,2024-09-30,100033,sip,7989,Haryana,Faridabad,B30,36-45,Female,41.8,Net Banking,Verified
INV000881,2024-09-30,119095,sip,5294,Uttar Pradesh,Agra,B30,26-35,Male,17.1,UPI,Verified
INV003601,2024-09-30,119551,sip,3580,Haryana,Faridabad,B30,26-35,Female,17.0,Net Banking,Pending
INV002315,2024-09-30,119552,sip,1057,Haryana,Faridabad,B30,18-25,Male,6.4,Mandate,Verified
INV004403,2024-09-30,120844,sip,1734,West Bengal,Kolkata,T30,26-35,Male,17.6,UPI,Verified
INV004334,2024-09-30,148567,lumpsum,267646,Punjab,Amritsar,B30,26-35,Female,6.6,Cheque,Verified
INV001423,2024-09-30,120506,sip,2605,Madhya Pradesh,Bhopal,B30,18-25,Female,7.7,Net Banking,Verified
INV001711,2024-09-30,119120,sip,2303,Madhya Pradesh,Bhopal,B30,46-55,Male,99.0,Cheque,Verified
INV003192,2024-09-30,120507,sip,15087,Uttar Pradesh,Lucknow,T30,26-35,Male,22.2,Net Banking,Verified
INV000634,2024-09-30,120844,sip,20815,Karnataka,Bangalore,T30,26-35,Female,22.7,Mandate,Verified
INV001343,2024-09-30,120506,sip,7719,Gujarat,Surat,T30,18-25,Female,6.9,Mandate,Verified
INV003767,2024-09-30,119093,lumpsum,257531,Madhya Pradesh,Bhopal,B30,36-45,Female,13.6,Net Banking,Pending
INV003977,2024-09-30,120507,sip,2442,Rajasthan,Udaipur,B30,46-55,Male,77.8,UPI,Pending
INV001544,2024-09-30,120505,redemption,264791,Uttar Pradesh,Kanpur,B30,18-25,Female,5.9,UPI,Verified
INV000666,2024-09-30,120505,sip,13939,Maharashtra,Mumbai,T30,36-45,Male,49.7,Cheque,Verified
INV001847,2024-09-30,120507,lumpsum,151400,Maharashtra,Nashik,B30,56+,Male,53.4,UPI,Verified
INV004064,2024-09-30,119120,redemption,296708,Uttar Pradesh,Lucknow,T30,26-35,Male,16.1,Net Banking,Verified
INV002590,2024-09-30,119092,sip,3059,West Bengal,Kolkata,T30,36-45,Male,45.1,Mandate,Verified
INV003599,2024-09-30,120842,sip,50100,Madhya Pradesh,Indore,T30,46-55,Male,43.2,UPI,Pending
INV001512,2024-09-30,100033,redemption,349380,Haryana,Gurugram,T30,46-55,Male,49.4,Mandate,Verified
INV002463,2024-09-30,119599,sip,7980,Punjab,Amritsar,B30,18-25,Male,7.0,Net Banking,Verified
INV000268,2024-09-30,118634,sip,2230,Haryana,Gurugram,T30,18-25,Female,4.7,Mandate,Verified
INV001988,2024-09-30,100033,lumpsum,57531,Karnataka,Bangalore,T30,26-35,Male,17.7,Mandate,Verified
INV000173,2024-09-30,101208,sip,508,Maharashtra,Mumbai,T30,26-35,Male,7.6,UPI,Verified
INV000261,2024-09-30,118634,lumpsum,378713,Gujarat,Ahmedabad,T30,18-25,Male,3.5,UPI,Verified
INV001406,2024-09-30,120503,sip,2012,Telangana,Hyderabad,T30,46-55,Male,86.0,Net Banking,Verified
INV002188,2024-09-30,100025,redemption,233184,Rajasthan,Jaipur,T30,26-35,Male,19.1,UPI,Verified
INV003526,2024-10-01,102887,redemption,77919,Maharashtra,Nashik,B30,36-45,Male,24.2,Cheque,Verified
INV003732,2024-10-01,149322,redemption,381910,West Bengal,Kolkata,T30,36-45,Male,56.1,UPI,Verified
INV000806,2024-10-01,118636,redemption,146027,Maharashtra,Pune,T30,46-55,Male,90.4,UPI,Verified
INV003400,2024-10-01,119092,sip,2274,Tamil Nadu,Coimbatore,B30,36-45,Female,15.0,Cheque,Verified
INV002341,2024-10-01,119120,sip,2792,West Bengal,Kolkata,T30,36-45,Female,50.8,Cheque,Verified
INV000556,2024-10-01,118634,lumpsum,110149,Rajasthan,Udaipur,B30,18-25,Male,7.2,Mandate,Verified
INV003178,2024-10-01,100016,sip,4783,Telangana,Hyderabad,T30,46-55,Female,60.9,UPI,Verified
INV003091,2024-10-01,148567,sip,2184,Delhi,New Delhi,T30,36-45,Female,36.4,Cheque,Verified
INV002034,2024-10-01,119551,lumpsum,149312,Uttar Pradesh,Lucknow,T30,26-35,Male,10.0,UPI,Verified
INV001195,2024-10-01,125497,sip,556,Gujarat,Surat,T30,26-35,Male,6.4,UPI,Verified
INV000864,2024-10-01,120844,redemption,226094,Tamil Nadu,Chennai,T30,26-35,Female,24.9,Cheque,Verified
INV004050,2024-10-01,119120,sip,47449,West Bengal,Kolkata,T30,26-35,Male,15.5,UPI,Verified
INV003620,2024-10-01,120504,sip,570,Uttar Pradesh,Kanpur,B30,36-45,Female,15.7,Cheque,Verified
INV003938,2024-10-01,148567,lumpsum,182564,Delhi,Gurugram,T30,36-45,Female,15.3,UPI,Verified
INV002055,2024-10-01,125498,sip,1781,Punjab,Amritsar,B30,26-35,Male,18.7,UPI,Verified
INV001912,2024-10-01,118632,sip,42100,Haryana,Gurugram,T30,26-35,Male,10.4,Cheque,Verified
INV000897,2024-10-01,101207,sip,8368,Maharashtra,Nashik,B30,36-45,Male,22.3,Mandate,Verified
INV002626,2024-10-01,118636,sip,11389,Karnataka,Bangalore,T30,36-45,Male,29.4,UPI,Verified
INV004631,2024-10-01,100025,sip,44268,Tamil Nadu,Chennai,T30,36-45,Female,20.2,Net Banking,Verified
INV002954,2024-10-01,120842,lumpsum,250823,Delhi,New Delhi,T30,26-35,Female,6.0,Mandate,Pending
INV001798,2024-10-01,120503,sip,49064,Tamil Nadu,Chennai,T30,36-45,Female,21.3,Net Banking,Verified
INV001310,2024-10-01,100025,lumpsum,26894,Telangana,Hyderabad,T30,46-55,Male,83.6,Net Banking,Verified
INV002671,2024-10-01,118634,lumpsum,95262,Madhya Pradesh,Indore,T30,18-25,Male,6.3,Net Banking,Verified
INV001515,2024-10-01,102887,lumpsum,255085,Tamil Nadu,Coimbatore,B30,18-25,Male,7.4,UPI,Verified
INV003791,2024-10-01,119598,sip,10477,Tamil Nadu,Coimbatore,B30,46-55,Male,77.4,Net Banking,Verified
INV001833,2024-10-01,120507,lumpsum,509368,Karnataka,Bangalore,T30,36-45,Female,28.4,Net Banking,Verified
INV004404,2024-10-01,125497,sip,5017,Telangana,Hyderabad,T30,26-35,Male,22.1,UPI,Verified
INV000877,2024-10-01,119552,sip,515,Telangana,Hyderabad,T30,36-45,Female,15.8,Mandate,Verified
INV003596,2024-10-01,118634,redemption,48927,Punjab,Chandigarh,T30,18-25,Male,3.8,UPI,Verified
INV000853,2024-10-01,102885,sip,8628,Punjab,Chandigarh,T30,26-35,Female,8.0,Net Banking,Pending
INV003568,2024-10-01,119120,sip,9738,Tamil Nadu,Chennai,T30,18-25,Female,5.3,UPI,Verified
INV003321,2024-10-01,119094,lumpsum,429882,Karnataka,Bangalore,T30,46-55,Male,22.5,Mandate,Verified
INV001460,2024-10-01,118633,redemption,234257,Uttar Pradesh,Kanpur,B30,36-45,Male,45.4,UPI,Verified
INV001823,2024-10-01,120504,sip,931,Tamil Nadu,Coimbatore,B30,26-35,Male,17.1,Net Banking,Verified
INV003057,2024-10-01,102887,sip,9700,Punjab,Chandigarh,T30,18-25,Male,6.4,Net Banking,Verified
INV000701,2024-10-01,125498,lumpsum,330699,West Bengal,Kolkata,T30,36-45,Female,55.6,Mandate,Verified
INV001076,2024-10-01,101208,lumpsum,252004,Delhi,Noida,T30,26-35,Female,6.2,Cheque,Verified
INV004365,2024-10-01,120841,lumpsum,190733,Delhi,Gurugram,T30,26-35,Male,19.4,Cheque,Verified
INV003787,2024-10-01,118632,lumpsum,87871,Karnataka,Mysore,B30,46-55,Male,29.3,Cheque,Verified
INV002248,2024-10-01,118633,lumpsum,240803,Delhi,New Delhi,T30,26-35,Male,8.1,UPI,Verified
INV004130,2024-10-01,119120,sip,2286,Punjab,Amritsar,B30,36-45,Male,57.9,Cheque,Verified
INV001242,2024-10-01,100025,sip,4577,Tamil Nadu,Chennai,T30,36-45,Male,57.8,UPI,Verified
INV002416,2024-10-01,100025,sip,440,Telangana,Hyderabad,T30,26-35,Female,15.2,Mandate,Verified
INV000785,2024-10-01,148568,redemption,391035,Tamil Nadu,Chennai,T30,36-45,Male,31.1,UPI,Verified
INV003384,2024-10-01,119120,redemption,562392,Tamil Nadu,Coimbatore,B30,36-45,Male,51.8,Mandate,Verified
INV002407,2024-10-01,120505,sip,17552,West Bengal,Kolkata,T30,36-45,Male,35.9,UPI,Verified
INV001063,2024-10-01,118636,redemption,435912,Haryana,Faridabad,B30,26-35,Male,24.1,UPI,Verified
INV004970,2024-10-01,118636,sip,23915,Maharashtra,Nashik,B30,36-45,Female,27.6,UPI,Verified
INV000531,2024-10-01,148569,sip,1180,Delhi,Gurugram,T30,56+,Male,64.9,UPI,Verified
INV001811,2024-10-01,101207,sip,2639,Punjab,Amritsar,B30,18-25,Male,7.8,UPI,Verified
INV003446,2024-10-01,101207,sip,457,Delhi,New Delhi,T30,36-45,Male,14.5,Net Banking,Verified
INV004266,2024-10-01,101207,lumpsum,344707,Delhi,New Delhi,T30,36-45,Male,35.9,Cheque,Verified
INV002935,2024-10-01,118632,sip,979,Madhya Pradesh,Indore,T30,18-25,Male,5.6,Net Banking,Verified
INV002927,2024-10-01,120842,sip,3348,Punjab,Amritsar,B30,56+,Male,29.1,UPI,Verified
INV002831,2024-10-01,120507,sip,12630,Telangana,Hyderabad,T30,56+,Female,78.0,Mandate,Verified
INV001103,2024-10-01,120841,redemption,414755,Karnataka,Mysore,B30,26-35,Female,6.4,Mandate,Verified
INV004919,2024-10-01,120503,sip,9971,Telangana,Hyderabad,T30,26-35,Male,6.6,UPI,Verified
INV000304,2024-10-01,148567,sip,5704,West Bengal,Kolkata,T30,36-45,Male,25.6,Mandate,Verified
INV003167,2024-10-01,120503,sip,2887,Telangana,Hyderabad,T30,26-35,Male,19.8,Net Banking,Verified
INV002038,2024-10-01,119599,lumpsum,412687,Madhya Pradesh,Bhopal,B30,26-35,Male,20.6,Mandate,Verified
INV001077,2024-10-01,102885,sip,2710,Uttar Pradesh,Lucknow,T30,26-35,Male,6.4,UPI,Verified
INV004769,2024-10-01,120842,lumpsum,77057,Punjab,Amritsar,B30,46-55,Female,25.3,UPI,Verified
INV004297,2024-10-01,149322,sip,11877,Karnataka,Bangalore,T30,36-45,Female,19.5,Mandate,Verified
INV000871,2024-10-01,101208,sip,43302,Gujarat,Surat,T30,36-45,Male,55.8,UPI,Verified
INV001326,2024-10-01,120505,sip,1988,Rajasthan,Udaipur,B30,46-55,Male,54.9,Net Banking,Verified
INV001021,2024-10-01,125497,sip,7669,Maharashtra,Mumbai,T30,56+,Male,50.5,Cheque,Verified
INV002467,2024-10-01,100025,sip,21251,Punjab,Chandigarh,T30,36-45,Male,12.3,UPI,Pending
INV000335,2024-10-01,120844,redemption,191839,Maharashtra,Mumbai,T30,26-35,Male,11.6,UPI,Verified
INV004978,2024-10-01,100033,sip,12983,Uttar Pradesh,Lucknow,T30,46-55,Male,34.3,UPI,Verified
INV004823,2024-10-01,119092,lumpsum,371623,Rajasthan,Jaipur,T30,36-45,Female,52.6,UPI,Pending
INV004300,2024-10-01,119120,sip,2348,West Bengal,Kolkata,T30,26-35,Male,12.4,Cheque,Verified
INV003027,2024-10-02,120503,redemption,7181,Telangana,Hyderabad,T30,26-35,Male,20.8,UPI,Verified
INV003055,2024-10-02,119552,redemption,285056,Madhya Pradesh,Indore,T30,26-35,Female,18.0,Mandate,Verified
INV003968,2024-10-02,120507,lumpsum,377608,Maharashtra,Mumbai,T30,46-55,Female,58.7,Mandate,Verified
INV004143,2024-10-02,118632,lumpsum,461347,Gujarat,Ahmedabad,T30,18-25,Male,7.4,UPI,Verified
INV001741,2024-10-02,102885,lumpsum,436070,Rajasthan,Udaipur,B30,36-45,Male,52.8,UPI,Verified
INV003189,2024-10-02,102885,sip,2572,Tamil Nadu,Chennai,T30,36-45,Female,44.6,Cheque,Verified
INV004427,2024-10-02,119599,sip,2478,Punjab,Amritsar,B30,36-45,Female,54.2,Net Banking,Verified
INV002426,2024-10-02,101208,sip,1917,Haryana,Faridabad,B30,26-35,Male,10.9,Mandate,Verified
INV002184,2024-10-02,101206,redemption,28748,Uttar Pradesh,Agra,B30,36-45,Female,38.1,Mandate,Verified
INV000409,2024-10-02,148567,redemption,106838,Delhi,New Delhi,T30,26-35,Male,10.7,Mandate,Verified
INV002382,2024-10-02,119120,sip,16220,Maharashtra,Mumbai,T30,26-35,Male,18.5,Net Banking,Verified
INV002639,2024-10-02,119092,sip,2766,Gujarat,Ahmedabad,T30,36-45,Male,20.7,Cheque,Verified
INV003581,2024-10-02,101208,sip,1870,Tamil Nadu,Coimbatore,B30,56+,Male,15.3,Net Banking,Pending
INV000932,2024-10-02,149323,lumpsum,222670,Rajasthan,Udaipur,B30,46-55,Male,97.0,Mandate,Verified
INV004893,2024-10-02,120504,redemption,134281,Delhi,Gurugram,T30,36-45,Male,32.6,Mandate,Verified
INV003217,2024-10-02,120844,sip,47848,Delhi,Noida,T30,56+,Male,18.3,Net Banking,Verified
INV004225,2024-10-02,120844,sip,3211,Karnataka,Bangalore,T30,26-35,Male,24.8,UPI,Verified
INV003018,2024-10-02,119093,sip,6341,Delhi,Gurugram,T30,36-45,Male,14.1,Net Banking,Verified
INV000927,2024-10-02,118635,sip,40090,West Bengal,Kolkata,T30,46-55,Male,80.9,Net Banking,Verified
INV000623,2024-10-02,148567,lumpsum,159191,Tamil Nadu,Chennai,T30,46-55,Male,48.9,Net Banking,Verified
INV002185,2024-10-02,120842,sip,26628,Punjab,Chandigarh,T30,26-35,Male,21.0,Mandate,Verified
INV002890,2024-10-02,100025,lumpsum,261263,Rajasthan,Jaipur,T30,36-45,Female,49.2,Mandate,Verified
INV004287,2024-10-02,149322,redemption,78995,Gujarat,Surat,T30,26-35,Female,18.1,UPI,Verified
INV001802,2024-10-02,119095,sip,42022,Punjab,Chandigarh,T30,46-55,Male,77.7,UPI,Verified
INV001663,2024-10-02,120843,sip,9465,Gujarat,Surat,T30,36-45,Female,29.2,Cheque,Verified
INV001640,2024-10-02,102887,sip,21413,Rajasthan,Jaipur,T30,36-45,Female,52.6,UPI,Verified
INV002185,2024-10-02,148569,redemption,225600,Punjab,Chandigarh,T30,26-35,Male,21.0,Cheque,Verified
INV004592,2024-10-02,119092,sip,53895,Maharashtra,Pune,T30,36-45,Male,56.6,Cheque,Verified
INV001800,2024-10-02,102886,sip,8787,Tamil Nadu,Chennai,T30,26-35,Female,12.8,Net Banking,Verified
INV001498,2024-10-02,120844,lumpsum,240827,Gujarat,Ahmedabad,T30,36-45,Male,34.7,Net Banking,Pending
INV004804,2024-10-02,100025,lumpsum,443401,Maharashtra,Mumbai,T30,36-45,Male,44.1,Cheque,Verified
INV002981,2024-10-02,120843,redemption,101381,Maharashtra,Mumbai,T30,18-25,Female,7.3,Cheque,Pending
INV000377,2024-10-02,149323,sip,9816,Karnataka,Bangalore,T30,26-35,Male,19.8,Cheque,Verified
INV001604,2024-10-02,120506,sip,27788,Haryana,Gurugram,T30,56+,Male,33.9,Mandate,Verified
INV004885,2024-10-02,118633,sip,5350,Punjab,Amritsar,B30,26-35,Male,11.7,Mandate,Verified
INV004224,2024-10-02,100016,sip,3544,Haryana,Faridabad,B30,56+,Male,34.4,Net Banking,Verified
INV001641,2024-10-02,102885,sip,2214,Haryana,Faridabad,B30,26-35,Male,15.4,Mandate,Verified
INV003891,2024-10-02,148568,sip,14181,Telangana,Hyderabad,T30,26-35,Male,21.8,Mandate,Verified
INV003655,2024-10-02,120506,sip,58686,Madhya Pradesh,Bhopal,B30,36-45,Female,24.9,UPI,Verified
INV001770,2024-10-02,120507,sip,4059,Telangana,Hyderabad,T30,18-25,Male,6.3,Cheque,Verified
INV004393,2024-10-02,148569,redemption,120021,Telangana,Hyderabad,T30,26-35,Female,21.5,UPI,Verified
INV002941,2024-10-02,148568,sip,878,Rajasthan,Udaipur,B30,36-45,Female,59.2,Mandate,Verified
INV001259,2024-10-02,101206,lumpsum,179232,Telangana,Hyderabad,T30,26-35,Female,10.6,Net Banking,Verified
INV002352,2024-10-02,102886,sip,1865,Uttar Pradesh,Lucknow,T30,56+,Male,28.1,Net Banking,Verified
INV000163,2024-10-02,100025,sip,1051,Uttar Pradesh,Kanpur,B30,46-55,Male,70.4,Net Banking,Verified
INV001189,2024-10-02,118635,lumpsum,23928,Maharashtra,Nashik,B30,56+,Male,70.1,UPI,Verified
INV002151,2024-10-02,119095,sip,1195,Rajasthan,Jaipur,T30,26-35,Female,18.1,Cheque,Verified
INV000098,2024-10-02,148569,sip,2712,Telangana,Hyderabad,T30,36-45,Male,33.8,Cheque,Pending
INV003937,2024-10-02,118633,sip,15218,Maharashtra,Nashik,B30,56+,Male,31.8,Mandate,Verified
INV000005,2024-10-02,148569,sip,599,Punjab,Amritsar,B30,26-35,Female,10.4,UPI,Verified
INV000410,2024-10-02,120507,sip,25930,Rajasthan,Jaipur,T30,18-25,Female,5.3,Mandate,Verified
INV001217,2024-10-02,118632,sip,8345,Rajasthan,Jaipur,T30,26-35,Male,21.5,Cheque,Verified
INV003737,2024-10-02,119093,sip,489,Punjab,Chandigarh,T30,18-25,Male,4.4,Net Banking,Verified
INV003698,2024-10-02,100025,redemption,537095,Madhya Pradesh,Bhopal,B30,36-45,Female,41.5,UPI,Verified
INV000509,2024-10-02,125498,sip,4041,Madhya Pradesh,Bhopal,B30,56+,Male,26.5,Net Banking,Verified
INV000330,2024-10-02,119598,sip,47798,Madhya Pradesh,Bhopal,B30,26-35,Female,11.9,UPI,Verified
INV003889,2024-10-02,148568,lumpsum,407278,Rajasthan,Udaipur,B30,46-55,Male,42.6,Mandate,Verified
INV002951,2024-10-02,101207,sip,14784,Karnataka,Bangalore,T30,36-45,Male,58.6,Mandate,Verified
INV000054,2024-10-02,118633,sip,2671,Telangana,Hyderabad,T30,46-55,Female,37.5,UPI,Verified
INV004426,2024-10-02,102887,redemption,80332,Rajasthan,Jaipur,T30,26-35,Male,10.4,Mandate,Verified
INV004967,2024-10-02,119552,sip,2153,Telangana,Hyderabad,T30,26-35,Male,14.3,Cheque,Verified
INV000890,2024-10-02,101206,sip,807,Karnataka,Bangalore,T30,26-35,Male,13.5,UPI,Verified
INV002565,2024-10-02,102886,redemption,502342,Rajasthan,Jaipur,T30,26-35,Male,10.0,UPI,Verified
INV002065,2024-10-02,148567,sip,4495,Rajasthan,Udaipur,B30,46-55,Male,78.6,Mandate,Pending
INV002754,2024-10-02,148569,sip,594,Karnataka,Bangalore,T30,46-55,Male,82.6,Net Banking,Verified
INV003705,2024-10-02,120503,lumpsum,24433,Telangana,Hyderabad,T30,26-35,Male,8.0,UPI,Verified
INV001435,2024-10-02,149323,sip,4220,Telangana,Hyderabad,T30,36-45,Female,27.7,UPI,Verified
INV000082,2024-10-02,149324,lumpsum,330736,Rajasthan,Udaipur,B30,26-35,Female,19.6,Cheque,Verified
INV002348,2024-10-03,120503,sip,852,Uttar Pradesh,Agra,B30,26-35,Male,13.4,Cheque,Pending
INV000170,2024-10-03,100025,redemption,176365,Haryana,Gurugram,T30,36-45,Female,12.4,UPI,Verified
INV001280,2024-10-03,120505,redemption,237602,Rajasthan,Jaipur,T30,18-25,Male,4.7,UPI,Pending
INV003805,2024-10-03,120505,sip,11298,Madhya Pradesh,Indore,T30,26-35,Female,17.0,UPI,Verified
INV002751,2024-10-03,119599,sip,5289,Delhi,New Delhi,T30,36-45,Male,45.4,Cheque,Verified
INV000508,2024-10-03,119095,lumpsum,300419,Karnataka,Bangalore,T30,36-45,Female,12.8,Cheque,Verified
INV004454,2024-10-03,119095,redemption,362111,West Bengal,Kolkata,T30,36-45,Male,37.4,UPI,Verified
INV002056,2024-10-03,148567,lumpsum,306809,Madhya Pradesh,Bhopal,B30,18-25,Female,3.4,Cheque,Verified
INV004963,2024-10-03,149323,sip,1634,Delhi,Noida,T30,36-45,Female,59.6,Cheque,Verified
INV001244,2024-10-03,119552,sip,2784,Uttar Pradesh,Agra,B30,26-35,Male,20.0,UPI,Verified
INV003276,2024-10-03,149324,lumpsum,128392,Telangana,Hyderabad,T30,46-55,Male,45.0,Net Banking,Verified
INV003262,2024-10-03,101207,sip,55124,Telangana,Hyderabad,T30,46-55,Male,80.2,UPI,Verified
INV002882,2024-10-03,118636,lumpsum,196218,Gujarat,Ahmedabad,T30,36-45,Male,52.7,Mandate,Verified
INV004489,2024-10-03,119095,redemption,191326,Haryana,Faridabad,B30,26-35,Male,15.2,Cheque,Verified
INV003041,2024-10-03,120506,lumpsum,310721,Madhya Pradesh,Bhopal,B30,36-45,Male,32.0,Mandate,Verified
INV002575,2024-10-03,120844,sip,5309,West Bengal,Kolkata,T30,18-25,Male,7.9,Cheque,Verified
INV004502,2024-10-03,148568,lumpsum,25318,Rajasthan,Udaipur,B30,36-45,Male,59.0,UPI,Verified
INV000489,2024-10-03,119598,sip,21836,Uttar Pradesh,Agra,B30,18-25,Male,7.4,Net Banking,Verified
INV000531,2024-10-03,101207,sip,15229,Delhi,Gurugram,T30,56+,Male,64.9,UPI,Pending
INV004825,2024-10-03,120507,sip,2367,Delhi,Noida,T30,56+,Male,15.3,UPI,Verified
INV000931,2024-10-03,148569,sip,5425,Tamil Nadu,Coimbatore,B30,26-35,Male,11.3,Net Banking,Verified
INV004472,2024-10-03,120504,lumpsum,219390,West Bengal,Kolkata,T30,26-35,Female,19.1,Mandate,Verified
INV003673,2024-10-03,101206,sip,10786,Maharashtra,Mumbai,T30,26-35,Male,23.5,Cheque,Verified
INV002888,2024-10-03,119599,sip,1899,Rajasthan,Udaipur,B30,26-35,Male,9.2,Net Banking,Verified
INV001202,2024-10-03,119094,sip,1164,Karnataka,Bangalore,T30,26-35,Male,11.3,Mandate,Verified
INV000252,2024-10-03,101208,sip,539,Gujarat,Surat,T30,46-55,Female,24.4,Cheque,Verified
INV003950,2024-10-03,101206,redemption,316956,Madhya Pradesh,Bhopal,B30,26-35,Male,11.1,UPI,Verified
INV004476,2024-10-03,118635,lumpsum,93783,Gujarat,Surat,T30,26-35,Male,9.3,Net Banking,Verified
INV001797,2024-10-03,102887,sip,8767,Punjab,Amritsar,B30,26-35,Female,6.8,UPI,Verified
INV002183,2024-10-03,118632,lumpsum,184844,Uttar Pradesh,Kanpur,B30,46-55,Female,98.2,Mandate,Verified
INV002222,2024-10-03,100016,lumpsum,200435,Punjab,Amritsar,B30,26-35,Male,8.7,Net Banking,Verified
INV002395,2024-10-03,120843,sip,2830,West Bengal,Kolkata,T30,26-35,Male,13.0,Net Banking,Verified
INV001625,2024-10-03,119095,sip,2513,Uttar Pradesh,Kanpur,B30,46-55,Female,78.2,UPI,Verified
INV000439,2024-10-03,118636,lumpsum,86180,Rajasthan,Udaipur,B30,56+,Male,23.4,UPI,Verified
INV003883,2024-10-03,102887,redemption,471023,West Bengal,Kolkata,T30,26-35,Male,6.7,Net Banking,Verified
INV003153,2024-10-03,118634,sip,598,Madhya Pradesh,Indore,T30,36-45,Female,20.5,Cheque,Verified
INV000002,2024-10-03,101207,lumpsum,203094,Maharashtra,Pune,T30,46-55,Male,24.0,Cheque,Verified
INV002726,2024-10-03,120504,sip,12204,Gujarat,Ahmedabad,T30,36-45,Male,16.9,Cheque,Verified
INV000902,2024-10-03,119552,sip,5364,Maharashtra,Mumbai,T30,26-35,Female,6.0,Cheque,Verified
INV000693,2024-10-03,119599,lumpsum,129175,Haryana,Faridabad,B30,26-35,Male,11.0,Net Banking,Verified
INV001645,2024-10-03,148567,sip,2556,Uttar Pradesh,Kanpur,B30,46-55,Male,77.5,Cheque,Verified
INV003115,2024-10-03,102887,sip,29775,Gujarat,Surat,T30,26-35,Male,23.9,Cheque,Verified
INV003273,2024-10-03,120503,sip,4508,Haryana,Faridabad,B30,36-45,Male,18.3,Cheque,Verified
INV004369,2024-10-03,119551,lumpsum,277715,West Bengal,Kolkata,T30,26-35,Male,16.8,Net Banking,Verified
INV003543,2024-10-03,118634,redemption,214226,Maharashtra,Nashik,B30,26-35,Male,8.3,Mandate,Verified
INV002701,2024-10-03,100016,redemption,491969,Rajasthan,Jaipur,T30,26-35,Male,11.6,Mandate,Verified
INV004310,2024-10-03,102885,sip,2015,Telangana,Hyderabad,T30,36-45,Male,18.3,Net Banking,Verified
INV002969,2024-10-03,149322,redemption,34375,Karnataka,Bangalore,T30,26-35,Male,15.4,Mandate,Verified
INV000104,2024-10-03,125498,sip,2632,Madhya Pradesh,Indore,T30,26-35,Male,8.1,Net Banking,Verified
INV004109,2024-10-03,120507,sip,55583,Uttar Pradesh,Lucknow,T30,56+,Female,59.8,Mandate,Verified
INV000105,2024-10-03,120842,sip,2911,Punjab,Chandigarh,T30,56+,Male,41.4,Net Banking,Verified
INV004574,2024-10-03,101207,sip,1145,Maharashtra,Mumbai,T30,36-45,Male,54.3,UPI,Verified
INV003448,2024-10-03,119095,lumpsum,544608,Rajasthan,Udaipur,B30,26-35,Male,16.4,UPI,Verified
INV000357,2024-10-03,101208,lumpsum,142925,Rajasthan,Udaipur,B30,26-35,Male,24.5,UPI,Verified
INV003738,2024-10-03,100016,sip,2194,Delhi,Noida,T30,26-35,Male,19.0,Net Banking,Verified
INV001448,2024-10-03,120844,sip,3108,Telangana,Hyderabad,T30,26-35,Female,14.2,UPI,Verified
INV004388,2024-10-03,119599,lumpsum,486132,Gujarat,Surat,T30,26-35,Female,10.3,Mandate,Verified
INV003936,2024-10-03,120844,redemption,570880,Punjab,Chandigarh,T30,36-45,Male,19.8,Cheque,Verified
INV002248,2024-10-03,149323,sip,9846,Delhi,New Delhi,T30,26-35,Male,8.1,Cheque,Verified
INV003408,2024-10-03,119599,lumpsum,271055,West Bengal,Kolkata,T30,18-25,Male,6.1,Net Banking,Verified
INV000999,2024-10-03,101208,sip,9701,Telangana,Hyderabad,T30,26-35,Male,15.6,UPI,Verified
INV002668,2024-10-03,100033,sip,4374,Delhi,Gurugram,T30,26-35,Male,9.8,Net Banking,Pending
INV000664,2024-10-03,125498,sip,2651,West Bengal,Kolkata,T30,26-35,Male,21.1,Mandate,Verified
INV004584,2024-10-03,120843,sip,411,Uttar Pradesh,Kanpur,B30,56+,Male,47.5,UPI,Verified
INV003817,2024-10-03,101208,lumpsum,194336,Gujarat,Surat,T30,26-35,Male,9.0,Mandate,Verified
INV003974,2024-10-03,149324,sip,13146,Maharashtra,Nashik,B30,46-55,Male,73.6,Net Banking,Verified
INV004651,2024-10-03,100033,sip,16149,Rajasthan,Udaipur,B30,46-55,Male,39.1,UPI,Verified
INV004511,2024-10-04,125497,sip,3472,Gujarat,Ahmedabad,T30,46-55,Female,43.6,Mandate,Verified
INV003713,2024-10-04,119551,sip,8616,West Bengal,Kolkata,T30,36-45,Female,29.9,Mandate,Verified
INV004058,2024-10-04,101208,sip,4814,Tamil Nadu,Chennai,T30,26-35,Male,22.5,Net Banking,Verified
INV003424,2024-10-04,102887,lumpsum,312768,Madhya Pradesh,Indore,T30,26-35,Female,19.7,Mandate,Verified
INV003660,2024-10-04,119093,sip,25923,Delhi,Noida,T30,26-35,Male,6.8,Net Banking,Verified
INV000919,2024-10-04,102887,sip,2080,Telangana,Hyderabad,T30,46-55,Male,49.7,Net Banking,Verified
INV003948,2024-10-04,119095,redemption,120218,Madhya Pradesh,Indore,T30,18-25,Female,7.5,Mandate,Verified
INV004113,2024-10-04,102885,sip,14087,Gujarat,Ahmedabad,T30,36-45,Male,51.8,UPI,Verified
INV003075,2024-10-04,102887,sip,3347,Delhi,Gurugram,T30,46-55,Male,83.5,Net Banking,Pending
INV004760,2024-10-04,119095,lumpsum,9436,Uttar Pradesh,Lucknow,T30,18-25,Male,4.8,Mandate,Verified
INV000374,2024-10-04,120506,sip,819,West Bengal,Kolkata,T30,18-25,Female,4.1,Mandate,Verified
INV000321,2024-10-04,148568,sip,2495,Maharashtra,Mumbai,T30,26-35,Male,24.2,Cheque,Verified
INV004540,2024-10-04,100033,lumpsum,361377,Punjab,Chandigarh,T30,36-45,Male,48.9,Net Banking,Verified
INV001741,2024-10-04,119120,lumpsum,341301,Rajasthan,Udaipur,B30,36-45,Male,52.8,Net Banking,Verified
INV003943,2024-10-04,119552,sip,3191,Telangana,Hyderabad,T30,46-55,Male,46.2,UPI,Verified
INV002742,2024-10-04,120841,lumpsum,136485,Uttar Pradesh,Kanpur,B30,46-55,Female,34.5,Cheque,Verified
INV001899,2024-10-04,101208,lumpsum,94988,Gujarat,Ahmedabad,T30,26-35,Male,7.6,Mandate,Verified
INV002831,2024-10-04,118633,sip,2514,Telangana,Hyderabad,T30,56+,Female,78.0,Net Banking,Pending
INV000597,2024-10-04,102886,sip,978,Gujarat,Surat,T30,46-55,Male,48.6,Cheque,Verified
INV001234,2024-10-04,125497,lumpsum,336124,Uttar Pradesh,Agra,B30,26-35,Male,24.4,Net Banking,Verified
INV000671,2024-10-04,119092,sip,3378,Uttar Pradesh,Agra,B30,36-45,Female,15.3,Cheque,Verified
INV001772,2024-10-04,118634,redemption,171231,Telangana,Hyderabad,T30,36-45,Male,31.2,Mandate,Verified
INV000344,2024-10-04,118632,sip,24721,Madhya Pradesh,Bhopal,B30,36-45,Male,56.7,Cheque,Verified
INV001712,2024-10-04,120841,sip,567,West Bengal,Kolkata,T30,18-25,Male,6.2,Cheque,Verified
INV003981,2024-10-04,118635,lumpsum,52707,Haryana,Faridabad,B30,46-55,Male,46.7,UPI,Verified
INV004414,2024-10-04,118632,sip,48290,Uttar Pradesh,Lucknow,T30,26-35,Male,6.6,Net Banking,Verified
INV004680,2024-10-04,119551,sip,8872,Punjab,Chandigarh,T30,36-45,Male,26.8,Mandate,Verified
INV000793,2024-10-04,120503,sip,7416,West Bengal,Kolkata,T30,26-35,Female,8.4,UPI,Verified
INV004704,2024-10-04,119120,sip,15296,Delhi,New Delhi,T30,26-35,Male,23.1,Net Banking,Verified
INV004290,2024-10-04,101207,lumpsum,465151,Gujarat,Ahmedabad,T30,46-55,Male,41.9,UPI,Verified
INV001837,2024-10-04,118635,lumpsum,350475,Uttar Pradesh,Agra,B30,18-25,Male,5.5,Mandate,Verified
INV002822,2024-10-04,101207,lumpsum,258759,Karnataka,Bangalore,T30,46-55,Male,79.5,Mandate,Verified
INV004611,2024-10-04,101207,sip,59137,Madhya Pradesh,Bhopal,B30,18-25,Female,6.1,Cheque,Verified
INV002576,2024-10-04,100025,lumpsum,430280,Telangana,Hyderabad,T30,26-35,Male,20.3,Net Banking,Verified
INV004591,2024-10-04,102885,lumpsum,201908,Tamil Nadu,Chennai,T30,26-35,Male,7.8,Net Banking,Verified
INV001002,2024-10-04,101208,sip,9288,Telangana,Hyderabad,T30,36-45,Male,52.5,Cheque,Verified
INV002669,2024-10-04,148569,sip,1198,Madhya Pradesh,Indore,T30,46-55,Male,50.4,UPI,Verified
INV001763,2024-10-04,101207,sip,9193,Uttar Pradesh,Lucknow,T30,46-55,Male,42.0,Net Banking,Pending
INV001058,2024-10-04,119094,sip,1744,Uttar Pradesh,Kanpur,B30,36-45,Male,28.2,Net Banking,Verified
INV002811,2024-10-04,101206,lumpsum,117441,Uttar Pradesh,Agra,B30,36-45,Male,43.7,Net Banking,Pending
INV004798,2024-10-04,102886,sip,9428,Madhya Pradesh,Bhopal,B30,26-35,Male,8.4,UPI,Verified
INV003179,2024-10-04,120841,sip,2418,Rajasthan,Jaipur,T30,36-45,Male,53.3,UPI,Verified
INV000574,2024-10-04,119094,sip,23240,Rajasthan,Jaipur,T30,46-55,Female,37.0,Cheque,Verified
INV002872,2024-10-04,102887,sip,11374,West Bengal,Kolkata,T30,36-45,Male,47.5,Mandate,Verified
INV002099,2024-10-04,119094,lumpsum,298085,Tamil Nadu,Chennai,T30,36-45,Female,34.9,UPI,Verified
INV004283,2024-10-04,119599,sip,8435,Telangana,Hyderabad,T30,26-35,Male,9.6,Net Banking,Verified
INV003467,2024-10-04,120506,redemption,281527,Madhya Pradesh,Indore,T30,46-55,Female,89.7,Net Banking,Pending
INV004244,2024-10-04,119599,sip,2849,Karnataka,Bangalore,T30,26-35,Male,16.8,Net Banking,Verified
INV001027,2024-10-04,101208,redemption,224669,West Bengal,Kolkata,T30,46-55,Female,62.7,Cheque,Verified
INV002041,2024-10-04,118632,sip,996,Madhya Pradesh,Indore,T30,26-35,Male,21.9,Cheque,Verified
INV000636,2024-10-04,125497,lumpsum,100887,Delhi,Noida,T30,46-55,Male,79.6,Net Banking,Verified
INV003112,2024-10-04,119095,sip,2171,Maharashtra,Pune,T30,26-35,Female,8.5,Cheque,Verified
INV004525,2024-10-04,102885,sip,1996,Haryana,Gurugram,T30,26-35,Male,11.4,UPI,Verified
INV001596,2024-10-04,120506,redemption,218835,Telangana,Hyderabad,T30,46-55,Male,61.3,UPI,Verified
INV003619,2024-10-04,120507,sip,8426,West Bengal,Kolkata,T30,18-25,Female,3.3,Mandate,Verified
INV003833,2024-10-04,149324,sip,56024,Delhi,New Delhi,T30,26-35,Male,11.7,Cheque,Verified
INV002401,2024-10-04,119552,sip,2140,West Bengal,Kolkata,T30,26-35,Male,20.9,Mandate,Verified
INV003322,2024-10-04,119552,redemption,82310,Rajasthan,Jaipur,T30,26-35,Male,22.7,Mandate,Verified
INV000661,2024-10-04,125498,sip,984,Haryana,Faridabad,B30,36-45,Male,46.8,UPI,Verified
INV003977,2024-10-05,101208,redemption,189348,Rajasthan,Udaipur,B30,46-55,Male,77.8,Mandate,Verified
INV002984,2024-10-05,119552,sip,915,Delhi,Gurugram,T30,26-35,Male,18.1,Net Banking,Verified
INV000838,2024-10-05,119094,lumpsum,549362,Madhya Pradesh,Bhopal,B30,26-35,Male,21.9,Mandate,Verified
INV000005,2024-10-05,101207,lumpsum,357359,Punjab,Amritsar,B30,26-35,Female,10.4,Cheque,Verified
INV004506,2024-10-05,120842,sip,14229,Karnataka,Mysore,B30,46-55,Male,76.9,Mandate,Verified
INV004984,2024-10-05,120841,lumpsum,158979,Uttar Pradesh,Agra,B30,46-55,Female,78.8,UPI,Pending
INV003142,2024-10-05,148569,sip,2288,West Bengal,Kolkata,T30,26-35,Male,12.5,Mandate,Verified
INV001699,2024-10-05,100033,redemption,295919,Madhya Pradesh,Indore,T30,26-35,Male,24.6,Net Banking,Verified
INV002401,2024-10-05,120507,lumpsum,159092,West Bengal,Kolkata,T30,26-35,Male,20.9,Mandate,Verified
INV004065,2024-10-05,125497,redemption,66559,Tamil Nadu,Chennai,T30,26-35,Male,6.1,Net Banking,Verified
INV003129,2024-10-05,120504,sip,6838,Haryana,Gurugram,T30,36-45,Female,33.4,Net Banking,Verified
INV003686,2024-10-05,118634,lumpsum,60916,Gujarat,Surat,T30,18-25,Male,3.8,UPI,Pending
INV000298,2024-10-05,100025,sip,3419,Uttar Pradesh,Kanpur,B30,18-25,Male,6.3,UPI,Verified
INV001155,2024-10-05,100033,sip,4602,Telangana,Hyderabad,T30,26-35,Female,16.7,Mandate,Verified
INV003209,2024-10-05,120503,sip,22464,Delhi,Gurugram,T30,46-55,Male,76.0,UPI,Verified
INV002742,2024-10-05,120507,sip,54309,Uttar Pradesh,Kanpur,B30,46-55,Female,34.5,UPI,Verified
INV000850,2024-10-05,120505,sip,447,Maharashtra,Pune,T30,36-45,Male,23.7,Net Banking,Pending
INV002883,2024-10-05,119120,sip,10053,West Bengal,Kolkata,T30,26-35,Female,12.5,Mandate,Verified
INV002943,2024-10-05,119095,lumpsum,110483,Karnataka,Bangalore,T30,26-35,Female,7.6,Mandate,Verified
INV004125,2024-10-05,120503,lumpsum,159047,Gujarat,Surat,T30,26-35,Male,9.4,UPI,Verified
INV001690,2024-10-05,100016,sip,852,Rajasthan,Jaipur,T30,36-45,Male,27.6,UPI,Verified
INV002264,2024-10-05,118633,sip,57900,Tamil Nadu,Coimbatore,B30,46-55,Female,21.2,Net Banking,Verified
INV002893,2024-10-05,101206,sip,2729,Telangana,Hyderabad,T30,56+,Male,69.4,Cheque,Verified
INV002593,2024-10-05,119551,sip,2309,Madhya Pradesh,Indore,T30,36-45,Male,36.5,Mandate,Verified
INV002275,2024-10-05,120505,sip,2532,Maharashtra,Mumbai,T30,18-25,Male,7.1,Cheque,Verified
INV004094,2024-10-05,120504,lumpsum,373096,Haryana,Faridabad,B30,26-35,Female,10.0,UPI,Verified
INV002593,2024-10-05,148569,sip,23594,Madhya Pradesh,Indore,T30,36-45,Male,36.5,Net Banking,Verified
INV000424,2024-10-05,119552,redemption,444569,Punjab,Amritsar,B30,36-45,Male,49.4,Net Banking,Verified
INV000676,2024-10-05,120841,sip,28430,Rajasthan,Udaipur,B30,56+,Male,71.7,Mandate,Verified
INV001466,2024-10-05,101206,sip,2191,Delhi,Noida,T30,46-55,Female,20.3,Mandate,Verified
INV000930,2024-10-05,119095,sip,2541,Rajasthan,Udaipur,B30,18-25,Female,4.1,UPI,Verified
INV002949,2024-10-05,120842,sip,7423,Rajasthan,Jaipur,T30,26-35,Female,16.8,Net Banking,Verified
INV003301,2024-10-05,120841,sip,4306,Rajasthan,Udaipur,B30,26-35,Male,14.2,Cheque,Verified
INV002415,2024-10-05,120842,sip,585,West Bengal,Kolkata,T30,36-45,Male,13.9,Net Banking,Verified
INV001466,2024-10-05,120503,sip,47441,Delhi,Noida,T30,46-55,Female,20.3,Net Banking,Verified
INV003513,2024-10-05,120504,lumpsum,320161,West Bengal,Kolkata,T30,36-45,Male,57.3,UPI,Pending
INV004802,2024-10-05,101208,lumpsum,85649,Uttar Pradesh,Kanpur,B30,26-35,Male,20.9,Net Banking,Verified
INV003951,2024-10-05,120506,sip,7112,Uttar Pradesh,Lucknow,T30,18-25,Male,7.8,Mandate,Verified
INV002728,2024-10-05,120843,sip,11412,West Bengal,Kolkata,T30,26-35,Male,16.0,Net Banking,Verified
INV002781,2024-10-05,118636,sip,3059,Tamil Nadu,Chennai,T30,26-35,Female,13.3,Mandate,Verified
INV003849,2024-10-05,119092,sip,8792,Karnataka,Mysore,B30,26-35,Male,7.6,Net Banking,Verified
INV001583,2024-10-05,119599,lumpsum,292784,Delhi,Gurugram,T30,18-25,Male,3.1,Net Banking,Verified
INV000460,2024-10-05,100016,sip,2272,Delhi,Noida,T30,36-45,Male,47.1,Net Banking,Verified
INV004840,2024-10-05,120843,sip,2677,Maharashtra,Pune,T30,18-25,Male,6.5,UPI,Verified
INV002125,2024-10-05,102886,sip,4145,Haryana,Faridabad,B30,26-35,Female,7.9,UPI,Verified
INV001999,2024-10-05,120506,redemption,257880,Rajasthan,Udaipur,B30,18-25,Male,5.8,Net Banking,Verified
INV002820,2024-10-05,102885,lumpsum,302768,Rajasthan,Jaipur,T30,18-25,Male,7.5,Net Banking,Verified
INV004562,2024-10-05,125497,sip,2564,Telangana,Hyderabad,T30,26-35,Female,19.0,UPI,Verified
INV000169,2024-10-05,102886,sip,7202,Rajasthan,Jaipur,T30,26-35,Male,6.9,Net Banking,Verified
INV002677,2024-10-05,120506,lumpsum,384869,Telangana,Hyderabad,T30,56+,Male,21.7,Net Banking,Verified
INV000062,2024-10-05,120504,sip,8886,Haryana,Faridabad,B30,46-55,Male,22.9,Cheque,Verified
INV004176,2024-10-05,119095,sip,1979,Tamil Nadu,Coimbatore,B30,36-45,Female,37.4,UPI,Verified
INV002929,2024-10-05,118636,lumpsum,381452,West Bengal,Kolkata,T30,26-35,Male,13.0,Cheque,Verified
INV002957,2024-10-05,119599,sip,40306,Tamil Nadu,Chennai,T30,26-35,Male,15.5,Cheque,Verified
INV003544,2024-10-05,148567,sip,20727,Delhi,Gurugram,T30,26-35,Male,11.7,Mandate,Verified
INV002867,2024-10-05,148568,lumpsum,37869,West Bengal,Kolkata,T30,18-25,Male,5.0,Net Banking,Verified
INV000847,2024-10-05,120841,sip,2417,West Bengal,Kolkata,T30,26-35,Female,17.8,UPI,Pending
INV000708,2024-10-05,120504,sip,6383,Delhi,Noida,T30,26-35,Female,13.5,Cheque,Verified
INV001099,2024-10-05,119551,sip,23876,Haryana,Gurugram,T30,26-35,Female,18.9,Cheque,Verified
INV004851,2024-10-05,149324,sip,2061,Uttar Pradesh,Lucknow,T30,26-35,Male,9.3,UPI,Verified
INV000268,2024-10-05,119092,redemption,379473,Haryana,Gurugram,T30,18-25,Female,4.7,Net Banking,Verified
INV003590,2024-10-05,148567,sip,990,Karnataka,Bangalore,T30,46-55,Female,23.1,Cheque,Verified
INV003220,2024-10-05,101206,sip,17130,Madhya Pradesh,Bhopal,B30,26-35,Male,7.6,Cheque,Pending
INV001920,2024-10-05,120505,redemption,203948,Madhya Pradesh,Indore,T30,36-45,Female,24.5,UPI,Verified
INV003581,2024-10-06,118634,sip,9930,Tamil Nadu,Coimbatore,B30,56+,Male,15.3,Mandate,Verified
INV003376,2024-10-06,120504,sip,3273,Delhi,New Delhi,T30,36-45,Male,44.4,Net Banking,Verified
INV000927,2024-10-06,100033,sip,11055,West Bengal,Kolkata,T30,46-55,Male,80.9,Net Banking,Verified
INV000261,2024-10-06,118632,sip,26949,Gujarat,Ahmedabad,T30,18-25,Male,3.5,Mandate,Verified
INV004241,2024-10-06,118635,sip,5754,Maharashtra,Mumbai,T30,36-45,Male,18.9,UPI,Verified
INV000607,2024-10-06,118633,sip,17044,Rajasthan,Jaipur,T30,56+,Male,33.9,Cheque,Verified
INV004355,2024-10-06,100033,redemption,377995,Haryana,Gurugram,T30,18-25,Male,5.6,Net Banking,Verified
INV000684,2024-10-06,120507,redemption,339013,Rajasthan,Udaipur,B30,26-35,Male,10.4,Mandate,Verified
INV002822,2024-10-06,149323,redemption,490109,Karnataka,Bangalore,T30,46-55,Male,79.5,UPI,Verified
INV004842,2024-10-06,119598,lumpsum,88525,Rajasthan,Udaipur,B30,46-55,Male,32.8,Mandate,Verified
INV004825,2024-10-06,149324,sip,1082,Delhi,Noida,T30,56+,Male,15.3,Mandate,Verified
INV001896,2024-10-06,119120,lumpsum,66504,Tamil Nadu,Chennai,T30,36-45,Male,37.1,Cheque,Verified
INV000445,2024-10-06,148569,sip,6949,Madhya Pradesh,Bhopal,B30,26-35,Female,24.7,Cheque,Verified
INV004135,2024-10-06,119551,sip,3248,Tamil Nadu,Coimbatore,B30,26-35,Female,18.7,UPI,Verified
INV004636,2024-10-06,120503,lumpsum,391095,Uttar Pradesh,Kanpur,B30,18-25,Female,5.0,Cheque,Verified
INV001842,2024-10-06,101206,lumpsum,166772,Gujarat,Surat,T30,26-35,Male,14.4,Cheque,Verified
INV002472,2024-10-06,118636,lumpsum,476684,Maharashtra,Mumbai,T30,26-35,Female,19.1,Cheque,Verified
INV004070,2024-10-06,120503,sip,4128,Maharashtra,Pune,T30,26-35,Male,13.8,Net Banking,Verified
INV000432,2024-10-06,102885,redemption,326763,Maharashtra,Pune,T30,18-25,Female,6.7,Net Banking,Verified
INV000662,2024-10-06,125498,sip,7471,Gujarat,Surat,T30,36-45,Female,20.1,Net Banking,Verified
INV001287,2024-10-06,119599,lumpsum,98414,Telangana,Hyderabad,T30,36-45,Female,19.1,Mandate,Verified
INV001439,2024-10-06,120504,lumpsum,185248,Karnataka,Bangalore,T30,18-25,Female,5.3,Mandate,Verified
INV003519,2024-10-06,118632,sip,15609,Madhya Pradesh,Indore,T30,26-35,Male,9.8,Net Banking,Verified
INV002481,2024-10-06,148569,lumpsum,415818,West Bengal,Kolkata,T30,46-55,Male,64.1,Cheque,Verified
INV001051,2024-10-06,120843,lumpsum,272748,Haryana,Gurugram,T30,26-35,Male,8.2,UPI,Verified
INV002367,2024-10-06,119598,sip,5245,Telangana,Hyderabad,T30,26-35,Male,13.9,Mandate,Verified
INV000431,2024-10-06,101208,lumpsum,252285,Madhya Pradesh,Bhopal,B30,18-25,Female,4.6,Mandate,Verified
INV002686,2024-10-06,148567,sip,55094,Punjab,Chandigarh,T30,18-25,Male,5.7,UPI,Verified
INV002521,2024-10-06,118635,sip,8250,Punjab,Chandigarh,T30,26-35,Male,12.3,UPI,Verified
INV001500,2024-10-06,100016,sip,11590,Maharashtra,Pune,T30,26-35,Female,6.5,Cheque,Verified
INV004595,2024-10-06,118635,lumpsum,203490,Rajasthan,Udaipur,B30,36-45,Male,24.0,Net Banking,Pending
INV000010,2024-10-06,148567,redemption,199242,Maharashtra,Pune,T30,36-45,Male,13.6,Net Banking,Verified
INV002311,2024-10-06,118635,lumpsum,531314,Rajasthan,Udaipur,B30,36-45,Male,31.5,Mandate,Verified
INV001636,2024-10-06,118633,lumpsum,490438,Rajasthan,Udaipur,B30,18-25,Male,6.0,Mandate,Verified
INV000614,2024-10-06,119093,lumpsum,173320,Rajasthan,Udaipur,B30,26-35,Male,6.1,Mandate,Pending
INV000676,2024-10-06,125498,sip,7239,Rajasthan,Udaipur,B30,56+,Male,71.7,UPI,Verified
INV002112,2024-10-06,101206,sip,7367,Madhya Pradesh,Indore,T30,56+,Male,41.3,Cheque,Pending
INV003335,2024-10-06,149323,redemption,87690,Maharashtra,Pune,T30,18-25,Male,4.1,Net Banking,Pending
INV004770,2024-10-06,119094,lumpsum,124472,Gujarat,Surat,T30,18-25,Female,5.2,Mandate,Verified
INV003398,2024-10-06,100016,sip,506,Karnataka,Bangalore,T30,36-45,Male,42.0,Cheque,Verified
INV001313,2024-10-06,120844,lumpsum,52892,Gujarat,Surat,T30,36-45,Male,20.3,Cheque,Verified
INV004489,2024-10-06,119092,lumpsum,295412,Haryana,Faridabad,B30,26-35,Male,15.2,UPI,Verified
INV003805,2024-10-06,100025,redemption,313776,Madhya Pradesh,Indore,T30,26-35,Female,17.0,UPI,Verified
INV004970,2024-10-06,120505,redemption,397806,Maharashtra,Nashik,B30,36-45,Female,27.6,Mandate,Verified
INV001319,2024-10-06,120504,sip,11739,Delhi,Gurugram,T30,26-35,Female,20.8,UPI,Verified
INV000737,2024-10-06,119094,lumpsum,301212,Madhya Pradesh,Indore,T30,26-35,Female,10.0,Cheque,Verified
INV000693,2024-10-06,120841,lumpsum,431855,Haryana,Faridabad,B30,26-35,Male,11.0,Cheque,Pending
INV003741,2024-10-06,120503,sip,17695,Madhya Pradesh,Bhopal,B30,36-45,Male,30.3,UPI,Verified
INV000334,2024-10-06,100025,sip,481,Uttar Pradesh,Lucknow,T30,56+,Male,22.6,Cheque,Verified
INV002776,2024-10-06,118634,sip,2388,Tamil Nadu,Coimbatore,B30,18-25,Male,5.8,Net Banking,Verified
INV001445,2024-10-06,125497,sip,2412,Tamil Nadu,Chennai,T30,26-35,Female,9.5,Cheque,Verified
INV002870,2024-10-06,118632,lumpsum,197719,Karnataka,Mysore,B30,26-35,Female,23.7,Cheque,Verified
INV003008,2024-10-06,119092,sip,7456,Rajasthan,Jaipur,T30,36-45,Female,37.4,UPI,Verified
INV004764,2024-10-06,118636,sip,4912,Punjab,Amritsar,B30,46-55,Female,79.4,UPI,Pending
INV001507,2024-10-06,119095,lumpsum,258019,Uttar Pradesh,Lucknow,T30,26-35,Male,20.4,Mandate,Verified
INV001530,2024-10-06,119598,sip,2011,Telangana,Hyderabad,T30,26-35,Male,21.0,UPI,Pending
INV003872,2024-10-06,119552,lumpsum,460938,Uttar Pradesh,Kanpur,B30,26-35,Male,20.1,Net Banking,Pending
INV003220,2024-10-06,148569,sip,11809,Madhya Pradesh,Bhopal,B30,26-35,Male,7.6,Mandate,Verified
INV004517,2024-10-06,101208,sip,8626,West Bengal,Kolkata,T30,46-55,Female,68.5,Mandate,Verified
INV000575,2024-10-06,118633,sip,562,Punjab,Amritsar,B30,26-35,Female,16.4,Cheque,Verified
INV003792,2024-10-06,120507,sip,2902,Maharashtra,Pune,T30,46-55,Male,17.9,UPI,Verified
INV003009,2024-10-06,120844,sip,478,Karnataka,Bangalore,T30,26-35,Male,20.1,Net Banking,Verified
INV004579,2024-10-06,118632,sip,1838,Rajasthan,Jaipur,T30,26-35,Male,18.7,Cheque,Verified
INV000114,2024-10-06,120507,lumpsum,385075,West Bengal,Kolkata,T30,36-45,Male,59.6,Cheque,Verified
INV002814,2024-10-06,101208,sip,8393,West Bengal,Kolkata,T30,36-45,Male,40.4,UPI,Verified
INV004683,2024-10-07,125497,sip,11702,Madhya Pradesh,Indore,T30,26-35,Male,14.4,Mandate,Pending
INV002418,2024-10-07,101206,lumpsum,448795,Haryana,Faridabad,B30,36-45,Male,34.0,Cheque,Verified
INV003024,2024-10-07,119552,sip,13972,Maharashtra,Pune,T30,36-45,Female,43.1,Cheque,Verified
INV003111,2024-10-07,102885,lumpsum,294928,Delhi,Gurugram,T30,18-25,Female,5.9,Net Banking,Verified
INV001783,2024-10-07,119598,sip,46761,Madhya Pradesh,Bhopal,B30,36-45,Female,52.6,Net Banking,Verified
INV004038,2024-10-07,100016,redemption,288680,Gujarat,Surat,T30,26-35,Female,24.6,UPI,Verified
INV004201,2024-10-07,119551,lumpsum,330253,Telangana,Hyderabad,T30,36-45,Male,20.2,Mandate,Pending
INV003443,2024-10-07,101206,sip,477,Madhya Pradesh,Bhopal,B30,26-35,Male,16.6,UPI,Verified
INV003104,2024-10-07,120504,lumpsum,253172,Uttar Pradesh,Lucknow,T30,26-35,Male,7.8,UPI,Pending
INV003117,2024-10-07,120843,sip,819,Tamil Nadu,Chennai,T30,18-25,Female,6.7,UPI,Verified
INV004151,2024-10-07,119092,sip,2863,Karnataka,Mysore,B30,26-35,Male,21.6,Net Banking,Verified
INV001193,2024-10-07,101208,sip,12969,Delhi,New Delhi,T30,46-55,Female,66.3,Net Banking,Verified
INV001887,2024-10-07,120506,lumpsum,268547,Karnataka,Mysore,B30,26-35,Female,8.1,UPI,Verified
INV004407,2024-10-07,120505,lumpsum,160336,Punjab,Chandigarh,T30,18-25,Male,7.7,Cheque,Verified
INV003828,2024-10-07,148568,redemption,365866,Karnataka,Bangalore,T30,18-25,Male,7.6,UPI,Verified
INV002601,2024-10-07,118634,sip,5139,Tamil Nadu,Coimbatore,B30,36-45,Female,34.1,Mandate,Verified
INV000672,2024-10-07,149323,lumpsum,406016,Rajasthan,Jaipur,T30,26-35,Male,18.8,Net Banking,Verified
INV004523,2024-10-07,125498,lumpsum,39629,Haryana,Gurugram,T30,26-35,Female,13.5,UPI,Verified
INV004125,2024-10-07,120503,sip,8243,Gujarat,Surat,T30,26-35,Male,9.4,Mandate,Verified
INV003231,2024-10-07,148567,lumpsum,301198,Haryana,Gurugram,T30,26-35,Male,9.1,UPI,Verified
INV003388,2024-10-07,120506,lumpsum,107574,Haryana,Faridabad,B30,56+,Female,39.3,UPI,Verified
INV001113,2024-10-07,120504,redemption,225741,Rajasthan,Jaipur,T30,26-35,Female,11.7,UPI,Verified
INV000191,2024-10-07,100016,sip,7916,Karnataka,Bangalore,T30,26-35,Male,23.1,Cheque,Pending
INV002353,2024-10-07,118635,sip,2803,West Bengal,Kolkata,T30,46-55,Male,40.5,Mandate,Verified
INV000995,2024-10-07,148568,lumpsum,252400,Delhi,New Delhi,T30,56+,Male,34.6,UPI,Verified
INV004455,2024-10-07,101206,lumpsum,233243,Telangana,Hyderabad,T30,18-25,Female,3.5,UPI,Verified
INV002746,2024-10-07,119120,sip,23428,Delhi,Noida,T30,26-35,Male,23.2,Mandate,Verified
INV000781,2024-10-07,100025,sip,27804,Delhi,Gurugram,T30,26-35,Male,6.8,Cheque,Pending
INV002273,2024-10-07,120844,sip,7241,West Bengal,Kolkata,T30,36-45,Male,25.3,Cheque,Verified
INV004738,2024-10-07,125497,redemption,424069,Uttar Pradesh,Kanpur,B30,56+,Female,52.6,Net Banking,Verified
INV004865,2024-10-07,102885,sip,4358,Maharashtra,Nashik,B30,56+,Male,77.2,Net Banking,Verified
INV000261,2024-10-07,119552,lumpsum,365558,Gujarat,Ahmedabad,T30,18-25,Male,3.5,UPI,Verified
INV002452,2024-10-07,148568,redemption,231033,Uttar Pradesh,Kanpur,B30,18-25,Male,5.1,UPI,Verified
INV004184,2024-10-07,120503,lumpsum,154142,Karnataka,Bangalore,T30,26-35,Male,9.9,Net Banking,Verified
INV002520,2024-10-07,148567,sip,2317,Tamil Nadu,Chennai,T30,36-45,Male,48.9,Cheque,Verified
INV000902,2024-10-07,100016,lumpsum,359191,Maharashtra,Mumbai,T30,26-35,Female,6.0,Net Banking,Verified
INV000607,2024-10-07,119598,sip,2086,Rajasthan,Jaipur,T30,56+,Male,33.9,UPI,Verified
INV000229,2024-10-07,120843,lumpsum,93251,Punjab,Amritsar,B30,26-35,Male,11.0,UPI,Verified
INV001074,2024-10-07,119095,sip,28698,Gujarat,Ahmedabad,T30,56+,Female,57.4,Net Banking,Verified
INV003608,2024-10-07,100033,lumpsum,186543,West Bengal,Kolkata,T30,46-55,Male,59.6,Cheque,Verified
INV002201,2024-10-07,101207,redemption,387234,Haryana,Gurugram,T30,36-45,Male,34.5,Net Banking,Verified
INV002027,2024-10-07,101206,sip,2576,Uttar Pradesh,Agra,B30,18-25,Female,3.1,Cheque,Verified
INV004579,2024-10-07,102887,lumpsum,76387,Rajasthan,Jaipur,T30,26-35,Male,18.7,Cheque,Verified
INV000447,2024-10-07,149323,lumpsum,348979,West Bengal,Kolkata,T30,36-45,Female,37.2,Mandate,Verified
INV002843,2024-10-07,101208,sip,589,Haryana,Faridabad,B30,26-35,Male,11.8,Net Banking,Verified
INV000460,2024-10-07,119094,lumpsum,391283,Delhi,Noida,T30,36-45,Male,47.1,UPI,Verified
INV003720,2024-10-07,120844,sip,9402,Madhya Pradesh,Bhopal,B30,36-45,Female,49.4,Cheque,Pending
INV004134,2024-10-07,100025,lumpsum,222824,West Bengal,Kolkata,T30,36-45,Male,24.4,Mandate,Verified
INV004393,2024-10-07,100016,redemption,451285,Telangana,Hyderabad,T30,26-35,Female,21.5,Mandate,Verified
INV001328,2024-10-07,119094,sip,1985,Uttar Pradesh,Lucknow,T30,26-35,Male,7.4,Cheque,Pending
INV004742,2024-10-07,119552,redemption,179146,Punjab,Chandigarh,T30,26-35,Male,16.2,Cheque,Pending
INV003035,2024-10-07,119095,sip,1605,Telangana,Hyderabad,T30,18-25,Male,6.8,Cheque,Verified
INV000073,2024-10-07,120841,sip,15801,Punjab,Amritsar,B30,18-25,Male,5.5,Mandate,Verified
INV002117,2024-10-07,102886,sip,945,Delhi,Gurugram,T30,26-35,Male,21.7,UPI,Verified
INV001746,2024-10-07,119120,sip,17206,Rajasthan,Udaipur,B30,26-35,Male,11.2,Mandate,Verified
INV002379,2024-10-07,125497,redemption,429905,Madhya Pradesh,Bhopal,B30,26-35,Male,15.6,Net Banking,Verified
INV004370,2024-10-07,149323,sip,2486,Rajasthan,Jaipur,T30,18-25,Male,5.7,Cheque,Verified
INV002368,2024-10-07,100016,redemption,26498,Telangana,Hyderabad,T30,26-35,Male,13.7,Mandate,Verified
INV002215,2024-10-07,118635,lumpsum,225967,Madhya Pradesh,Bhopal,B30,18-25,Male,3.4,Cheque,Verified
INV002127,2024-10-07,100016,sip,1975,Rajasthan,Udaipur,B30,18-25,Male,7.4,Net Banking,Verified
INV001377,2024-10-07,119552,redemption,199643,Maharashtra,Mumbai,T30,56+,Female,64.7,UPI,Pending
INV001019,2024-10-08,118634,lumpsum,248654,Madhya Pradesh,Indore,T30,26-35,Male,10.6,Cheque,Verified
INV000874,2024-10-08,102885,redemption,104943,Tamil Nadu,Chennai,T30,56+,Male,19.1,Cheque,Verified
INV000862,2024-10-08,102886,lumpsum,417490,Uttar Pradesh,Agra,B30,26-35,Female,24.4,Mandate,Verified
INV001257,2024-10-08,149324,sip,16474,Punjab,Chandigarh,T30,26-35,Female,6.3,Net Banking,Verified
INV000843,2024-10-08,119120,lumpsum,55198,Maharashtra,Mumbai,T30,26-35,Male,10.2,Mandate,Verified
INV003103,2024-10-08,149324,sip,10694,Tamil Nadu,Coimbatore,B30,36-45,Female,55.8,UPI,Verified
INV000222,2024-10-08,120506,sip,7971,Maharashtra,Mumbai,T30,36-45,Male,46.7,Mandate,Verified
INV004392,2024-10-08,120843,sip,53525,West Bengal,Kolkata,T30,18-25,Male,6.7,Cheque,Verified
INV004829,2024-10-08,119093,sip,17191,Madhya Pradesh,Indore,T30,26-35,Male,21.8,Mandate,Verified
INV004513,2024-10-08,100025,lumpsum,155870,Karnataka,Mysore,B30,36-45,Female,16.9,Cheque,Verified
INV001902,2024-10-08,119552,redemption,61262,Punjab,Chandigarh,T30,46-55,Female,22.2,Cheque,Verified
INV001083,2024-10-08,101206,sip,51436,Gujarat,Ahmedabad,T30,46-55,Male,16.4,Cheque,Verified
INV004797,2024-10-08,119092,lumpsum,507180,Gujarat,Ahmedabad,T30,56+,Male,18.9,Cheque,Verified
INV004865,2024-10-08,149322,redemption,107405,Maharashtra,Nashik,B30,56+,Male,77.2,Net Banking,Verified
INV001913,2024-10-08,148568,sip,12033,Tamil Nadu,Chennai,T30,26-35,Female,11.8,UPI,Verified
INV004366,2024-10-08,100033,lumpsum,168590,Delhi,New Delhi,T30,46-55,Female,81.1,Net Banking,Verified
INV002255,2024-10-08,102887,sip,2101,Rajasthan,Jaipur,T30,26-35,Male,24.0,Net Banking,Verified
INV004669,2024-10-08,119599,sip,928,Punjab,Chandigarh,T30,26-35,Male,8.6,Mandate,Verified
INV004837,2024-10-08,119599,sip,2352,Punjab,Amritsar,B30,18-25,Male,5.7,UPI,Verified
INV000194,2024-10-08,125497,redemption,249474,Maharashtra,Pune,T30,36-45,Male,21.6,Cheque,Verified
INV002732,2024-10-08,120504,redemption,276407,Uttar Pradesh,Lucknow,T30,18-25,Male,4.5,Mandate,Verified
INV003699,2024-10-08,119092,sip,23614,Uttar Pradesh,Agra,B30,26-35,Male,19.7,UPI,Verified
INV001998,2024-10-08,119120,redemption,504586,Haryana,Faridabad,B30,26-35,Male,19.2,Mandate,Verified
INV002347,2024-10-08,101208,sip,10578,Delhi,New Delhi,T30,26-35,Female,6.5,Net Banking,Pending
INV004949,2024-10-08,120843,lumpsum,275128,Delhi,Gurugram,T30,26-35,Male,11.3,Net Banking,Verified
INV003909,2024-10-08,118635,sip,23417,Haryana,Gurugram,T30,46-55,Male,29.1,UPI,Verified
INV003294,2024-10-08,118635,redemption,96837,Madhya Pradesh,Bhopal,B30,26-35,Female,11.1,UPI,Verified
INV001831,2024-10-08,125497,sip,7201,Madhya Pradesh,Indore,T30,18-25,Female,4.3,Mandate,Verified
INV002361,2024-10-08,119095,sip,2781,Gujarat,Surat,T30,36-45,Male,59.3,Mandate,Verified
INV004467,2024-10-08,120843,sip,8873,Tamil Nadu,Chennai,T30,46-55,Male,52.4,Mandate,Verified
INV002632,2024-10-08,119120,sip,17093,Tamil Nadu,Chennai,T30,26-35,Female,14.1,UPI,Verified
INV001020,2024-10-08,120504,sip,51095,Maharashtra,Mumbai,T30,26-35,Female,13.5,Cheque,Verified
INV004328,2024-10-08,101207,redemption,161451,Telangana,Hyderabad,T30,26-35,Female,12.8,Net Banking,Verified
INV000577,2024-10-08,149324,lumpsum,276650,Delhi,Noida,T30,36-45,Male,20.4,Mandate,Verified
INV003416,2024-10-08,120505,lumpsum,39429,West Bengal,Kolkata,T30,26-35,Male,22.3,UPI,Pending
INV004695,2024-10-08,119094,lumpsum,59865,Gujarat,Ahmedabad,T30,26-35,Female,14.3,Cheque,Verified
INV000288,2024-10-08,125497,redemption,246393,Telangana,Hyderabad,T30,26-35,Male,10.1,Net Banking,Verified
INV000033,2024-10-08,148567,sip,403,Delhi,New Delhi,T30,36-45,Female,12.4,Mandate,Verified
INV003946,2024-10-08,120504,sip,3477,Karnataka,Mysore,B30,26-35,Female,9.2,UPI,Verified
INV001660,2024-10-08,120504,lumpsum,250611,Karnataka,Bangalore,T30,18-25,Female,6.4,UPI,Verified
INV004457,2024-10-08,118635,redemption,228115,Telangana,Hyderabad,T30,18-25,Male,6.7,UPI,Verified
INV000014,2024-10-08,119120,sip,46056,Tamil Nadu,Chennai,T30,18-25,Male,4.3,UPI,Verified
INV004016,2024-10-08,119094,sip,957,Delhi,New Delhi,T30,36-45,Male,21.0,Mandate,Verified
INV002868,2024-10-08,118634,sip,12400,Gujarat,Ahmedabad,T30,26-35,Female,24.7,Mandate,Verified
INV001871,2024-10-08,119120,lumpsum,260523,Delhi,Gurugram,T30,56+,Male,13.9,Cheque,Verified
INV000787,2024-10-08,119551,sip,58500,West Bengal,Kolkata,T30,46-55,Male,23.7,Mandate,Verified
INV004467,2024-10-08,149323,lumpsum,288821,Tamil Nadu,Chennai,T30,46-55,Male,52.4,Mandate,Verified
INV000566,2024-10-08,120505,lumpsum,311055,Uttar Pradesh,Agra,B30,36-45,Male,18.2,Net Banking,Pending
INV003661,2024-10-08,102887,lumpsum,310136,Delhi,Noida,T30,18-25,Female,6.4,Net Banking,Verified
INV002485,2024-10-08,119092,sip,46014,Karnataka,Mysore,B30,46-55,Female,70.2,Net Banking,Verified
INV002996,2024-10-08,119093,sip,1617,Madhya Pradesh,Bhopal,B30,26-35,Male,20.7,UPI,Verified
INV000972,2024-10-08,148567,sip,7553,Telangana,Hyderabad,T30,18-25,Female,5.9,Mandate,Verified
INV004960,2024-10-08,101208,sip,1848,Uttar Pradesh,Kanpur,B30,26-35,Male,20.1,Cheque,Verified
INV000055,2024-10-09,102885,sip,8149,Karnataka,Bangalore,T30,26-35,Male,13.5,Cheque,Verified
INV001128,2024-10-09,100025,sip,15981,West Bengal,Kolkata,T30,36-45,Female,43.2,UPI,Pending
INV003847,2024-10-09,101207,sip,986,Telangana,Hyderabad,T30,26-35,Male,19.7,UPI,Verified
INV003642,2024-10-09,118635,sip,4376,Haryana,Faridabad,B30,18-25,Male,3.1,UPI,Verified
INV000463,2024-10-09,119120,redemption,257964,Gujarat,Ahmedabad,T30,26-35,Male,8.9,Mandate,Verified
INV001209,2024-10-09,119092,redemption,42989,West Bengal,Kolkata,T30,46-55,Female,45.8,Mandate,Verified
INV001186,2024-10-09,118633,lumpsum,295376,Maharashtra,Pune,T30,26-35,Male,19.8,Net Banking,Verified
INV002017,2024-10-09,119095,sip,4488,Karnataka,Mysore,B30,26-35,Female,15.0,Mandate,Verified
INV004806,2024-10-09,148567,sip,14042,Madhya Pradesh,Indore,T30,18-25,Male,7.4,Cheque,Verified
INV000603,2024-10-09,119599,sip,6778,West Bengal,Kolkata,T30,26-35,Male,17.3,Cheque,Verified
INV002535,2024-10-09,119095,sip,5056,Rajasthan,Udaipur,B30,36-45,Male,22.6,Net Banking,Pending
INV004367,2024-10-09,120844,sip,47092,Karnataka,Mysore,B30,26-35,Female,8.3,UPI,Verified
INV000997,2024-10-09,149324,sip,2130,Rajasthan,Udaipur,B30,26-35,Male,17.8,Mandate,Pending
INV002427,2024-10-09,118635,redemption,358419,Karnataka,Mysore,B30,18-25,Female,6.5,Cheque,Verified
INV003614,2024-10-09,119120,sip,2294,Maharashtra,Mumbai,T30,26-35,Male,13.3,Mandate,Verified
INV004594,2024-10-09,119598,sip,3317,Haryana,Gurugram,T30,26-35,Female,9.8,Mandate,Verified
INV000724,2024-10-09,119094,lumpsum,431670,Uttar Pradesh,Kanpur,B30,46-55,Male,78.7,Cheque,Verified
INV002394,2024-10-09,119093,sip,5452,Delhi,Gurugram,T30,46-55,Male,84.9,Cheque,Verified
INV001195,2024-10-09,120504,redemption,221783,Gujarat,Surat,T30,26-35,Male,6.4,Mandate,Verified
INV001223,2024-10-09,102886,sip,11240,Punjab,Amritsar,B30,56+,Male,46.0,Net Banking,Pending
INV001556,2024-10-09,119095,sip,7447,Maharashtra,Nashik,B30,18-25,Male,3.3,UPI,Verified
INV000346,2024-10-09,100033,redemption,105173,Haryana,Faridabad,B30,26-35,Male,22.0,Net Banking,Verified
INV002751,2024-10-09,149323,sip,992,Delhi,New Delhi,T30,36-45,Male,45.4,Mandate,Verified
INV004741,2024-10-09,101208,sip,2011,Telangana,Hyderabad,T30,26-35,Female,24.9,Net Banking,Verified
INV000237,2024-10-09,149322,sip,4141,Delhi,Gurugram,T30,36-45,Male,43.0,Net Banking,Verified
INV000709,2024-10-09,120507,lumpsum,402137,Telangana,Hyderabad,T30,26-35,Female,13.6,UPI,Verified
INV000315,2024-10-09,119094,sip,979,Telangana,Hyderabad,T30,18-25,Male,3.2,UPI,Verified
INV004345,2024-10-09,120844,sip,1963,West Bengal,Kolkata,T30,36-45,Female,33.3,UPI,Verified
INV003212,2024-10-09,120842,lumpsum,127215,West Bengal,Kolkata,T30,26-35,Male,17.2,Cheque,Verified
INV004844,2024-10-09,100033,lumpsum,190865,Maharashtra,Pune,T30,26-35,Male,15.7,Cheque,Verified
INV001629,2024-10-09,120842,lumpsum,41128,Madhya Pradesh,Indore,T30,26-35,Male,15.0,UPI,Verified
INV001794,2024-10-09,118636,lumpsum,354217,Haryana,Gurugram,T30,26-35,Male,23.2,UPI,Verified
INV001329,2024-10-09,100033,sip,2599,Punjab,Amritsar,B30,36-45,Female,37.2,UPI,Verified
INV002671,2024-10-09,120841,redemption,21912,Madhya Pradesh,Indore,T30,18-25,Male,6.3,UPI,Verified
INV000329,2024-10-09,100016,sip,557,Tamil Nadu,Chennai,T30,18-25,Male,6.5,Cheque,Verified
INV001348,2024-10-09,120507,sip,1154,Haryana,Gurugram,T30,26-35,Female,8.6,Net Banking,Verified
INV001979,2024-10-09,100016,sip,1145,Maharashtra,Pune,T30,26-35,Male,12.2,UPI,Verified
INV000597,2024-10-09,125498,sip,7081,Gujarat,Surat,T30,46-55,Male,48.6,UPI,Verified
INV004741,2024-10-09,120844,sip,52907,Telangana,Hyderabad,T30,26-35,Female,24.9,Mandate,Verified
INV003079,2024-10-09,120503,lumpsum,13656,Gujarat,Surat,T30,26-35,Male,8.5,Mandate,Verified
INV000086,2024-10-09,119552,lumpsum,537497,Karnataka,Mysore,B30,18-25,Female,4.1,Net Banking,Verified
INV001272,2024-10-09,120506,lumpsum,389870,Gujarat,Ahmedabad,T30,18-25,Male,5.3,Mandate,Verified
INV001720,2024-10-09,102887,sip,11857,Karnataka,Mysore,B30,36-45,Male,43.6,UPI,Verified
INV003867,2024-10-09,120504,lumpsum,197848,Punjab,Amritsar,B30,18-25,Male,4.4,Mandate,Verified
INV004342,2024-10-09,148568,sip,3201,Tamil Nadu,Coimbatore,B30,46-55,Female,22.1,Mandate,Verified
INV002854,2024-10-09,101207,sip,2992,Rajasthan,Jaipur,T30,26-35,Female,8.9,Cheque,Verified
INV000945,2024-10-09,119093,sip,48475,Telangana,Hyderabad,T30,36-45,Female,13.4,UPI,Verified
INV001833,2024-10-09,119095,sip,5286,Karnataka,Bangalore,T30,36-45,Female,28.4,Mandate,Verified
INV001116,2024-10-09,100033,sip,2345,Haryana,Faridabad,B30,36-45,Male,17.8,Net Banking,Verified
INV001346,2024-10-09,102885,sip,45865,Gujarat,Surat,T30,18-25,Male,5.7,UPI,Verified
INV003830,2024-10-09,149324,sip,48860,Punjab,Amritsar,B30,26-35,Male,17.6,UPI,Verified
INV004731,2024-10-09,148568,sip,46782,Punjab,Amritsar,B30,26-35,Male,17.6,UPI,Verified
INV002829,2024-10-09,119093,sip,1774,West Bengal,Kolkata,T30,26-35,Male,6.1,Net Banking,Verified
INV003643,2024-10-09,149324,redemption,7620,Telangana,Hyderabad,T30,36-45,Male,48.4,Net Banking,Verified
INV002056,2024-10-09,119093,sip,20205,Madhya Pradesh,Bhopal,B30,18-25,Female,3.4,Cheque,Verified
INV001784,2024-10-09,100033,redemption,490523,Madhya Pradesh,Bhopal,B30,26-35,Male,15.5,UPI,Verified
INV002267,2024-10-09,101208,sip,1158,Haryana,Faridabad,B30,18-25,Male,4.7,Net Banking,Verified
INV002469,2024-10-09,118634,sip,1670,Tamil Nadu,Chennai,T30,26-35,Female,12.3,Cheque,Verified
INV002324,2024-10-10,102886,redemption,299253,Karnataka,Bangalore,T30,26-35,Male,16.2,Cheque,Verified
INV000076,2024-10-10,148568,redemption,176062,Gujarat,Ahmedabad,T30,56+,Female,67.1,Net Banking,Verified
INV001850,2024-10-10,148567,sip,7053,Uttar Pradesh,Kanpur,B30,26-35,Male,17.1,Net Banking,Verified
INV002743,2024-10-10,149324,sip,2873,Haryana,Gurugram,T30,56+,Male,49.8,Mandate,Verified
INV004053,2024-10-10,120843,lumpsum,287613,Tamil Nadu,Chennai,T30,26-35,Male,20.8,Mandate,Verified
INV000393,2024-10-10,118633,sip,410,Maharashtra,Mumbai,T30,36-45,Male,53.1,Net Banking,Verified
INV003134,2024-10-10,120843,sip,21217,Telangana,Hyderabad,T30,36-45,Female,41.3,Cheque,Verified
INV000267,2024-10-10,118633,redemption,285756,Telangana,Hyderabad,T30,26-35,Male,17.7,Cheque,Verified
INV004284,2024-10-10,118634,sip,7421,Rajasthan,Udaipur,B30,36-45,Male,40.7,Cheque,Pending
INV001480,2024-10-10,118635,redemption,203199,West Bengal,Kolkata,T30,18-25,Male,3.1,Mandate,Verified
INV003829,2024-10-10,119095,sip,1162,Punjab,Amritsar,B30,36-45,Male,55.6,Cheque,Verified
INV000933,2024-10-10,101207,lumpsum,259390,Rajasthan,Jaipur,T30,36-45,Female,14.9,UPI,Verified
INV003791,2024-10-10,102886,redemption,9228,Tamil Nadu,Coimbatore,B30,46-55,Male,77.4,UPI,Verified
INV000352,2024-10-10,101208,lumpsum,171197,Tamil Nadu,Chennai,T30,46-55,Male,21.1,Cheque,Verified
INV004035,2024-10-10,120507,lumpsum,369218,Gujarat,Ahmedabad,T30,26-35,Male,12.2,Mandate,Verified
INV000396,2024-10-10,148569,lumpsum,16646,Rajasthan,Jaipur,T30,46-55,Male,38.5,Mandate,Verified
INV003332,2024-10-10,118636,sip,2064,Uttar Pradesh,Kanpur,B30,46-55,Male,83.2,Mandate,Verified
INV004638,2024-10-10,118635,sip,15507,Delhi,New Delhi,T30,26-35,Male,6.3,Mandate,Verified
INV003463,2024-10-10,125497,sip,2036,Uttar Pradesh,Kanpur,B30,26-35,Male,14.1,Cheque,Pending
INV003817,2024-10-10,120505,sip,14258,Gujarat,Surat,T30,26-35,Male,9.0,UPI,Verified
INV004019,2024-10-10,125497,sip,54340,Tamil Nadu,Chennai,T30,26-35,Male,20.9,Cheque,Verified
INV001644,2024-10-10,102887,sip,27591,Madhya Pradesh,Bhopal,B30,18-25,Female,6.7,Cheque,Verified
INV003167,2024-10-10,118634,lumpsum,165541,Telangana,Hyderabad,T30,26-35,Male,19.8,Cheque,Verified
INV001009,2024-10-10,148567,redemption,221732,Punjab,Chandigarh,T30,26-35,Male,21.2,Net Banking,Verified
INV001316,2024-10-10,118636,sip,2323,Punjab,Chandigarh,T30,18-25,Male,7.3,Mandate,Verified
INV004102,2024-10-10,125498,lumpsum,288324,Tamil Nadu,Coimbatore,B30,26-35,Female,6.6,Cheque,Verified
INV001866,2024-10-10,118632,sip,7778,Telangana,Hyderabad,T30,36-45,Female,33.9,Cheque,Verified
INV003832,2024-10-10,102886,redemption,59013,Karnataka,Mysore,B30,46-55,Male,34.4,UPI,Verified
INV004641,2024-10-10,148567,sip,2324,Haryana,Faridabad,B30,56+,Male,42.4,Cheque,Verified
INV004484,2024-10-10,120843,lumpsum,211686,Punjab,Amritsar,B30,46-55,Male,61.9,Cheque,Verified
INV004481,2024-10-10,119551,sip,1087,Rajasthan,Jaipur,T30,46-55,Male,60.1,UPI,Verified
INV004796,2024-10-10,118632,sip,1719,Delhi,Noida,T30,18-25,Male,4.6,Cheque,Verified
INV003710,2024-10-10,118636,sip,29357,Rajasthan,Udaipur,B30,26-35,Male,19.6,Net Banking,Pending
INV004179,2024-10-10,148569,redemption,344126,Maharashtra,Pune,T30,26-35,Female,19.3,Mandate,Verified
INV000491,2024-10-10,102885,redemption,307072,Madhya Pradesh,Indore,T30,56+,Male,58.2,Mandate,Verified
INV002225,2024-10-10,119094,lumpsum,384659,Punjab,Amritsar,B30,46-55,Male,86.2,Cheque,Verified
INV002598,2024-10-10,148569,sip,2675,Uttar Pradesh,Lucknow,T30,26-35,Male,14.6,Cheque,Verified
INV001049,2024-10-10,120505,redemption,430387,Madhya Pradesh,Indore,T30,36-45,Female,52.5,UPI,Pending
INV004274,2024-10-10,120504,lumpsum,390122,Rajasthan,Udaipur,B30,26-35,Male,20.4,UPI,Verified
INV003381,2024-10-10,119095,redemption,130293,Madhya Pradesh,Indore,T30,36-45,Female,12.1,UPI,Verified
INV002382,2024-10-10,118632,sip,2234,Maharashtra,Mumbai,T30,26-35,Male,18.5,Cheque,Pending
INV002122,2024-10-10,149324,sip,2275,Gujarat,Ahmedabad,T30,46-55,Male,46.3,Cheque,Pending
INV001874,2024-10-10,118633,sip,8610,Telangana,Hyderabad,T30,36-45,Male,21.3,UPI,Verified
INV004475,2024-10-10,102887,sip,3248,Punjab,Amritsar,B30,26-35,Male,18.2,Net Banking,Verified
INV001573,2024-10-10,102886,sip,3293,Tamil Nadu,Coimbatore,B30,26-35,Male,20.7,Cheque,Verified
INV001989,2024-10-10,119599,sip,2161,Telangana,Hyderabad,T30,36-45,Female,17.8,UPI,Verified
INV003751,2024-10-10,120504,sip,17365,Delhi,New Delhi,T30,26-35,Male,14.1,UPI,Verified
INV004427,2024-10-10,100016,redemption,221765,Punjab,Amritsar,B30,36-45,Female,54.2,Mandate,Verified
INV002726,2024-10-10,119095,sip,3153,Gujarat,Ahmedabad,T30,36-45,Male,16.9,Cheque,Verified
INV000719,2024-10-10,119551,sip,2827,Tamil Nadu,Coimbatore,B30,18-25,Male,6.8,Cheque,Verified
INV004608,2024-10-10,149322,sip,15511,Karnataka,Bangalore,T30,26-35,Female,23.3,Cheque,Verified
INV000983,2024-10-10,101206,sip,8324,Telangana,Hyderabad,T30,36-45,Male,33.5,Mandate,Verified
INV002152,2024-10-10,119094,sip,585,Tamil Nadu,Coimbatore,B30,46-55,Male,69.8,Cheque,Verified
INV001021,2024-10-10,102887,lumpsum,288788,Maharashtra,Mumbai,T30,56+,Male,50.5,Mandate,Verified
INV004047,2024-10-10,125498,lumpsum,249705,Madhya Pradesh,Indore,T30,26-35,Male,15.0,Mandate,Verified
INV000785,2024-10-10,148569,sip,551,Tamil Nadu,Chennai,T30,36-45,Male,31.1,Cheque,Verified
INV000527,2024-10-10,120844,sip,26775,Telangana,Hyderabad,T30,26-35,Male,12.1,Mandate,Verified
INV001262,2024-10-10,120505,sip,25095,Karnataka,Bangalore,T30,26-35,Male,14.0,Cheque,Verified
INV004568,2024-10-10,102885,sip,848,Karnataka,Mysore,B30,18-25,Male,7.3,Mandate,Verified
INV002039,2024-10-10,119598,lumpsum,296477,Madhya Pradesh,Bhopal,B30,46-55,Male,17.3,Net Banking,Verified
INV003582,2024-10-11,120505,lumpsum,64472,Uttar Pradesh,Kanpur,B30,36-45,Male,43.1,Net Banking,Verified
INV003097,2024-10-11,149323,sip,21771,Punjab,Chandigarh,T30,26-35,Male,21.5,Mandate,Verified
INV002378,2024-10-11,120504,sip,4136,Haryana,Gurugram,T30,26-35,Male,12.1,Mandate,Verified
INV003371,2024-10-11,120503,lumpsum,408562,Maharashtra,Pune,T30,26-35,Female,14.8,UPI,Verified
INV000456,2024-10-11,102887,sip,2282,Karnataka,Mysore,B30,26-35,Male,17.2,UPI,Verified
INV003634,2024-10-11,100016,sip,948,Punjab,Chandigarh,T30,46-55,Female,87.5,Cheque,Pending
INV000227,2024-10-11,101207,sip,22657,Haryana,Gurugram,T30,36-45,Male,29.1,UPI,Verified
INV000514,2024-10-11,119599,lumpsum,372097,West Bengal,Kolkata,T30,36-45,Male,43.2,UPI,Verified
INV004582,2024-10-11,102887,lumpsum,135516,Tamil Nadu,Chennai,T30,56+,Male,67.1,UPI,Verified
INV001825,2024-10-11,119552,sip,11071,Haryana,Faridabad,B30,26-35,Male,21.7,Mandate,Verified
INV000279,2024-10-11,125498,sip,24953,Gujarat,Ahmedabad,T30,26-35,Male,12.4,Net Banking,Verified
INV002818,2024-10-11,119551,lumpsum,51860,Haryana,Gurugram,T30,46-55,Female,50.2,UPI,Verified
INV003732,2024-10-11,148567,sip,973,West Bengal,Kolkata,T30,36-45,Male,56.1,Net Banking,Verified
INV002250,2024-10-11,120841,lumpsum,247213,Telangana,Hyderabad,T30,36-45,Male,20.4,UPI,Verified
INV002005,2024-10-11,100033,sip,1890,Maharashtra,Pune,T30,18-25,Male,7.1,Mandate,Verified
INV000719,2024-10-11,102885,lumpsum,234939,Tamil Nadu,Coimbatore,B30,18-25,Male,6.8,Cheque,Verified
INV003058,2024-10-11,148568,lumpsum,419926,Karnataka,Mysore,B30,36-45,Male,46.2,Net Banking,Verified
INV002543,2024-10-11,125498,sip,2760,Madhya Pradesh,Indore,T30,18-25,Female,7.7,Cheque,Verified
INV001951,2024-10-11,119120,redemption,44394,Punjab,Chandigarh,T30,26-35,Male,10.6,Mandate,Verified
INV000548,2024-10-11,120504,redemption,356367,Karnataka,Mysore,B30,36-45,Male,53.2,Cheque,Verified
INV002417,2024-10-11,119599,sip,58191,Tamil Nadu,Coimbatore,B30,26-35,Male,16.8,Cheque,Pending
INV003179,2024-10-11,120507,sip,971,Rajasthan,Jaipur,T30,36-45,Male,53.3,Mandate,Verified
INV000722,2024-10-11,102885,redemption,164713,Punjab,Chandigarh,T30,26-35,Female,8.1,Net Banking,Verified
INV002237,2024-10-11,100025,lumpsum,11220,Uttar Pradesh,Agra,B30,46-55,Male,23.1,Mandate,Verified
INV002377,2024-10-11,101206,sip,2120,Madhya Pradesh,Bhopal,B30,18-25,Male,7.1,Cheque,Verified
INV001701,2024-10-11,100033,lumpsum,402649,Karnataka,Mysore,B30,26-35,Female,24.4,UPI,Pending
INV000726,2024-10-11,100033,lumpsum,263169,Punjab,Chandigarh,T30,26-35,Male,21.1,Net Banking,Verified
INV003182,2024-10-11,119598,sip,55841,Tamil Nadu,Chennai,T30,18-25,Female,4.8,Mandate,Pending
INV002058,2024-10-11,120504,lumpsum,210184,Tamil Nadu,Coimbatore,B30,36-45,Male,14.5,Cheque,Verified
INV004049,2024-10-11,148569,lumpsum,68504,Gujarat,Ahmedabad,T30,36-45,Male,31.1,Cheque,Verified
INV000806,2024-10-11,119552,sip,21054,Maharashtra,Pune,T30,46-55,Male,90.4,Mandate,Verified
INV001094,2024-10-11,118632,lumpsum,246282,Haryana,Gurugram,T30,26-35,Male,21.6,Cheque,Verified
INV000045,2024-10-11,100016,lumpsum,300202,Uttar Pradesh,Lucknow,T30,36-45,Male,26.2,UPI,Verified
INV002890,2024-10-11,119094,lumpsum,358996,Rajasthan,Jaipur,T30,36-45,Female,49.2,Mandate,Verified
INV004651,2024-10-11,118633,sip,2490,Rajasthan,Udaipur,B30,46-55,Male,39.1,Net Banking,Verified
INV004347,2024-10-11,119095,sip,8591,West Bengal,Kolkata,T30,36-45,Male,20.5,UPI,Verified
INV004651,2024-10-11,125497,sip,7149,Rajasthan,Udaipur,B30,46-55,Male,39.1,UPI,Verified
INV004187,2024-10-11,119598,sip,5895,Haryana,Gurugram,T30,18-25,Male,5.6,Cheque,Verified
INV003761,2024-10-11,118632,sip,900,Karnataka,Mysore,B30,46-55,Male,61.2,Net Banking,Verified
INV003475,2024-10-11,120843,sip,2933,Telangana,Hyderabad,T30,26-35,Male,20.7,UPI,Pending
INV000666,2024-10-11,102885,sip,6297,Maharashtra,Mumbai,T30,36-45,Male,49.7,Net Banking,Verified
INV000108,2024-10-11,120505,sip,2781,Uttar Pradesh,Agra,B30,36-45,Male,26.2,Net Banking,Verified
INV001170,2024-10-11,149322,sip,8102,Karnataka,Mysore,B30,36-45,Male,34.6,Cheque,Verified
INV001257,2024-10-11,120841,redemption,345826,Punjab,Chandigarh,T30,26-35,Female,6.3,Mandate,Pending
INV001545,2024-10-11,149323,sip,51379,Madhya Pradesh,Bhopal,B30,26-35,Male,11.5,UPI,Verified
INV002361,2024-10-11,119598,sip,57079,Gujarat,Surat,T30,36-45,Male,59.3,UPI,Verified
INV000814,2024-10-11,120844,lumpsum,126079,Delhi,New Delhi,T30,26-35,Male,17.8,Mandate,Verified
INV003812,2024-10-11,100033,lumpsum,267653,Haryana,Faridabad,B30,18-25,Female,3.6,Cheque,Verified
INV003311,2024-10-11,118635,sip,1625,Madhya Pradesh,Bhopal,B30,26-35,Male,9.5,Mandate,Verified
INV002843,2024-10-11,119093,lumpsum,530157,Haryana,Faridabad,B30,26-35,Male,11.8,Net Banking,Verified
INV003310,2024-10-11,120507,sip,894,Telangana,Hyderabad,T30,26-35,Male,8.0,Cheque,Verified
INV003845,2024-10-11,100033,sip,4584,Gujarat,Surat,T30,26-35,Female,10.1,Cheque,Verified
INV003963,2024-10-11,120841,sip,10749,Tamil Nadu,Chennai,T30,26-35,Male,18.1,Mandate,Verified
INV003945,2024-10-11,101206,redemption,182767,Gujarat,Ahmedabad,T30,46-55,Female,48.3,Mandate,Verified
INV000369,2024-10-11,149324,sip,7764,Delhi,Gurugram,T30,26-35,Male,20.7,UPI,Verified
INV000830,2024-10-11,102885,sip,2818,Tamil Nadu,Chennai,T30,36-45,Female,43.0,UPI,Verified
INV001995,2024-10-11,100033,sip,541,Gujarat,Surat,T30,26-35,Male,20.8,Cheque,Verified
INV002886,2024-10-11,119120,lumpsum,66958,Tamil Nadu,Chennai,T30,18-25,Female,7.1,Mandate,Verified
INV004729,2024-10-11,149323,lumpsum,357276,Madhya Pradesh,Bhopal,B30,26-35,Male,19.4,Mandate,Verified
INV002040,2024-10-11,100025,sip,1899,Karnataka,Mysore,B30,36-45,Female,49.1,Cheque,Verified
INV000005,2024-10-11,120504,sip,48844,Punjab,Amritsar,B30,26-35,Female,10.4,Net Banking,Pending
INV001458,2024-10-11,119551,redemption,281019,Tamil Nadu,Coimbatore,B30,46-55,Male,34.9,Net Banking,Verified
INV000112,2024-10-11,120843,sip,2276,Tamil Nadu,Chennai,T30,26-35,Male,20.5,Mandate,Verified
INV000499,2024-10-11,148568,sip,2002,Delhi,New Delhi,T30,36-45,Female,59.5,Net Banking,Verified
INV002221,2024-10-11,120844,lumpsum,219135,Madhya Pradesh,Indore,T30,18-25,Male,5.7,UPI,Verified
INV003154,2024-10-11,149323,sip,2320,Karnataka,Mysore,B30,26-35,Female,17.7,UPI,Verified
INV002112,2024-10-11,100025,sip,29226,Madhya Pradesh,Indore,T30,56+,Male,41.3,UPI,Pending
INV001805,2024-10-11,118633,sip,5281,Gujarat,Ahmedabad,T30,36-45,Male,44.9,Mandate,Verified
INV004011,2024-10-11,118636,sip,8509,Punjab,Amritsar,B30,18-25,Female,5.0,Mandate,Verified
INV002006,2024-10-12,120506,redemption,331210,Punjab,Chandigarh,T30,26-35,Male,15.3,UPI,Verified
INV004419,2024-10-12,101206,redemption,500706,Karnataka,Mysore,B30,18-25,Female,3.1,UPI,Verified
INV004144,2024-10-12,119092,sip,1141,West Bengal,Kolkata,T30,26-35,Female,18.9,Cheque,Verified
INV004100,2024-10-12,119095,redemption,217281,Delhi,Gurugram,T30,26-35,Male,20.7,UPI,Verified
INV001926,2024-10-12,119095,lumpsum,381444,Uttar Pradesh,Agra,B30,46-55,Female,26.9,UPI,Verified
INV001456,2024-10-12,102885,lumpsum,51988,Punjab,Chandigarh,T30,36-45,Male,36.3,UPI,Verified
INV002116,2024-10-12,120506,sip,21257,Karnataka,Bangalore,T30,18-25,Male,3.8,Cheque,Verified
INV000634,2024-10-12,102885,lumpsum,399590,Karnataka,Bangalore,T30,26-35,Female,22.7,Net Banking,Verified
INV004527,2024-10-12,119095,sip,591,West Bengal,Kolkata,T30,36-45,Male,39.6,Cheque,Verified
INV000299,2024-10-12,119599,redemption,203951,Delhi,Noida,T30,26-35,Male,24.4,UPI,Verified
INV003455,2024-10-12,120843,sip,4350,Tamil Nadu,Coimbatore,B30,46-55,Male,40.2,Cheque,Verified
INV003559,2024-10-12,102885,sip,3569,Uttar Pradesh,Kanpur,B30,26-35,Female,9.4,Net Banking,Verified
INV003526,2024-10-12,102885,lumpsum,9700,Maharashtra,Nashik,B30,36-45,Male,24.2,Mandate,Verified
INV003809,2024-10-12,100016,lumpsum,543293,Tamil Nadu,Coimbatore,B30,36-45,Male,45.3,Mandate,Pending
INV001393,2024-10-12,119094,redemption,99137,Punjab,Chandigarh,T30,56+,Male,67.6,Net Banking,Verified
INV000332,2024-10-12,119599,sip,2827,Telangana,Hyderabad,T30,36-45,Female,12.9,Cheque,Pending
INV002724,2024-10-12,102887,redemption,148711,Rajasthan,Udaipur,B30,36-45,Male,26.3,Net Banking,Verified
INV000772,2024-10-12,118632,redemption,286484,Karnataka,Bangalore,T30,56+,Female,16.1,Cheque,Pending
INV003012,2024-10-12,102887,lumpsum,411021,Madhya Pradesh,Indore,T30,36-45,Male,41.8,Net Banking,Verified
INV001206,2024-10-12,102886,sip,27644,Delhi,Noida,T30,26-35,Male,11.7,UPI,Verified
INV001312,2024-10-12,120842,sip,2739,Delhi,Noida,T30,26-35,Male,6.9,Net Banking,Pending
INV000799,2024-10-12,125498,lumpsum,260080,Madhya Pradesh,Indore,T30,18-25,Male,4.6,Mandate,Verified
INV002488,2024-10-12,120505,lumpsum,271581,Delhi,Gurugram,T30,26-35,Male,12.2,Mandate,Verified
INV003877,2024-10-12,102885,redemption,148807,Rajasthan,Udaipur,B30,36-45,Female,25.4,Net Banking,Verified
INV001363,2024-10-12,119552,lumpsum,76249,Karnataka,Mysore,B30,56+,Male,29.4,Cheque,Verified
INV000276,2024-10-12,120842,lumpsum,178079,Telangana,Hyderabad,T30,36-45,Female,38.3,Net Banking,Verified
INV003345,2024-10-12,119599,redemption,70842,Maharashtra,Pune,T30,26-35,Female,17.7,Net Banking,Verified
INV001982,2024-10-12,120842,redemption,474479,Karnataka,Mysore,B30,26-35,Male,14.9,UPI,Verified
INV004691,2024-10-12,120843,redemption,173049,Delhi,Noida,T30,26-35,Male,14.5,Net Banking,Verified
INV000764,2024-10-12,101207,lumpsum,118776,Punjab,Chandigarh,T30,26-35,Male,15.6,Net Banking,Verified
INV004210,2024-10-12,102885,sip,808,Madhya Pradesh,Bhopal,B30,56+,Male,23.9,UPI,Verified
INV000223,2024-10-12,120843,lumpsum,260166,West Bengal,Kolkata,T30,26-35,Male,6.3,Mandate,Verified
INV001465,2024-10-12,120507,redemption,336936,Punjab,Amritsar,B30,26-35,Male,21.0,Mandate,Verified
INV001025,2024-10-12,120505,sip,487,Maharashtra,Pune,T30,18-25,Male,5.7,UPI,Verified
INV003574,2024-10-12,119551,redemption,296474,Haryana,Faridabad,B30,46-55,Male,48.4,UPI,Verified
INV003202,2024-10-12,100016,lumpsum,129836,Maharashtra,Pune,T30,46-55,Male,48.9,Mandate,Verified
INV004818,2024-10-12,120506,sip,4875,Maharashtra,Pune,T30,26-35,Male,23.5,Mandate,Verified
INV001811,2024-10-12,119120,sip,55964,Punjab,Amritsar,B30,18-25,Male,7.8,Cheque,Verified
INV000925,2024-10-12,119094,redemption,374268,Karnataka,Mysore,B30,18-25,Male,3.6,Mandate,Verified
INV003219,2024-10-12,119094,sip,8524,Maharashtra,Pune,T30,46-55,Male,57.8,UPI,Verified
INV003539,2024-10-12,119093,redemption,285666,Rajasthan,Udaipur,B30,56+,Female,54.9,UPI,Verified
INV001055,2024-10-12,100025,sip,24260,Haryana,Gurugram,T30,26-35,Female,17.6,Net Banking,Verified
INV003801,2024-10-12,118633,sip,6445,Punjab,Chandigarh,T30,26-35,Male,17.8,Mandate,Verified
INV003272,2024-10-12,118632,lumpsum,210095,Uttar Pradesh,Kanpur,B30,26-35,Male,21.8,Mandate,Verified
INV000584,2024-10-12,120842,sip,459,Uttar Pradesh,Kanpur,B30,46-55,Female,20.9,Mandate,Verified
INV001423,2024-10-12,100016,lumpsum,233409,Madhya Pradesh,Bhopal,B30,18-25,Female,7.7,Net Banking,Verified
INV001032,2024-10-12,102886,sip,2383,Tamil Nadu,Chennai,T30,26-35,Male,7.8,UPI,Verified
INV001775,2024-10-12,120506,sip,1610,Uttar Pradesh,Kanpur,B30,26-35,Female,8.3,Mandate,Verified
INV003463,2024-10-12,101208,redemption,237019,Uttar Pradesh,Kanpur,B30,26-35,Male,14.1,Cheque,Verified
INV003618,2024-10-12,120504,sip,16372,Delhi,Gurugram,T30,46-55,Female,72.4,Mandate,Verified
INV001774,2024-10-12,120507,sip,6345,Maharashtra,Nashik,B30,56+,Male,32.0,Mandate,Verified
INV001909,2024-10-12,101208,redemption,396790,Telangana,Hyderabad,T30,36-45,Male,34.2,Mandate,Verified
INV000844,2024-10-12,102887,sip,24468,Gujarat,Surat,T30,26-35,Male,6.5,UPI,Verified
INV003540,2024-10-12,149322,redemption,89616,Telangana,Hyderabad,T30,26-35,Male,23.6,Net Banking,Verified
INV003700,2024-10-12,118633,sip,443,Maharashtra,Nashik,B30,46-55,Male,42.6,Net Banking,Verified
INV004033,2024-10-12,102885,redemption,519384,West Bengal,Kolkata,T30,36-45,Male,56.1,Cheque,Verified
INV000027,2024-10-12,118633,lumpsum,125155,Punjab,Chandigarh,T30,26-35,Male,20.7,Mandate,Verified
INV000957,2024-10-12,120841,sip,7009,Madhya Pradesh,Bhopal,B30,36-45,Male,38.2,Cheque,Verified
INV002524,2024-10-12,102886,redemption,348165,Rajasthan,Udaipur,B30,46-55,Male,72.9,Mandate,Verified
INV002989,2024-10-12,118634,sip,57741,Haryana,Faridabad,B30,46-55,Male,16.3,Cheque,Verified
INV001903,2024-10-12,118633,redemption,376738,Delhi,New Delhi,T30,26-35,Female,8.8,Net Banking,Verified
INV002990,2024-10-12,100033,sip,15918,Uttar Pradesh,Kanpur,B30,46-55,Female,79.4,Mandate,Verified
INV004554,2024-10-12,118634,redemption,261505,Rajasthan,Jaipur,T30,26-35,Female,10.7,Mandate,Verified
INV002067,2024-10-12,119093,sip,7027,Gujarat,Ahmedabad,T30,36-45,Female,46.2,UPI,Verified
INV004412,2024-10-12,120503,sip,1033,Punjab,Amritsar,B30,26-35,Female,21.6,UPI,Pending
INV003598,2024-10-12,149322,sip,2213,Delhi,Gurugram,T30,26-35,Female,12.7,UPI,Verified
INV001075,2024-10-12,149323,sip,2045,Punjab,Chandigarh,T30,26-35,Female,24.5,UPI,Pending
INV001399,2024-10-12,101208,sip,8643,Delhi,New Delhi,T30,26-35,Female,16.4,UPI,Verified
INV003705,2024-10-12,100016,sip,1732,Telangana,Hyderabad,T30,26-35,Male,8.0,UPI,Verified
INV002188,2024-10-12,101207,lumpsum,407723,Rajasthan,Jaipur,T30,26-35,Male,19.1,Cheque,Verified
INV003968,2024-10-12,120504,sip,11809,Maharashtra,Mumbai,T30,46-55,Female,58.7,Net Banking,Verified
INV001580,2024-10-12,120503,sip,4664,Punjab,Chandigarh,T30,26-35,Male,18.7,UPI,Verified
INV002259,2024-10-12,119092,lumpsum,54290,Madhya Pradesh,Bhopal,B30,18-25,Female,6.7,Mandate,Verified
INV001304,2024-10-12,118636,sip,1038,Gujarat,Ahmedabad,T30,26-35,Male,21.8,Net Banking,Verified
INV003021,2024-10-12,102885,lumpsum,31122,Telangana,Hyderabad,T30,56+,Female,65.0,Cheque,Verified
INV000815,2024-10-12,100025,lumpsum,338478,Karnataka,Mysore,B30,26-35,Male,9.2,Net Banking,Verified
INV004630,2024-10-12,148567,lumpsum,29968,Madhya Pradesh,Bhopal,B30,26-35,Female,6.3,Net Banking,Verified
INV002804,2024-10-12,118632,sip,475,Madhya Pradesh,Indore,T30,36-45,Male,39.9,Cheque,Verified
INV003916,2024-10-13,101207,redemption,383445,Karnataka,Mysore,B30,26-35,Male,23.6,Mandate,Verified
INV001949,2024-10-13,118635,lumpsum,144344,Rajasthan,Jaipur,T30,36-45,Male,43.2,Cheque,Verified
INV003014,2024-10-13,102887,lumpsum,230720,Karnataka,Bangalore,T30,26-35,Female,12.3,Mandate,Verified
INV003038,2024-10-13,119094,sip,1000,Gujarat,Ahmedabad,T30,18-25,Male,6.0,Mandate,Verified
INV004258,2024-10-13,120504,sip,5611,Gujarat,Ahmedabad,T30,36-45,Male,56.6,UPI,Verified
INV000347,2024-10-13,120841,sip,5631,West Bengal,Kolkata,T30,18-25,Male,7.7,Net Banking,Verified
INV000010,2024-10-13,125497,lumpsum,315731,Maharashtra,Pune,T30,36-45,Male,13.6,UPI,Verified
INV002881,2024-10-13,148568,sip,7501,Uttar Pradesh,Agra,B30,26-35,Female,11.4,Net Banking,Verified
INV004282,2024-10-13,119095,sip,13484,Punjab,Amritsar,B30,26-35,Male,20.8,Cheque,Verified
INV000977,2024-10-13,120841,sip,11833,Karnataka,Mysore,B30,56+,Male,22.5,UPI,Verified
INV002810,2024-10-13,120842,lumpsum,410937,Punjab,Amritsar,B30,36-45,Male,33.2,Cheque,Pending
INV002641,2024-10-13,102886,lumpsum,454544,Maharashtra,Nashik,B30,56+,Male,27.1,Net Banking,Verified
INV001500,2024-10-13,120505,lumpsum,457786,Maharashtra,Pune,T30,26-35,Female,6.5,UPI,Verified
INV004807,2024-10-13,118635,sip,2316,Maharashtra,Mumbai,T30,36-45,Male,31.4,Net Banking,Verified
INV003772,2024-10-13,120507,sip,1113,Punjab,Amritsar,B30,18-25,Female,6.8,Mandate,Verified
INV002390,2024-10-13,118636,sip,454,Uttar Pradesh,Kanpur,B30,56+,Female,24.4,Cheque,Verified
INV004027,2024-10-13,120842,sip,10555,Punjab,Amritsar,B30,26-35,Male,8.7,Cheque,Verified
INV004619,2024-10-13,100025,lumpsum,213344,Gujarat,Ahmedabad,T30,46-55,Male,47.9,UPI,Verified
INV000970,2024-10-13,118635,sip,2431,Tamil Nadu,Coimbatore,B30,46-55,Male,28.8,Net Banking,Verified
INV000137,2024-10-13,119093,lumpsum,376937,Rajasthan,Jaipur,T30,26-35,Female,12.0,Cheque,Verified
INV004030,2024-10-13,120505,sip,20501,Uttar Pradesh,Lucknow,T30,18-25,Female,4.4,Mandate,Verified
INV001530,2024-10-13,148567,lumpsum,60387,Telangana,Hyderabad,T30,26-35,Male,21.0,Cheque,Verified
INV002440,2024-10-13,100033,sip,44535,Karnataka,Bangalore,T30,18-25,Female,3.0,UPI,Verified
INV004376,2024-10-13,101208,sip,2090,West Bengal,Kolkata,T30,46-55,Female,92.6,Mandate,Verified
INV003822,2024-10-13,100025,lumpsum,489121,Rajasthan,Jaipur,T30,26-35,Male,12.9,Cheque,Verified
INV003450,2024-10-13,119120,lumpsum,448827,Maharashtra,Nashik,B30,18-25,Female,4.2,Net Banking,Verified
INV000098,2024-10-13,100016,sip,17901,Telangana,Hyderabad,T30,36-45,Male,33.8,Cheque,Verified
INV001550,2024-10-13,102887,redemption,145712,Punjab,Chandigarh,T30,18-25,Male,4.1,Cheque,Verified
INV004451,2024-10-13,119092,redemption,97971,Madhya Pradesh,Bhopal,B30,56+,Male,78.6,UPI,Verified
INV001597,2024-10-13,120504,lumpsum,310384,West Bengal,Kolkata,T30,36-45,Male,46.1,Cheque,Verified
INV002700,2024-10-13,148568,redemption,398471,Tamil Nadu,Coimbatore,B30,26-35,Male,8.1,Net Banking,Verified
INV003821,2024-10-13,119093,lumpsum,338330,Delhi,Noida,T30,18-25,Female,6.4,Net Banking,Pending
INV002282,2024-10-13,120504,sip,6845,West Bengal,Kolkata,T30,36-45,Male,53.7,Cheque,Pending
INV002106,2024-10-13,148568,lumpsum,19355,Uttar Pradesh,Lucknow,T30,26-35,Male,20.8,Cheque,Pending
INV000389,2024-10-13,120504,sip,2779,Delhi,Gurugram,T30,46-55,Male,50.2,Cheque,Verified
INV004642,2024-10-13,120507,sip,56721,Uttar Pradesh,Kanpur,B30,46-55,Male,31.9,Cheque,Verified
INV001117,2024-10-13,101208,sip,6485,Punjab,Amritsar,B30,18-25,Male,3.9,Cheque,Verified
INV002832,2024-10-13,119092,redemption,361537,Uttar Pradesh,Lucknow,T30,26-35,Male,15.9,Mandate,Verified
INV000836,2024-10-13,119092,sip,412,Haryana,Gurugram,T30,26-35,Male,24.4,Cheque,Verified
INV001107,2024-10-13,100016,sip,1094,Gujarat,Ahmedabad,T30,26-35,Male,19.5,Cheque,Verified
INV002117,2024-10-13,120844,redemption,321375,Delhi,Gurugram,T30,26-35,Male,21.7,UPI,Verified
INV004441,2024-10-13,120507,sip,2384,Uttar Pradesh,Lucknow,T30,26-35,Male,24.0,Mandate,Verified
INV001049,2024-10-13,149322,sip,1943,Madhya Pradesh,Indore,T30,36-45,Female,52.5,Net Banking,Pending
INV004866,2024-10-13,120505,sip,14088,Madhya Pradesh,Bhopal,B30,36-45,Male,14.6,Mandate,Verified
INV000145,2024-10-13,118635,lumpsum,158919,Delhi,New Delhi,T30,26-35,Male,9.3,Net Banking,Verified
INV001888,2024-10-13,119092,sip,3250,Delhi,New Delhi,T30,18-25,Female,6.4,Mandate,Verified
INV000332,2024-10-13,102886,sip,15666,Telangana,Hyderabad,T30,36-45,Female,12.9,UPI,Verified
INV000606,2024-10-13,120506,lumpsum,48524,Karnataka,Mysore,B30,18-25,Male,7.8,Mandate,Verified
INV004493,2024-10-13,119092,sip,8901,Tamil Nadu,Chennai,T30,36-45,Male,19.3,Mandate,Verified
INV000655,2024-10-13,120844,lumpsum,308880,Karnataka,Bangalore,T30,26-35,Male,8.0,UPI,Pending
INV004307,2024-10-13,120503,lumpsum,187853,Haryana,Faridabad,B30,26-35,Male,19.3,Cheque,Verified
INV000307,2024-10-13,120503,sip,5020,Telangana,Hyderabad,T30,18-25,Male,7.8,Mandate,Verified
INV001823,2024-10-13,100033,lumpsum,473255,Tamil Nadu,Coimbatore,B30,26-35,Male,17.1,Cheque,Verified
INV004593,2024-10-14,118636,sip,11792,Punjab,Amritsar,B30,26-35,Male,13.7,Net Banking,Verified
INV001605,2024-10-14,148569,sip,4460,Uttar Pradesh,Kanpur,B30,26-35,Female,12.4,Mandate,Verified
INV003179,2024-10-14,148569,sip,2431,Rajasthan,Jaipur,T30,36-45,Male,53.3,UPI,Verified
INV003905,2024-10-14,102886,sip,1014,Maharashtra,Mumbai,T30,26-35,Male,24.3,Mandate,Verified
INV004825,2024-10-14,125498,lumpsum,136658,Delhi,Noida,T30,56+,Male,15.3,Mandate,Verified
INV004742,2024-10-14,118633,sip,2263,Punjab,Chandigarh,T30,26-35,Male,16.2,Cheque,Verified
INV001640,2024-10-14,120843,sip,3109,Rajasthan,Jaipur,T30,36-45,Female,52.6,Mandate,Verified
INV004375,2024-10-14,100033,sip,2563,Madhya Pradesh,Bhopal,B30,26-35,Male,17.7,UPI,Verified
INV002567,2024-10-14,120842,sip,7411,Madhya Pradesh,Indore,T30,36-45,Male,20.3,UPI,Pending
INV002049,2024-10-14,120505,sip,2996,Tamil Nadu,Coimbatore,B30,36-45,Female,36.8,Net Banking,Verified
INV001999,2024-10-14,120507,sip,10750,Rajasthan,Udaipur,B30,18-25,Male,5.8,Cheque,Verified
INV002526,2024-10-14,120503,lumpsum,159810,Madhya Pradesh,Bhopal,B30,18-25,Female,3.5,Cheque,Verified
INV003436,2024-10-14,118635,redemption,114530,Maharashtra,Mumbai,T30,36-45,Female,54.4,Net Banking,Verified
INV000825,2024-10-14,101207,sip,5604,Madhya Pradesh,Bhopal,B30,18-25,Female,5.5,Cheque,Verified
INV000183,2024-10-14,119093,redemption,118313,Tamil Nadu,Coimbatore,B30,26-35,Male,9.8,Cheque,Verified
INV004760,2024-10-14,120507,sip,2118,Uttar Pradesh,Lucknow,T30,18-25,Male,4.8,Net Banking,Verified
INV004289,2024-10-14,149323,sip,525,Karnataka,Bangalore,T30,26-35,Male,14.8,UPI,Verified
INV000589,2024-10-14,101207,sip,5187,Uttar Pradesh,Kanpur,B30,18-25,Female,6.3,Cheque,Verified
INV001018,2024-10-14,148568,redemption,6966,Telangana,Hyderabad,T30,46-55,Female,65.2,Mandate,Verified
INV004959,2024-10-14,102886,redemption,370919,Delhi,New Delhi,T30,18-25,Female,5.8,Net Banking,Verified
INV003433,2024-10-14,120842,redemption,392242,Rajasthan,Jaipur,T30,26-35,Female,9.1,Mandate,Verified
INV001820,2024-10-14,119093,lumpsum,26428,Maharashtra,Mumbai,T30,36-45,Female,39.3,Mandate,Verified
INV003175,2024-10-14,119552,lumpsum,560418,Punjab,Amritsar,B30,26-35,Female,24.3,Net Banking,Verified
INV001994,2024-10-14,120505,sip,570,Tamil Nadu,Coimbatore,B30,18-25,Female,5.2,Net Banking,Verified
INV001021,2024-10-14,148569,sip,1781,Maharashtra,Mumbai,T30,56+,Male,50.5,Mandate,Verified
INV001262,2024-10-14,148569,sip,2046,Karnataka,Bangalore,T30,26-35,Male,14.0,Mandate,Verified
INV003357,2024-10-14,119598,sip,8990,Madhya Pradesh,Bhopal,B30,26-35,Female,15.3,Mandate,Verified
INV001935,2024-10-14,119093,sip,9362,Rajasthan,Jaipur,T30,26-35,Male,21.2,Mandate,Verified
INV003598,2024-10-14,100016,sip,526,Delhi,Gurugram,T30,26-35,Female,12.7,Mandate,Verified
INV004804,2024-10-14,119599,sip,2206,Maharashtra,Mumbai,T30,36-45,Male,44.1,UPI,Verified
INV000556,2024-10-14,119093,sip,2425,Rajasthan,Udaipur,B30,18-25,Male,7.2,Cheque,Verified
INV003712,2024-10-14,125498,lumpsum,316125,Maharashtra,Pune,T30,46-55,Male,82.6,UPI,Verified
INV003073,2024-10-14,119120,sip,6564,Punjab,Amritsar,B30,26-35,Male,11.9,Net Banking,Verified
INV003553,2024-10-14,148567,lumpsum,276215,Punjab,Amritsar,B30,36-45,Male,33.0,Net Banking,Verified
INV002339,2024-10-14,118632,sip,566,Delhi,New Delhi,T30,36-45,Male,46.4,Cheque,Verified
INV003139,2024-10-14,118634,lumpsum,91924,Karnataka,Mysore,B30,36-45,Male,39.4,Cheque,Verified
INV003986,2024-10-14,119551,redemption,155071,Telangana,Hyderabad,T30,36-45,Male,44.2,UPI,Verified
INV000033,2024-10-14,148569,sip,584,Delhi,New Delhi,T30,36-45,Female,12.4,UPI,Verified
INV004642,2024-10-14,118633,sip,7430,Uttar Pradesh,Kanpur,B30,46-55,Male,31.9,Cheque,Verified
INV000360,2024-10-14,120841,lumpsum,407093,Maharashtra,Mumbai,T30,36-45,Female,55.3,Cheque,Verified
INV000910,2024-10-14,120507,sip,576,Madhya Pradesh,Indore,T30,46-55,Male,58.8,UPI,Verified
INV003638,2024-10-14,120843,lumpsum,185050,West Bengal,Kolkata,T30,56+,Male,27.1,Cheque,Verified
INV002092,2024-10-14,148567,sip,6515,Punjab,Amritsar,B30,18-25,Male,7.7,Cheque,Verified
INV000138,2024-10-14,120505,sip,2743,Telangana,Hyderabad,T30,26-35,Male,24.7,Mandate,Verified
INV002837,2024-10-14,125497,redemption,162840,Delhi,Gurugram,T30,26-35,Female,14.6,UPI,Pending
INV004828,2024-10-14,149323,sip,42083,Gujarat,Surat,T30,56+,Female,58.3,Net Banking,Verified
INV004933,2024-10-14,118635,lumpsum,53728,Karnataka,Bangalore,T30,46-55,Female,65.3,Net Banking,Verified
INV003630,2024-10-14,119599,redemption,87658,Karnataka,Bangalore,T30,18-25,Female,4.9,Mandate,Verified
INV002798,2024-10-14,120843,redemption,314570,Tamil Nadu,Coimbatore,B30,26-35,Female,24.5,Net Banking,Verified
INV001206,2024-10-14,120841,redemption,232278,Delhi,Noida,T30,26-35,Male,11.7,Cheque,Verified
INV004545,2024-10-14,149324,lumpsum,384016,Madhya Pradesh,Indore,T30,26-35,Male,12.8,Cheque,Verified
INV001453,2024-10-14,100016,sip,2622,Gujarat,Ahmedabad,T30,36-45,Male,34.6,UPI,Verified
INV003203,2024-10-14,100016,redemption,288169,Telangana,Hyderabad,T30,26-35,Male,22.5,UPI,Verified
INV001608,2024-10-14,102885,sip,2906,Delhi,Gurugram,T30,26-35,Male,13.1,Mandate,Verified
INV000609,2024-10-14,118634,redemption,381639,Tamil Nadu,Coimbatore,B30,18-25,Male,3.9,UPI,Verified
INV003887,2024-10-14,119093,lumpsum,147078,Rajasthan,Udaipur,B30,56+,Female,54.1,UPI,Verified
INV004125,2024-10-14,119094,sip,4316,Gujarat,Surat,T30,26-35,Male,9.4,Net Banking,Verified
INV002173,2024-10-14,120505,sip,443,Rajasthan,Jaipur,T30,26-35,Female,6.5,Net Banking,Verified
INV001743,2024-10-14,101207,sip,52193,Telangana,Hyderabad,T30,26-35,Male,23.5,Mandate,Verified
INV004790,2024-10-14,119551,lumpsum,266456,Tamil Nadu,Coimbatore,B30,18-25,Male,3.4,Net Banking,Verified
INV004391,2024-10-14,102886,sip,4365,Maharashtra,Mumbai,T30,26-35,Female,23.3,Mandate,Verified
INV004754,2024-10-14,101206,sip,401,Telangana,Hyderabad,T30,36-45,Female,51.5,Net Banking,Verified
INV004201,2024-10-14,119598,sip,2335,Telangana,Hyderabad,T30,36-45,Male,20.2,Net Banking,Verified
INV003440,2024-10-14,120841,sip,1860,Rajasthan,Udaipur,B30,36-45,Male,24.1,Mandate,Verified
INV001111,2024-10-14,118636,sip,1771,Delhi,Gurugram,T30,18-25,Male,7.8,Net Banking,Pending
INV000491,2024-10-14,120844,sip,5449,Madhya Pradesh,Indore,T30,56+,Male,58.2,Cheque,Verified
INV002527,2024-10-14,120844,lumpsum,18377,Telangana,Hyderabad,T30,18-25,Male,6.8,Net Banking,Verified
INV002314,2024-10-15,102886,sip,5913,Tamil Nadu,Chennai,T30,18-25,Male,3.9,Net Banking,Verified
INV001615,2024-10-15,120842,sip,56624,Tamil Nadu,Chennai,T30,26-35,Male,15.7,Cheque,Verified
INV004369,2024-10-15,120504,sip,14049,West Bengal,Kolkata,T30,26-35,Male,16.8,Mandate,Verified
INV004225,2024-10-15,125497,lumpsum,505637,Karnataka,Bangalore,T30,26-35,Male,24.8,Net Banking,Verified
INV002645,2024-10-15,102886,sip,4553,Haryana,Gurugram,T30,46-55,Female,67.7,UPI,Verified
INV004813,2024-10-15,119552,sip,420,West Bengal,Kolkata,T30,26-35,Male,13.9,Mandate,Verified
INV004682,2024-10-15,118636,sip,2783,Telangana,Hyderabad,T30,26-35,Female,8.7,UPI,Verified
INV002977,2024-10-15,120504,sip,2011,Haryana,Faridabad,B30,36-45,Female,26.6,UPI,Verified
INV002607,2024-10-15,120844,redemption,25665,Rajasthan,Udaipur,B30,36-45,Male,57.5,Cheque,Verified
INV001518,2024-10-15,148569,sip,881,Karnataka,Mysore,B30,18-25,Male,3.9,UPI,Verified
INV001938,2024-10-15,101206,sip,8327,Karnataka,Mysore,B30,26-35,Male,17.4,Net Banking,Verified
INV003153,2024-10-15,120841,sip,8325,Madhya Pradesh,Indore,T30,36-45,Female,20.5,Cheque,Verified
INV002723,2024-10-15,119120,sip,1088,West Bengal,Kolkata,T30,36-45,Female,54.4,Net Banking,Verified
INV002093,2024-10-15,119092,redemption,53441,Punjab,Chandigarh,T30,26-35,Male,14.7,Cheque,Verified
INV004306,2024-10-15,148569,sip,10307,Telangana,Hyderabad,T30,26-35,Female,20.4,Cheque,Verified
INV002722,2024-10-15,118632,sip,25986,Delhi,Noida,T30,36-45,Female,50.9,Net Banking,Verified
INV004152,2024-10-15,119094,sip,818,Rajasthan,Udaipur,B30,56+,Male,44.0,Mandate,Verified
INV000146,2024-10-15,148567,redemption,10497,Delhi,Gurugram,T30,26-35,Male,14.1,Mandate,Verified
INV002813,2024-10-15,118634,sip,1965,Punjab,Chandigarh,T30,26-35,Male,13.5,Cheque,Verified
INV002329,2024-10-15,119552,sip,2594,Madhya Pradesh,Indore,T30,56+,Male,51.2,UPI,Verified
INV004805,2024-10-15,118633,lumpsum,350821,Madhya Pradesh,Indore,T30,26-35,Female,7.6,Mandate,Verified
INV001195,2024-10-15,125497,sip,4162,Gujarat,Surat,T30,26-35,Male,6.4,Mandate,Verified
INV003795,2024-10-15,119599,sip,524,West Bengal,Kolkata,T30,18-25,Male,7.6,Cheque,Verified
INV002471,2024-10-15,119095,sip,965,Punjab,Chandigarh,T30,18-25,Male,3.1,UPI,Verified
INV001395,2024-10-15,120506,sip,13389,Telangana,Hyderabad,T30,56+,Male,53.5,Mandate,Verified
INV002461,2024-10-15,125497,lumpsum,564445,West Bengal,Kolkata,T30,26-35,Male,19.5,Mandate,Verified
INV000260,2024-10-15,148567,sip,54885,Delhi,Gurugram,T30,18-25,Male,4.1,Mandate,Verified
INV000344,2024-10-15,120505,sip,2887,Madhya Pradesh,Bhopal,B30,36-45,Male,56.7,Cheque,Pending
INV000720,2024-10-15,125498,lumpsum,424737,Gujarat,Ahmedabad,T30,18-25,Female,5.8,UPI,Verified
INV001752,2024-10-15,120843,lumpsum,313672,Rajasthan,Udaipur,B30,26-35,Female,13.4,UPI,Verified
INV003654,2024-10-15,119120,sip,11981,Delhi,New Delhi,T30,18-25,Male,6.6,Cheque,Pending
INV001810,2024-10-15,120505,sip,9780,Uttar Pradesh,Kanpur,B30,26-35,Female,10.1,Mandate,Verified
INV001742,2024-10-15,120844,sip,2334,Haryana,Gurugram,T30,18-25,Male,3.5,Cheque,Verified
INV004526,2024-10-15,120505,lumpsum,80644,West Bengal,Kolkata,T30,36-45,Male,19.9,Cheque,Verified
INV002202,2024-10-15,119552,sip,595,Madhya Pradesh,Indore,T30,18-25,Female,7.1,Cheque,Verified
INV000636,2024-10-15,119552,lumpsum,181164,Delhi,Noida,T30,46-55,Male,79.6,Mandate,Pending
INV000553,2024-10-15,125498,sip,23229,Rajasthan,Jaipur,T30,36-45,Male,50.4,Mandate,Verified
INV001409,2024-10-15,149322,sip,2028,Haryana,Faridabad,B30,18-25,Male,4.5,UPI,Verified
INV003262,2024-10-15,102886,redemption,184921,Telangana,Hyderabad,T30,46-55,Male,80.2,Mandate,Verified
INV000860,2024-10-15,118632,redemption,170641,Madhya Pradesh,Bhopal,B30,36-45,Female,51.8,UPI,Verified
INV003366,2024-10-15,119551,lumpsum,130457,Madhya Pradesh,Bhopal,B30,18-25,Male,3.3,Net Banking,Verified
INV000400,2024-10-15,102887,lumpsum,526397,Punjab,Chandigarh,T30,26-35,Male,22.1,Net Banking,Verified
INV002167,2024-10-15,148567,redemption,424811,Rajasthan,Jaipur,T30,26-35,Female,8.7,Cheque,Verified
INV000699,2024-10-15,149322,sip,434,Rajasthan,Jaipur,T30,18-25,Male,7.7,UPI,Verified
INV004288,2024-10-15,149323,sip,24684,Punjab,Amritsar,B30,18-25,Female,6.1,Mandate,Verified
INV004098,2024-10-15,149322,sip,949,Delhi,Noida,T30,26-35,Male,11.3,Cheque,Pending
INV004691,2024-10-15,148568,sip,3484,Delhi,Noida,T30,26-35,Male,14.5,Mandate,Verified
INV001797,2024-10-15,120507,redemption,498982,Punjab,Amritsar,B30,26-35,Female,6.8,UPI,Verified
INV004384,2024-10-15,120503,lumpsum,210910,Delhi,Noida,T30,26-35,Male,12.1,UPI,Verified
INV002010,2024-10-15,119094,sip,8758,Uttar Pradesh,Agra,B30,56+,Male,11.6,Cheque,Verified
INV004369,2024-10-15,119092,redemption,220975,West Bengal,Kolkata,T30,26-35,Male,16.8,Net Banking,Verified
INV004118,2024-10-15,118636,sip,23215,Punjab,Chandigarh,T30,36-45,Male,26.2,Mandate,Pending
INV003220,2024-10-15,100033,lumpsum,395360,Madhya Pradesh,Bhopal,B30,26-35,Male,7.6,UPI,Verified
INV002506,2024-10-15,118633,lumpsum,19603,Karnataka,Bangalore,T30,18-25,Female,3.2,Net Banking,Verified
INV003228,2024-10-15,119092,sip,9856,Madhya Pradesh,Bhopal,B30,26-35,Male,20.0,UPI,Verified
INV000625,2024-10-15,120842,sip,3014,Rajasthan,Jaipur,T30,46-55,Female,19.7,UPI,Verified
INV001748,2024-10-15,118634,lumpsum,204081,Gujarat,Ahmedabad,T30,36-45,Female,16.2,Mandate,Pending
INV002698,2024-10-15,120507,sip,1715,Maharashtra,Pune,T30,26-35,Male,20.9,Cheque,Verified
INV002574,2024-10-15,119095,sip,2052,Maharashtra,Nashik,B30,26-35,Male,11.1,Cheque,Verified
INV000942,2024-10-15,120507,sip,2064,Haryana,Faridabad,B30,56+,Male,70.2,Mandate,Verified
INV004457,2024-10-16,119120,sip,3490,Telangana,Hyderabad,T30,18-25,Male,6.7,Mandate,Verified
INV004467,2024-10-16,119551,lumpsum,142773,Tamil Nadu,Chennai,T30,46-55,Male,52.4,Cheque,Verified
INV000912,2024-10-16,101206,sip,1046,Haryana,Faridabad,B30,36-45,Male,26.7,Cheque,Verified
INV002290,2024-10-16,119551,sip,997,Gujarat,Ahmedabad,T30,36-45,Male,24.7,Cheque,Verified
INV002824,2024-10-16,102887,lumpsum,255180,Rajasthan,Jaipur,T30,56+,Male,42.5,UPI,Verified
INV003526,2024-10-16,100025,redemption,242534,Maharashtra,Nashik,B30,36-45,Male,24.2,UPI,Verified
INV003884,2024-10-16,118636,sip,43823,Rajasthan,Udaipur,B30,18-25,Male,6.6,Cheque,Pending
INV000586,2024-10-16,120841,sip,541,West Bengal,Kolkata,T30,36-45,Male,43.8,Cheque,Verified
INV000922,2024-10-16,102885,sip,2234,Karnataka,Mysore,B30,26-35,Male,22.4,UPI,Verified
INV000287,2024-10-16,148569,redemption,54830,Uttar Pradesh,Kanpur,B30,56+,Female,15.9,Mandate,Verified
INV002355,2024-10-16,149322,sip,7493,Rajasthan,Jaipur,T30,26-35,Female,23.7,Mandate,Pending
INV003642,2024-10-16,120842,lumpsum,389196,Haryana,Faridabad,B30,18-25,Male,3.1,Net Banking,Verified
INV002315,2024-10-16,102886,lumpsum,325938,Haryana,Faridabad,B30,18-25,Male,6.4,Mandate,Verified
INV001661,2024-10-16,125498,redemption,257136,Uttar Pradesh,Lucknow,T30,56+,Female,26.4,Mandate,Pending
INV003859,2024-10-16,119094,lumpsum,281772,Karnataka,Bangalore,T30,36-45,Male,28.5,UPI,Verified
INV003211,2024-10-16,119598,sip,1069,Uttar Pradesh,Lucknow,T30,36-45,Male,55.1,Mandate,Verified
INV002886,2024-10-16,118635,sip,41485,Tamil Nadu,Chennai,T30,18-25,Female,7.1,Cheque,Verified
INV000320,2024-10-16,119598,redemption,475229,Uttar Pradesh,Kanpur,B30,26-35,Male,19.7,Cheque,Verified
INV002044,2024-10-16,100025,sip,2634,Gujarat,Ahmedabad,T30,26-35,Female,19.1,UPI,Verified
INV001017,2024-10-16,118634,sip,4105,West Bengal,Kolkata,T30,26-35,Female,19.0,Mandate,Verified
INV003191,2024-10-16,102887,redemption,259032,Madhya Pradesh,Bhopal,B30,18-25,Female,6.8,Net Banking,Verified
INV004469,2024-10-16,119599,redemption,148401,Delhi,Noida,T30,26-35,Female,24.1,Net Banking,Verified
INV000869,2024-10-16,101207,sip,2332,West Bengal,Kolkata,T30,26-35,Female,12.1,Net Banking,Verified
INV004740,2024-10-16,118632,sip,1788,Tamil Nadu,Chennai,T30,56+,Male,43.4,Net Banking,Verified
INV003578,2024-10-16,102886,redemption,393835,Uttar Pradesh,Lucknow,T30,36-45,Female,36.5,Net Banking,Verified
INV004067,2024-10-16,118633,sip,28858,Delhi,Gurugram,T30,26-35,Male,8.5,Mandate,Verified
INV003238,2024-10-16,149322,redemption,412993,Telangana,Hyderabad,T30,26-35,Male,24.1,Cheque,Verified
INV002150,2024-10-16,120504,sip,5854,Uttar Pradesh,Kanpur,B30,26-35,Female,21.5,Cheque,Verified
INV002211,2024-10-16,120507,sip,1709,Gujarat,Surat,T30,26-35,Male,11.3,Mandate,Verified
INV000095,2024-10-16,100033,sip,11383,West Bengal,Kolkata,T30,18-25,Male,6.5,Mandate,Verified
INV001900,2024-10-16,118632,sip,16077,Tamil Nadu,Coimbatore,B30,36-45,Female,19.7,Mandate,Verified
INV000980,2024-10-16,120507,sip,2271,West Bengal,Kolkata,T30,18-25,Female,7.3,Mandate,Verified
INV002471,2024-10-16,100033,lumpsum,239904,Punjab,Chandigarh,T30,18-25,Male,3.1,UPI,Verified
INV000935,2024-10-16,102885,sip,2775,Telangana,Hyderabad,T30,36-45,Male,14.6,Mandate,Verified
INV000821,2024-10-16,100016,redemption,6790,Uttar Pradesh,Kanpur,B30,36-45,Male,50.1,Net Banking,Verified
INV001359,2024-10-16,120504,redemption,196574,Haryana,Gurugram,T30,36-45,Female,41.8,UPI,Pending
INV000639,2024-10-16,148569,redemption,346845,Tamil Nadu,Coimbatore,B30,18-25,Female,3.6,Net Banking,Verified
INV000160,2024-10-16,119093,sip,16360,Tamil Nadu,Chennai,T30,36-45,Female,26.8,Net Banking,Verified
INV003438,2024-10-16,101208,sip,1105,Delhi,Noida,T30,26-35,Female,19.6,UPI,Verified
INV004566,2024-10-16,100025,lumpsum,32861,Punjab,Chandigarh,T30,26-35,Male,20.1,Mandate,Verified
INV004287,2024-10-16,119094,redemption,145507,Gujarat,Surat,T30,26-35,Female,18.1,Net Banking,Verified
INV002585,2024-10-16,148568,sip,3074,Uttar Pradesh,Lucknow,T30,18-25,Male,3.2,UPI,Verified
INV001375,2024-10-16,101207,sip,933,Haryana,Gurugram,T30,18-25,Male,6.3,Cheque,Verified
INV003303,2024-10-16,101207,sip,9973,Gujarat,Ahmedabad,T30,26-35,Male,15.8,Cheque,Verified
INV003242,2024-10-16,118635,lumpsum,48979,Punjab,Chandigarh,T30,26-35,Female,18.1,Net Banking,Verified
INV001736,2024-10-16,118633,lumpsum,317146,Rajasthan,Udaipur,B30,46-55,Female,69.5,Net Banking,Verified
INV000709,2024-10-16,119551,sip,2129,Telangana,Hyderabad,T30,26-35,Female,13.6,UPI,Verified
INV000734,2024-10-16,149324,lumpsum,304660,Maharashtra,Pune,T30,26-35,Female,15.2,Net Banking,Verified
INV003739,2024-10-16,101207,sip,48361,Gujarat,Surat,T30,46-55,Female,81.0,Net Banking,Verified
INV000823,2024-10-16,101207,sip,8626,Madhya Pradesh,Bhopal,B30,46-55,Male,41.5,Mandate,Verified
INV003688,2024-10-16,120844,sip,2291,Telangana,Hyderabad,T30,56+,Male,12.1,Net Banking,Verified
INV001927,2024-10-16,101206,sip,3417,Rajasthan,Jaipur,T30,56+,Male,58.7,Cheque,Verified
INV001165,2024-10-16,102885,sip,2821,Delhi,Noida,T30,46-55,Female,48.5,Mandate,Verified
INV004341,2024-10-16,102887,lumpsum,201035,Tamil Nadu,Coimbatore,B30,18-25,Male,7.5,Mandate,Verified
INV002422,2024-10-16,149324,sip,22604,Tamil Nadu,Chennai,T30,36-45,Male,20.5,Net Banking,Verified
INV004238,2024-10-16,118632,sip,2553,Haryana,Faridabad,B30,36-45,Male,40.2,Mandate,Verified
INV002738,2024-10-16,119093,lumpsum,393637,Haryana,Faridabad,B30,36-45,Male,38.7,Net Banking,Verified
INV001245,2024-10-16,100033,redemption,279020,Haryana,Faridabad,B30,46-55,Female,44.0,Cheque,Verified
INV004376,2024-10-16,100025,sip,6907,West Bengal,Kolkata,T30,46-55,Female,92.6,UPI,Verified
INV000433,2024-10-16,120843,sip,3463,Punjab,Amritsar,B30,36-45,Male,56.4,Mandate,Verified
INV002418,2024-10-16,118633,sip,6580,Haryana,Faridabad,B30,36-45,Male,34.0,Net Banking,Verified
INV003698,2024-10-16,119599,lumpsum,415548,Madhya Pradesh,Bhopal,B30,36-45,Female,41.5,Net Banking,Verified
INV001437,2024-10-16,118634,sip,2674,Maharashtra,Nashik,B30,26-35,Female,14.3,UPI,Verified
INV002674,2024-10-16,118635,sip,14263,Karnataka,Mysore,B30,26-35,Female,7.4,Mandate,Verified
INV002432,2024-10-16,118636,sip,8628,Haryana,Gurugram,T30,46-55,Female,48.1,Cheque,Verified
INV001593,2024-10-16,119552,lumpsum,217006,Punjab,Chandigarh,T30,36-45,Female,53.2,Mandate,Verified
INV001156,2024-10-16,120506,lumpsum,68376,Madhya Pradesh,Indore,T30,56+,Female,58.8,UPI,Verified
INV004257,2024-10-16,125497,sip,461,Telangana,Hyderabad,T30,36-45,Male,22.0,Cheque,Verified
INV004877,2024-10-16,119552,sip,2834,Karnataka,Mysore,B30,26-35,Male,18.0,Mandate,Verified
INV000123,2024-10-16,119092,sip,2600,Punjab,Chandigarh,T30,46-55,Male,73.3,Net Banking,Verified
INV002559,2024-10-16,101208,lumpsum,333301,Haryana,Faridabad,B30,18-25,Female,3.4,UPI,Verified
INV004843,2024-10-16,102887,sip,4202,Haryana,Faridabad,B30,56+,Male,49.8,Net Banking,Verified
INV002727,2024-10-16,100016,sip,9027,Madhya Pradesh,Bhopal,B30,26-35,Female,6.3,Mandate,Verified
INV001841,2024-10-16,100016,sip,5690,Madhya Pradesh,Bhopal,B30,36-45,Male,41.3,Net Banking,Verified
INV003755,2024-10-16,120842,sip,15625,Punjab,Chandigarh,T30,46-55,Male,42.7,Net Banking,Pending
INV002711,2024-10-16,120843,lumpsum,476555,Haryana,Gurugram,T30,26-35,Male,12.4,Cheque,Verified
INV002634,2024-10-16,119094,lumpsum,118085,Madhya Pradesh,Bhopal,B30,26-35,Male,10.7,Mandate,Verified
INV002732,2024-10-16,100025,sip,15228,Uttar Pradesh,Lucknow,T30,18-25,Male,4.5,Mandate,Verified
INV001600,2024-10-16,101206,sip,45333,Rajasthan,Jaipur,T30,26-35,Female,22.9,UPI,Pending
INV002507,2024-10-16,119094,sip,579,Tamil Nadu,Chennai,T30,26-35,Female,12.7,Net Banking,Verified
INV003916,2024-10-16,119551,sip,45728,Karnataka,Mysore,B30,26-35,Male,23.6,Net Banking,Verified
INV002985,2024-10-16,120843,sip,6304,Gujarat,Ahmedabad,T30,36-45,Male,26.4,UPI,Verified
INV000695,2024-10-16,120842,sip,1176,Gujarat,Surat,T30,36-45,Male,48.0,Net Banking,Verified
INV004813,2024-10-16,119120,sip,9044,West Bengal,Kolkata,T30,26-35,Male,13.9,Cheque,Verified
INV000069,2024-10-16,120841,sip,954,Gujarat,Ahmedabad,T30,56+,Female,35.9,UPI,Verified
INV000849,2024-10-17,102886,sip,2782,Delhi,Gurugram,T30,56+,Female,32.5,Cheque,Verified
INV004965,2024-10-17,119599,lumpsum,40094,Telangana,Hyderabad,T30,46-55,Female,30.3,Net Banking,Verified
INV002190,2024-10-17,120843,sip,491,Uttar Pradesh,Kanpur,B30,36-45,Female,58.7,Net Banking,Verified
INV003002,2024-10-17,120505,sip,23499,Maharashtra,Pune,T30,26-35,Male,17.0,UPI,Verified
INV000125,2024-10-17,100025,sip,881,Tamil Nadu,Coimbatore,B30,36-45,Male,35.6,Net Banking,Verified
INV003799,2024-10-17,102886,sip,5870,Punjab,Amritsar,B30,18-25,Male,5.6,Net Banking,Verified
INV000483,2024-10-17,102886,redemption,321978,Haryana,Gurugram,T30,18-25,Male,7.7,Net Banking,Verified
INV003927,2024-10-17,102886,lumpsum,187703,Haryana,Gurugram,T30,36-45,Female,15.3,Mandate,Verified
INV002496,2024-10-17,100033,sip,3114,Karnataka,Mysore,B30,36-45,Male,40.5,Net Banking,Verified
INV002759,2024-10-17,120503,lumpsum,438750,Delhi,Noida,T30,36-45,Male,44.6,Mandate,Verified
INV000408,2024-10-17,119599,sip,2989,Punjab,Amritsar,B30,56+,Male,62.3,Mandate,Verified
INV001739,2024-10-17,119095,redemption,482755,West Bengal,Kolkata,T30,36-45,Female,45.5,Net Banking,Verified
INV000511,2024-10-17,118635,sip,43614,Punjab,Chandigarh,T30,46-55,Male,88.7,Net Banking,Pending
INV000181,2024-10-17,119093,sip,5564,Uttar Pradesh,Lucknow,T30,36-45,Male,36.2,Mandate,Verified
INV001713,2024-10-17,120504,sip,4177,Uttar Pradesh,Agra,B30,46-55,Male,61.5,UPI,Verified
INV001086,2024-10-17,120844,sip,5452,Tamil Nadu,Coimbatore,B30,56+,Male,26.6,Mandate,Verified
INV003503,2024-10-17,120504,sip,6305,Karnataka,Mysore,B30,36-45,Male,26.3,Mandate,Verified
INV004712,2024-10-17,119551,lumpsum,256157,Uttar Pradesh,Kanpur,B30,36-45,Male,55.7,Cheque,Verified
INV003007,2024-10-17,148569,sip,1156,Haryana,Faridabad,B30,26-35,Male,21.8,Mandate,Verified
INV000840,2024-10-17,102887,lumpsum,479077,Punjab,Chandigarh,T30,26-35,Male,15.3,UPI,Verified
INV000308,2024-10-17,119095,sip,2145,West Bengal,Kolkata,T30,36-45,Male,52.4,Mandate,Verified
INV004303,2024-10-17,119095,sip,8067,Punjab,Chandigarh,T30,26-35,Male,24.4,Cheque,Verified
INV003712,2024-10-17,118635,sip,434,Maharashtra,Pune,T30,46-55,Male,82.6,UPI,Verified
INV000307,2024-10-17,100025,lumpsum,383679,Telangana,Hyderabad,T30,18-25,Male,7.8,UPI,Verified
INV002424,2024-10-17,119598,lumpsum,151736,Telangana,Hyderabad,T30,56+,Female,51.2,UPI,Verified
INV000671,2024-10-17,119093,lumpsum,427008,Uttar Pradesh,Agra,B30,36-45,Female,15.3,Net Banking,Verified
INV004918,2024-10-17,101207,sip,9158,Punjab,Amritsar,B30,56+,Female,46.9,Net Banking,Verified
INV002251,2024-10-17,102885,lumpsum,284168,Punjab,Chandigarh,T30,26-35,Female,16.8,UPI,Verified
INV003242,2024-10-17,149322,sip,2097,Punjab,Chandigarh,T30,26-35,Female,18.1,UPI,Verified
INV002801,2024-10-17,149323,sip,2214,Madhya Pradesh,Indore,T30,18-25,Male,6.4,UPI,Verified
INV002969,2024-10-17,148568,lumpsum,132612,Karnataka,Bangalore,T30,26-35,Male,15.4,UPI,Verified
INV004780,2024-10-17,118634,sip,1077,Haryana,Gurugram,T30,36-45,Male,42.4,Mandate,Verified
INV003554,2024-10-17,119093,sip,3473,Rajasthan,Jaipur,T30,26-35,Female,15.6,UPI,Verified
INV001876,2024-10-17,149323,sip,7083,Delhi,Gurugram,T30,36-45,Male,13.3,Net Banking,Verified
INV002469,2024-10-17,102887,redemption,253115,Tamil Nadu,Chennai,T30,26-35,Female,12.3,Net Banking,Verified
INV004184,2024-10-17,100025,lumpsum,210038,Karnataka,Bangalore,T30,26-35,Male,9.9,Cheque,Verified
INV002063,2024-10-17,118636,sip,14731,Madhya Pradesh,Indore,T30,26-35,Female,21.3,Cheque,Verified
INV001880,2024-10-17,119551,sip,40950,Madhya Pradesh,Bhopal,B30,26-35,Male,23.0,Cheque,Verified
INV002252,2024-10-17,120507,sip,13324,Maharashtra,Pune,T30,36-45,Female,46.4,UPI,Verified
INV003778,2024-10-17,148567,sip,2940,Tamil Nadu,Chennai,T30,36-45,Male,59.4,Mandate,Verified
INV004817,2024-10-17,125497,sip,15282,Haryana,Faridabad,B30,26-35,Male,20.4,Cheque,Verified
INV000154,2024-10-17,120504,sip,9223,Haryana,Faridabad,B30,36-45,Male,51.3,Cheque,Verified
INV004439,2024-10-17,100033,sip,8258,Haryana,Faridabad,B30,26-35,Male,8.6,Mandate,Verified
INV001228,2024-10-17,148568,sip,435,Karnataka,Bangalore,T30,36-45,Female,29.8,Cheque,Verified
INV001728,2024-10-17,102885,sip,2215,Karnataka,Bangalore,T30,26-35,Male,17.0,Mandate,Verified
INV003024,2024-10-17,102887,redemption,505132,Maharashtra,Pune,T30,36-45,Female,43.1,UPI,Verified
INV001332,2024-10-17,120843,sip,16198,Uttar Pradesh,Agra,B30,26-35,Female,19.9,Net Banking,Verified
INV001477,2024-10-17,149322,lumpsum,38992,Haryana,Faridabad,B30,26-35,Female,20.4,Cheque,Verified
INV004232,2024-10-17,102887,redemption,295565,Tamil Nadu,Chennai,T30,26-35,Male,19.0,UPI,Verified
INV001195,2024-10-17,125498,lumpsum,454041,Gujarat,Surat,T30,26-35,Male,6.4,Mandate,Verified
INV002607,2024-10-17,148569,lumpsum,520938,Rajasthan,Udaipur,B30,36-45,Male,57.5,UPI,Verified
INV000293,2024-10-17,120842,sip,9055,Karnataka,Mysore,B30,26-35,Female,19.3,UPI,Pending
INV001874,2024-10-17,101206,lumpsum,290819,Telangana,Hyderabad,T30,36-45,Male,21.3,Cheque,Verified
INV004977,2024-10-17,119551,lumpsum,96484,Gujarat,Surat,T30,18-25,Male,5.4,Net Banking,Verified
INV000194,2024-10-17,125497,sip,6444,Maharashtra,Pune,T30,36-45,Male,21.6,Cheque,Verified
INV003374,2024-10-17,149322,sip,2465,Karnataka,Mysore,B30,26-35,Male,15.8,Cheque,Verified
INV000354,2024-10-17,118635,sip,11198,Telangana,Hyderabad,T30,26-35,Male,21.2,Cheque,Verified
INV004723,2024-10-17,120507,sip,5813,Gujarat,Surat,T30,26-35,Male,23.0,Cheque,Verified
INV000192,2024-10-17,119551,sip,1880,Haryana,Faridabad,B30,26-35,Male,24.4,Net Banking,Pending
INV000102,2024-10-17,120504,redemption,398330,Gujarat,Surat,T30,26-35,Male,21.9,Cheque,Verified
INV002901,2024-10-17,119598,lumpsum,345753,Delhi,Noida,T30,26-35,Male,17.4,Cheque,Verified
INV001058,2024-10-17,118633,sip,22049,Uttar Pradesh,Kanpur,B30,36-45,Male,28.2,Mandate,Verified
INV000621,2024-10-17,100025,lumpsum,445093,Rajasthan,Udaipur,B30,56+,Female,45.8,UPI,Verified
INV001950,2024-10-17,118634,lumpsum,242273,Maharashtra,Pune,T30,26-35,Female,6.0,Net Banking,Verified
INV002801,2024-10-17,120505,sip,492,Madhya Pradesh,Indore,T30,18-25,Male,6.4,UPI,Verified
INV003075,2024-10-17,120843,sip,5747,Delhi,Gurugram,T30,46-55,Male,83.5,Net Banking,Verified
INV002117,2024-10-17,120842,sip,548,Delhi,Gurugram,T30,26-35,Male,21.7,Mandate,Verified
INV001784,2024-10-17,149324,lumpsum,221007,Madhya Pradesh,Bhopal,B30,26-35,Male,15.5,UPI,Verified
INV002202,2024-10-18,118633,sip,591,Madhya Pradesh,Indore,T30,18-25,Female,7.1,UPI,Verified
INV001995,2024-10-18,120841,sip,12211,Gujarat,Surat,T30,26-35,Male,20.8,Net Banking,Verified
INV003708,2024-10-18,101206,sip,422,Punjab,Amritsar,B30,46-55,Male,38.6,Mandate,Verified
INV004368,2024-10-18,119094,sip,6311,Punjab,Chandigarh,T30,36-45,Male,33.7,Net Banking,Verified
INV001244,2024-10-18,102887,sip,1122,Uttar Pradesh,Agra,B30,26-35,Male,20.0,Mandate,Verified
INV003214,2024-10-18,102887,sip,8709,Punjab,Chandigarh,T30,36-45,Male,18.2,Cheque,Verified
INV003707,2024-10-18,149323,sip,47448,Telangana,Hyderabad,T30,36-45,Female,55.5,UPI,Verified
INV004173,2024-10-18,119094,redemption,389841,West Bengal,Kolkata,T30,26-35,Male,16.9,UPI,Verified
INV003270,2024-10-18,120842,sip,1978,Karnataka,Bangalore,T30,56+,Male,43.3,Cheque,Verified
INV002220,2024-10-18,101206,sip,16074,Punjab,Chandigarh,T30,46-55,Male,29.9,Mandate,Verified
INV000092,2024-10-18,119599,sip,1729,Haryana,Gurugram,T30,18-25,Female,3.7,Net Banking,Pending
INV000372,2024-10-18,102885,sip,5371,Gujarat,Surat,T30,36-45,Male,12.4,Cheque,Verified
INV003876,2024-10-18,100016,sip,25763,Rajasthan,Udaipur,B30,18-25,Male,5.6,Net Banking,Verified
INV004343,2024-10-18,120504,sip,28617,Madhya Pradesh,Bhopal,B30,18-25,Male,7.9,Mandate,Verified
INV000500,2024-10-18,102887,lumpsum,455058,West Bengal,Kolkata,T30,26-35,Female,19.9,Cheque,Verified
INV001482,2024-10-18,118633,redemption,394275,Madhya Pradesh,Indore,T30,46-55,Female,87.0,Net Banking,Verified
INV002230,2024-10-18,119093,sip,46497,Delhi,Noida,T30,36-45,Male,21.7,Net Banking,Verified
INV002531,2024-10-18,148567,redemption,142718,Rajasthan,Udaipur,B30,36-45,Female,50.4,Net Banking,Verified
INV004563,2024-10-18,149323,sip,5457,Gujarat,Surat,T30,46-55,Female,32.2,Mandate,Verified
INV001099,2024-10-18,120843,sip,579,Haryana,Gurugram,T30,26-35,Female,18.9,Cheque,Verified
INV000471,2024-10-18,101207,sip,16610,West Bengal,Kolkata,T30,18-25,Male,4.2,Mandate,Verified
INV004228,2024-10-18,149323,sip,20386,Madhya Pradesh,Bhopal,B30,26-35,Female,18.0,Net Banking,Verified
INV002484,2024-10-18,118636,lumpsum,525116,Telangana,Hyderabad,T30,26-35,Male,24.1,Net Banking,Verified
INV003599,2024-10-18,125498,lumpsum,96878,Madhya Pradesh,Indore,T30,46-55,Male,43.2,UPI,Verified
INV000222,2024-10-18,119598,lumpsum,420519,Maharashtra,Mumbai,T30,36-45,Male,46.7,Mandate,Verified
INV001643,2024-10-18,119095,lumpsum,452487,Punjab,Amritsar,B30,36-45,Male,28.4,Mandate,Verified
INV001949,2024-10-18,119095,sip,15277,Rajasthan,Jaipur,T30,36-45,Male,43.2,Cheque,Verified
INV000749,2024-10-18,120844,lumpsum,195536,Uttar Pradesh,Kanpur,B30,36-45,Male,36.1,UPI,Verified
INV004592,2024-10-18,119552,sip,5906,Maharashtra,Pune,T30,36-45,Male,56.6,UPI,Verified
INV000949,2024-10-18,101207,lumpsum,332044,Tamil Nadu,Coimbatore,B30,26-35,Male,11.2,Mandate,Verified
INV003102,2024-10-18,102887,lumpsum,445312,Maharashtra,Pune,T30,18-25,Male,4.3,Mandate,Verified
INV003991,2024-10-18,100033,sip,6772,Tamil Nadu,Chennai,T30,26-35,Female,20.9,Mandate,Verified
INV003749,2024-10-18,120844,sip,2443,Delhi,New Delhi,T30,36-45,Female,25.6,Net Banking,Verified
INV004402,2024-10-18,120506,sip,8335,Gujarat,Ahmedabad,T30,18-25,Female,6.4,Cheque,Verified
INV001069,2024-10-18,120843,sip,1910,Telangana,Hyderabad,T30,26-35,Male,19.1,Mandate,Verified
INV003379,2024-10-18,101206,sip,4585,Uttar Pradesh,Lucknow,T30,36-45,Male,43.2,UPI,Verified
INV000016,2024-10-18,120844,lumpsum,153865,Tamil Nadu,Chennai,T30,26-35,Female,21.0,Cheque,Verified
INV001933,2024-10-18,125498,sip,1066,Rajasthan,Udaipur,B30,26-35,Male,16.4,UPI,Verified
INV001390,2024-10-18,119095,lumpsum,199448,Haryana,Gurugram,T30,26-35,Female,13.0,Mandate,Pending
INV003851,2024-10-18,118634,sip,10462,Karnataka,Bangalore,T30,46-55,Male,60.6,Mandate,Pending
INV001727,2024-10-18,101208,sip,456,Gujarat,Surat,T30,46-55,Female,74.1,UPI,Verified
INV004407,2024-10-18,100033,redemption,416039,Punjab,Chandigarh,T30,18-25,Male,7.7,Net Banking,Verified
INV002794,2024-10-18,119552,sip,2573,Madhya Pradesh,Bhopal,B30,56+,Male,39.9,UPI,Verified
INV002310,2024-10-18,125498,lumpsum,27581,Tamil Nadu,Coimbatore,B30,26-35,Female,15.6,Net Banking,Verified
INV001687,2024-10-18,149323,sip,7175,West Bengal,Kolkata,T30,26-35,Male,7.6,Mandate,Pending
INV001163,2024-10-18,119092,lumpsum,498999,Karnataka,Mysore,B30,26-35,Male,10.2,Net Banking,Verified
INV004636,2024-10-18,120842,lumpsum,147238,Uttar Pradesh,Kanpur,B30,18-25,Female,5.0,Mandate,Verified
INV002083,2024-10-18,120843,lumpsum,199230,Gujarat,Surat,T30,26-35,Male,21.2,Net Banking,Verified
INV002045,2024-10-18,120503,sip,57892,Rajasthan,Jaipur,T30,18-25,Female,3.8,Net Banking,Verified
INV004004,2024-10-18,118634,sip,5609,Delhi,Gurugram,T30,18-25,Male,3.1,UPI,Verified
INV003141,2024-10-18,125498,redemption,128479,Maharashtra,Pune,T30,36-45,Female,40.1,Net Banking,Verified
INV000278,2024-10-18,118635,lumpsum,232708,Rajasthan,Jaipur,T30,26-35,Male,22.1,Net Banking,Verified
INV001058,2024-10-18,119120,redemption,269240,Uttar Pradesh,Kanpur,B30,36-45,Male,28.2,Net Banking,Verified
INV001051,2024-10-18,119551,sip,8559,Haryana,Gurugram,T30,26-35,Male,8.2,Cheque,Verified
INV000408,2024-10-18,119598,sip,7742,Punjab,Amritsar,B30,56+,Male,62.3,Net Banking,Verified
INV001236,2024-10-18,125497,redemption,398786,Telangana,Hyderabad,T30,46-55,Male,93.7,Net Banking,Verified
INV004301,2024-10-18,125497,sip,22322,Haryana,Faridabad,B30,18-25,Male,6.2,Net Banking,Verified
INV003479,2024-10-18,149322,sip,16142,West Bengal,Kolkata,T30,36-45,Female,44.7,Mandate,Verified
INV002146,2024-10-18,118634,sip,7430,Telangana,Hyderabad,T30,26-35,Male,19.0,Cheque,Verified
INV003833,2024-10-18,119095,sip,7560,Delhi,New Delhi,T30,26-35,Male,11.7,Net Banking,Verified
INV002869,2024-10-18,125497,sip,482,Haryana,Faridabad,B30,26-35,Male,19.9,Net Banking,Verified
INV004450,2024-10-18,119094,redemption,146320,Tamil Nadu,Coimbatore,B30,36-45,Male,16.7,Net Banking,Pending
INV004584,2024-10-18,125498,lumpsum,571502,Uttar Pradesh,Kanpur,B30,56+,Male,47.5,Cheque,Verified
INV001558,2024-10-18,125497,lumpsum,51184,West Bengal,Kolkata,T30,56+,Female,23.8,Mandate,Verified
INV001891,2024-10-19,120844,lumpsum,395428,West Bengal,Kolkata,T30,26-35,Male,22.2,UPI,Verified
INV004889,2024-10-19,149322,sip,2885,Rajasthan,Jaipur,T30,46-55,Male,34.5,Net Banking,Pending
INV003719,2024-10-19,148568,sip,1940,Uttar Pradesh,Kanpur,B30,26-35,Female,8.3,UPI,Verified
INV004643,2024-10-19,119551,sip,49832,Delhi,Noida,T30,26-35,Female,12.4,Mandate,Verified
INV000694,2024-10-19,120503,lumpsum,188622,Rajasthan,Jaipur,T30,46-55,Male,50.6,UPI,Verified
INV001885,2024-10-19,120505,sip,534,Karnataka,Bangalore,T30,26-35,Male,18.8,Cheque,Verified
INV000602,2024-10-19,120844,lumpsum,251372,West Bengal,Kolkata,T30,18-25,Male,8.0,Mandate,Verified
INV001599,2024-10-19,119598,lumpsum,153095,Haryana,Faridabad,B30,36-45,Female,31.0,UPI,Verified
INV002983,2024-10-19,100016,lumpsum,437177,Karnataka,Mysore,B30,18-25,Male,6.2,Cheque,Verified
INV000689,2024-10-19,102887,sip,6858,Tamil Nadu,Chennai,T30,26-35,Female,19.8,Mandate,Verified
INV002486,2024-10-19,148568,lumpsum,160923,Gujarat,Surat,T30,56+,Male,16.2,Net Banking,Verified
INV002500,2024-10-19,120507,redemption,165334,Delhi,New Delhi,T30,26-35,Male,14.7,UPI,Verified
INV003952,2024-10-19,102887,sip,3234,Tamil Nadu,Chennai,T30,36-45,Male,48.8,Mandate,Verified
INV000949,2024-10-19,125498,lumpsum,54922,Tamil Nadu,Coimbatore,B30,26-35,Male,11.2,Mandate,Verified
INV002724,2024-10-19,120841,sip,8489,Rajasthan,Udaipur,B30,36-45,Male,26.3,Net Banking,Verified
INV004448,2024-10-19,100016,sip,5690,Karnataka,Mysore,B30,26-35,Male,20.3,Mandate,Verified
INV004027,2024-10-19,119093,lumpsum,430063,Punjab,Amritsar,B30,26-35,Male,8.7,UPI,Verified
INV002858,2024-10-19,100016,lumpsum,151839,Rajasthan,Udaipur,B30,26-35,Male,17.4,Cheque,Verified
INV002011,2024-10-19,120503,sip,6748,Tamil Nadu,Chennai,T30,36-45,Male,41.1,Mandate,Verified
INV000755,2024-10-19,120504,redemption,452889,Uttar Pradesh,Agra,B30,26-35,Female,13.1,Mandate,Verified
INV002762,2024-10-19,118632,sip,2865,Rajasthan,Udaipur,B30,26-35,Female,21.9,Cheque,Verified
INV003238,2024-10-19,102886,sip,1099,Telangana,Hyderabad,T30,26-35,Male,24.1,Mandate,Verified
INV001037,2024-10-19,101206,sip,572,Haryana,Faridabad,B30,36-45,Female,41.8,Cheque,Verified
INV002766,2024-10-19,119551,sip,4086,Punjab,Chandigarh,T30,26-35,Female,8.7,Mandate,Verified
INV003919,2024-10-19,119092,lumpsum,127120,Uttar Pradesh,Lucknow,T30,18-25,Male,3.4,UPI,Verified
INV000796,2024-10-19,119120,sip,7237,Madhya Pradesh,Indore,T30,18-25,Male,5.0,Cheque,Verified
INV002319,2024-10-19,149324,redemption,252962,Karnataka,Mysore,B30,26-35,Male,8.7,Mandate,Verified
INV001417,2024-10-19,102885,lumpsum,254664,West Bengal,Kolkata,T30,36-45,Female,12.3,Mandate,Verified
INV001338,2024-10-19,102885,sip,2983,Gujarat,Surat,T30,26-35,Female,21.7,Mandate,Verified
INV002267,2024-10-19,120505,sip,7573,Haryana,Faridabad,B30,18-25,Male,4.7,UPI,Verified
INV004584,2024-10-19,101206,lumpsum,258193,Uttar Pradesh,Kanpur,B30,56+,Male,47.5,Cheque,Pending
INV003633,2024-10-19,120505,sip,882,Madhya Pradesh,Bhopal,B30,26-35,Male,11.8,Mandate,Verified
INV001810,2024-10-19,119094,redemption,177637,Uttar Pradesh,Kanpur,B30,26-35,Female,10.1,Cheque,Verified
INV003980,2024-10-19,101207,lumpsum,42103,West Bengal,Kolkata,T30,26-35,Male,7.1,Mandate,Verified
INV003243,2024-10-19,119551,sip,6544,Rajasthan,Jaipur,T30,18-25,Female,4.0,Net Banking,Verified
INV002781,2024-10-19,101207,redemption,243277,Tamil Nadu,Chennai,T30,26-35,Female,13.3,Mandate,Verified
INV004594,2024-10-19,120843,sip,6037,Haryana,Gurugram,T30,26-35,Female,9.8,Cheque,Verified
INV003998,2024-10-19,125497,sip,15352,Telangana,Hyderabad,T30,26-35,Male,12.5,Net Banking,Verified
INV000024,2024-10-19,102885,sip,53450,Delhi,Gurugram,T30,36-45,Female,27.0,UPI,Verified
INV001622,2024-10-19,120507,sip,7017,Delhi,New Delhi,T30,36-45,Male,21.8,Mandate,Verified
INV001130,2024-10-19,120507,redemption,343558,Rajasthan,Jaipur,T30,18-25,Female,3.2,Cheque,Verified
INV003487,2024-10-19,100033,sip,20760,Gujarat,Ahmedabad,T30,26-35,Female,12.0,Mandate,Verified
INV004917,2024-10-19,120844,sip,14781,Uttar Pradesh,Kanpur,B30,26-35,Male,18.3,UPI,Verified
INV001782,2024-10-19,148568,sip,2325,Uttar Pradesh,Agra,B30,36-45,Female,47.5,UPI,Pending
INV001743,2024-10-19,119120,sip,14864,Telangana,Hyderabad,T30,26-35,Male,23.5,Net Banking,Pending
INV004606,2024-10-19,100025,lumpsum,30590,Gujarat,Surat,T30,36-45,Male,57.2,UPI,Verified
INV002315,2024-10-19,119093,lumpsum,379434,Haryana,Faridabad,B30,18-25,Male,6.4,Net Banking,Verified
INV002346,2024-10-19,120503,lumpsum,115690,Maharashtra,Mumbai,T30,36-45,Male,54.5,UPI,Pending
INV003033,2024-10-19,119092,sip,8590,Gujarat,Ahmedabad,T30,36-45,Male,17.3,UPI,Verified
INV004786,2024-10-19,119094,sip,2143,Rajasthan,Udaipur,B30,26-35,Male,10.3,UPI,Verified
INV000776,2024-10-19,118636,sip,2113,Rajasthan,Jaipur,T30,26-35,Male,12.4,Net Banking,Verified
INV000913,2024-10-19,118636,sip,15226,Gujarat,Ahmedabad,T30,26-35,Female,22.5,Cheque,Verified
INV000076,2024-10-19,102885,sip,2850,Gujarat,Ahmedabad,T30,56+,Female,67.1,Net Banking,Verified
INV002867,2024-10-19,102887,redemption,383982,West Bengal,Kolkata,T30,18-25,Male,5.0,Cheque,Verified
INV004939,2024-10-19,100025,lumpsum,37897,Punjab,Amritsar,B30,18-25,Male,4.7,Net Banking,Verified
INV001748,2024-10-19,120507,lumpsum,94590,Gujarat,Ahmedabad,T30,36-45,Female,16.2,Cheque,Verified
INV004326,2024-10-19,149323,sip,2801,Delhi,Gurugram,T30,26-35,Male,7.5,UPI,Verified
INV002280,2024-10-20,120843,sip,6123,Karnataka,Mysore,B30,18-25,Male,3.5,Mandate,Verified
INV001796,2024-10-20,120506,sip,2399,Telangana,Hyderabad,T30,18-25,Male,6.7,Cheque,Verified
INV003756,2024-10-20,100025,redemption,212837,Telangana,Hyderabad,T30,26-35,Male,6.9,Net Banking,Verified
INV001208,2024-10-20,120505,sip,6212,Gujarat,Ahmedabad,T30,56+,Male,18.7,Mandate,Pending
INV000749,2024-10-20,119552,sip,806,Uttar Pradesh,Kanpur,B30,36-45,Male,36.1,UPI,Verified
INV003027,2024-10-20,119120,sip,42367,Telangana,Hyderabad,T30,26-35,Male,20.8,Net Banking,Verified
INV003150,2024-10-20,101207,sip,2334,Gujarat,Ahmedabad,T30,26-35,Female,13.6,Net Banking,Verified
INV001629,2024-10-20,100016,sip,8119,Madhya Pradesh,Indore,T30,26-35,Male,15.0,UPI,Verified
INV004262,2024-10-20,119094,sip,477,Uttar Pradesh,Agra,B30,26-35,Male,6.2,Net Banking,Verified
INV000988,2024-10-20,149323,sip,2670,Rajasthan,Jaipur,T30,36-45,Male,28.7,Mandate,Verified
INV003591,2024-10-20,119551,lumpsum,104244,Haryana,Faridabad,B30,26-35,Female,8.8,Net Banking,Verified
INV001999,2024-10-20,125498,lumpsum,156787,Rajasthan,Udaipur,B30,18-25,Male,5.8,Cheque,Verified
INV002134,2024-10-20,102886,sip,12411,Rajasthan,Udaipur,B30,26-35,Male,24.8,Cheque,Verified
INV002344,2024-10-20,120505,redemption,358748,Punjab,Chandigarh,T30,46-55,Female,92.9,Mandate,Pending
INV001865,2024-10-20,118633,sip,8889,Telangana,Hyderabad,T30,18-25,Female,4.3,Mandate,Verified
INV001370,2024-10-20,118634,sip,11014,Tamil Nadu,Coimbatore,B30,26-35,Male,7.5,Cheque,Verified
INV003844,2024-10-20,149322,lumpsum,299558,Maharashtra,Nashik,B30,26-35,Female,15.9,Cheque,Verified
INV000581,2024-10-20,120503,redemption,451583,Tamil Nadu,Coimbatore,B30,36-45,Male,26.4,Cheque,Verified
INV000458,2024-10-20,148568,redemption,158873,Rajasthan,Udaipur,B30,56+,Male,18.9,Cheque,Verified
INV004578,2024-10-20,148568,sip,21279,Haryana,Gurugram,T30,26-35,Male,21.0,UPI,Verified
INV003130,2024-10-20,119120,sip,2680,West Bengal,Kolkata,T30,18-25,Male,5.6,UPI,Verified
INV002049,2024-10-20,101206,sip,5576,Tamil Nadu,Coimbatore,B30,36-45,Female,36.8,Mandate,Verified
INV001206,2024-10-20,125498,redemption,167355,Delhi,Noida,T30,26-35,Male,11.7,Net Banking,Verified
INV004591,2024-10-20,118635,redemption,450357,Tamil Nadu,Chennai,T30,26-35,Male,7.8,Net Banking,Verified
INV002579,2024-10-20,119120,sip,584,Maharashtra,Mumbai,T30,36-45,Male,30.1,UPI,Verified
INV000580,2024-10-20,119552,sip,3409,Uttar Pradesh,Agra,B30,56+,Male,31.8,Mandate,Verified
INV002668,2024-10-20,118634,sip,17437,Delhi,Gurugram,T30,26-35,Male,9.8,Mandate,Verified
INV004900,2024-10-20,119092,lumpsum,66853,Delhi,Noida,T30,36-45,Male,32.1,UPI,Verified
INV000352,2024-10-20,120504,sip,501,Tamil Nadu,Chennai,T30,46-55,Male,21.1,Cheque,Verified
INV004412,2024-10-20,102885,sip,27769,Punjab,Amritsar,B30,26-35,Female,21.6,UPI,Verified
INV002109,2024-10-20,101206,lumpsum,435462,Tamil Nadu,Coimbatore,B30,26-35,Male,14.4,Mandate,Verified
INV002776,2024-10-20,102886,lumpsum,551587,Tamil Nadu,Coimbatore,B30,18-25,Male,5.8,UPI,Verified
INV003212,2024-10-20,118635,sip,10639,West Bengal,Kolkata,T30,26-35,Male,17.2,UPI,Verified
INV000173,2024-10-20,119095,sip,53743,Maharashtra,Mumbai,T30,26-35,Male,7.6,Mandate,Verified
INV001918,2024-10-20,120507,sip,1163,Tamil Nadu,Coimbatore,B30,36-45,Male,19.8,Mandate,Verified
INV002417,2024-10-20,101207,lumpsum,217897,Tamil Nadu,Coimbatore,B30,26-35,Male,16.8,UPI,Verified
INV003996,2024-10-20,120503,sip,26617,Karnataka,Bangalore,T30,36-45,Female,39.8,UPI,Verified
INV000831,2024-10-20,148568,sip,826,Punjab,Chandigarh,T30,36-45,Male,34.6,Cheque,Verified
INV001004,2024-10-20,119120,sip,8782,Uttar Pradesh,Kanpur,B30,18-25,Male,3.8,Cheque,Verified
INV002405,2024-10-20,120842,sip,23770,Maharashtra,Nashik,B30,18-25,Male,7.6,Cheque,Verified
INV000175,2024-10-20,120842,sip,53904,Karnataka,Bangalore,T30,26-35,Male,17.3,UPI,Verified
INV004398,2024-10-20,120506,redemption,133805,Punjab,Chandigarh,T30,46-55,Male,95.2,Cheque,Pending
INV004682,2024-10-20,101206,sip,2194,Telangana,Hyderabad,T30,26-35,Female,8.7,Cheque,Verified
INV001923,2024-10-20,119094,sip,16409,Gujarat,Surat,T30,18-25,Female,4.0,Cheque,Verified
INV002255,2024-10-20,118634,redemption,468260,Rajasthan,Jaipur,T30,26-35,Male,24.0,UPI,Verified
INV000664,2024-10-20,118635,lumpsum,126315,West Bengal,Kolkata,T30,26-35,Male,21.1,UPI,Verified
INV004834,2024-10-20,102887,sip,23071,Delhi,New Delhi,T30,26-35,Male,20.0,UPI,Verified
INV002407,2024-10-20,125498,sip,9007,West Bengal,Kolkata,T30,36-45,Male,35.9,Mandate,Verified
INV004887,2024-10-20,149324,redemption,195570,Gujarat,Surat,T30,56+,Female,79.4,UPI,Verified
INV002493,2024-10-20,101207,sip,55279,Maharashtra,Mumbai,T30,56+,Female,27.1,Net Banking,Pending
INV001543,2024-10-20,119551,redemption,324934,Delhi,New Delhi,T30,26-35,Male,21.1,UPI,Verified
INV000858,2024-10-20,102885,sip,2196,Tamil Nadu,Chennai,T30,36-45,Female,28.7,Net Banking,Verified
INV004666,2024-10-20,119551,lumpsum,442405,Rajasthan,Jaipur,T30,26-35,Male,24.1,UPI,Verified
INV000919,2024-10-20,120504,sip,11307,Telangana,Hyderabad,T30,46-55,Male,49.7,Net Banking,Verified
INV001292,2024-10-20,100033,sip,8945,Punjab,Chandigarh,T30,46-55,Male,22.9,Mandate,Verified
INV004129,2024-10-21,118635,sip,459,Rajasthan,Udaipur,B30,46-55,Male,70.2,Cheque,Verified
INV002144,2024-10-21,120841,sip,1026,Maharashtra,Pune,T30,18-25,Male,3.2,Cheque,Verified
INV002666,2024-10-21,102887,sip,12588,Madhya Pradesh,Bhopal,B30,46-55,Female,93.7,Cheque,Verified
INV001415,2024-10-21,125497,sip,473,Haryana,Gurugram,T30,56+,Male,33.1,Mandate,Verified
INV002228,2024-10-21,119552,sip,962,Uttar Pradesh,Kanpur,B30,18-25,Male,7.7,Cheque,Verified
INV002843,2024-10-21,119095,redemption,460287,Haryana,Faridabad,B30,26-35,Male,11.8,UPI,Verified
INV004953,2024-10-21,119120,sip,4228,Haryana,Faridabad,B30,36-45,Male,36.3,Mandate,Verified
INV000012,2024-10-21,119095,redemption,314316,Uttar Pradesh,Kanpur,B30,46-55,Male,51.6,Mandate,Verified
INV003696,2024-10-21,148569,sip,11250,Tamil Nadu,Coimbatore,B30,18-25,Female,4.0,UPI,Verified
INV004307,2024-10-21,120843,sip,50757,Haryana,Faridabad,B30,26-35,Male,19.3,Cheque,Verified
INV003221,2024-10-21,119551,lumpsum,239501,Karnataka,Mysore,B30,26-35,Male,15.8,Cheque,Verified
INV004790,2024-10-21,101207,sip,4404,Tamil Nadu,Coimbatore,B30,18-25,Male,3.4,Mandate,Verified
INV000846,2024-10-21,118632,lumpsum,318245,Rajasthan,Udaipur,B30,26-35,Female,21.7,UPI,Verified
INV003794,2024-10-21,120842,lumpsum,354117,Gujarat,Ahmedabad,T30,26-35,Male,22.1,UPI,Verified
INV002287,2024-10-21,148567,lumpsum,61797,Madhya Pradesh,Bhopal,B30,46-55,Male,64.1,Net Banking,Verified
INV002453,2024-10-21,101208,redemption,249463,Gujarat,Surat,T30,26-35,Female,16.1,Mandate,Verified
INV003060,2024-10-21,120503,lumpsum,116696,Rajasthan,Jaipur,T30,56+,Female,16.6,Mandate,Verified
INV000761,2024-10-21,120841,sip,555,Rajasthan,Udaipur,B30,18-25,Female,7.5,UPI,Verified
INV000607,2024-10-21,120504,sip,2674,Rajasthan,Jaipur,T30,56+,Male,33.9,Cheque,Verified
INV001204,2024-10-21,100025,sip,9126,Delhi,New Delhi,T30,36-45,Male,15.3,Mandate,Verified
INV004238,2024-10-21,119599,lumpsum,225113,Haryana,Faridabad,B30,36-45,Male,40.2,Mandate,Verified
INV003760,2024-10-21,101206,sip,4887,Uttar Pradesh,Lucknow,T30,26-35,Male,15.4,UPI,Verified
INV001236,2024-10-21,119092,sip,17186,Telangana,Hyderabad,T30,46-55,Male,93.7,UPI,Verified
INV002894,2024-10-21,149322,redemption,275308,Delhi,Noida,T30,26-35,Male,10.4,Mandate,Verified
INV003749,2024-10-21,118635,sip,5287,Delhi,New Delhi,T30,36-45,Female,25.6,Mandate,Verified
INV002371,2024-10-21,101207,sip,5338,Haryana,Faridabad,B30,26-35,Female,20.9,Net Banking,Verified
INV000093,2024-10-21,100016,sip,29338,Maharashtra,Mumbai,T30,36-45,Female,59.0,Cheque,Verified
INV000765,2024-10-21,120844,lumpsum,201371,Telangana,Hyderabad,T30,18-25,Male,4.6,Net Banking,Verified
INV003732,2024-10-21,125497,sip,43257,West Bengal,Kolkata,T30,36-45,Male,56.1,UPI,Verified
INV001186,2024-10-21,118636,lumpsum,226485,Maharashtra,Pune,T30,26-35,Male,19.8,Cheque,Verified
INV004496,2024-10-21,100025,sip,2917,Madhya Pradesh,Indore,T30,18-25,Female,6.3,Net Banking,Verified
INV002374,2024-10-21,119093,sip,7851,Uttar Pradesh,Kanpur,B30,26-35,Female,8.6,UPI,Verified
INV003340,2024-10-21,119598,lumpsum,69076,Madhya Pradesh,Indore,T30,26-35,Male,22.5,UPI,Verified
INV004990,2024-10-21,102886,sip,10979,Maharashtra,Nashik,B30,26-35,Female,9.5,UPI,Verified
INV002348,2024-10-21,119093,lumpsum,108182,Uttar Pradesh,Agra,B30,26-35,Male,13.4,Mandate,Verified
INV001099,2024-10-21,101206,sip,48590,Haryana,Gurugram,T30,26-35,Female,18.9,Net Banking,Verified
INV004955,2024-10-21,100033,sip,5837,Madhya Pradesh,Bhopal,B30,46-55,Male,63.3,Net Banking,Pending
INV001131,2024-10-21,119094,redemption,137631,Tamil Nadu,Coimbatore,B30,36-45,Female,32.0,Net Banking,Pending
INV002688,2024-10-21,148567,lumpsum,233361,Uttar Pradesh,Lucknow,T30,26-35,Male,23.5,Mandate,Verified
INV002453,2024-10-21,119095,sip,51525,Gujarat,Surat,T30,26-35,Female,16.1,Cheque,Verified
INV003351,2024-10-21,120841,sip,29041,Delhi,New Delhi,T30,26-35,Male,9.5,Net Banking,Verified
INV001936,2024-10-21,148568,sip,2023,West Bengal,Kolkata,T30,36-45,Female,42.7,Mandate,Verified
INV003957,2024-10-21,119598,sip,6605,Delhi,Noida,T30,36-45,Male,30.9,Net Banking,Verified
INV003765,2024-10-21,102887,lumpsum,426961,Uttar Pradesh,Kanpur,B30,26-35,Male,11.1,Cheque,Verified
INV004642,2024-10-21,118634,sip,8436,Uttar Pradesh,Kanpur,B30,46-55,Male,31.9,UPI,Verified
INV004448,2024-10-21,118635,sip,11597,Karnataka,Mysore,B30,26-35,Male,20.3,Cheque,Verified
INV004880,2024-10-21,118636,sip,2346,Punjab,Chandigarh,T30,26-35,Male,6.3,Cheque,Verified
INV004443,2024-10-21,120505,sip,4725,Maharashtra,Nashik,B30,26-35,Female,13.0,Net Banking,Verified
INV000246,2024-10-21,101206,sip,2601,Tamil Nadu,Chennai,T30,26-35,Male,19.7,Net Banking,Verified
INV004828,2024-10-21,101206,sip,514,Gujarat,Surat,T30,56+,Female,58.3,Mandate,Verified
INV000785,2024-10-21,119551,sip,5079,Tamil Nadu,Chennai,T30,36-45,Male,31.1,Net Banking,Verified
INV003015,2024-10-21,120505,sip,8952,Madhya Pradesh,Indore,T30,18-25,Male,4.4,Mandate,Verified
INV003883,2024-10-21,148569,sip,40631,West Bengal,Kolkata,T30,26-35,Male,6.7,Net Banking,Verified
INV003301,2024-10-21,119552,sip,59834,Rajasthan,Udaipur,B30,26-35,Male,14.2,UPI,Verified
INV002304,2024-10-21,149324,sip,442,Karnataka,Mysore,B30,46-55,Male,57.7,UPI,Pending
INV000027,2024-10-21,148568,redemption,459439,Punjab,Chandigarh,T30,26-35,Male,20.7,UPI,Verified
INV002851,2024-10-21,100016,sip,16264,Tamil Nadu,Coimbatore,B30,26-35,Male,16.0,Net Banking,Verified
INV001891,2024-10-21,118634,sip,516,West Bengal,Kolkata,T30,26-35,Male,22.2,Mandate,Verified
INV004876,2024-10-21,120844,lumpsum,76308,Karnataka,Bangalore,T30,18-25,Male,7.1,Net Banking,Verified
INV004797,2024-10-21,120507,sip,9385,Gujarat,Ahmedabad,T30,56+,Male,18.9,Mandate,Verified
INV003781,2024-10-21,119095,lumpsum,226774,Tamil Nadu,Coimbatore,B30,26-35,Male,15.8,Mandate,Verified
INV002585,2024-10-21,101206,lumpsum,200064,Uttar Pradesh,Lucknow,T30,18-25,Male,3.2,UPI,Verified
INV000190,2024-10-21,120506,sip,3247,Madhya Pradesh,Indore,T30,26-35,Female,8.2,UPI,Verified
INV003740,2024-10-21,101207,redemption,142330,Karnataka,Bangalore,T30,56+,Female,16.2,Mandate,Verified
INV004872,2024-10-21,101207,sip,1808,West Bengal,Kolkata,T30,26-35,Male,13.8,UPI,Verified
INV002908,2024-10-21,120842,sip,863,Maharashtra,Nashik,B30,36-45,Female,28.9,Cheque,Verified
INV002250,2024-10-21,118633,sip,5747,Telangana,Hyderabad,T30,36-45,Male,20.4,Net Banking,Verified
INV001504,2024-10-21,119092,sip,16426,Haryana,Faridabad,B30,36-45,Male,25.5,Net Banking,Verified
INV004301,2024-10-21,120843,sip,4805,Haryana,Faridabad,B30,18-25,Male,6.2,UPI,Verified
INV002329,2024-10-21,101208,sip,9405,Madhya Pradesh,Indore,T30,56+,Male,51.2,Net Banking,Verified
INV004823,2024-10-21,149322,lumpsum,233324,Rajasthan,Jaipur,T30,36-45,Female,52.6,Cheque,Verified
INV002582,2024-10-22,118632,sip,1168,Telangana,Hyderabad,T30,26-35,Female,11.1,Net Banking,Pending
INV002316,2024-10-22,101206,redemption,374158,Punjab,Amritsar,B30,26-35,Male,16.7,Net Banking,Verified
INV000719,2024-10-22,125497,sip,496,Tamil Nadu,Coimbatore,B30,18-25,Male,6.8,Mandate,Verified
INV003020,2024-10-22,125497,sip,2007,Delhi,Gurugram,T30,56+,Male,77.6,Mandate,Pending
INV003002,2024-10-22,118634,lumpsum,81731,Maharashtra,Pune,T30,26-35,Male,17.0,Cheque,Verified
INV002808,2024-10-22,149322,sip,402,Uttar Pradesh,Agra,B30,26-35,Male,24.1,Mandate,Verified
INV003464,2024-10-22,118634,sip,59105,Uttar Pradesh,Kanpur,B30,18-25,Male,3.0,Mandate,Verified
INV000527,2024-10-22,120844,sip,50239,Telangana,Hyderabad,T30,26-35,Male,12.1,Cheque,Verified
INV001517,2024-10-22,119092,lumpsum,79576,Karnataka,Mysore,B30,36-45,Female,23.5,Cheque,Verified
INV003936,2024-10-22,119093,sip,2172,Punjab,Chandigarh,T30,36-45,Male,19.8,Mandate,Verified
INV003244,2024-10-22,125497,sip,2471,Telangana,Hyderabad,T30,26-35,Female,21.1,UPI,Verified
INV003247,2024-10-22,118635,sip,5311,Madhya Pradesh,Indore,T30,46-55,Female,93.1,Mandate,Verified
INV003745,2024-10-22,101206,redemption,468154,West Bengal,Kolkata,T30,36-45,Male,17.8,Mandate,Verified
INV002422,2024-10-22,102887,sip,2975,Tamil Nadu,Chennai,T30,36-45,Male,20.5,Mandate,Verified
INV002335,2024-10-22,119093,redemption,281628,Punjab,Amritsar,B30,26-35,Male,19.3,UPI,Verified
INV000576,2024-10-22,119551,sip,1878,Delhi,New Delhi,T30,46-55,Male,79.7,Cheque,Verified
INV000890,2024-10-22,118634,redemption,27507,Karnataka,Bangalore,T30,26-35,Male,13.5,Cheque,Verified
INV000453,2024-10-22,120506,lumpsum,492641,Rajasthan,Udaipur,B30,46-55,Male,40.4,Mandate,Verified
INV003580,2024-10-22,148567,lumpsum,398864,Gujarat,Ahmedabad,T30,26-35,Male,22.5,Cheque,Verified
INV002764,2024-10-22,149322,sip,11083,Madhya Pradesh,Bhopal,B30,36-45,Male,40.8,UPI,Verified
INV000040,2024-10-22,120507,sip,2669,Karnataka,Mysore,B30,26-35,Male,14.7,Net Banking,Verified
INV000961,2024-10-22,120503,lumpsum,523680,Rajasthan,Udaipur,B30,36-45,Male,17.2,UPI,Verified
INV004967,2024-10-22,102886,lumpsum,411398,Telangana,Hyderabad,T30,26-35,Male,14.3,Net Banking,Verified
INV002645,2024-10-22,120844,sip,425,Haryana,Gurugram,T30,46-55,Female,67.7,UPI,Verified
INV003453,2024-10-22,119095,lumpsum,372862,Punjab,Chandigarh,T30,36-45,Male,56.3,Cheque,Verified
INV003911,2024-10-22,102885,lumpsum,345626,Telangana,Hyderabad,T30,36-45,Male,21.5,Cheque,Verified
INV001444,2024-10-22,149322,sip,8253,Rajasthan,Jaipur,T30,36-45,Male,36.8,Mandate,Verified
INV004629,2024-10-22,102885,redemption,269801,Karnataka,Bangalore,T30,18-25,Female,4.9,Net Banking,Verified
INV004612,2024-10-22,102886,sip,898,Tamil Nadu,Coimbatore,B30,26-35,Female,8.6,Net Banking,Verified
INV003973,2024-10-22,125498,sip,1195,Rajasthan,Jaipur,T30,26-35,Male,11.4,UPI,Verified
INV002187,2024-10-22,119093,lumpsum,46784,Tamil Nadu,Chennai,T30,36-45,Male,15.0,Mandate,Pending
INV002576,2024-10-22,120503,sip,3416,Telangana,Hyderabad,T30,26-35,Male,20.3,Net Banking,Verified
INV004933,2024-10-22,120842,lumpsum,108212,Karnataka,Bangalore,T30,46-55,Female,65.3,Net Banking,Verified
INV004304,2024-10-22,119094,lumpsum,150897,Haryana,Gurugram,T30,18-25,Male,5.5,UPI,Verified
INV003296,2024-10-22,119095,lumpsum,109044,Haryana,Gurugram,T30,26-35,Female,11.3,Mandate,Verified
INV002752,2024-10-22,101207,lumpsum,306106,Rajasthan,Udaipur,B30,26-35,Male,20.1,Net Banking,Verified
INV002979,2024-10-22,118633,lumpsum,432734,Punjab,Chandigarh,T30,36-45,Female,56.2,Mandate,Verified
INV002229,2024-10-22,118636,sip,56009,Rajasthan,Jaipur,T30,36-45,Male,24.6,Cheque,Pending
INV000217,2024-10-22,148567,sip,7040,Tamil Nadu,Chennai,T30,56+,Male,50.1,Net Banking,Verified
INV004701,2024-10-22,120503,lumpsum,373324,Haryana,Gurugram,T30,26-35,Male,7.3,UPI,Verified
INV000376,2024-10-22,118636,sip,6910,Tamil Nadu,Chennai,T30,18-25,Male,3.0,Mandate,Verified
INV000690,2024-10-22,148569,sip,23324,Delhi,Gurugram,T30,46-55,Male,98.7,Net Banking,Verified
INV002259,2024-10-22,100025,sip,58841,Madhya Pradesh,Bhopal,B30,18-25,Female,6.7,Net Banking,Verified
INV003025,2024-10-22,118632,sip,14389,Gujarat,Surat,T30,26-35,Female,11.9,UPI,Verified
INV004690,2024-10-22,120842,sip,2666,Telangana,Hyderabad,T30,26-35,Female,16.2,Net Banking,Verified
INV003883,2024-10-22,125498,lumpsum,42850,West Bengal,Kolkata,T30,26-35,Male,6.7,UPI,Verified
INV003558,2024-10-22,119551,sip,8214,Uttar Pradesh,Lucknow,T30,18-25,Male,6.1,Cheque,Verified
INV004369,2024-10-22,119095,sip,40651,West Bengal,Kolkata,T30,26-35,Male,16.8,Net Banking,Verified
INV003031,2024-10-22,120844,redemption,21469,Karnataka,Bangalore,T30,18-25,Male,7.7,Net Banking,Verified
INV000155,2024-10-22,119551,sip,7574,Madhya Pradesh,Bhopal,B30,26-35,Female,17.4,Cheque,Verified
INV004911,2024-10-22,119599,redemption,250120,West Bengal,Kolkata,T30,26-35,Female,9.4,UPI,Verified
INV002468,2024-10-22,119599,sip,10874,West Bengal,Kolkata,T30,46-55,Male,48.8,UPI,Verified
INV004722,2024-10-22,101206,redemption,120260,Haryana,Faridabad,B30,36-45,Female,29.7,UPI,Pending
INV004443,2024-10-22,120844,sip,2692,Maharashtra,Nashik,B30,26-35,Female,13.0,Mandate,Pending
INV000673,2024-10-22,120842,sip,17560,Maharashtra,Nashik,B30,36-45,Male,47.4,Cheque,Pending
INV004014,2024-10-22,149322,sip,2689,Telangana,Hyderabad,T30,56+,Female,27.2,Net Banking,Verified
INV000915,2024-10-22,120841,redemption,59796,West Bengal,Kolkata,T30,36-45,Male,55.9,Mandate,Verified
INV004444,2024-10-22,120503,lumpsum,493747,Tamil Nadu,Chennai,T30,56+,Female,19.8,Cheque,Verified
INV000765,2024-10-22,118634,redemption,490117,Telangana,Hyderabad,T30,18-25,Male,4.6,UPI,Verified
INV001480,2024-10-22,119094,sip,2597,West Bengal,Kolkata,T30,18-25,Male,3.1,Mandate,Verified
INV001513,2024-10-22,120503,redemption,218976,Madhya Pradesh,Indore,T30,18-25,Male,5.4,UPI,Verified
INV004133,2024-10-22,125498,sip,918,Maharashtra,Nashik,B30,36-45,Male,41.6,UPI,Verified
INV000267,2024-10-22,118633,lumpsum,449497,Telangana,Hyderabad,T30,26-35,Male,17.7,Net Banking,Verified
INV002069,2024-10-22,118634,sip,1075,West Bengal,Kolkata,T30,46-55,Male,59.0,UPI,Verified
INV000977,2024-10-23,100016,lumpsum,457053,Karnataka,Mysore,B30,56+,Male,22.5,Net Banking,Verified
INV002853,2024-10-23,119095,lumpsum,24812,Gujarat,Ahmedabad,T30,26-35,Male,24.9,Net Banking,Verified
INV003458,2024-10-23,101206,redemption,364339,Gujarat,Surat,T30,36-45,Male,21.3,Mandate,Verified
INV004594,2024-10-23,102886,sip,29530,Haryana,Gurugram,T30,26-35,Female,9.8,Net Banking,Verified
INV004289,2024-10-23,101207,sip,514,Karnataka,Bangalore,T30,26-35,Male,14.8,UPI,Verified
INV003834,2024-10-23,148567,lumpsum,84945,Madhya Pradesh,Bhopal,B30,36-45,Male,25.1,Cheque,Pending
INV000023,2024-10-23,119094,lumpsum,20861,West Bengal,Kolkata,T30,46-55,Female,61.9,Mandate,Verified
INV002185,2024-10-23,118635,lumpsum,360408,Punjab,Chandigarh,T30,26-35,Male,21.0,Cheque,Verified
INV000101,2024-10-23,120842,sip,11041,Madhya Pradesh,Indore,T30,26-35,Male,20.8,Net Banking,Verified
INV004281,2024-10-23,118633,sip,28258,Rajasthan,Jaipur,T30,26-35,Female,15.9,Mandate,Verified
INV000703,2024-10-23,120843,sip,4783,Delhi,New Delhi,T30,26-35,Male,15.4,Net Banking,Verified
INV001550,2024-10-23,119599,redemption,73768,Punjab,Chandigarh,T30,18-25,Male,4.1,Mandate,Verified
INV001009,2024-10-23,149323,redemption,171984,Punjab,Chandigarh,T30,26-35,Male,21.2,Net Banking,Verified
INV004391,2024-10-23,120507,lumpsum,463736,Maharashtra,Mumbai,T30,26-35,Female,23.3,UPI,Verified
INV004680,2024-10-23,100033,sip,454,Punjab,Chandigarh,T30,36-45,Male,26.8,Cheque,Verified
INV004833,2024-10-23,125498,redemption,25575,Madhya Pradesh,Bhopal,B30,26-35,Female,16.5,Net Banking,Verified
INV000969,2024-10-23,119551,lumpsum,173643,Uttar Pradesh,Lucknow,T30,18-25,Male,6.2,Net Banking,Verified
INV001636,2024-10-23,120505,sip,3542,Rajasthan,Udaipur,B30,18-25,Male,6.0,Mandate,Verified
INV003573,2024-10-23,120842,lumpsum,238026,Gujarat,Surat,T30,36-45,Male,51.8,Cheque,Verified
INV000966,2024-10-23,119095,redemption,154094,Telangana,Hyderabad,T30,26-35,Male,22.8,Net Banking,Verified
INV004121,2024-10-23,119599,sip,2627,West Bengal,Kolkata,T30,26-35,Female,22.3,Cheque,Verified
INV000256,2024-10-23,119120,redemption,371662,Delhi,New Delhi,T30,36-45,Male,14.0,Net Banking,Verified
INV000426,2024-10-23,119093,sip,579,West Bengal,Kolkata,T30,18-25,Male,3.6,Mandate,Verified
INV000329,2024-10-23,100016,sip,2897,Tamil Nadu,Chennai,T30,18-25,Male,6.5,Mandate,Verified
INV003495,2024-10-23,120844,sip,3390,West Bengal,Kolkata,T30,26-35,Female,22.9,UPI,Verified
INV000646,2024-10-23,148567,lumpsum,557535,Uttar Pradesh,Lucknow,T30,26-35,Female,23.9,Net Banking,Verified
INV000196,2024-10-23,149323,sip,444,Tamil Nadu,Chennai,T30,26-35,Male,17.9,Mandate,Verified
INV002249,2024-10-23,100016,redemption,412161,Karnataka,Bangalore,T30,36-45,Male,19.6,Mandate,Verified
INV003428,2024-10-23,148567,sip,14594,Tamil Nadu,Coimbatore,B30,26-35,Female,22.8,Net Banking,Verified
INV001986,2024-10-23,120843,sip,5524,Madhya Pradesh,Indore,T30,36-45,Female,17.4,Net Banking,Verified
INV000192,2024-10-23,100025,sip,2018,Haryana,Faridabad,B30,26-35,Male,24.4,Net Banking,Verified
INV004913,2024-10-23,118633,sip,471,Rajasthan,Udaipur,B30,26-35,Male,8.6,Mandate,Verified
INV004540,2024-10-23,118636,redemption,465816,Punjab,Chandigarh,T30,36-45,Male,48.9,Mandate,Verified
INV002082,2024-10-23,125498,sip,7300,Telangana,Hyderabad,T30,36-45,Male,59.5,Cheque,Verified
INV003675,2024-10-23,119092,lumpsum,260197,West Bengal,Kolkata,T30,56+,Male,63.9,Net Banking,Verified
INV003117,2024-10-23,100025,lumpsum,519132,Tamil Nadu,Chennai,T30,18-25,Female,6.7,Net Banking,Verified
INV003382,2024-10-23,118632,sip,3195,Karnataka,Bangalore,T30,26-35,Male,19.8,Net Banking,Verified
INV001055,2024-10-23,148569,sip,11866,Haryana,Gurugram,T30,26-35,Female,17.6,Mandate,Verified
INV004996,2024-10-23,118635,sip,1868,Delhi,New Delhi,T30,46-55,Male,87.8,Mandate,Verified
INV002523,2024-10-23,118636,redemption,225978,Telangana,Hyderabad,T30,46-55,Female,57.2,UPI,Verified
INV000587,2024-10-23,120506,sip,2039,Punjab,Chandigarh,T30,26-35,Male,15.5,Mandate,Verified
INV004233,2024-10-23,148569,redemption,353849,Maharashtra,Nashik,B30,26-35,Female,8.7,Net Banking,Verified
INV003666,2024-10-23,120506,sip,3209,Gujarat,Surat,T30,18-25,Male,4.3,Mandate,Verified
INV002745,2024-10-23,100016,sip,8676,Uttar Pradesh,Agra,B30,18-25,Male,7.6,Mandate,Verified
INV002964,2024-10-23,120844,lumpsum,313290,Rajasthan,Udaipur,B30,46-55,Male,84.1,UPI,Pending
INV000318,2024-10-23,119095,sip,16018,Madhya Pradesh,Bhopal,B30,46-55,Female,47.5,UPI,Pending
INV004156,2024-10-23,118635,sip,2543,Tamil Nadu,Chennai,T30,46-55,Female,91.4,UPI,Verified
INV002397,2024-10-23,118633,lumpsum,450143,Tamil Nadu,Coimbatore,B30,26-35,Male,20.2,Mandate,Verified
INV004102,2024-10-23,148567,sip,26622,Tamil Nadu,Coimbatore,B30,26-35,Female,6.6,Cheque,Pending
INV000912,2024-10-23,120506,sip,10763,Haryana,Faridabad,B30,36-45,Male,26.7,Cheque,Verified
INV002824,2024-10-23,101206,sip,7899,Rajasthan,Jaipur,T30,56+,Male,42.5,Cheque,Verified
INV003065,2024-10-23,119599,sip,2181,Uttar Pradesh,Kanpur,B30,46-55,Male,27.9,Cheque,Verified
INV001554,2024-10-23,120503,sip,53447,West Bengal,Kolkata,T30,18-25,Female,7.2,Cheque,Verified
INV001065,2024-10-23,120506,lumpsum,155124,Haryana,Gurugram,T30,56+,Female,37.2,Mandate,Verified
INV000364,2024-10-23,119551,lumpsum,380311,Delhi,Noida,T30,26-35,Male,9.1,Mandate,Verified
INV001510,2024-10-23,101208,lumpsum,409510,Gujarat,Surat,T30,26-35,Male,15.4,UPI,Verified
INV000715,2024-10-23,120503,redemption,283365,Uttar Pradesh,Agra,B30,26-35,Male,24.2,Cheque,Verified
INV004455,2024-10-23,120843,sip,3242,Telangana,Hyderabad,T30,18-25,Female,3.5,Cheque,Verified
INV001640,2024-10-23,119551,sip,59135,Rajasthan,Jaipur,T30,36-45,Female,52.6,UPI,Verified
INV002294,2024-10-23,120504,sip,453,Haryana,Gurugram,T30,26-35,Male,22.3,Cheque,Verified
INV002970,2024-10-23,118632,redemption,212034,Telangana,Hyderabad,T30,26-35,Female,12.4,Mandate,Verified
INV001308,2024-10-24,118634,redemption,253800,Rajasthan,Jaipur,T30,36-45,Male,19.3,Mandate,Verified
INV002724,2024-10-24,100025,lumpsum,416974,Rajasthan,Udaipur,B30,36-45,Male,26.3,Cheque,Verified
INV002434,2024-10-24,102887,redemption,341983,Uttar Pradesh,Agra,B30,26-35,Male,13.8,Net Banking,Verified
INV000491,2024-10-24,101207,sip,14825,Madhya Pradesh,Indore,T30,56+,Male,58.2,Net Banking,Verified
INV002924,2024-10-24,148568,sip,7198,Tamil Nadu,Chennai,T30,26-35,Female,14.5,Mandate,Pending
INV002838,2024-10-24,120505,lumpsum,119675,West Bengal,Kolkata,T30,56+,Female,71.9,Net Banking,Verified
INV000748,2024-10-24,118632,lumpsum,446520,Uttar Pradesh,Agra,B30,26-35,Male,18.7,UPI,Verified
INV002277,2024-10-24,100016,redemption,214379,Haryana,Gurugram,T30,26-35,Female,10.3,Cheque,Verified
INV003951,2024-10-24,119120,lumpsum,278002,Uttar Pradesh,Lucknow,T30,18-25,Male,7.8,UPI,Verified
INV003588,2024-10-24,102885,sip,13286,Gujarat,Ahmedabad,T30,36-45,Female,29.3,Mandate,Verified
INV001321,2024-10-24,101208,sip,8380,Telangana,Hyderabad,T30,46-55,Male,74.1,Mandate,Pending
INV002865,2024-10-24,119598,sip,40254,Maharashtra,Pune,T30,18-25,Male,3.3,Net Banking,Verified
INV002782,2024-10-24,118632,sip,1113,Punjab,Chandigarh,T30,18-25,Male,3.7,Mandate,Verified
INV000129,2024-10-24,119095,redemption,449145,Punjab,Amritsar,B30,26-35,Female,21.4,UPI,Verified
INV002793,2024-10-24,119552,sip,2868,Madhya Pradesh,Bhopal,B30,36-45,Male,54.3,Cheque,Verified
INV003214,2024-10-24,118634,sip,12239,Punjab,Chandigarh,T30,36-45,Male,18.2,Cheque,Verified
INV000930,2024-10-24,119095,sip,2414,Rajasthan,Udaipur,B30,18-25,Female,4.1,Cheque,Verified
INV000566,2024-10-24,101207,sip,50931,Uttar Pradesh,Agra,B30,36-45,Male,18.2,Mandate,Verified
INV000683,2024-10-24,100033,sip,10255,Maharashtra,Mumbai,T30,26-35,Female,17.4,Net Banking,Verified
INV004526,2024-10-24,101207,sip,2690,West Bengal,Kolkata,T30,36-45,Male,19.9,UPI,Verified
INV000824,2024-10-24,120844,redemption,194983,Haryana,Gurugram,T30,36-45,Male,53.9,Cheque,Verified
INV000296,2024-10-24,149324,sip,16988,Madhya Pradesh,Indore,T30,26-35,Male,16.7,UPI,Verified
INV001161,2024-10-24,120843,lumpsum,464883,Uttar Pradesh,Kanpur,B30,26-35,Male,13.4,UPI,Verified
INV002151,2024-10-24,119598,sip,2163,Rajasthan,Jaipur,T30,26-35,Female,18.1,Mandate,Pending
INV003896,2024-10-24,101207,sip,16560,Haryana,Faridabad,B30,56+,Female,14.3,Mandate,Verified
INV000854,2024-10-24,101206,sip,24341,Karnataka,Bangalore,T30,46-55,Female,79.7,UPI,Pending
INV003311,2024-10-24,119120,sip,2641,Madhya Pradesh,Bhopal,B30,26-35,Male,9.5,UPI,Verified
INV002608,2024-10-24,120504,sip,1044,Uttar Pradesh,Agra,B30,36-45,Female,22.2,Cheque,Verified
INV000564,2024-10-24,101206,sip,8944,Maharashtra,Nashik,B30,56+,Female,58.4,Mandate,Verified
INV003800,2024-10-24,102885,lumpsum,542102,Madhya Pradesh,Bhopal,B30,26-35,Male,18.8,Mandate,Verified
INV004437,2024-10-24,118635,lumpsum,466647,Telangana,Hyderabad,T30,26-35,Male,13.7,UPI,Verified
INV001083,2024-10-24,149323,sip,970,Gujarat,Ahmedabad,T30,46-55,Male,16.4,Cheque,Verified
INV001412,2024-10-24,119095,lumpsum,239375,Punjab,Amritsar,B30,46-55,Female,73.4,Cheque,Verified
INV002082,2024-10-24,118635,sip,7562,Telangana,Hyderabad,T30,36-45,Male,59.5,UPI,Verified
INV003897,2024-10-24,118635,sip,6992,Tamil Nadu,Coimbatore,B30,26-35,Male,24.0,UPI,Verified
INV003736,2024-10-24,119095,lumpsum,401723,Karnataka,Mysore,B30,18-25,Male,4.9,Mandate,Verified
INV004607,2024-10-24,118633,sip,8447,Telangana,Hyderabad,T30,26-35,Female,7.0,Mandate,Verified
INV002115,2024-10-24,118632,redemption,417019,Punjab,Chandigarh,T30,56+,Female,71.4,Net Banking,Verified
INV001755,2024-10-24,120507,redemption,405331,Rajasthan,Udaipur,B30,36-45,Male,28.7,Cheque,Verified
INV000730,2024-10-24,125498,redemption,38345,Maharashtra,Mumbai,T30,26-35,Male,19.5,Cheque,Pending
INV003961,2024-10-24,118633,lumpsum,28774,Rajasthan,Udaipur,B30,46-55,Male,39.6,Net Banking,Verified
INV000427,2024-10-24,100025,lumpsum,404236,Punjab,Amritsar,B30,56+,Female,18.6,UPI,Verified
INV002072,2024-10-24,119598,sip,2603,Punjab,Chandigarh,T30,26-35,Female,15.2,Net Banking,Verified
INV002074,2024-10-24,100025,sip,12248,Karnataka,Bangalore,T30,26-35,Female,6.1,Cheque,Verified
INV003258,2024-10-24,119551,sip,7309,Rajasthan,Udaipur,B30,26-35,Male,14.7,UPI,Verified
INV004450,2024-10-24,119551,sip,10923,Tamil Nadu,Coimbatore,B30,36-45,Male,16.7,Net Banking,Verified
INV004216,2024-10-24,118632,sip,418,Karnataka,Bangalore,T30,26-35,Male,8.3,Net Banking,Verified
INV004033,2024-10-24,148567,sip,2053,West Bengal,Kolkata,T30,36-45,Male,56.1,Net Banking,Verified
INV001432,2024-10-24,120504,lumpsum,423852,Uttar Pradesh,Lucknow,T30,36-45,Male,12.6,Cheque,Verified
INV004316,2024-10-24,120503,redemption,310401,Karnataka,Bangalore,T30,46-55,Male,79.5,Mandate,Verified
INV000292,2024-10-24,101208,sip,8376,Uttar Pradesh,Lucknow,T30,18-25,Male,3.3,UPI,Verified
INV000066,2024-10-24,148568,lumpsum,97512,Haryana,Faridabad,B30,56+,Male,64.2,Mandate,Pending
INV002788,2024-10-24,101207,lumpsum,543428,Uttar Pradesh,Agra,B30,26-35,Male,23.5,Mandate,Verified
INV001008,2024-10-24,149324,redemption,368597,Rajasthan,Udaipur,B30,46-55,Male,85.8,Net Banking,Verified
INV003429,2024-10-24,119093,sip,2422,Telangana,Hyderabad,T30,26-35,Male,16.0,UPI,Verified
INV004999,2024-10-24,119599,redemption,70785,Telangana,Hyderabad,T30,26-35,Male,24.8,Mandate,Verified
INV000551,2024-10-24,119599,sip,5910,Maharashtra,Nashik,B30,26-35,Female,13.2,Mandate,Verified
INV000514,2024-10-24,120844,sip,12900,West Bengal,Kolkata,T30,36-45,Male,43.2,Mandate,Verified
INV001820,2024-10-24,118632,sip,1104,Maharashtra,Mumbai,T30,36-45,Female,39.3,Net Banking,Verified
INV000549,2024-10-24,148568,sip,58872,Tamil Nadu,Coimbatore,B30,46-55,Female,59.6,Cheque,Verified
INV000695,2024-10-24,119120,sip,5876,Gujarat,Surat,T30,36-45,Male,48.0,Cheque,Verified
INV004776,2024-10-24,101206,sip,27923,Punjab,Chandigarh,T30,36-45,Male,22.9,Net Banking,Verified
INV003780,2024-10-25,119598,sip,2894,Haryana,Faridabad,B30,26-35,Male,10.1,UPI,Pending
INV001565,2024-10-25,118633,lumpsum,17348,West Bengal,Kolkata,T30,26-35,Female,7.7,Mandate,Verified
INV003471,2024-10-25,120843,lumpsum,175399,Maharashtra,Nashik,B30,36-45,Male,15.0,Mandate,Verified
INV001938,2024-10-25,149324,sip,4463,Karnataka,Mysore,B30,26-35,Male,17.4,UPI,Verified
INV003897,2024-10-25,125498,sip,558,Tamil Nadu,Coimbatore,B30,26-35,Male,24.0,Mandate,Verified
INV004724,2024-10-25,119552,sip,7507,Telangana,Hyderabad,T30,26-35,Male,24.1,UPI,Pending
INV001938,2024-10-25,101207,sip,2477,Karnataka,Mysore,B30,26-35,Male,17.4,UPI,Verified
INV002401,2024-10-25,100016,lumpsum,222011,West Bengal,Kolkata,T30,26-35,Male,20.9,Mandate,Verified
INV000065,2024-10-25,120507,sip,5659,Maharashtra,Mumbai,T30,46-55,Female,43.2,Mandate,Verified
INV004020,2024-10-25,119092,sip,417,Rajasthan,Jaipur,T30,18-25,Male,7.6,UPI,Verified
INV000303,2024-10-25,149323,lumpsum,136877,West Bengal,Kolkata,T30,18-25,Female,5.0,Net Banking,Verified
INV002111,2024-10-25,148569,sip,20406,Telangana,Hyderabad,T30,36-45,Female,29.2,UPI,Pending
INV004495,2024-10-25,101207,redemption,246543,Punjab,Amritsar,B30,36-45,Female,24.4,Net Banking,Verified
INV002458,2024-10-25,101207,redemption,63969,West Bengal,Kolkata,T30,18-25,Male,7.1,UPI,Verified
INV002287,2024-10-25,120841,sip,11982,Madhya Pradesh,Bhopal,B30,46-55,Male,64.1,UPI,Verified
INV003061,2024-10-25,120507,redemption,264962,Uttar Pradesh,Lucknow,T30,26-35,Female,11.9,Net Banking,Verified
INV001971,2024-10-25,120506,sip,5959,Gujarat,Ahmedabad,T30,26-35,Male,21.0,Mandate,Verified
INV004135,2024-10-25,118635,redemption,235865,Tamil Nadu,Coimbatore,B30,26-35,Female,18.7,Cheque,Verified
INV003705,2024-10-25,119095,sip,43153,Telangana,Hyderabad,T30,26-35,Male,8.0,Mandate,Verified
INV000839,2024-10-25,101206,lumpsum,126285,Gujarat,Surat,T30,26-35,Male,9.5,UPI,Verified
INV003063,2024-10-25,101206,sip,9044,Maharashtra,Mumbai,T30,36-45,Female,45.0,Cheque,Verified
INV002343,2024-10-25,120505,sip,2358,Punjab,Amritsar,B30,26-35,Male,22.1,Mandate,Pending
INV003707,2024-10-25,149324,lumpsum,425882,Telangana,Hyderabad,T30,36-45,Female,55.5,Net Banking,Verified
INV004498,2024-10-25,120504,lumpsum,16567,Punjab,Chandigarh,T30,26-35,Male,6.7,Mandate,Verified
INV004560,2024-10-25,120842,sip,6741,Tamil Nadu,Coimbatore,B30,36-45,Male,42.7,Net Banking,Verified
INV002724,2024-10-25,148568,lumpsum,287405,Rajasthan,Udaipur,B30,36-45,Male,26.3,Cheque,Verified
INV000392,2024-10-25,119552,sip,6746,Gujarat,Surat,T30,26-35,Female,16.6,Cheque,Verified
INV001990,2024-10-25,120505,redemption,346765,Punjab,Amritsar,B30,26-35,Male,9.3,Net Banking,Verified
INV004900,2024-10-25,102885,sip,21357,Delhi,Noida,T30,36-45,Male,32.1,Net Banking,Verified
INV002364,2024-10-25,149323,sip,10185,Rajasthan,Jaipur,T30,46-55,Male,51.3,Net Banking,Verified
INV000876,2024-10-25,119092,sip,40548,Tamil Nadu,Chennai,T30,26-35,Male,17.4,UPI,Verified
INV000384,2024-10-25,120842,sip,6271,Tamil Nadu,Coimbatore,B30,18-25,Female,6.5,Cheque,Verified
INV002927,2024-10-25,101206,sip,2356,Punjab,Amritsar,B30,56+,Male,29.1,Net Banking,Verified
INV004356,2024-10-25,119552,sip,2258,West Bengal,Kolkata,T30,36-45,Male,37.3,Net Banking,Verified
INV003730,2024-10-25,101206,redemption,563530,Madhya Pradesh,Bhopal,B30,26-35,Male,23.1,Cheque,Verified
INV000843,2024-10-25,149323,sip,520,Maharashtra,Mumbai,T30,26-35,Male,10.2,Mandate,Verified
INV000267,2024-10-25,101207,sip,1693,Telangana,Hyderabad,T30,26-35,Male,17.7,Net Banking,Verified
INV002676,2024-10-25,148567,lumpsum,540337,Delhi,Gurugram,T30,46-55,Male,81.0,UPI,Verified
INV000969,2024-10-25,118634,sip,1945,Uttar Pradesh,Lucknow,T30,18-25,Male,6.2,Net Banking,Verified
INV000223,2024-10-25,120843,sip,14215,West Bengal,Kolkata,T30,26-35,Male,6.3,Mandate,Verified
INV004487,2024-10-25,120505,sip,1077,Maharashtra,Nashik,B30,26-35,Female,24.4,Net Banking,Verified
INV004611,2024-10-25,102885,sip,51748,Madhya Pradesh,Bhopal,B30,18-25,Female,6.1,Mandate,Verified
INV003634,2024-10-25,118636,lumpsum,221284,Punjab,Chandigarh,T30,46-55,Female,87.5,Mandate,Verified
INV002188,2024-10-25,119094,redemption,171623,Rajasthan,Jaipur,T30,26-35,Male,19.1,Net Banking,Verified
INV003568,2024-10-25,100025,sip,15448,Tamil Nadu,Chennai,T30,18-25,Female,5.3,Net Banking,Verified
INV004300,2024-10-25,149324,sip,1096,West Bengal,Kolkata,T30,26-35,Male,12.4,Net Banking,Verified
INV003116,2024-10-25,120842,redemption,244919,Rajasthan,Udaipur,B30,26-35,Female,8.7,Mandate,Verified
INV004583,2024-10-25,120503,lumpsum,558033,Maharashtra,Nashik,B30,26-35,Male,13.9,UPI,Verified
INV004796,2024-10-25,149324,redemption,427544,Delhi,Noida,T30,18-25,Male,4.6,Mandate,Verified
INV003509,2024-10-25,120505,sip,6805,Haryana,Gurugram,T30,36-45,Male,14.5,Cheque,Verified
INV003231,2024-10-25,120506,sip,2693,Haryana,Gurugram,T30,26-35,Male,9.1,Net Banking,Verified
INV004848,2024-10-25,101207,sip,53298,Haryana,Gurugram,T30,26-35,Male,15.6,UPI,Verified
INV004662,2024-10-25,120505,redemption,108818,Gujarat,Surat,T30,56+,Male,78.9,Mandate,Verified
INV004577,2024-10-25,119598,sip,58369,Rajasthan,Jaipur,T30,56+,Male,56.9,UPI,Verified
INV002103,2024-10-25,102886,sip,2704,Maharashtra,Nashik,B30,26-35,Male,24.1,Mandate,Verified
INV003691,2024-10-25,120507,lumpsum,392328,Haryana,Faridabad,B30,18-25,Male,3.1,UPI,Verified
INV000351,2024-10-26,102886,sip,1101,Madhya Pradesh,Indore,T30,56+,Female,62.9,Mandate,Pending
INV002109,2024-10-26,120505,lumpsum,287443,Tamil Nadu,Coimbatore,B30,26-35,Male,14.4,UPI,Verified
INV000361,2024-10-26,120503,redemption,393866,Maharashtra,Pune,T30,46-55,Male,27.1,UPI,Verified
INV004072,2024-10-26,120844,sip,2341,Delhi,New Delhi,T30,36-45,Male,50.6,UPI,Verified
INV001595,2024-10-26,149322,redemption,6813,Gujarat,Ahmedabad,T30,56+,Male,78.5,Net Banking,Verified
INV002282,2024-10-26,118633,lumpsum,416181,West Bengal,Kolkata,T30,36-45,Male,53.7,Cheque,Verified
INV002102,2024-10-26,118636,sip,508,Madhya Pradesh,Bhopal,B30,26-35,Male,9.2,UPI,Pending
INV000477,2024-10-26,119599,redemption,409420,Uttar Pradesh,Lucknow,T30,18-25,Female,5.3,Mandate,Verified
INV000379,2024-10-26,125497,sip,49567,Maharashtra,Pune,T30,46-55,Male,52.0,Mandate,Verified
INV001316,2024-10-26,102886,sip,801,Punjab,Chandigarh,T30,18-25,Male,7.3,UPI,Verified
INV003008,2024-10-26,120841,redemption,363213,Rajasthan,Jaipur,T30,36-45,Female,37.4,UPI,Verified
INV001314,2024-10-26,118634,sip,2250,Gujarat,Ahmedabad,T30,26-35,Female,19.2,Cheque,Verified
INV000981,2024-10-26,118636,lumpsum,76895,West Bengal,Kolkata,T30,36-45,Female,59.7,Cheque,Verified
INV004492,2024-10-26,119120,lumpsum,17292,Madhya Pradesh,Bhopal,B30,26-35,Male,18.6,Mandate,Verified
INV001526,2024-10-26,149324,sip,14065,Madhya Pradesh,Bhopal,B30,26-35,Female,19.1,Net Banking,Verified
INV003582,2024-10-26,125497,lumpsum,399879,Uttar Pradesh,Kanpur,B30,36-45,Male,43.1,Net Banking,Verified
INV001783,2024-10-26,120505,lumpsum,389410,Madhya Pradesh,Bhopal,B30,36-45,Female,52.6,Cheque,Verified
INV002703,2024-10-26,118634,lumpsum,110423,Punjab,Amritsar,B30,18-25,Male,3.1,Mandate,Verified
INV000646,2024-10-26,119120,sip,46760,Uttar Pradesh,Lucknow,T30,26-35,Female,23.9,UPI,Verified
INV004012,2024-10-26,101207,sip,3286,Delhi,Noida,T30,46-55,Male,82.3,Mandate,Verified
INV003686,2024-10-26,100033,lumpsum,26378,Gujarat,Surat,T30,18-25,Male,3.8,UPI,Verified
INV000706,2024-10-26,119093,sip,3419,Telangana,Hyderabad,T30,26-35,Female,7.3,UPI,Verified
INV003397,2024-10-26,119094,sip,1177,Haryana,Faridabad,B30,26-35,Male,11.7,Cheque,Verified
INV004014,2024-10-26,119598,lumpsum,410294,Telangana,Hyderabad,T30,56+,Female,27.2,Net Banking,Verified
INV002781,2024-10-26,118632,sip,970,Tamil Nadu,Chennai,T30,26-35,Female,13.3,UPI,Verified
INV001852,2024-10-26,120505,sip,41036,Telangana,Hyderabad,T30,26-35,Male,21.7,Mandate,Verified
INV001193,2024-10-26,148567,sip,1996,Delhi,New Delhi,T30,46-55,Female,66.3,Cheque,Verified
INV002714,2024-10-26,119095,sip,26201,West Bengal,Kolkata,T30,46-55,Male,65.7,Mandate,Verified
INV001074,2024-10-26,119092,lumpsum,64848,Gujarat,Ahmedabad,T30,56+,Female,57.4,Cheque,Verified
INV001443,2024-10-26,120507,sip,17933,Uttar Pradesh,Kanpur,B30,46-55,Female,79.8,Mandate,Verified
INV003856,2024-10-26,101207,sip,3157,Madhya Pradesh,Indore,T30,36-45,Male,46.7,Net Banking,Pending
INV002410,2024-10-26,125498,sip,2285,Uttar Pradesh,Kanpur,B30,26-35,Male,8.7,UPI,Verified
INV003416,2024-10-26,118632,redemption,76743,West Bengal,Kolkata,T30,26-35,Male,22.3,Mandate,Pending
INV003860,2024-10-26,102887,lumpsum,380838,Punjab,Chandigarh,T30,26-35,Male,20.4,Net Banking,Verified
INV001649,2024-10-26,102886,sip,7988,Telangana,Hyderabad,T30,36-45,Male,51.5,Mandate,Verified
INV000859,2024-10-26,149322,lumpsum,23455,Gujarat,Surat,T30,18-25,Female,7.1,Cheque,Verified
INV004899,2024-10-26,100033,sip,44661,Delhi,New Delhi,T30,36-45,Male,39.4,Net Banking,Verified
INV001207,2024-10-26,148568,sip,4151,Karnataka,Bangalore,T30,18-25,Male,5.9,Cheque,Verified
INV000665,2024-10-26,101206,sip,2928,Rajasthan,Udaipur,B30,26-35,Female,6.6,UPI,Verified
INV000722,2024-10-26,149322,sip,6077,Punjab,Chandigarh,T30,26-35,Female,8.1,UPI,Verified
INV003743,2024-10-26,119598,sip,1659,West Bengal,Kolkata,T30,46-55,Male,79.9,Cheque,Verified
INV003253,2024-10-26,118636,redemption,85049,West Bengal,Kolkata,T30,56+,Male,30.2,Net Banking,Verified
INV001861,2024-10-26,148568,sip,3001,Haryana,Gurugram,T30,26-35,Female,19.4,Net Banking,Pending
INV002374,2024-10-26,100025,sip,27436,Uttar Pradesh,Kanpur,B30,26-35,Female,8.6,UPI,Verified
INV003970,2024-10-26,118634,lumpsum,84737,Telangana,Hyderabad,T30,18-25,Male,4.1,Mandate,Verified
INV000284,2024-10-26,149324,lumpsum,119679,Karnataka,Mysore,B30,26-35,Male,7.0,Mandate,Verified
INV002365,2024-10-26,119598,lumpsum,124835,Gujarat,Ahmedabad,T30,46-55,Male,76.9,Mandate,Pending
INV003862,2024-10-26,148568,lumpsum,24376,Madhya Pradesh,Indore,T30,26-35,Male,17.0,Net Banking,Verified
INV001820,2024-10-26,118635,lumpsum,14626,Maharashtra,Mumbai,T30,36-45,Female,39.3,UPI,Verified
INV000105,2024-10-26,102885,sip,988,Punjab,Chandigarh,T30,56+,Male,41.4,Cheque,Verified
INV000772,2024-10-26,119092,sip,13523,Karnataka,Bangalore,T30,56+,Female,16.1,Mandate,Verified
INV000771,2024-10-26,119551,sip,2444,Rajasthan,Udaipur,B30,26-35,Male,10.9,Cheque,Verified
INV004345,2024-10-26,120842,lumpsum,48123,West Bengal,Kolkata,T30,36-45,Female,33.3,UPI,Verified
INV003200,2024-10-26,119094,sip,5731,Punjab,Chandigarh,T30,46-55,Male,61.2,UPI,Verified
INV003158,2024-10-26,120841,sip,24603,Karnataka,Mysore,B30,26-35,Male,21.1,Mandate,Verified
INV002367,2024-10-26,101208,sip,22541,Telangana,Hyderabad,T30,26-35,Male,13.9,Mandate,Verified
INV004303,2024-10-26,119551,sip,12452,Punjab,Chandigarh,T30,26-35,Male,24.4,UPI,Verified
INV004374,2024-10-26,120505,sip,6914,Maharashtra,Nashik,B30,36-45,Female,16.5,Cheque,Verified
INV002697,2024-10-26,125498,lumpsum,141796,West Bengal,Kolkata,T30,26-35,Male,14.1,UPI,Verified
INV000021,2024-10-27,119095,lumpsum,380396,Uttar Pradesh,Agra,B30,46-55,Male,76.8,Mandate,Verified
INV004265,2024-10-27,120505,sip,427,Punjab,Amritsar,B30,18-25,Male,7.6,Cheque,Verified
INV001730,2024-10-27,119092,sip,2947,Telangana,Hyderabad,T30,26-35,Male,13.0,UPI,Verified
INV002807,2024-10-27,102885,sip,10617,Madhya Pradesh,Indore,T30,46-55,Male,26.7,Net Banking,Verified
INV002281,2024-10-27,120844,sip,10563,Uttar Pradesh,Lucknow,T30,18-25,Female,3.1,UPI,Verified
INV003125,2024-10-27,118635,sip,11257,Punjab,Chandigarh,T30,36-45,Female,30.8,Cheque,Verified
INV003230,2024-10-27,120841,sip,11890,Punjab,Amritsar,B30,18-25,Female,3.2,UPI,Verified
INV001798,2024-10-27,120841,sip,11643,Tamil Nadu,Chennai,T30,36-45,Female,21.3,Mandate,Verified
INV002160,2024-10-27,148569,sip,23537,Rajasthan,Udaipur,B30,18-25,Male,6.9,Cheque,Verified
INV000583,2024-10-27,101206,redemption,259841,Punjab,Amritsar,B30,26-35,Male,8.7,UPI,Verified
INV003745,2024-10-27,148568,sip,5835,West Bengal,Kolkata,T30,36-45,Male,17.8,Mandate,Verified
INV002928,2024-10-27,118636,sip,519,Tamil Nadu,Coimbatore,B30,26-35,Male,9.4,Net Banking,Verified
INV003124,2024-10-27,118632,redemption,429530,West Bengal,Kolkata,T30,36-45,Male,28.8,Net Banking,Verified
INV003212,2024-10-27,102887,sip,5234,West Bengal,Kolkata,T30,26-35,Male,17.2,Net Banking,Verified
INV004974,2024-10-27,120842,sip,23652,Gujarat,Ahmedabad,T30,56+,Female,62.6,Mandate,Verified
INV000115,2024-10-27,102887,lumpsum,414902,Tamil Nadu,Coimbatore,B30,36-45,Male,16.6,Cheque,Verified
INV001972,2024-10-27,102885,sip,2277,Uttar Pradesh,Kanpur,B30,18-25,Male,4.6,Mandate,Verified
INV001895,2024-10-27,119095,redemption,60083,Gujarat,Ahmedabad,T30,36-45,Male,56.4,Net Banking,Verified
INV004294,2024-10-27,120504,lumpsum,430303,Punjab,Chandigarh,T30,56+,Female,76.0,Net Banking,Verified
INV003650,2024-10-27,119093,sip,832,Telangana,Hyderabad,T30,46-55,Male,87.3,UPI,Verified
INV001587,2024-10-27,120841,sip,4395,Punjab,Chandigarh,T30,26-35,Male,22.3,Net Banking,Verified
INV002378,2024-10-27,118632,sip,44595,Haryana,Gurugram,T30,26-35,Male,12.1,Net Banking,Pending
INV000864,2024-10-27,119092,redemption,160313,Tamil Nadu,Chennai,T30,26-35,Female,24.9,Mandate,Verified
INV002383,2024-10-27,119093,lumpsum,223392,Madhya Pradesh,Bhopal,B30,18-25,Female,3.2,UPI,Verified
INV003343,2024-10-27,102885,lumpsum,392489,Telangana,Hyderabad,T30,36-45,Male,26.0,Mandate,Verified
INV002353,2024-10-27,100016,sip,507,West Bengal,Kolkata,T30,46-55,Male,40.5,Net Banking,Verified
INV003480,2024-10-27,119552,lumpsum,306291,Madhya Pradesh,Bhopal,B30,26-35,Male,24.4,UPI,Verified
INV000619,2024-10-27,101208,redemption,506745,West Bengal,Kolkata,T30,26-35,Male,12.6,Net Banking,Pending
INV000881,2024-10-27,120505,lumpsum,441624,Uttar Pradesh,Agra,B30,26-35,Male,17.1,Net Banking,Pending
INV004356,2024-10-27,149323,sip,1103,West Bengal,Kolkata,T30,36-45,Male,37.3,UPI,Verified
INV002290,2024-10-27,125498,sip,1021,Gujarat,Ahmedabad,T30,36-45,Male,24.7,Net Banking,Verified
INV003140,2024-10-27,118636,sip,4810,West Bengal,Kolkata,T30,26-35,Male,16.9,Mandate,Verified
INV000452,2024-10-27,118636,sip,6360,Tamil Nadu,Coimbatore,B30,26-35,Male,18.1,UPI,Verified
INV004049,2024-10-27,119598,sip,2811,Gujarat,Ahmedabad,T30,36-45,Male,31.1,Mandate,Pending
INV001284,2024-10-27,101206,redemption,444013,West Bengal,Kolkata,T30,36-45,Male,49.0,Mandate,Verified
INV001779,2024-10-27,120505,sip,15908,Telangana,Hyderabad,T30,36-45,Male,27.4,UPI,Verified
INV002022,2024-10-27,101207,lumpsum,348633,Tamil Nadu,Coimbatore,B30,26-35,Male,6.8,Cheque,Verified
INV002415,2024-10-27,118632,lumpsum,409508,West Bengal,Kolkata,T30,36-45,Male,13.9,UPI,Verified
INV000761,2024-10-27,100025,sip,528,Rajasthan,Udaipur,B30,18-25,Female,7.5,Net Banking,Verified
INV000656,2024-10-27,120503,sip,538,Gujarat,Surat,T30,18-25,Male,5.2,Net Banking,Verified
INV000699,2024-10-27,149322,sip,7970,Rajasthan,Jaipur,T30,18-25,Male,7.7,Mandate,Verified
INV000163,2024-10-27,119551,sip,589,Uttar Pradesh,Kanpur,B30,46-55,Male,70.4,Cheque,Verified
INV000399,2024-10-27,102886,sip,2121,Karnataka,Bangalore,T30,26-35,Male,14.3,Net Banking,Verified
INV001075,2024-10-27,118634,lumpsum,135156,Punjab,Chandigarh,T30,26-35,Female,24.5,Cheque,Verified
INV000553,2024-10-27,120506,sip,10108,Rajasthan,Jaipur,T30,36-45,Male,50.4,Mandate,Verified
INV001544,2024-10-27,102885,sip,5161,Uttar Pradesh,Kanpur,B30,18-25,Female,5.9,Cheque,Verified
INV001854,2024-10-27,102885,redemption,221062,Uttar Pradesh,Kanpur,B30,46-55,Male,67.3,UPI,Verified
INV003317,2024-10-27,119552,sip,1141,Delhi,New Delhi,T30,18-25,Male,6.6,Mandate,Verified
INV004833,2024-10-27,118635,sip,1013,Madhya Pradesh,Bhopal,B30,26-35,Female,16.5,Net Banking,Pending
INV001921,2024-10-27,119095,lumpsum,188544,Gujarat,Surat,T30,26-35,Female,13.5,Cheque,Verified
INV002316,2024-10-27,100025,sip,1836,Punjab,Amritsar,B30,26-35,Male,16.7,Net Banking,Verified
INV001917,2024-10-27,100033,redemption,434982,Telangana,Hyderabad,T30,26-35,Male,22.9,Mandate,Verified
INV002694,2024-10-27,120843,sip,8519,West Bengal,Kolkata,T30,26-35,Male,12.9,Cheque,Verified
INV000505,2024-10-27,125498,sip,44527,Rajasthan,Jaipur,T30,36-45,Male,40.9,UPI,Verified
INV002400,2024-10-27,119094,redemption,171508,Punjab,Chandigarh,T30,36-45,Male,15.5,Mandate,Pending
INV002400,2024-10-27,125498,sip,11180,Punjab,Chandigarh,T30,36-45,Male,15.5,Net Banking,Verified
INV004925,2024-10-27,119551,sip,2178,Maharashtra,Pune,T30,18-25,Female,5.4,Mandate,Verified
INV003851,2024-10-27,119094,sip,59239,Karnataka,Bangalore,T30,46-55,Male,60.6,Cheque,Verified
INV003538,2024-10-27,120507,sip,1617,Telangana,Hyderabad,T30,26-35,Male,14.4,Mandate,Verified
INV001180,2024-10-27,102886,lumpsum,169026,Telangana,Hyderabad,T30,26-35,Male,10.5,UPI,Verified
INV004052,2024-10-27,149323,redemption,304222,Uttar Pradesh,Agra,B30,26-35,Female,15.5,Net Banking,Verified
INV001694,2024-10-27,148568,sip,2829,Punjab,Amritsar,B30,46-55,Female,36.8,UPI,Verified
INV001027,2024-10-27,148567,sip,1821,West Bengal,Kolkata,T30,46-55,Female,62.7,Mandate,Verified
INV000652,2024-10-28,120844,sip,560,Delhi,Gurugram,T30,26-35,Male,8.0,Cheque,Verified
INV003310,2024-10-28,120503,redemption,37742,Telangana,Hyderabad,T30,26-35,Male,8.0,Net Banking,Verified
INV003712,2024-10-28,119095,lumpsum,497490,Maharashtra,Pune,T30,46-55,Male,82.6,UPI,Verified
INV000297,2024-10-28,148569,sip,5130,Gujarat,Ahmedabad,T30,26-35,Male,13.0,UPI,Verified
INV002237,2024-10-28,120505,sip,477,Uttar Pradesh,Agra,B30,46-55,Male,23.1,Cheque,Verified
INV001624,2024-10-28,119551,sip,4551,Uttar Pradesh,Lucknow,T30,26-35,Female,18.4,Net Banking,Verified
INV000658,2024-10-28,101206,lumpsum,175423,Gujarat,Ahmedabad,T30,26-35,Male,14.1,Net Banking,Verified
INV001908,2024-10-28,101208,sip,508,Uttar Pradesh,Kanpur,B30,26-35,Female,22.6,Mandate,Verified
INV004866,2024-10-28,102885,lumpsum,284697,Madhya Pradesh,Bhopal,B30,36-45,Male,14.6,Cheque,Verified
INV004507,2024-10-28,120507,sip,2116,West Bengal,Kolkata,T30,18-25,Female,6.4,Net Banking,Verified
INV003663,2024-10-28,119120,lumpsum,430524,Delhi,Gurugram,T30,26-35,Female,19.0,UPI,Verified
INV000374,2024-10-28,120505,lumpsum,307887,West Bengal,Kolkata,T30,18-25,Female,4.1,Cheque,Verified
INV003215,2024-10-28,120842,lumpsum,99754,Gujarat,Surat,T30,26-35,Female,20.9,Mandate,Verified
INV002554,2024-10-28,101207,sip,5595,Madhya Pradesh,Bhopal,B30,18-25,Male,5.4,Net Banking,Verified
INV004807,2024-10-28,119120,sip,463,Maharashtra,Mumbai,T30,36-45,Male,31.4,Mandate,Verified
INV004811,2024-10-28,125498,sip,2832,Punjab,Amritsar,B30,26-35,Female,9.4,Cheque,Verified
INV002087,2024-10-28,119120,sip,5175,Delhi,Gurugram,T30,26-35,Male,24.8,Cheque,Verified
INV003109,2024-10-28,125497,lumpsum,114402,Delhi,Gurugram,T30,26-35,Male,22.8,Cheque,Verified
INV000725,2024-10-28,101207,sip,29167,Telangana,Hyderabad,T30,18-25,Male,6.9,Net Banking,Verified
INV001554,2024-10-28,149323,sip,5439,West Bengal,Kolkata,T30,18-25,Female,7.2,Net Banking,Verified
INV001019,2024-10-28,120505,sip,4965,Madhya Pradesh,Indore,T30,26-35,Male,10.6,UPI,Verified
INV002267,2024-10-28,120507,sip,13867,Haryana,Faridabad,B30,18-25,Male,4.7,Cheque,Verified
INV000931,2024-10-28,119094,lumpsum,276915,Tamil Nadu,Coimbatore,B30,26-35,Male,11.3,UPI,Verified
INV002267,2024-10-28,100033,lumpsum,243749,Haryana,Faridabad,B30,18-25,Male,4.7,Cheque,Verified
INV000981,2024-10-28,101208,lumpsum,261511,West Bengal,Kolkata,T30,36-45,Female,59.7,Net Banking,Pending
INV003421,2024-10-28,100033,redemption,311324,Telangana,Hyderabad,T30,26-35,Male,12.4,Mandate,Pending
INV001612,2024-10-28,148569,sip,1112,Haryana,Gurugram,T30,26-35,Female,12.0,UPI,Verified
INV001685,2024-10-28,120843,sip,834,Punjab,Amritsar,B30,26-35,Male,14.5,Cheque,Verified
INV004179,2024-10-28,101206,lumpsum,200852,Maharashtra,Pune,T30,26-35,Female,19.3,Mandate,Verified
INV000971,2024-10-28,120506,sip,2411,Maharashtra,Mumbai,T30,36-45,Male,42.2,Net Banking,Verified
INV002689,2024-10-28,120841,sip,58833,Madhya Pradesh,Bhopal,B30,26-35,Male,7.4,Mandate,Verified
INV004430,2024-10-28,119551,sip,4815,Delhi,Noida,T30,56+,Male,26.4,Mandate,Verified
INV002523,2024-10-28,119598,sip,1794,Telangana,Hyderabad,T30,46-55,Female,57.2,Net Banking,Verified
INV001591,2024-10-28,120505,lumpsum,286717,Rajasthan,Jaipur,T30,56+,Male,28.1,UPI,Pending
INV003279,2024-10-28,102887,sip,944,Rajasthan,Jaipur,T30,46-55,Female,19.4,UPI,Verified
INV002553,2024-10-28,119092,redemption,382274,Gujarat,Ahmedabad,T30,36-45,Female,47.8,UPI,Verified
INV003534,2024-10-28,118633,redemption,172184,Madhya Pradesh,Indore,T30,46-55,Male,75.7,Net Banking,Verified
INV003231,2024-10-28,101208,lumpsum,359421,Haryana,Gurugram,T30,26-35,Male,9.1,UPI,Verified
INV004644,2024-10-28,125498,lumpsum,148244,Maharashtra,Nashik,B30,36-45,Male,21.7,Net Banking,Verified
INV004153,2024-10-28,120843,sip,1053,Uttar Pradesh,Agra,B30,46-55,Male,96.3,Cheque,Verified
INV003296,2024-10-28,148567,lumpsum,96166,Haryana,Gurugram,T30,26-35,Female,11.3,Mandate,Verified
INV002873,2024-10-28,101208,sip,45927,Haryana,Gurugram,T30,18-25,Male,5.9,UPI,Verified
INV001192,2024-10-28,100033,sip,48350,Telangana,Hyderabad,T30,26-35,Male,8.1,UPI,Verified
INV002607,2024-10-28,120507,sip,14066,Rajasthan,Udaipur,B30,36-45,Male,57.5,UPI,Verified
INV002039,2024-10-28,120842,sip,23616,Madhya Pradesh,Bhopal,B30,46-55,Male,17.3,UPI,Verified
INV001468,2024-10-28,118635,lumpsum,499352,Tamil Nadu,Chennai,T30,26-35,Female,19.4,Net Banking,Verified
INV002327,2024-10-28,148568,sip,3288,Punjab,Amritsar,B30,26-35,Male,7.0,Mandate,Pending
INV000944,2024-10-28,119552,lumpsum,72932,Haryana,Faridabad,B30,36-45,Female,16.9,UPI,Verified
INV000750,2024-10-28,148568,sip,445,Delhi,New Delhi,T30,26-35,Male,20.9,Cheque,Verified
INV004490,2024-10-28,119092,lumpsum,226634,Madhya Pradesh,Indore,T30,18-25,Female,3.9,Mandate,Verified
INV002329,2024-10-28,119092,lumpsum,357852,Madhya Pradesh,Indore,T30,56+,Male,51.2,UPI,Verified
INV004818,2024-10-29,120507,lumpsum,5789,Maharashtra,Pune,T30,26-35,Male,23.5,Cheque,Verified
INV001834,2024-10-29,148567,sip,9292,Gujarat,Ahmedabad,T30,26-35,Male,11.4,Net Banking,Pending
INV002315,2024-10-29,118636,redemption,80165,Haryana,Faridabad,B30,18-25,Male,6.4,UPI,Verified
INV001187,2024-10-29,148569,sip,4672,West Bengal,Kolkata,T30,26-35,Female,24.3,Net Banking,Verified
INV001757,2024-10-29,149322,sip,543,Telangana,Hyderabad,T30,46-55,Male,87.3,Cheque,Verified
INV003518,2024-10-29,102887,lumpsum,559333,Madhya Pradesh,Bhopal,B30,26-35,Male,6.7,UPI,Verified
INV000604,2024-10-29,119092,lumpsum,390845,Karnataka,Bangalore,T30,26-35,Male,9.5,UPI,Verified
INV001874,2024-10-29,118634,sip,1069,Telangana,Hyderabad,T30,36-45,Male,21.3,Net Banking,Verified
INV003304,2024-10-29,120506,sip,2968,Telangana,Hyderabad,T30,18-25,Female,4.8,UPI,Verified
INV004094,2024-10-29,119092,sip,2094,Haryana,Faridabad,B30,26-35,Female,10.0,Net Banking,Verified
INV003796,2024-10-29,120842,sip,17525,Delhi,Noida,T30,26-35,Male,19.1,Cheque,Verified
INV001635,2024-10-29,101206,redemption,167385,Tamil Nadu,Chennai,T30,26-35,Male,18.6,Cheque,Verified
INV003237,2024-10-29,125498,sip,438,Delhi,Gurugram,T30,46-55,Male,66.7,UPI,Pending
INV001096,2024-10-29,102885,lumpsum,149253,Punjab,Chandigarh,T30,26-35,Male,24.5,Net Banking,Verified
INV001804,2024-10-29,100025,sip,25276,Punjab,Amritsar,B30,26-35,Male,20.1,UPI,Verified
INV004051,2024-10-29,102886,lumpsum,18764,Rajasthan,Udaipur,B30,36-45,Female,28.8,Mandate,Verified
INV004179,2024-10-29,119599,redemption,451182,Maharashtra,Pune,T30,26-35,Female,19.3,UPI,Verified
INV004184,2024-10-29,120505,sip,542,Karnataka,Bangalore,T30,26-35,Male,9.9,Net Banking,Verified
INV002804,2024-10-29,101208,redemption,66316,Madhya Pradesh,Indore,T30,36-45,Male,39.9,UPI,Verified
INV004328,2024-10-29,119120,sip,23395,Telangana,Hyderabad,T30,26-35,Female,12.8,Mandate,Verified
INV001774,2024-10-29,119599,lumpsum,345058,Maharashtra,Nashik,B30,56+,Male,32.0,UPI,Verified
INV000611,2024-10-29,102885,lumpsum,76999,Uttar Pradesh,Agra,B30,26-35,Male,11.4,Net Banking,Verified
INV002755,2024-10-29,119598,sip,13259,Delhi,New Delhi,T30,36-45,Female,32.4,Net Banking,Verified
INV001575,2024-10-29,102885,sip,24496,Karnataka,Bangalore,T30,26-35,Male,12.0,Cheque,Verified
INV000200,2024-10-29,118634,sip,2771,Rajasthan,Udaipur,B30,18-25,Male,4.0,Mandate,Verified
INV001805,2024-10-29,119095,sip,55941,Gujarat,Ahmedabad,T30,36-45,Male,44.9,Cheque,Verified
INV003793,2024-10-29,120505,sip,586,Delhi,New Delhi,T30,46-55,Male,94.3,UPI,Verified
INV001891,2024-10-29,119094,redemption,386324,West Bengal,Kolkata,T30,26-35,Male,22.2,UPI,Verified
INV001711,2024-10-29,120842,sip,2215,Madhya Pradesh,Bhopal,B30,46-55,Male,99.0,Cheque,Verified
INV000725,2024-10-29,120506,lumpsum,141299,Telangana,Hyderabad,T30,18-25,Male,6.9,Net Banking,Pending
INV001790,2024-10-29,119552,redemption,454853,Punjab,Chandigarh,T30,46-55,Male,15.8,Cheque,Verified
INV004635,2024-10-29,120842,sip,968,Punjab,Chandigarh,T30,18-25,Male,4.4,Mandate,Verified
INV003645,2024-10-29,101206,lumpsum,205320,Punjab,Amritsar,B30,26-35,Male,13.4,Mandate,Verified
INV001020,2024-10-29,118636,lumpsum,14519,Maharashtra,Mumbai,T30,26-35,Female,13.5,Mandate,Verified
INV001036,2024-10-29,119598,sip,1909,Punjab,Chandigarh,T30,46-55,Female,40.5,Mandate,Verified
INV004935,2024-10-29,118634,redemption,568734,Telangana,Hyderabad,T30,56+,Female,44.7,UPI,Pending
INV000718,2024-10-29,125498,sip,20633,Delhi,Gurugram,T30,26-35,Male,10.8,Net Banking,Verified
INV002338,2024-10-29,148567,sip,521,Delhi,New Delhi,T30,26-35,Male,23.6,Mandate,Verified
INV002322,2024-10-29,120842,sip,10515,Tamil Nadu,Chennai,T30,18-25,Male,3.3,UPI,Verified
INV004584,2024-10-29,149324,sip,11516,Uttar Pradesh,Kanpur,B30,56+,Male,47.5,Mandate,Verified
INV003273,2024-10-29,118633,lumpsum,143693,Haryana,Faridabad,B30,36-45,Male,18.3,Cheque,Verified
INV001221,2024-10-29,148567,sip,5334,Delhi,New Delhi,T30,26-35,Female,22.4,Mandate,Verified
INV000034,2024-10-29,149322,lumpsum,55363,Punjab,Chandigarh,T30,26-35,Male,24.5,Net Banking,Verified
INV002069,2024-10-29,118632,sip,1860,West Bengal,Kolkata,T30,46-55,Male,59.0,Net Banking,Verified
INV002412,2024-10-29,118632,sip,3365,Karnataka,Bangalore,T30,26-35,Male,11.4,Net Banking,Verified
INV000216,2024-10-29,120505,sip,2177,Karnataka,Mysore,B30,26-35,Male,21.9,Mandate,Verified
INV000067,2024-10-29,118633,sip,538,Delhi,Gurugram,T30,36-45,Male,19.7,Net Banking,Verified
INV000567,2024-10-29,120507,sip,5919,Delhi,New Delhi,T30,26-35,Male,9.1,Mandate,Verified
INV002219,2024-10-29,120504,lumpsum,350160,Karnataka,Mysore,B30,26-35,Male,6.9,Mandate,Verified
INV001212,2024-10-29,100025,sip,1039,Uttar Pradesh,Lucknow,T30,36-45,Male,40.3,Cheque,Pending
INV001295,2024-10-29,118636,sip,2900,Madhya Pradesh,Indore,T30,36-45,Male,30.8,UPI,Verified
INV003441,2024-10-29,118633,sip,7715,West Bengal,Kolkata,T30,26-35,Male,13.5,Cheque,Verified
INV004911,2024-10-29,118636,redemption,154638,West Bengal,Kolkata,T30,26-35,Female,9.4,Cheque,Verified
INV001728,2024-10-29,102887,sip,459,Karnataka,Bangalore,T30,26-35,Male,17.0,Net Banking,Verified
INV004841,2024-10-29,125498,lumpsum,66585,West Bengal,Kolkata,T30,26-35,Male,21.4,Mandate,Pending
INV001524,2024-10-29,125498,sip,53007,Madhya Pradesh,Bhopal,B30,26-35,Male,7.7,Net Banking,Verified
INV001645,2024-10-29,148567,sip,1172,Uttar Pradesh,Kanpur,B30,46-55,Male,77.5,Cheque,Verified
INV002698,2024-10-29,102885,sip,10832,Maharashtra,Pune,T30,26-35,Male,20.9,Cheque,Verified
INV000032,2024-10-29,148568,redemption,335798,Delhi,Noida,T30,36-45,Male,21.8,Net Banking,Verified
INV004908,2024-10-29,119092,sip,16329,Rajasthan,Jaipur,T30,18-25,Male,6.1,Mandate,Verified
INV000009,2024-10-29,148569,sip,3591,Haryana,Gurugram,T30,26-35,Male,17.1,UPI,Pending
INV003694,2024-10-29,149322,sip,890,Madhya Pradesh,Bhopal,B30,26-35,Female,24.1,UPI,Verified
INV003902,2024-10-29,119598,sip,21642,Karnataka,Mysore,B30,26-35,Male,23.1,Cheque,Verified
INV000636,2024-10-30,119094,sip,579,Delhi,Noida,T30,46-55,Male,79.6,Net Banking,Verified
INV002725,2024-10-30,119599,redemption,30911,Rajasthan,Udaipur,B30,46-55,Female,49.2,Mandate,Verified
INV001510,2024-10-30,120844,redemption,381608,Gujarat,Surat,T30,26-35,Male,15.4,Cheque,Verified
INV004807,2024-10-30,120506,sip,8113,Maharashtra,Mumbai,T30,36-45,Male,31.4,Mandate,Verified
INV003892,2024-10-30,149323,sip,2672,Punjab,Amritsar,B30,46-55,Male,24.4,Net Banking,Pending
INV004386,2024-10-30,120507,lumpsum,42141,Tamil Nadu,Coimbatore,B30,18-25,Male,5.5,UPI,Verified
INV002675,2024-10-30,118635,lumpsum,204221,Uttar Pradesh,Agra,B30,36-45,Male,17.9,Cheque,Verified
INV001410,2024-10-30,100016,redemption,73108,Maharashtra,Mumbai,T30,46-55,Male,26.5,Cheque,Pending
INV000463,2024-10-30,119093,sip,5556,Gujarat,Ahmedabad,T30,26-35,Male,8.9,Net Banking,Verified
INV004935,2024-10-30,118632,sip,488,Telangana,Hyderabad,T30,56+,Female,44.7,Net Banking,Verified
INV002673,2024-10-30,120506,sip,543,Maharashtra,Mumbai,T30,26-35,Male,14.2,UPI,Pending
INV003024,2024-10-30,118634,lumpsum,504698,Maharashtra,Pune,T30,36-45,Female,43.1,Cheque,Verified
INV001599,2024-10-30,118634,sip,15423,Haryana,Faridabad,B30,36-45,Female,31.0,Net Banking,Verified
INV000221,2024-10-30,149323,lumpsum,133210,Uttar Pradesh,Agra,B30,36-45,Female,46.2,UPI,Verified
INV002891,2024-10-30,100033,redemption,166143,Haryana,Faridabad,B30,36-45,Female,56.5,Net Banking,Verified
INV003297,2024-10-30,119552,sip,9318,Madhya Pradesh,Bhopal,B30,36-45,Female,16.3,Net Banking,Verified
INV002052,2024-10-30,118632,sip,48218,Uttar Pradesh,Lucknow,T30,36-45,Male,50.8,Cheque,Verified
INV001497,2024-10-30,102887,sip,10764,Maharashtra,Mumbai,T30,36-45,Male,56.8,UPI,Verified
INV004412,2024-10-30,119094,sip,2925,Punjab,Amritsar,B30,26-35,Female,21.6,Net Banking,Verified
INV001591,2024-10-30,148569,lumpsum,216343,Rajasthan,Jaipur,T30,56+,Male,28.1,Cheque,Verified
INV002205,2024-10-30,149324,lumpsum,231933,Gujarat,Surat,T30,26-35,Female,10.9,Mandate,Verified
INV002391,2024-10-30,118632,sip,11209,Madhya Pradesh,Bhopal,B30,18-25,Female,7.9,Mandate,Verified
INV004598,2024-10-30,118633,sip,40552,Tamil Nadu,Chennai,T30,46-55,Male,60.5,Net Banking,Verified
INV004461,2024-10-30,118636,redemption,153805,Tamil Nadu,Chennai,T30,46-55,Male,80.3,Cheque,Verified
INV002706,2024-10-30,120841,lumpsum,124131,Haryana,Faridabad,B30,46-55,Female,22.8,UPI,Verified
INV002138,2024-10-30,148568,sip,3335,Karnataka,Bangalore,T30,46-55,Female,78.2,Mandate,Verified
INV004161,2024-10-30,149323,sip,508,Telangana,Hyderabad,T30,46-55,Male,94.7,UPI,Verified
INV001227,2024-10-30,101207,sip,9469,Tamil Nadu,Coimbatore,B30,36-45,Male,58.3,UPI,Verified
INV000296,2024-10-30,148569,lumpsum,512627,Madhya Pradesh,Indore,T30,26-35,Male,16.7,Cheque,Verified
INV003120,2024-10-30,120844,lumpsum,142843,Punjab,Amritsar,B30,26-35,Male,19.1,UPI,Verified
INV002430,2024-10-30,120505,sip,9270,Madhya Pradesh,Bhopal,B30,26-35,Male,16.2,UPI,Verified
INV004958,2024-10-30,120844,redemption,232148,Maharashtra,Mumbai,T30,36-45,Male,20.9,Mandate,Verified
INV004112,2024-10-30,100025,sip,1763,Madhya Pradesh,Bhopal,B30,46-55,Male,30.0,UPI,Verified
INV004441,2024-10-30,149322,sip,54710,Uttar Pradesh,Lucknow,T30,26-35,Male,24.0,UPI,Verified
INV004367,2024-10-30,119551,sip,27950,Karnataka,Mysore,B30,26-35,Female,8.3,Mandate,Verified
INV000153,2024-10-30,149324,sip,1899,Karnataka,Mysore,B30,26-35,Male,14.1,Net Banking,Verified
INV000255,2024-10-30,120841,lumpsum,107591,Haryana,Gurugram,T30,26-35,Female,19.9,Cheque,Verified
INV001096,2024-10-30,118635,sip,507,Punjab,Chandigarh,T30,26-35,Male,24.5,Cheque,Verified
INV000240,2024-10-30,120507,sip,2145,West Bengal,Kolkata,T30,26-35,Female,6.8,Net Banking,Pending
INV003254,2024-10-30,118632,sip,55408,Uttar Pradesh,Lucknow,T30,26-35,Male,9.5,Cheque,Verified
INV004271,2024-10-30,119551,sip,4447,Maharashtra,Mumbai,T30,18-25,Male,3.2,Net Banking,Verified
INV002249,2024-10-30,120503,lumpsum,182452,Karnataka,Bangalore,T30,36-45,Male,19.6,Cheque,Verified
INV002642,2024-10-30,118636,sip,49985,Haryana,Gurugram,T30,46-55,Female,48.8,Net Banking,Verified
INV002840,2024-10-30,101207,sip,14108,Gujarat,Surat,T30,26-35,Female,12.0,Net Banking,Pending
INV000664,2024-10-30,148569,lumpsum,153384,West Bengal,Kolkata,T30,26-35,Male,21.1,Cheque,Verified
INV002098,2024-10-30,119092,sip,807,Gujarat,Ahmedabad,T30,26-35,Male,15.6,Cheque,Verified
INV004336,2024-10-30,118634,lumpsum,118595,West Bengal,Kolkata,T30,46-55,Female,35.0,Mandate,Verified
INV004833,2024-10-30,149323,sip,12685,Madhya Pradesh,Bhopal,B30,26-35,Female,16.5,Mandate,Verified
INV001806,2024-10-30,100025,sip,16150,Telangana,Hyderabad,T30,36-45,Male,32.6,Mandate,Verified
INV001374,2024-10-30,100016,lumpsum,144366,Madhya Pradesh,Indore,T30,36-45,Male,14.2,Mandate,Verified
INV004314,2024-10-30,118632,sip,2395,Haryana,Gurugram,T30,26-35,Male,19.2,Mandate,Verified
INV000926,2024-10-30,119120,sip,14393,Delhi,New Delhi,T30,36-45,Male,46.1,Mandate,Verified
INV001883,2024-10-30,118633,sip,6817,Maharashtra,Pune,T30,46-55,Male,69.3,Mandate,Verified
INV002343,2024-10-30,100033,sip,8499,Punjab,Amritsar,B30,26-35,Male,22.1,Net Banking,Verified
INV002985,2024-10-30,148568,lumpsum,125612,Gujarat,Ahmedabad,T30,36-45,Male,26.4,Cheque,Verified
INV003723,2024-10-30,119093,sip,2247,Tamil Nadu,Chennai,T30,26-35,Female,10.9,UPI,Verified
INV004822,2024-10-30,118634,lumpsum,409712,Rajasthan,Udaipur,B30,26-35,Male,14.8,Net Banking,Verified
INV003566,2024-10-30,120843,lumpsum,21985,Tamil Nadu,Coimbatore,B30,26-35,Male,8.7,Mandate,Verified
INV001549,2024-10-30,118636,redemption,51361,Haryana,Gurugram,T30,36-45,Male,19.5,UPI,Verified
INV002448,2024-10-30,148567,sip,4296,Madhya Pradesh,Bhopal,B30,26-35,Male,24.7,Cheque,Verified
INV000545,2024-10-30,120507,sip,15883,Telangana,Hyderabad,T30,26-35,Male,23.6,Net Banking,Verified
INV001771,2024-10-30,148567,lumpsum,422978,Gujarat,Surat,T30,46-55,Male,85.9,Mandate,Verified
INV003922,2024-10-30,149323,redemption,380836,Tamil Nadu,Chennai,T30,56+,Male,59.9,Cheque,Verified
INV001363,2024-10-30,119551,sip,17628,Karnataka,Mysore,B30,56+,Male,29.4,Mandate,Verified
INV004740,2024-10-30,148569,sip,569,Tamil Nadu,Chennai,T30,56+,Male,43.4,Net Banking,Verified
INV004453,2024-10-30,120506,lumpsum,572610,Telangana,Hyderabad,T30,36-45,Male,14.3,Mandate,Verified
INV003392,2024-10-30,120506,sip,27643,West Bengal,Kolkata,T30,56+,Male,16.5,Cheque,Verified
INV001478,2024-10-30,148567,sip,2956,Maharashtra,Mumbai,T30,36-45,Male,24.2,Net Banking,Verified
INV004901,2024-10-30,120844,sip,59469,Haryana,Gurugram,T30,26-35,Female,10.8,Mandate,Verified
INV004831,2024-10-31,100016,sip,839,Maharashtra,Mumbai,T30,18-25,Female,5.9,Mandate,Verified
INV002881,2024-10-31,125498,sip,941,Uttar Pradesh,Agra,B30,26-35,Female,11.4,UPI,Verified
INV003757,2024-10-31,119094,sip,926,Uttar Pradesh,Agra,B30,18-25,Male,3.7,Cheque,Verified
INV002779,2024-10-31,100033,redemption,214139,Uttar Pradesh,Lucknow,T30,26-35,Male,10.4,Cheque,Verified
INV004741,2024-10-31,120841,lumpsum,451219,Telangana,Hyderabad,T30,26-35,Female,24.9,Mandate,Verified
INV004816,2024-10-31,118635,redemption,394749,Karnataka,Bangalore,T30,18-25,Male,4.1,Net Banking,Verified
INV002326,2024-10-31,100016,sip,851,Telangana,Hyderabad,T30,36-45,Female,33.2,Net Banking,Verified
INV002409,2024-10-31,102887,sip,2166,Punjab,Amritsar,B30,18-25,Female,4.9,Mandate,Verified
INV000808,2024-10-31,100025,sip,522,Punjab,Chandigarh,T30,36-45,Male,34.9,Cheque,Verified
INV000569,2024-10-31,149324,lumpsum,544742,Madhya Pradesh,Indore,T30,26-35,Male,8.0,Mandate,Verified
INV000128,2024-10-31,119093,sip,8630,Rajasthan,Jaipur,T30,36-45,Female,50.9,Mandate,Verified
INV000649,2024-10-31,120844,sip,15309,Tamil Nadu,Chennai,T30,36-45,Male,27.3,Mandate,Verified
INV001128,2024-10-31,148567,sip,2543,West Bengal,Kolkata,T30,36-45,Female,43.2,Cheque,Pending
INV001747,2024-10-31,148568,redemption,358164,Madhya Pradesh,Indore,T30,18-25,Female,3.8,Mandate,Verified
INV003452,2024-10-31,118635,sip,7114,Haryana,Faridabad,B30,18-25,Male,4.5,Net Banking,Verified
INV002711,2024-10-31,149322,sip,1733,Haryana,Gurugram,T30,26-35,Male,12.4,UPI,Verified
INV000920,2024-10-31,148569,sip,1696,Delhi,Gurugram,T30,56+,Male,19.8,Cheque,Verified
INV004295,2024-10-31,120506,sip,6773,Karnataka,Bangalore,T30,36-45,Male,50.6,Net Banking,Verified
INV004352,2024-10-31,119095,sip,7448,Punjab,Chandigarh,T30,18-25,Female,5.8,Net Banking,Verified
INV002509,2024-10-31,101206,sip,44045,Maharashtra,Mumbai,T30,36-45,Female,19.9,Net Banking,Verified
INV000600,2024-10-31,119598,sip,8892,Maharashtra,Mumbai,T30,26-35,Male,17.3,Cheque,Verified
INV001349,2024-10-31,120843,redemption,88295,Haryana,Gurugram,T30,18-25,Female,5.3,Mandate,Verified
INV001979,2024-10-31,119551,sip,491,Maharashtra,Pune,T30,26-35,Male,12.2,Net Banking,Verified
INV001542,2024-10-31,119095,sip,16198,Uttar Pradesh,Lucknow,T30,36-45,Male,49.1,Cheque,Pending
INV004079,2024-10-31,148569,sip,23587,Karnataka,Bangalore,T30,36-45,Female,57.2,Mandate,Verified
INV001721,2024-10-31,119551,sip,8342,Punjab,Amritsar,B30,26-35,Male,10.8,Mandate,Verified
INV000040,2024-10-31,119095,sip,55026,Karnataka,Mysore,B30,26-35,Male,14.7,UPI,Verified
INV004300,2024-10-31,120841,redemption,459965,West Bengal,Kolkata,T30,26-35,Male,12.4,Cheque,Verified
INV003771,2024-10-31,148568,sip,593,Telangana,Hyderabad,T30,46-55,Male,47.6,UPI,Verified
INV003270,2024-10-31,100033,redemption,104939,Karnataka,Bangalore,T30,56+,Male,43.3,UPI,Verified
INV003442,2024-10-31,101206,sip,2345,Rajasthan,Jaipur,T30,56+,Male,51.6,UPI,Verified
INV001598,2024-10-31,119551,sip,22504,Tamil Nadu,Coimbatore,B30,36-45,Male,48.2,Cheque,Verified
INV001157,2024-10-31,101206,sip,6142,Tamil Nadu,Coimbatore,B30,36-45,Female,23.0,UPI,Verified
INV001987,2024-10-31,120503,lumpsum,117567,Tamil Nadu,Coimbatore,B30,18-25,Male,7.2,Net Banking,Pending
INV000660,2024-10-31,120844,sip,2749,Punjab,Chandigarh,T30,36-45,Male,14.1,Net Banking,Verified
INV000698,2024-10-31,120841,lumpsum,76504,Madhya Pradesh,Bhopal,B30,18-25,Male,7.1,Mandate,Verified
INV002349,2024-10-31,149323,sip,2924,Punjab,Amritsar,B30,26-35,Female,9.6,UPI,Verified
INV000880,2024-10-31,118635,sip,474,Madhya Pradesh,Indore,T30,26-35,Male,18.4,Net Banking,Verified
INV004463,2024-10-31,118633,sip,10679,Karnataka,Bangalore,T30,26-35,Female,16.1,UPI,Verified
INV000630,2024-10-31,119120,sip,22112,Uttar Pradesh,Kanpur,B30,26-35,Male,18.9,Mandate,Pending
INV004768,2024-10-31,119094,lumpsum,120185,Delhi,Noida,T30,46-55,Female,98.4,UPI,Verified
INV000380,2024-10-31,120503,lumpsum,190716,Haryana,Gurugram,T30,56+,Male,24.2,Cheque,Verified
INV003756,2024-10-31,100016,lumpsum,48122,Telangana,Hyderabad,T30,26-35,Male,6.9,Cheque,Verified
INV003724,2024-10-31,125497,sip,528,Punjab,Amritsar,B30,56+,Male,52.5,Net Banking,Verified
INV003111,2024-10-31,125498,sip,7224,Delhi,Gurugram,T30,18-25,Female,5.9,UPI,Verified
INV003558,2024-10-31,100016,sip,47505,Uttar Pradesh,Lucknow,T30,18-25,Male,6.1,Cheque,Verified
INV000179,2024-10-31,119599,sip,7026,Rajasthan,Udaipur,B30,26-35,Male,10.0,Net Banking,Verified
INV000846,2024-10-31,102885,sip,4449,Rajasthan,Udaipur,B30,26-35,Female,21.7,Mandate,Pending
INV003616,2024-10-31,120843,lumpsum,399199,Rajasthan,Jaipur,T30,36-45,Female,14.0,Cheque,Verified
INV003021,2024-10-31,120507,sip,6418,Telangana,Hyderabad,T30,56+,Female,65.0,Net Banking,Verified
INV001322,2024-10-31,118635,sip,48840,Uttar Pradesh,Lucknow,T30,26-35,Female,10.5,UPI,Verified
INV004802,2024-10-31,102885,sip,2456,Uttar Pradesh,Kanpur,B30,26-35,Male,20.9,UPI,Verified
INV003091,2024-10-31,125497,sip,9061,Delhi,New Delhi,T30,36-45,Female,36.4,UPI,Verified
INV004180,2024-10-31,102886,sip,5803,Madhya Pradesh,Bhopal,B30,26-35,Male,17.2,UPI,Verified
INV001891,2024-10-31,118633,sip,7264,West Bengal,Kolkata,T30,26-35,Male,22.2,Mandate,Verified
INV002632,2024-10-31,119598,sip,5938,Tamil Nadu,Chennai,T30,26-35,Female,14.1,Net Banking,Verified
INV003873,2024-11-01,119120,sip,29577,Telangana,Hyderabad,T30,36-45,Female,37.2,Mandate,Verified
INV000768,2024-11-01,125497,sip,2938,Delhi,Noida,T30,56+,Male,12.2,Net Banking,Verified
INV002237,2024-11-01,120841,sip,8086,Uttar Pradesh,Agra,B30,46-55,Male,23.1,Mandate,Verified
INV004378,2024-11-01,118632,lumpsum,458703,Tamil Nadu,Chennai,T30,26-35,Female,23.2,Net Banking,Verified
INV003086,2024-11-01,101206,lumpsum,452428,West Bengal,Kolkata,T30,26-35,Male,20.2,Net Banking,Verified
INV003817,2024-11-01,125497,redemption,456060,Gujarat,Surat,T30,26-35,Male,9.0,Mandate,Verified
INV002766,2024-11-01,120843,sip,13913,Punjab,Chandigarh,T30,26-35,Female,8.7,Cheque,Pending
INV002113,2024-11-01,119095,redemption,324048,Maharashtra,Nashik,B30,26-35,Male,21.6,UPI,Pending
INV003576,2024-11-01,101208,sip,490,Karnataka,Mysore,B30,26-35,Female,19.6,UPI,Verified
INV001789,2024-11-01,125497,lumpsum,101048,Gujarat,Surat,T30,18-25,Male,4.4,Mandate,Verified
INV001912,2024-11-01,118635,lumpsum,135147,Haryana,Gurugram,T30,26-35,Male,10.4,Cheque,Verified
INV003450,2024-11-01,119093,sip,925,Maharashtra,Nashik,B30,18-25,Female,4.2,Cheque,Verified
INV003695,2024-11-01,118633,redemption,585952,Karnataka,Bangalore,T30,36-45,Male,31.0,Cheque,Verified
INV004388,2024-11-01,118632,redemption,177174,Gujarat,Surat,T30,26-35,Female,10.3,Net Banking,Verified
INV000844,2024-11-01,148567,lumpsum,503314,Gujarat,Surat,T30,26-35,Male,6.5,Net Banking,Verified
INV002042,2024-11-01,148568,sip,53343,Tamil Nadu,Chennai,T30,26-35,Female,10.0,Net Banking,Verified
INV004296,2024-11-01,101206,sip,6200,Telangana,Hyderabad,T30,26-35,Male,18.2,UPI,Verified
INV000524,2024-11-01,102886,sip,7605,West Bengal,Kolkata,T30,56+,Male,37.4,Cheque,Verified
INV002693,2024-11-01,119551,lumpsum,111556,Uttar Pradesh,Kanpur,B30,26-35,Male,22.5,Cheque,Verified
INV004597,2024-11-01,120843,sip,11959,West Bengal,Kolkata,T30,26-35,Female,18.3,Mandate,Verified
INV002005,2024-11-01,119120,lumpsum,509839,Maharashtra,Pune,T30,18-25,Male,7.1,UPI,Verified
INV002083,2024-11-01,120844,sip,1856,Gujarat,Surat,T30,26-35,Male,21.2,Cheque,Verified
INV003996,2024-11-01,119094,sip,12213,Karnataka,Bangalore,T30,36-45,Female,39.8,Cheque,Verified
INV000804,2024-11-01,120507,sip,44263,Karnataka,Mysore,B30,36-45,Male,39.7,Cheque,Verified
INV001957,2024-11-01,119552,sip,2397,West Bengal,Kolkata,T30,36-45,Male,51.1,Cheque,Verified
INV003373,2024-11-01,120507,lumpsum,64420,Gujarat,Surat,T30,56+,Male,62.9,Cheque,Verified
INV003649,2024-11-01,149324,lumpsum,91003,Haryana,Gurugram,T30,46-55,Female,79.9,Mandate,Pending
INV004688,2024-11-01,102887,sip,1620,West Bengal,Kolkata,T30,26-35,Male,20.7,Net Banking,Verified
INV001827,2024-11-01,149322,sip,12812,Haryana,Faridabad,B30,36-45,Female,54.3,Mandate,Pending
INV004001,2024-11-01,118634,sip,5814,Delhi,Noida,T30,56+,Female,52.7,Cheque,Verified
INV002226,2024-11-01,118634,redemption,154131,Gujarat,Surat,T30,46-55,Female,29.3,Net Banking,Verified
INV003710,2024-11-01,118635,sip,14273,Rajasthan,Udaipur,B30,26-35,Male,19.6,UPI,Verified
INV001150,2024-11-01,102886,sip,499,Tamil Nadu,Coimbatore,B30,26-35,Female,19.5,Net Banking,Verified
INV001658,2024-11-01,119120,lumpsum,329522,Rajasthan,Jaipur,T30,36-45,Female,48.4,Mandate,Verified
INV001564,2024-11-01,102886,sip,3451,Haryana,Faridabad,B30,46-55,Male,43.2,Cheque,Verified
INV000260,2024-11-01,120506,sip,27357,Delhi,Gurugram,T30,18-25,Male,4.1,Net Banking,Verified
INV003016,2024-11-01,119094,redemption,485329,Madhya Pradesh,Bhopal,B30,26-35,Male,12.7,Mandate,Verified
INV002156,2024-11-01,148569,sip,488,Rajasthan,Jaipur,T30,26-35,Male,18.7,Mandate,Verified
INV001979,2024-11-01,120503,lumpsum,112761,Maharashtra,Pune,T30,26-35,Male,12.2,Cheque,Pending
INV004169,2024-11-01,100033,sip,1867,Rajasthan,Udaipur,B30,26-35,Female,20.4,UPI,Verified
INV004037,2024-11-01,120844,lumpsum,447237,Gujarat,Ahmedabad,T30,26-35,Male,20.8,Cheque,Pending
INV002157,2024-11-01,125498,sip,48019,Punjab,Chandigarh,T30,26-35,Male,16.9,Mandate,Verified
INV004765,2024-11-01,100016,sip,8722,Haryana,Gurugram,T30,26-35,Male,10.4,Net Banking,Verified
INV001155,2024-11-01,102886,lumpsum,11212,Telangana,Hyderabad,T30,26-35,Female,16.7,Cheque,Verified
INV001156,2024-11-01,118632,lumpsum,533108,Madhya Pradesh,Indore,T30,56+,Female,58.8,UPI,Verified
INV002647,2024-11-01,119120,sip,1120,Rajasthan,Jaipur,T30,46-55,Male,87.0,Net Banking,Verified
INV004448,2024-11-01,125497,lumpsum,267637,Karnataka,Mysore,B30,26-35,Male,20.3,Cheque,Verified
INV000738,2024-11-01,119093,sip,9334,Punjab,Amritsar,B30,26-35,Male,12.1,Mandate,Verified
INV004239,2024-11-01,118636,sip,4590,Karnataka,Bangalore,T30,18-25,Female,6.3,Mandate,Verified
INV000999,2024-11-01,118634,sip,42183,Telangana,Hyderabad,T30,26-35,Male,15.6,UPI,Verified
INV001366,2024-11-01,100016,sip,503,Maharashtra,Pune,T30,26-35,Female,13.6,Net Banking,Verified
INV001487,2024-11-01,100016,sip,28806,Telangana,Hyderabad,T30,36-45,Male,59.8,UPI,Verified
INV002613,2024-11-01,100033,sip,3236,Karnataka,Bangalore,T30,46-55,Female,44.3,Cheque,Verified
INV003513,2024-11-01,149324,sip,5882,West Bengal,Kolkata,T30,36-45,Male,57.3,Net Banking,Verified
INV001599,2024-11-01,120504,sip,2980,Haryana,Faridabad,B30,36-45,Female,31.0,Cheque,Verified
INV001320,2024-11-01,100025,lumpsum,321057,Punjab,Amritsar,B30,36-45,Male,31.8,UPI,Verified
INV000894,2024-11-01,120844,lumpsum,158919,Tamil Nadu,Coimbatore,B30,36-45,Female,32.0,Net Banking,Verified
INV004741,2024-11-01,118633,sip,8259,Telangana,Hyderabad,T30,26-35,Female,24.9,UPI,Pending
INV000092,2024-11-01,120843,sip,533,Haryana,Gurugram,T30,18-25,Female,3.7,Mandate,Pending
INV001744,2024-11-01,149324,lumpsum,553706,Karnataka,Mysore,B30,26-35,Male,15.9,Net Banking,Verified
INV002982,2024-11-01,149322,sip,2619,Gujarat,Surat,T30,36-45,Male,22.1,Mandate,Verified
INV000851,2024-11-01,102885,sip,1633,Tamil Nadu,Chennai,T30,36-45,Male,39.2,Mandate,Verified
INV001202,2024-11-01,102885,sip,7085,Karnataka,Bangalore,T30,26-35,Male,11.3,UPI,Pending
INV004669,2024-11-01,118634,sip,25311,Punjab,Chandigarh,T30,26-35,Male,8.6,UPI,Verified
INV000929,2024-11-01,120506,sip,8404,West Bengal,Kolkata,T30,36-45,Female,27.7,Mandate,Verified
INV004045,2024-11-01,120506,sip,1195,Madhya Pradesh,Indore,T30,18-25,Male,4.2,UPI,Verified
INV002458,2024-11-01,149322,lumpsum,378661,West Bengal,Kolkata,T30,18-25,Male,7.1,Net Banking,Verified
INV004216,2024-11-01,119094,sip,14366,Karnataka,Bangalore,T30,26-35,Male,8.3,Mandate,Verified
INV004939,2024-11-01,149324,lumpsum,180774,Punjab,Amritsar,B30,18-25,Male,4.7,Net Banking,Pending
INV004520,2024-11-01,120505,redemption,399389,Uttar Pradesh,Lucknow,T30,26-35,Female,15.7,UPI,Verified
INV002227,2024-11-01,120841,sip,2754,Uttar Pradesh,Lucknow,T30,26-35,Female,12.5,Cheque,Verified
INV003598,2024-11-01,119093,lumpsum,133565,Delhi,Gurugram,T30,26-35,Female,12.7,Cheque,Pending
INV003140,2024-11-01,119093,sip,14981,West Bengal,Kolkata,T30,26-35,Male,16.9,Cheque,Verified
INV004188,2024-11-01,101208,sip,1121,Tamil Nadu,Chennai,T30,26-35,Male,7.4,Cheque,Verified
INV001137,2024-11-01,100025,sip,504,West Bengal,Kolkata,T30,56+,Female,55.8,UPI,Verified
INV003562,2024-11-01,118636,sip,2991,West Bengal,Kolkata,T30,26-35,Female,11.8,Mandate,Verified
INV001017,2024-11-01,119092,sip,3211,West Bengal,Kolkata,T30,26-35,Female,19.0,UPI,Verified
INV003483,2024-11-01,149322,sip,840,Rajasthan,Udaipur,B30,46-55,Male,81.5,Mandate,Verified
INV001384,2024-11-02,102885,lumpsum,210336,Maharashtra,Mumbai,T30,26-35,Female,16.0,Net Banking,Verified
INV002466,2024-11-02,100016,redemption,240615,Madhya Pradesh,Indore,T30,36-45,Male,36.9,UPI,Verified
INV000381,2024-11-02,101207,sip,5501,Telangana,Hyderabad,T30,36-45,Female,41.2,Mandate,Pending
INV004900,2024-11-02,120507,sip,3447,Delhi,Noida,T30,36-45,Male,32.1,Cheque,Verified
INV002982,2024-11-02,119093,sip,5947,Gujarat,Surat,T30,36-45,Male,22.1,UPI,Verified
INV000683,2024-11-02,119552,sip,522,Maharashtra,Mumbai,T30,26-35,Female,17.4,UPI,Verified
INV001888,2024-11-02,118632,lumpsum,539459,Delhi,New Delhi,T30,18-25,Female,6.4,UPI,Verified
INV002121,2024-11-02,118636,lumpsum,8235,Madhya Pradesh,Bhopal,B30,18-25,Female,3.5,UPI,Verified
INV004226,2024-11-02,149324,sip,26251,Punjab,Chandigarh,T30,18-25,Male,3.9,UPI,Verified
INV001289,2024-11-02,101206,sip,8774,Telangana,Hyderabad,T30,36-45,Male,31.3,Mandate,Verified
INV004073,2024-11-02,149324,lumpsum,222867,Gujarat,Surat,T30,46-55,Female,32.6,UPI,Verified
INV000408,2024-11-02,120503,sip,1161,Punjab,Amritsar,B30,56+,Male,62.3,Net Banking,Verified
INV003024,2024-11-02,120507,sip,11653,Maharashtra,Pune,T30,36-45,Female,43.1,Cheque,Verified
INV000066,2024-11-02,101206,lumpsum,74742,Haryana,Faridabad,B30,56+,Male,64.2,Mandate,Verified
INV001683,2024-11-02,101206,sip,9129,Haryana,Gurugram,T30,26-35,Male,8.7,Cheque,Verified
INV002624,2024-11-02,148569,sip,8868,West Bengal,Kolkata,T30,26-35,Male,8.7,Mandate,Verified
INV001024,2024-11-02,119094,lumpsum,372302,Uttar Pradesh,Agra,B30,18-25,Female,6.7,Net Banking,Verified
INV002868,2024-11-02,100025,sip,1155,Gujarat,Ahmedabad,T30,26-35,Female,24.7,UPI,Verified
INV003781,2024-11-02,120844,sip,6500,Tamil Nadu,Coimbatore,B30,26-35,Male,15.8,Net Banking,Verified
INV001753,2024-11-02,118636,sip,17727,Rajasthan,Jaipur,T30,26-35,Male,10.0,Net Banking,Verified
INV002829,2024-11-02,101208,sip,3520,West Bengal,Kolkata,T30,26-35,Male,6.1,Cheque,Verified
INV000526,2024-11-02,119599,lumpsum,351135,Tamil Nadu,Coimbatore,B30,26-35,Female,16.5,UPI,Verified
INV004780,2024-11-02,120844,sip,12225,Haryana,Gurugram,T30,36-45,Male,42.4,Mandate,Verified
INV001978,2024-11-02,120505,sip,14750,Telangana,Hyderabad,T30,36-45,Male,15.5,Net Banking,Verified
INV000414,2024-11-02,102885,lumpsum,263555,Tamil Nadu,Chennai,T30,36-45,Male,21.9,Net Banking,Verified
INV002864,2024-11-02,100033,sip,512,Madhya Pradesh,Bhopal,B30,26-35,Male,6.8,Cheque,Verified
INV003741,2024-11-02,120505,lumpsum,32139,Madhya Pradesh,Bhopal,B30,36-45,Male,30.3,UPI,Verified
INV004006,2024-11-02,102887,redemption,235557,Tamil Nadu,Coimbatore,B30,56+,Male,59.1,Mandate,Verified
INV002845,2024-11-02,118632,lumpsum,93782,Gujarat,Surat,T30,26-35,Female,17.5,Net Banking,Verified
INV002158,2024-11-02,120843,redemption,91888,Madhya Pradesh,Indore,T30,26-35,Male,14.5,Mandate,Verified
INV003190,2024-11-02,118634,sip,8387,Punjab,Chandigarh,T30,26-35,Female,19.6,Mandate,Verified
INV004290,2024-11-02,118635,sip,1831,Gujarat,Ahmedabad,T30,46-55,Male,41.9,Cheque,Verified
INV001626,2024-11-02,118634,redemption,349192,Maharashtra,Mumbai,T30,26-35,Male,16.8,UPI,Verified
INV000026,2024-11-02,120841,sip,27393,West Bengal,Kolkata,T30,36-45,Male,29.5,Mandate,Verified
INV002856,2024-11-02,119094,sip,25959,Telangana,Hyderabad,T30,26-35,Male,13.2,Cheque,Verified
INV002391,2024-11-02,102885,sip,28211,Madhya Pradesh,Bhopal,B30,18-25,Female,7.9,UPI,Verified
INV002877,2024-11-02,120503,lumpsum,354770,Rajasthan,Jaipur,T30,36-45,Male,56.5,Net Banking,Verified
INV002445,2024-11-02,149322,sip,50360,Punjab,Chandigarh,T30,26-35,Male,9.5,Mandate,Verified
INV001740,2024-11-02,119598,lumpsum,234430,Uttar Pradesh,Kanpur,B30,36-45,Female,53.9,Net Banking,Verified
INV000942,2024-11-02,119598,lumpsum,238264,Haryana,Faridabad,B30,56+,Male,70.2,Cheque,Verified
INV001532,2024-11-02,119094,sip,511,Madhya Pradesh,Bhopal,B30,36-45,Female,39.5,Mandate,Verified
INV002512,2024-11-02,100033,redemption,279465,Rajasthan,Jaipur,T30,46-55,Male,74.6,Cheque,Verified
INV001008,2024-11-02,149323,sip,5735,Rajasthan,Udaipur,B30,46-55,Male,85.8,Net Banking,Verified
INV003457,2024-11-02,100025,sip,8224,Karnataka,Bangalore,T30,36-45,Male,48.6,Net Banking,Verified
INV003638,2024-11-02,119599,lumpsum,179484,West Bengal,Kolkata,T30,56+,Male,27.1,Cheque,Verified
INV001527,2024-11-02,120505,redemption,306243,Delhi,Gurugram,T30,26-35,Male,23.4,Mandate,Verified
INV001369,2024-11-02,148569,redemption,69249,Gujarat,Ahmedabad,T30,46-55,Male,83.8,Mandate,Verified
INV000092,2024-11-02,149322,sip,418,Haryana,Gurugram,T30,18-25,Female,3.7,Mandate,Verified
INV001131,2024-11-02,119551,sip,828,Tamil Nadu,Coimbatore,B30,36-45,Female,32.0,UPI,Verified
INV001428,2024-11-02,102886,lumpsum,278336,Delhi,New Delhi,T30,26-35,Male,17.8,Cheque,Verified
INV004190,2024-11-02,119094,sip,23930,Gujarat,Surat,T30,46-55,Male,38.9,Net Banking,Verified
INV003336,2024-11-02,149323,sip,10418,Punjab,Amritsar,B30,46-55,Female,45.8,Net Banking,Verified
INV000009,2024-11-02,148567,sip,11780,Haryana,Gurugram,T30,26-35,Male,17.1,Cheque,Verified
INV004279,2024-11-02,119095,sip,8191,Gujarat,Ahmedabad,T30,36-45,Male,35.7,Cheque,Verified
INV003794,2024-11-02,119092,redemption,52731,Gujarat,Ahmedabad,T30,26-35,Male,22.1,UPI,Verified
INV003536,2024-11-02,119092,lumpsum,435256,Maharashtra,Nashik,B30,36-45,Male,36.9,Mandate,Verified
INV000772,2024-11-02,100016,lumpsum,168560,Karnataka,Bangalore,T30,56+,Female,16.1,Mandate,Verified
INV002861,2024-11-02,119551,lumpsum,7673,Punjab,Amritsar,B30,56+,Female,79.7,UPI,Verified
INV004267,2024-11-03,120842,sip,8677,Gujarat,Surat,T30,46-55,Male,99.7,UPI,Verified
INV001796,2024-11-03,119095,sip,4898,Telangana,Hyderabad,T30,18-25,Male,6.7,Mandate,Verified
INV002176,2024-11-03,120507,sip,2219,Haryana,Faridabad,B30,56+,Male,32.0,Net Banking,Verified
INV002592,2024-11-03,102885,redemption,247693,Madhya Pradesh,Bhopal,B30,26-35,Female,15.7,UPI,Verified
INV003849,2024-11-03,148567,redemption,370191,Karnataka,Mysore,B30,26-35,Male,7.6,Net Banking,Verified
INV000817,2024-11-03,101206,lumpsum,364640,Karnataka,Bangalore,T30,26-35,Female,22.2,UPI,Verified
INV000741,2024-11-03,120505,sip,26489,Rajasthan,Udaipur,B30,26-35,Male,17.4,Cheque,Pending
INV001183,2024-11-03,101207,sip,1633,West Bengal,Kolkata,T30,46-55,Male,79.9,Net Banking,Verified
INV002124,2024-11-03,119095,sip,473,Tamil Nadu,Coimbatore,B30,18-25,Male,5.0,Net Banking,Verified
INV002128,2024-11-03,149323,lumpsum,282418,Rajasthan,Udaipur,B30,26-35,Female,21.6,Mandate,Pending
INV000711,2024-11-03,120843,lumpsum,187022,Karnataka,Bangalore,T30,56+,Male,28.3,Mandate,Verified
INV004923,2024-11-03,119551,sip,4611,Karnataka,Mysore,B30,26-35,Male,19.3,Mandate,Verified
INV004933,2024-11-03,120504,sip,2494,Karnataka,Bangalore,T30,46-55,Female,65.3,Cheque,Verified
INV000109,2024-11-03,101207,sip,430,Karnataka,Bangalore,T30,26-35,Female,15.0,Cheque,Verified
INV003935,2024-11-03,120507,lumpsum,394308,Rajasthan,Udaipur,B30,26-35,Male,7.6,UPI,Verified
INV002546,2024-11-03,100033,lumpsum,222122,Gujarat,Surat,T30,26-35,Male,19.3,Mandate,Verified
INV000459,2024-11-03,125497,sip,28605,West Bengal,Kolkata,T30,26-35,Female,21.5,UPI,Verified
INV003007,2024-11-03,119552,sip,833,Haryana,Faridabad,B30,26-35,Male,21.8,UPI,Verified
INV003343,2024-11-03,148567,redemption,352826,Telangana,Hyderabad,T30,36-45,Male,26.0,Mandate,Verified
INV000803,2024-11-03,120505,sip,1124,Karnataka,Mysore,B30,26-35,Female,20.6,Mandate,Verified
INV004580,2024-11-03,100016,sip,5856,Rajasthan,Jaipur,T30,18-25,Male,6.2,UPI,Verified
INV000390,2024-11-03,101208,sip,49312,Karnataka,Bangalore,T30,26-35,Male,24.9,UPI,Pending
INV000793,2024-11-03,120842,lumpsum,198243,West Bengal,Kolkata,T30,26-35,Female,8.4,Net Banking,Verified
INV003740,2024-11-03,149324,redemption,126781,Karnataka,Bangalore,T30,56+,Female,16.2,UPI,Verified
INV000030,2024-11-03,100025,redemption,247233,Delhi,Noida,T30,18-25,Female,5.1,Mandate,Verified
INV002708,2024-11-03,100025,sip,9914,Karnataka,Mysore,B30,26-35,Male,14.0,Cheque,Verified
INV000901,2024-11-03,120507,sip,6705,Delhi,Gurugram,T30,46-55,Female,67.4,Mandate,Verified
INV000939,2024-11-03,118635,sip,571,Karnataka,Bangalore,T30,26-35,Male,19.6,Cheque,Verified
INV003631,2024-11-03,100033,redemption,129678,Rajasthan,Jaipur,T30,36-45,Male,26.3,Net Banking,Verified
INV002282,2024-11-03,120503,lumpsum,150383,West Bengal,Kolkata,T30,36-45,Male,53.7,Cheque,Verified
INV001295,2024-11-03,120842,lumpsum,30114,Madhya Pradesh,Indore,T30,36-45,Male,30.8,UPI,Verified
INV001259,2024-11-03,102887,redemption,360233,Telangana,Hyderabad,T30,26-35,Female,10.6,Net Banking,Verified
INV002429,2024-11-03,118633,redemption,287960,Rajasthan,Udaipur,B30,26-35,Male,11.2,Net Banking,Verified
INV001687,2024-11-03,102885,lumpsum,189253,West Bengal,Kolkata,T30,26-35,Male,7.6,Net Banking,Verified
INV002813,2024-11-03,120507,sip,2021,Punjab,Chandigarh,T30,26-35,Male,13.5,UPI,Verified
INV002103,2024-11-03,102887,lumpsum,124343,Maharashtra,Nashik,B30,26-35,Male,24.1,Mandate,Verified
INV003083,2024-11-03,120842,sip,8098,Madhya Pradesh,Bhopal,B30,56+,Female,41.3,Mandate,Verified
INV001485,2024-11-03,125498,sip,2483,Rajasthan,Jaipur,T30,56+,Female,24.4,Cheque,Verified
INV002381,2024-11-03,119598,lumpsum,426867,Karnataka,Mysore,B30,36-45,Male,23.1,Cheque,Verified
INV002840,2024-11-03,148568,sip,1872,Gujarat,Surat,T30,26-35,Female,12.0,Mandate,Verified
INV000232,2024-11-03,118636,lumpsum,274112,Uttar Pradesh,Agra,B30,26-35,Male,15.7,Net Banking,Pending
INV002928,2024-11-03,100025,sip,46450,Tamil Nadu,Coimbatore,B30,26-35,Male,9.4,Cheque,Verified
INV003118,2024-11-03,120843,lumpsum,277467,Uttar Pradesh,Lucknow,T30,26-35,Male,6.8,Cheque,Verified
INV002446,2024-11-03,119095,lumpsum,330980,Tamil Nadu,Coimbatore,B30,26-35,Male,12.9,Cheque,Pending
INV000546,2024-11-03,119552,sip,41112,Karnataka,Mysore,B30,26-35,Male,9.5,Cheque,Verified
INV004454,2024-11-03,118636,lumpsum,503978,West Bengal,Kolkata,T30,36-45,Male,37.4,Net Banking,Verified
INV001623,2024-11-03,100033,lumpsum,235884,Gujarat,Surat,T30,26-35,Female,17.3,Cheque,Verified
INV001674,2024-11-03,120505,sip,5689,Delhi,Noida,T30,26-35,Male,12.0,UPI,Verified
INV000602,2024-11-03,118632,lumpsum,218592,West Bengal,Kolkata,T30,18-25,Male,8.0,Mandate,Verified
INV000276,2024-11-03,119552,sip,2793,Telangana,Hyderabad,T30,36-45,Female,38.3,Cheque,Pending
INV003243,2024-11-03,119552,lumpsum,147659,Rajasthan,Jaipur,T30,18-25,Female,4.0,Cheque,Verified
INV004747,2024-11-03,120842,sip,8656,Punjab,Amritsar,B30,36-45,Male,23.4,Cheque,Verified
INV002807,2024-11-03,120503,sip,2790,Madhya Pradesh,Indore,T30,46-55,Male,26.7,Cheque,Pending
INV003201,2024-11-03,148568,sip,2337,Rajasthan,Jaipur,T30,36-45,Female,12.2,Net Banking,Verified
INV003235,2024-11-03,118632,lumpsum,88617,Haryana,Faridabad,B30,56+,Male,19.0,Net Banking,Verified
INV004814,2024-11-03,100033,sip,2169,Karnataka,Bangalore,T30,18-25,Female,7.8,Net Banking,Verified
INV000595,2024-11-03,100033,sip,6357,Gujarat,Surat,T30,18-25,Male,7.6,Cheque,Verified
INV002482,2024-11-03,119093,redemption,545280,Madhya Pradesh,Indore,T30,26-35,Male,12.8,Cheque,Verified
INV001696,2024-11-03,118632,sip,7279,West Bengal,Kolkata,T30,56+,Female,55.8,Net Banking,Verified
INV004680,2024-11-03,101206,sip,5871,Punjab,Chandigarh,T30,36-45,Male,26.8,UPI,Verified
INV001185,2024-11-03,118633,lumpsum,578807,Haryana,Faridabad,B30,26-35,Female,22.5,Net Banking,Verified
INV003625,2024-11-03,120842,sip,2484,Telangana,Hyderabad,T30,26-35,Female,22.0,Mandate,Verified
INV000255,2024-11-03,120841,sip,9481,Haryana,Gurugram,T30,26-35,Female,19.9,Cheque,Verified
INV004446,2024-11-03,118634,sip,8516,West Bengal,Kolkata,T30,26-35,Male,14.8,Cheque,Verified
INV000154,2024-11-03,119552,lumpsum,261520,Haryana,Faridabad,B30,36-45,Male,51.3,Net Banking,Verified
INV004671,2024-11-03,120507,redemption,81282,Rajasthan,Udaipur,B30,36-45,Male,57.0,Net Banking,Verified
INV001411,2024-11-03,148567,redemption,51860,Delhi,Gurugram,T30,26-35,Female,7.1,Mandate,Verified
INV001398,2024-11-03,119551,redemption,60263,Madhya Pradesh,Indore,T30,26-35,Female,18.4,Cheque,Verified
INV002045,2024-11-03,120503,redemption,7143,Rajasthan,Jaipur,T30,18-25,Female,3.8,Cheque,Verified
INV003105,2024-11-03,101208,sip,496,Rajasthan,Jaipur,T30,18-25,Female,6.0,Mandate,Verified
INV000542,2024-11-03,101208,redemption,294485,Haryana,Faridabad,B30,36-45,Male,20.3,UPI,Verified
INV001608,2024-11-03,125497,lumpsum,417937,Delhi,Gurugram,T30,26-35,Male,13.1,UPI,Verified
INV003105,2024-11-03,120505,redemption,88244,Rajasthan,Jaipur,T30,18-25,Female,6.0,Mandate,Verified
INV003152,2024-11-03,119120,lumpsum,6347,Telangana,Hyderabad,T30,26-35,Male,6.2,UPI,Verified
INV004780,2024-11-04,148569,redemption,67579,Haryana,Gurugram,T30,36-45,Male,42.4,UPI,Verified
INV003043,2024-11-04,118635,lumpsum,528323,Karnataka,Bangalore,T30,26-35,Male,21.2,Net Banking,Verified
INV003583,2024-11-04,120844,sip,3097,Maharashtra,Nashik,B30,18-25,Male,4.9,Cheque,Verified
INV001458,2024-11-04,118634,sip,8888,Tamil Nadu,Coimbatore,B30,46-55,Male,34.9,Mandate,Verified
INV001077,2024-11-04,120505,sip,17636,Uttar Pradesh,Lucknow,T30,26-35,Male,6.4,Cheque,Verified
INV001060,2024-11-04,120504,sip,3449,Telangana,Hyderabad,T30,36-45,Male,29.0,Cheque,Verified
INV004634,2024-11-04,149323,sip,25095,Tamil Nadu,Chennai,T30,26-35,Male,15.1,Net Banking,Verified
INV003236,2024-11-04,100033,sip,1695,Madhya Pradesh,Bhopal,B30,18-25,Male,3.4,UPI,Verified
INV001244,2024-11-04,118633,redemption,176737,Uttar Pradesh,Agra,B30,26-35,Male,20.0,Net Banking,Verified
INV002939,2024-11-04,120844,redemption,29693,Rajasthan,Udaipur,B30,18-25,Male,3.1,UPI,Verified
INV004326,2024-11-04,100016,sip,40770,Delhi,Gurugram,T30,26-35,Male,7.5,Cheque,Verified
INV000069,2024-11-04,120841,sip,52312,Gujarat,Ahmedabad,T30,56+,Female,35.9,Cheque,Verified
INV002407,2024-11-04,102885,lumpsum,313838,West Bengal,Kolkata,T30,36-45,Male,35.9,Net Banking,Verified
INV002945,2024-11-04,101208,sip,937,Maharashtra,Nashik,B30,26-35,Male,15.6,UPI,Verified
INV000529,2024-11-04,149322,lumpsum,415975,Maharashtra,Mumbai,T30,18-25,Male,4.7,Cheque,Verified
INV002409,2024-11-04,125498,lumpsum,43007,Punjab,Amritsar,B30,18-25,Female,4.9,Mandate,Verified
INV000400,2024-11-04,118635,sip,2023,Punjab,Chandigarh,T30,26-35,Male,22.1,UPI,Verified
INV004330,2024-11-04,120842,lumpsum,31199,Haryana,Faridabad,B30,46-55,Female,92.7,UPI,Verified
INV004358,2024-11-04,118636,sip,2117,Tamil Nadu,Coimbatore,B30,26-35,Male,6.5,Mandate,Verified
INV003343,2024-11-04,100025,sip,11368,Telangana,Hyderabad,T30,36-45,Male,26.0,Cheque,Verified
INV003048,2024-11-04,120506,sip,2810,Rajasthan,Jaipur,T30,26-35,Female,20.6,Net Banking,Verified
INV001376,2024-11-04,120507,sip,561,Gujarat,Surat,T30,26-35,Male,15.8,Cheque,Verified
INV000235,2024-11-04,125497,sip,2621,Delhi,New Delhi,T30,26-35,Male,8.5,Mandate,Verified
INV003986,2024-11-04,119599,sip,820,Telangana,Hyderabad,T30,36-45,Male,44.2,UPI,Verified
INV002550,2024-11-04,149324,sip,406,Tamil Nadu,Coimbatore,B30,26-35,Female,15.3,Mandate,Verified
INV000980,2024-11-04,119095,sip,59650,West Bengal,Kolkata,T30,18-25,Female,7.3,Net Banking,Verified
INV004672,2024-11-04,100033,lumpsum,79550,Rajasthan,Jaipur,T30,26-35,Male,23.9,Cheque,Verified
INV000312,2024-11-04,120506,sip,43576,Gujarat,Ahmedabad,T30,18-25,Male,7.1,UPI,Verified
INV002747,2024-11-04,119094,sip,9408,Haryana,Faridabad,B30,46-55,Male,34.0,Mandate,Pending
INV002341,2024-11-04,120503,sip,2383,West Bengal,Kolkata,T30,36-45,Female,50.8,UPI,Verified
INV002747,2024-11-04,119599,sip,11915,Haryana,Faridabad,B30,46-55,Male,34.0,Cheque,Verified
INV002452,2024-11-04,102887,sip,915,Uttar Pradesh,Kanpur,B30,18-25,Male,5.1,Net Banking,Pending
INV001123,2024-11-04,100016,sip,2386,Uttar Pradesh,Lucknow,T30,26-35,Male,23.9,Net Banking,Verified
INV004281,2024-11-04,100033,sip,2655,Rajasthan,Jaipur,T30,26-35,Female,15.9,Cheque,Verified
INV001397,2024-11-04,118635,lumpsum,219354,Delhi,New Delhi,T30,26-35,Male,20.8,Mandate,Verified
INV004473,2024-11-04,148567,sip,2697,Karnataka,Mysore,B30,18-25,Male,5.6,Mandate,Verified
INV004473,2024-11-04,100033,lumpsum,296847,Karnataka,Mysore,B30,18-25,Male,5.6,Net Banking,Verified
INV003443,2024-11-04,149323,sip,6625,Madhya Pradesh,Bhopal,B30,26-35,Male,16.6,Mandate,Verified
INV004024,2024-11-04,119092,lumpsum,499373,Telangana,Hyderabad,T30,36-45,Male,23.1,UPI,Verified
INV000431,2024-11-04,119551,sip,6221,Madhya Pradesh,Bhopal,B30,18-25,Female,4.6,UPI,Verified
INV002122,2024-11-04,149324,sip,21516,Gujarat,Ahmedabad,T30,46-55,Male,46.3,Cheque,Verified
INV001571,2024-11-04,102885,sip,2225,Rajasthan,Udaipur,B30,46-55,Female,52.0,Mandate,Verified
INV000001,2024-11-04,120505,sip,44856,Haryana,Gurugram,T30,36-45,Male,19.9,UPI,Verified
INV001883,2024-11-04,102886,sip,880,Maharashtra,Pune,T30,46-55,Male,69.3,Net Banking,Verified
INV002109,2024-11-04,118633,sip,2193,Tamil Nadu,Coimbatore,B30,26-35,Male,14.4,Cheque,Verified
INV001912,2024-11-04,148569,sip,4103,Haryana,Gurugram,T30,26-35,Male,10.4,UPI,Verified
INV002674,2024-11-04,148569,lumpsum,61845,Karnataka,Mysore,B30,26-35,Female,7.4,Net Banking,Pending
INV002700,2024-11-04,125498,sip,14910,Tamil Nadu,Coimbatore,B30,26-35,Male,8.1,Cheque,Verified
INV000512,2024-11-04,102885,sip,2204,Punjab,Amritsar,B30,46-55,Male,82.6,UPI,Verified
INV001048,2024-11-04,120842,sip,966,Delhi,New Delhi,T30,46-55,Male,46.6,UPI,Verified
INV003972,2024-11-04,119092,redemption,441367,Uttar Pradesh,Agra,B30,26-35,Male,10.2,UPI,Pending
INV003651,2024-11-04,119094,sip,24126,Gujarat,Surat,T30,26-35,Male,14.6,Cheque,Verified
INV000103,2024-11-04,149324,redemption,377424,Punjab,Chandigarh,T30,26-35,Female,18.2,Mandate,Verified
INV003370,2024-11-04,149324,redemption,306079,Karnataka,Mysore,B30,56+,Female,54.8,Net Banking,Pending
INV003926,2024-11-05,118635,sip,952,West Bengal,Kolkata,T30,46-55,Male,92.8,UPI,Verified
INV002851,2024-11-05,102886,redemption,146402,Tamil Nadu,Coimbatore,B30,26-35,Male,16.0,UPI,Verified
INV003842,2024-11-05,148569,sip,3352,Maharashtra,Pune,T30,36-45,Male,34.3,Net Banking,Verified
INV000220,2024-11-05,120507,sip,2044,Uttar Pradesh,Lucknow,T30,36-45,Male,48.1,Cheque,Verified
INV002195,2024-11-05,101208,sip,8641,Telangana,Hyderabad,T30,26-35,Male,24.5,Mandate,Verified
INV004166,2024-11-05,119598,sip,9391,Telangana,Hyderabad,T30,26-35,Male,6.1,Mandate,Verified
INV002090,2024-11-05,118636,lumpsum,299053,Maharashtra,Mumbai,T30,26-35,Male,23.7,Mandate,Verified
INV001269,2024-11-05,148567,redemption,571193,Maharashtra,Mumbai,T30,26-35,Male,14.4,Cheque,Verified
INV000854,2024-11-05,100016,sip,5004,Karnataka,Bangalore,T30,46-55,Female,79.7,Mandate,Verified
INV000930,2024-11-05,119120,sip,11157,Rajasthan,Udaipur,B30,18-25,Female,4.1,UPI,Verified
INV002041,2024-11-05,100016,lumpsum,318643,Madhya Pradesh,Indore,T30,26-35,Male,21.9,Net Banking,Verified
INV004447,2024-11-05,100016,sip,57266,West Bengal,Kolkata,T30,36-45,Female,53.4,Net Banking,Verified
INV000595,2024-11-05,101207,sip,2606,Gujarat,Surat,T30,18-25,Male,7.6,Cheque,Verified
INV001330,2024-11-05,101207,lumpsum,288777,Delhi,Gurugram,T30,46-55,Male,76.9,UPI,Verified
INV002397,2024-11-05,148567,sip,913,Tamil Nadu,Coimbatore,B30,26-35,Male,20.2,Cheque,Verified
INV004452,2024-11-05,120503,sip,8274,Rajasthan,Udaipur,B30,26-35,Male,17.6,Mandate,Verified
INV004468,2024-11-05,101207,sip,1962,Telangana,Hyderabad,T30,46-55,Female,20.8,UPI,Verified
INV002636,2024-11-05,148569,sip,880,West Bengal,Kolkata,T30,56+,Female,21.0,Mandate,Verified
INV003649,2024-11-05,120841,sip,7979,Haryana,Gurugram,T30,46-55,Female,79.9,UPI,Verified
INV000029,2024-11-05,118632,sip,3544,Rajasthan,Udaipur,B30,26-35,Female,7.6,UPI,Verified
INV002274,2024-11-05,119120,sip,2733,Tamil Nadu,Coimbatore,B30,18-25,Female,6.9,Cheque,Verified
INV003854,2024-11-05,119551,redemption,80360,Maharashtra,Pune,T30,26-35,Male,16.5,Cheque,Verified
INV002830,2024-11-05,119599,sip,1193,Karnataka,Mysore,B30,56+,Male,72.2,Mandate,Verified
INV002008,2024-11-05,119120,lumpsum,274392,Haryana,Gurugram,T30,46-55,Male,83.3,Mandate,Verified
INV003491,2024-11-05,120844,lumpsum,169298,Delhi,Noida,T30,46-55,Male,92.5,Net Banking,Verified
INV000418,2024-11-05,100016,lumpsum,153167,Rajasthan,Jaipur,T30,26-35,Female,13.6,UPI,Verified
INV001168,2024-11-05,118636,sip,10265,West Bengal,Kolkata,T30,46-55,Male,50.9,Net Banking,Verified
INV001337,2024-11-05,149324,sip,40188,Tamil Nadu,Chennai,T30,26-35,Male,10.0,Mandate,Verified
INV003755,2024-11-05,125498,sip,5110,Punjab,Chandigarh,T30,46-55,Male,42.7,UPI,Pending
INV002591,2024-11-05,120843,sip,816,Gujarat,Ahmedabad,T30,18-25,Male,3.7,Mandate,Verified
INV000890,2024-11-05,119092,sip,2018,Karnataka,Bangalore,T30,26-35,Male,13.5,Cheque,Verified
INV002332,2024-11-05,119095,sip,8298,Punjab,Chandigarh,T30,26-35,Female,13.4,Cheque,Verified
INV000279,2024-11-05,101208,sip,1171,Gujarat,Ahmedabad,T30,26-35,Male,12.4,Net Banking,Verified
INV000222,2024-11-05,119092,sip,935,Maharashtra,Mumbai,T30,36-45,Male,46.7,Cheque,Verified
INV001993,2024-11-05,119093,sip,8216,Uttar Pradesh,Agra,B30,36-45,Female,44.2,Net Banking,Verified
INV003506,2024-11-05,118633,sip,8668,Tamil Nadu,Chennai,T30,56+,Female,55.5,UPI,Verified
INV000129,2024-11-05,120844,lumpsum,392610,Punjab,Amritsar,B30,26-35,Female,21.4,UPI,Verified
INV004214,2024-11-05,148569,sip,3071,Haryana,Faridabad,B30,26-35,Female,19.8,Net Banking,Verified
INV001894,2024-11-05,100025,redemption,64076,Delhi,New Delhi,T30,26-35,Male,21.1,Cheque,Verified
INV003731,2024-11-05,118636,sip,5700,Tamil Nadu,Coimbatore,B30,26-35,Female,9.9,UPI,Verified
INV000518,2024-11-05,102886,sip,2946,Uttar Pradesh,Agra,B30,26-35,Male,11.9,Net Banking,Verified
INV004370,2024-11-05,119551,lumpsum,411133,Rajasthan,Jaipur,T30,18-25,Male,5.7,Cheque,Verified
INV001320,2024-11-05,125498,lumpsum,258245,Punjab,Amritsar,B30,36-45,Male,31.8,UPI,Verified
INV000848,2024-11-05,119094,sip,1948,Tamil Nadu,Chennai,T30,26-35,Male,20.4,UPI,Verified
INV000094,2024-11-05,100016,sip,2371,West Bengal,Kolkata,T30,18-25,Male,3.7,Net Banking,Verified
INV003074,2024-11-05,120842,sip,2963,Haryana,Faridabad,B30,26-35,Male,8.3,Cheque,Verified
INV000372,2024-11-05,102886,sip,28019,Gujarat,Surat,T30,36-45,Male,12.4,UPI,Verified
INV004902,2024-11-05,148568,redemption,215753,Rajasthan,Jaipur,T30,18-25,Female,6.1,Net Banking,Verified
INV000360,2024-11-05,119120,sip,2993,Maharashtra,Mumbai,T30,36-45,Female,55.3,Net Banking,Verified
INV000645,2024-11-05,118636,redemption,69565,Karnataka,Bangalore,T30,18-25,Male,3.9,Mandate,Verified
INV002770,2024-11-05,125498,lumpsum,498312,West Bengal,Kolkata,T30,36-45,Female,21.5,Cheque,Verified
INV002489,2024-11-05,120506,sip,1124,Haryana,Faridabad,B30,56+,Female,52.2,Cheque,Verified
INV001616,2024-11-05,125498,lumpsum,34261,Tamil Nadu,Chennai,T30,26-35,Male,23.2,Cheque,Verified
INV004224,2024-11-05,100025,sip,55569,Haryana,Faridabad,B30,56+,Male,34.4,Cheque,Verified
INV001840,2024-11-05,100033,redemption,523138,Uttar Pradesh,Agra,B30,18-25,Male,5.6,Net Banking,Verified
INV000109,2024-11-05,119092,sip,8168,Karnataka,Bangalore,T30,26-35,Female,15.0,Mandate,Verified
INV001914,2024-11-05,100025,lumpsum,274492,Delhi,Gurugram,T30,56+,Male,61.9,Net Banking,Verified
INV002258,2024-11-05,119552,redemption,328200,Madhya Pradesh,Bhopal,B30,36-45,Male,33.7,Net Banking,Verified
INV002110,2024-11-06,102886,sip,9919,Haryana,Faridabad,B30,26-35,Female,20.8,Net Banking,Verified
INV002622,2024-11-06,149324,lumpsum,92542,Karnataka,Mysore,B30,18-25,Female,4.0,Net Banking,Verified
INV002353,2024-11-06,120842,redemption,301759,West Bengal,Kolkata,T30,46-55,Male,40.5,Net Banking,Verified
INV001972,2024-11-06,125497,sip,8433,Uttar Pradesh,Kanpur,B30,18-25,Male,4.6,Net Banking,Verified
INV002555,2024-11-06,101207,sip,53527,Gujarat,Ahmedabad,T30,36-45,Male,24.5,Mandate,Verified
INV004650,2024-11-06,120841,redemption,28962,Punjab,Chandigarh,T30,56+,Male,28.2,Cheque,Verified
INV004349,2024-11-06,120506,sip,42775,Haryana,Gurugram,T30,26-35,Female,9.3,Mandate,Verified
INV002211,2024-11-06,100025,sip,44467,Gujarat,Surat,T30,26-35,Male,11.3,UPI,Verified
INV004689,2024-11-06,100025,lumpsum,397656,West Bengal,Kolkata,T30,26-35,Male,25.0,Cheque,Verified
INV001897,2024-11-06,100025,sip,970,Maharashtra,Mumbai,T30,26-35,Male,8.6,Mandate,Verified
INV002298,2024-11-06,119598,sip,3442,Maharashtra,Nashik,B30,56+,Male,45.3,Net Banking,Verified
INV001400,2024-11-06,119095,lumpsum,531801,Tamil Nadu,Coimbatore,B30,36-45,Male,36.5,UPI,Verified
INV001234,2024-11-06,120504,sip,6680,Uttar Pradesh,Agra,B30,26-35,Male,24.4,UPI,Verified
INV002849,2024-11-06,119551,sip,3499,Madhya Pradesh,Indore,T30,26-35,Male,21.3,UPI,Verified
INV003138,2024-11-06,149323,sip,579,Gujarat,Surat,T30,18-25,Male,3.3,Net Banking,Verified
INV001547,2024-11-06,148568,sip,2063,Tamil Nadu,Coimbatore,B30,36-45,Male,55.7,Net Banking,Verified
INV003625,2024-11-06,119552,sip,2808,Telangana,Hyderabad,T30,26-35,Female,22.0,UPI,Verified
INV001760,2024-11-06,118633,sip,4628,Haryana,Faridabad,B30,46-55,Male,77.0,Cheque,Verified
INV002128,2024-11-06,148568,sip,8285,Rajasthan,Udaipur,B30,26-35,Female,21.6,Net Banking,Verified
INV001800,2024-11-06,102887,sip,2527,Tamil Nadu,Chennai,T30,26-35,Female,12.8,Mandate,Verified
INV004540,2024-11-06,119598,sip,1068,Punjab,Chandigarh,T30,36-45,Male,48.9,Cheque,Verified
INV002167,2024-11-06,119120,lumpsum,356597,Rajasthan,Jaipur,T30,26-35,Female,8.7,Cheque,Verified
INV003766,2024-11-06,102887,lumpsum,394213,West Bengal,Kolkata,T30,36-45,Male,52.3,Net Banking,Verified
INV004650,2024-11-06,118636,sip,2219,Punjab,Chandigarh,T30,56+,Male,28.2,Cheque,Verified
INV001401,2024-11-06,102887,redemption,255027,Tamil Nadu,Coimbatore,B30,26-35,Male,15.6,Cheque,Verified
INV000396,2024-11-06,119598,sip,1122,Rajasthan,Jaipur,T30,46-55,Male,38.5,Cheque,Pending
INV003492,2024-11-06,148568,sip,5244,Gujarat,Ahmedabad,T30,36-45,Male,35.2,Cheque,Verified
INV002563,2024-11-06,118635,sip,915,Madhya Pradesh,Indore,T30,18-25,Female,6.8,Net Banking,Verified
INV001803,2024-11-06,125497,lumpsum,384484,Rajasthan,Udaipur,B30,26-35,Female,20.6,Mandate,Verified
INV004148,2024-11-06,119095,redemption,196290,Madhya Pradesh,Bhopal,B30,18-25,Male,5.1,UPI,Verified
INV002299,2024-11-06,118633,lumpsum,76146,Karnataka,Mysore,B30,36-45,Female,26.8,Net Banking,Verified
INV001951,2024-11-06,120842,sip,8644,Punjab,Chandigarh,T30,26-35,Male,10.6,Net Banking,Pending
INV002409,2024-11-06,120844,redemption,235393,Punjab,Amritsar,B30,18-25,Female,4.9,UPI,Verified
INV000133,2024-11-06,100025,sip,3589,Karnataka,Bangalore,T30,26-35,Female,11.5,Mandate,Verified
INV003342,2024-11-06,120505,sip,21435,Tamil Nadu,Chennai,T30,56+,Male,32.8,Cheque,Verified
INV004802,2024-11-06,149323,redemption,233075,Uttar Pradesh,Kanpur,B30,26-35,Male,20.9,Net Banking,Pending
INV004452,2024-11-06,118633,sip,28022,Rajasthan,Udaipur,B30,26-35,Male,17.6,UPI,Verified
INV002899,2024-11-06,100025,sip,437,Punjab,Amritsar,B30,18-25,Male,7.6,Net Banking,Verified
INV000959,2024-11-06,149322,lumpsum,38583,Haryana,Faridabad,B30,46-55,Male,33.9,Net Banking,Verified
INV001746,2024-11-06,119598,sip,2195,Rajasthan,Udaipur,B30,26-35,Male,11.2,Mandate,Verified
INV002862,2024-11-06,120503,redemption,75323,Telangana,Hyderabad,T30,56+,Male,72.7,Mandate,Pending
INV004877,2024-11-06,149323,sip,4787,Karnataka,Mysore,B30,26-35,Male,18.0,Cheque,Verified
INV001843,2024-11-06,102886,sip,6239,West Bengal,Kolkata,T30,46-55,Male,51.9,Mandate,Verified
INV002142,2024-11-06,101208,sip,16559,Tamil Nadu,Chennai,T30,18-25,Male,3.6,UPI,Pending
INV004042,2024-11-06,119120,lumpsum,397973,Madhya Pradesh,Bhopal,B30,36-45,Male,36.0,Mandate,Verified
INV002901,2024-11-06,101208,redemption,339971,Delhi,Noida,T30,26-35,Male,17.4,Cheque,Verified
INV004871,2024-11-06,100016,sip,21407,Punjab,Chandigarh,T30,26-35,Male,9.2,Mandate,Verified
INV001631,2024-11-06,149324,sip,473,Haryana,Faridabad,B30,36-45,Male,55.9,Cheque,Verified
INV002686,2024-11-06,118634,redemption,404471,Punjab,Chandigarh,T30,18-25,Male,5.7,Net Banking,Verified
INV004534,2024-11-06,120842,sip,3432,Maharashtra,Nashik,B30,26-35,Male,8.8,UPI,Verified
INV001102,2024-11-06,102887,sip,5042,West Bengal,Kolkata,T30,46-55,Male,22.2,Net Banking,Verified
INV001319,2024-11-06,102887,sip,916,Delhi,Gurugram,T30,26-35,Female,20.8,Cheque,Verified
INV001363,2024-11-06,120842,sip,24876,Karnataka,Mysore,B30,56+,Male,29.4,Net Banking,Verified
INV002662,2024-11-06,149324,sip,3081,Tamil Nadu,Coimbatore,B30,26-35,Male,20.5,Cheque,Verified
INV001916,2024-11-06,101206,redemption,405243,Haryana,Gurugram,T30,26-35,Male,11.0,Cheque,Verified
INV004825,2024-11-06,102887,redemption,403713,Delhi,Noida,T30,56+,Male,15.3,UPI,Verified
INV004142,2024-11-06,101207,lumpsum,237371,West Bengal,Kolkata,T30,26-35,Male,12.0,UPI,Verified
INV002417,2024-11-06,118634,sip,3451,Tamil Nadu,Coimbatore,B30,26-35,Male,16.8,Cheque,Verified
INV003642,2024-11-06,148567,sip,57484,Haryana,Faridabad,B30,18-25,Male,3.1,Mandate,Verified
INV002708,2024-11-06,120844,sip,3198,Karnataka,Mysore,B30,26-35,Male,14.0,Cheque,Verified
INV002415,2024-11-06,118636,sip,15261,West Bengal,Kolkata,T30,36-45,Male,13.9,Cheque,Verified
INV002282,2024-11-06,148568,sip,2346,West Bengal,Kolkata,T30,36-45,Male,53.7,UPI,Verified
INV002783,2024-11-06,102887,sip,1141,West Bengal,Kolkata,T30,26-35,Male,7.0,UPI,Verified
INV003724,2024-11-06,149322,sip,539,Punjab,Amritsar,B30,56+,Male,52.5,Mandate,Verified
INV000877,2024-11-06,119551,sip,1023,Telangana,Hyderabad,T30,36-45,Female,15.8,Mandate,Verified
INV001832,2024-11-06,119552,sip,1199,Punjab,Chandigarh,T30,18-25,Male,3.8,Cheque,Verified
INV001415,2024-11-06,120505,sip,943,Haryana,Gurugram,T30,56+,Male,33.1,Net Banking,Verified
INV000372,2024-11-07,101208,sip,24120,Gujarat,Surat,T30,36-45,Male,12.4,UPI,Verified
INV003775,2024-11-07,118633,sip,10688,Maharashtra,Mumbai,T30,56+,Male,12.8,Mandate,Verified
INV000747,2024-11-07,101207,lumpsum,288816,West Bengal,Kolkata,T30,36-45,Female,40.3,UPI,Verified
INV003340,2024-11-07,119552,lumpsum,91537,Madhya Pradesh,Indore,T30,26-35,Male,22.5,Cheque,Verified
INV001041,2024-11-07,119552,redemption,169393,Madhya Pradesh,Bhopal,B30,18-25,Male,5.1,Net Banking,Verified
INV001238,2024-11-07,118632,lumpsum,378103,Haryana,Gurugram,T30,26-35,Male,17.9,UPI,Verified
INV003028,2024-11-07,120843,sip,14050,Tamil Nadu,Chennai,T30,26-35,Female,12.8,Net Banking,Pending
INV000131,2024-11-07,102887,redemption,216022,Telangana,Hyderabad,T30,36-45,Female,16.8,Mandate,Verified
INV004724,2024-11-07,118632,sip,2477,Telangana,Hyderabad,T30,26-35,Male,24.1,Mandate,Verified
INV002308,2024-11-07,149324,lumpsum,461105,Tamil Nadu,Chennai,T30,26-35,Male,19.0,UPI,Verified
INV001640,2024-11-07,148568,sip,5778,Rajasthan,Jaipur,T30,36-45,Female,52.6,UPI,Verified
INV004605,2024-11-07,120506,redemption,144017,Maharashtra,Nashik,B30,36-45,Male,17.8,Net Banking,Verified
INV000567,2024-11-07,148568,sip,10591,Delhi,New Delhi,T30,26-35,Male,9.1,Net Banking,Verified
INV003393,2024-11-07,118633,sip,2852,Delhi,New Delhi,T30,26-35,Male,17.1,Mandate,Verified
INV000766,2024-11-07,119599,redemption,444284,Uttar Pradesh,Agra,B30,46-55,Male,88.1,Net Banking,Verified
INV003901,2024-11-07,120844,sip,7000,Delhi,Gurugram,T30,46-55,Male,45.4,UPI,Verified
INV003082,2024-11-07,120841,sip,5587,Telangana,Hyderabad,T30,26-35,Male,18.7,Cheque,Pending
INV000821,2024-11-07,119120,lumpsum,221426,Uttar Pradesh,Kanpur,B30,36-45,Male,50.1,Net Banking,Verified
INV002228,2024-11-07,119551,lumpsum,131589,Uttar Pradesh,Kanpur,B30,18-25,Male,7.7,Mandate,Verified
INV000840,2024-11-07,120506,lumpsum,109085,Punjab,Chandigarh,T30,26-35,Male,15.3,UPI,Verified
INV003906,2024-11-07,102885,sip,8007,Haryana,Faridabad,B30,36-45,Male,39.7,Net Banking,Verified
INV004263,2024-11-07,119094,lumpsum,311199,Delhi,Gurugram,T30,26-35,Female,9.6,UPI,Verified
INV002633,2024-11-07,119120,sip,466,Karnataka,Bangalore,T30,26-35,Female,8.1,Mandate,Verified
INV002510,2024-11-07,118635,sip,450,Karnataka,Mysore,B30,36-45,Male,32.6,Net Banking,Verified
INV001379,2024-11-07,125498,lumpsum,405442,Punjab,Amritsar,B30,56+,Female,74.3,UPI,Verified
INV004376,2024-11-07,125498,redemption,421128,West Bengal,Kolkata,T30,46-55,Female,92.6,UPI,Verified
INV000979,2024-11-07,102886,sip,52443,Karnataka,Bangalore,T30,26-35,Male,24.7,Mandate,Verified
INV002368,2024-11-07,100033,sip,21360,Telangana,Hyderabad,T30,26-35,Male,13.7,Cheque,Verified
INV000048,2024-11-07,101207,sip,836,Rajasthan,Jaipur,T30,36-45,Female,15.0,UPI,Verified
INV003319,2024-11-07,148568,sip,11588,Punjab,Chandigarh,T30,26-35,Male,12.8,UPI,Verified
INV002828,2024-11-07,101208,sip,2171,West Bengal,Kolkata,T30,26-35,Male,21.8,Cheque,Verified
INV001826,2024-11-07,119552,sip,4492,Punjab,Amritsar,B30,18-25,Male,4.7,UPI,Verified
INV004438,2024-11-07,101207,sip,21027,Gujarat,Ahmedabad,T30,26-35,Female,23.2,Mandate,Verified
INV002272,2024-11-07,100033,sip,40554,Maharashtra,Pune,T30,18-25,Male,5.3,Net Banking,Verified
INV003346,2024-11-07,119552,redemption,228696,Punjab,Chandigarh,T30,46-55,Male,16.7,Cheque,Verified
INV003424,2024-11-07,118635,sip,6937,Madhya Pradesh,Indore,T30,26-35,Female,19.7,Mandate,Verified
INV001423,2024-11-07,120843,lumpsum,199832,Madhya Pradesh,Bhopal,B30,18-25,Female,7.7,Mandate,Verified
INV003815,2024-11-07,120842,sip,25574,Gujarat,Surat,T30,36-45,Male,38.7,Cheque,Verified
INV002819,2024-11-07,119551,redemption,64133,West Bengal,Kolkata,T30,26-35,Male,24.1,Mandate,Verified
INV004947,2024-11-07,120504,lumpsum,165900,Telangana,Hyderabad,T30,26-35,Female,19.7,Net Banking,Verified
INV002819,2024-11-07,119094,sip,1101,West Bengal,Kolkata,T30,26-35,Male,24.1,Net Banking,Verified
INV000335,2024-11-07,119093,sip,52440,Maharashtra,Mumbai,T30,26-35,Male,11.6,UPI,Verified
INV000091,2024-11-07,119599,sip,9592,Haryana,Gurugram,T30,26-35,Male,14.6,Mandate,Verified
INV001236,2024-11-07,148567,redemption,335861,Telangana,Hyderabad,T30,46-55,Male,93.7,Net Banking,Verified
INV004926,2024-11-07,119095,sip,28414,Karnataka,Mysore,B30,36-45,Male,45.3,Cheque,Verified
INV000984,2024-11-07,148567,sip,54651,Telangana,Hyderabad,T30,26-35,Male,20.9,Cheque,Verified
INV002535,2024-11-07,101208,sip,5840,Rajasthan,Udaipur,B30,36-45,Male,22.6,Cheque,Pending
INV003230,2024-11-07,118636,sip,447,Punjab,Amritsar,B30,18-25,Female,3.2,Cheque,Verified
INV004805,2024-11-07,120503,sip,1904,Madhya Pradesh,Indore,T30,26-35,Female,7.6,Cheque,Verified
INV001940,2024-11-07,100016,lumpsum,360535,Delhi,New Delhi,T30,36-45,Male,28.4,Net Banking,Verified
INV004188,2024-11-07,149324,redemption,418496,Tamil Nadu,Chennai,T30,26-35,Male,7.4,Mandate,Verified
INV001435,2024-11-07,118635,sip,8283,Telangana,Hyderabad,T30,36-45,Female,27.7,Cheque,Verified
INV002675,2024-11-07,120842,lumpsum,344515,Uttar Pradesh,Agra,B30,36-45,Male,17.9,Cheque,Verified
INV001526,2024-11-07,119092,lumpsum,203062,Madhya Pradesh,Bhopal,B30,26-35,Female,19.1,Mandate,Verified
INV003791,2024-11-07,102886,sip,8135,Tamil Nadu,Coimbatore,B30,46-55,Male,77.4,Net Banking,Verified
INV003090,2024-11-07,118634,sip,508,Karnataka,Bangalore,T30,26-35,Male,16.9,Mandate,Pending
INV000452,2024-11-07,120506,sip,4125,Tamil Nadu,Coimbatore,B30,26-35,Male,18.1,Cheque,Verified
INV002754,2024-11-07,119095,sip,9968,Karnataka,Bangalore,T30,46-55,Male,82.6,UPI,Verified
INV003497,2024-11-07,120843,redemption,152727,Delhi,Gurugram,T30,26-35,Female,6.3,Mandate,Verified
INV000446,2024-11-07,102886,lumpsum,438990,Rajasthan,Jaipur,T30,26-35,Female,23.8,Cheque,Pending
INV004531,2024-11-07,101206,sip,2479,Haryana,Gurugram,T30,26-35,Male,8.4,Net Banking,Verified
INV003558,2024-11-07,120842,lumpsum,362738,Uttar Pradesh,Lucknow,T30,18-25,Male,6.1,UPI,Pending
INV004588,2024-11-07,148568,sip,7254,West Bengal,Kolkata,T30,46-55,Female,16.2,UPI,Verified
INV000449,2024-11-07,100016,sip,5843,Haryana,Faridabad,B30,18-25,Male,6.8,Net Banking,Pending
INV001378,2024-11-07,100033,redemption,524614,Delhi,Noida,T30,36-45,Male,21.1,Cheque,Verified
INV000704,2024-11-07,118636,lumpsum,104352,Gujarat,Ahmedabad,T30,18-25,Male,4.5,Cheque,Verified
INV003593,2024-11-07,100025,redemption,234816,Karnataka,Bangalore,T30,26-35,Female,21.6,UPI,Verified
INV000966,2024-11-07,120841,lumpsum,407612,Telangana,Hyderabad,T30,26-35,Male,22.8,Cheque,Verified
INV003740,2024-11-07,102886,sip,57622,Karnataka,Bangalore,T30,56+,Female,16.2,Cheque,Verified
INV002360,2024-11-07,125497,lumpsum,254486,Maharashtra,Mumbai,T30,26-35,Male,11.6,Net Banking,Verified
INV000098,2024-11-07,118635,sip,539,Telangana,Hyderabad,T30,36-45,Male,33.8,Mandate,Verified
INV004248,2024-11-07,120843,sip,49650,West Bengal,Kolkata,T30,46-55,Male,89.3,UPI,Verified
INV003530,2024-11-07,119120,sip,9729,Maharashtra,Pune,T30,26-35,Male,9.4,UPI,Verified
INV003812,2024-11-07,125497,redemption,376896,Haryana,Faridabad,B30,18-25,Female,3.6,Cheque,Verified
INV001154,2024-11-07,148567,redemption,317927,Delhi,Noida,T30,36-45,Female,34.8,Mandate,Verified
INV003459,2024-11-07,119552,lumpsum,347828,Karnataka,Mysore,B30,26-35,Female,23.5,Net Banking,Verified
INV000704,2024-11-07,119095,sip,2392,Gujarat,Ahmedabad,T30,18-25,Male,4.5,Cheque,Verified
INV004446,2024-11-08,149322,sip,2642,West Bengal,Kolkata,T30,26-35,Male,14.8,Net Banking,Verified
INV000778,2024-11-08,119095,sip,21456,Haryana,Faridabad,B30,26-35,Male,16.9,Net Banking,Verified
INV004258,2024-11-08,120504,redemption,101668,Gujarat,Ahmedabad,T30,36-45,Male,56.6,UPI,Verified
INV002015,2024-11-08,101208,lumpsum,21711,Delhi,New Delhi,T30,26-35,Female,11.1,Net Banking,Pending
INV003317,2024-11-08,120504,lumpsum,255968,Delhi,New Delhi,T30,18-25,Male,6.6,UPI,Verified
INV003372,2024-11-08,118635,lumpsum,130806,Karnataka,Mysore,B30,36-45,Female,38.1,Cheque,Verified
INV003448,2024-11-08,149324,sip,2939,Rajasthan,Udaipur,B30,26-35,Male,16.4,Cheque,Verified
INV003206,2024-11-08,120503,sip,28510,Gujarat,Ahmedabad,T30,26-35,Male,24.1,Net Banking,Verified
INV001946,2024-11-08,120503,sip,10415,Delhi,Noida,T30,26-35,Male,13.2,Mandate,Verified
INV000578,2024-11-08,118633,lumpsum,262685,Maharashtra,Nashik,B30,26-35,Male,10.9,Cheque,Verified
INV000894,2024-11-08,118633,sip,2416,Tamil Nadu,Coimbatore,B30,36-45,Female,32.0,Net Banking,Verified
INV003128,2024-11-08,120841,lumpsum,300584,Uttar Pradesh,Kanpur,B30,18-25,Female,7.7,UPI,Verified
INV002049,2024-11-08,119552,lumpsum,244074,Tamil Nadu,Coimbatore,B30,36-45,Female,36.8,Net Banking,Verified
INV004145,2024-11-08,148569,sip,7198,Gujarat,Surat,T30,18-25,Male,4.9,UPI,Verified
INV003078,2024-11-08,101206,sip,28848,Haryana,Gurugram,T30,36-45,Male,57.5,Mandate,Verified
INV004389,2024-11-08,119093,lumpsum,364363,Karnataka,Mysore,B30,36-45,Male,53.3,Net Banking,Verified
INV000811,2024-11-08,101206,sip,2918,Haryana,Faridabad,B30,36-45,Female,34.5,Mandate,Verified
INV001742,2024-11-08,101208,sip,4101,Haryana,Gurugram,T30,18-25,Male,3.5,Cheque,Verified
INV001800,2024-11-08,120841,sip,529,Tamil Nadu,Chennai,T30,26-35,Female,12.8,Cheque,Verified
INV003487,2024-11-08,119599,sip,23354,Gujarat,Ahmedabad,T30,26-35,Female,12.0,Net Banking,Verified
INV003478,2024-11-08,149323,sip,431,Punjab,Chandigarh,T30,26-35,Male,21.2,Mandate,Verified
INV003175,2024-11-08,118635,sip,23073,Punjab,Amritsar,B30,26-35,Female,24.3,UPI,Verified
INV001275,2024-11-08,102886,sip,1036,Delhi,Noida,T30,36-45,Female,37.4,UPI,Verified
INV004639,2024-11-08,120505,sip,12086,Rajasthan,Jaipur,T30,18-25,Female,6.0,Mandate,Verified
INV002220,2024-11-08,102885,redemption,476341,Punjab,Chandigarh,T30,46-55,Male,29.9,UPI,Verified
INV000087,2024-11-08,120505,sip,26554,Rajasthan,Jaipur,T30,36-45,Male,56.2,Net Banking,Pending
INV000190,2024-11-08,102886,redemption,328090,Madhya Pradesh,Indore,T30,26-35,Female,8.2,Net Banking,Verified
INV002287,2024-11-08,120843,lumpsum,134529,Madhya Pradesh,Bhopal,B30,46-55,Male,64.1,Net Banking,Verified
INV003996,2024-11-08,120842,sip,1076,Karnataka,Bangalore,T30,36-45,Female,39.8,Cheque,Pending
INV000351,2024-11-08,118632,sip,46305,Madhya Pradesh,Indore,T30,56+,Female,62.9,UPI,Verified
INV002542,2024-11-08,120841,redemption,237153,Telangana,Hyderabad,T30,26-35,Female,15.9,Net Banking,Verified
INV002788,2024-11-08,120503,sip,5956,Uttar Pradesh,Agra,B30,26-35,Male,23.5,Cheque,Verified
INV002417,2024-11-08,120842,sip,8102,Tamil Nadu,Coimbatore,B30,26-35,Male,16.8,Cheque,Verified
INV000056,2024-11-08,120504,lumpsum,8394,Haryana,Faridabad,B30,26-35,Female,22.5,Mandate,Verified
INV002660,2024-11-08,100033,sip,5387,Uttar Pradesh,Lucknow,T30,36-45,Male,28.2,Net Banking,Verified
INV000133,2024-11-08,100025,sip,24217,Karnataka,Bangalore,T30,26-35,Female,11.5,Mandate,Verified
INV001163,2024-11-08,149322,redemption,240498,Karnataka,Mysore,B30,26-35,Male,10.2,Cheque,Verified
INV001038,2024-11-08,118633,sip,911,West Bengal,Kolkata,T30,26-35,Male,24.4,UPI,Verified
INV002466,2024-11-08,118636,lumpsum,81435,Madhya Pradesh,Indore,T30,36-45,Male,36.9,UPI,Verified
INV002367,2024-11-08,102887,sip,8984,Telangana,Hyderabad,T30,26-35,Male,13.9,Mandate,Verified
INV002578,2024-11-08,149322,redemption,321082,Telangana,Hyderabad,T30,26-35,Male,20.9,UPI,Verified
INV002571,2024-11-08,119599,sip,1786,Delhi,New Delhi,T30,36-45,Female,32.1,Cheque,Verified
INV004852,2024-11-08,120505,lumpsum,231552,Gujarat,Ahmedabad,T30,36-45,Male,35.1,UPI,Verified
INV001158,2024-11-08,118632,sip,487,Karnataka,Mysore,B30,18-25,Male,6.4,Cheque,Verified
INV004625,2024-11-08,119598,lumpsum,28416,Tamil Nadu,Coimbatore,B30,18-25,Male,6.6,Cheque,Verified
INV002911,2024-11-08,120842,redemption,307688,Gujarat,Surat,T30,26-35,Male,24.1,Net Banking,Verified
INV003829,2024-11-08,120505,lumpsum,72283,Punjab,Amritsar,B30,36-45,Male,55.6,Mandate,Verified
INV002368,2024-11-08,100033,redemption,330848,Telangana,Hyderabad,T30,26-35,Male,13.7,Cheque,Verified
INV003691,2024-11-08,102887,sip,46480,Haryana,Faridabad,B30,18-25,Male,3.1,Cheque,Verified
INV000104,2024-11-08,118632,lumpsum,42389,Madhya Pradesh,Indore,T30,26-35,Male,8.1,Net Banking,Verified
INV002324,2024-11-08,148568,sip,437,Karnataka,Bangalore,T30,26-35,Male,16.2,Net Banking,Verified
INV002847,2024-11-09,120505,sip,2134,Haryana,Faridabad,B30,26-35,Male,13.4,UPI,Verified
INV002558,2024-11-09,148567,redemption,120193,Haryana,Faridabad,B30,26-35,Female,9.1,Net Banking,Verified
INV001501,2024-11-09,119095,sip,3240,Punjab,Amritsar,B30,26-35,Male,11.3,Mandate,Verified
INV000305,2024-11-09,118635,lumpsum,98411,Rajasthan,Udaipur,B30,36-45,Male,21.4,UPI,Verified
INV000927,2024-11-09,120504,sip,6824,West Bengal,Kolkata,T30,46-55,Male,80.9,Mandate,Verified
INV004808,2024-11-09,148567,sip,46129,Uttar Pradesh,Kanpur,B30,36-45,Male,47.0,Mandate,Verified
INV000567,2024-11-09,118634,lumpsum,423868,Delhi,New Delhi,T30,26-35,Male,9.1,Cheque,Pending
INV002206,2024-11-09,125497,sip,2219,Tamil Nadu,Chennai,T30,18-25,Male,7.7,Cheque,Verified
INV004677,2024-11-09,102886,sip,23784,Punjab,Amritsar,B30,26-35,Male,6.2,Mandate,Verified
INV001752,2024-11-09,118635,lumpsum,205880,Rajasthan,Udaipur,B30,26-35,Female,13.4,Net Banking,Verified
INV004566,2024-11-09,102887,sip,501,Punjab,Chandigarh,T30,26-35,Male,20.1,Mandate,Verified
INV000267,2024-11-09,120841,redemption,264489,Telangana,Hyderabad,T30,26-35,Male,17.7,Net Banking,Verified
INV001506,2024-11-09,102887,sip,1823,Delhi,Noida,T30,26-35,Female,16.0,Cheque,Verified
INV002841,2024-11-09,101206,redemption,315084,Uttar Pradesh,Kanpur,B30,26-35,Male,13.2,Net Banking,Verified
INV002323,2024-11-09,148569,sip,6147,West Bengal,Kolkata,T30,36-45,Female,33.7,UPI,Pending
INV002311,2024-11-09,120844,redemption,184802,Rajasthan,Udaipur,B30,36-45,Male,31.5,Mandate,Verified
INV001628,2024-11-09,100033,lumpsum,209527,Rajasthan,Jaipur,T30,36-45,Female,45.6,Cheque,Verified
INV003888,2024-11-09,101206,sip,17822,Telangana,Hyderabad,T30,56+,Female,8.6,UPI,Verified
INV000867,2024-11-09,118633,redemption,133900,Delhi,Noida,T30,26-35,Male,20.6,Cheque,Verified
INV001302,2024-11-09,120504,sip,548,Uttar Pradesh,Lucknow,T30,18-25,Male,5.3,Net Banking,Verified
INV001672,2024-11-09,119120,sip,17071,Maharashtra,Pune,T30,18-25,Male,5.4,UPI,Verified
INV004212,2024-11-09,119599,sip,27465,Uttar Pradesh,Kanpur,B30,36-45,Male,41.5,UPI,Verified
INV004487,2024-11-09,119551,sip,2989,Maharashtra,Nashik,B30,26-35,Female,24.4,Cheque,Verified
INV004972,2024-11-09,100033,lumpsum,134915,Uttar Pradesh,Lucknow,T30,18-25,Male,4.0,UPI,Verified
INV002572,2024-11-09,119551,sip,7021,Rajasthan,Jaipur,T30,56+,Male,19.5,Mandate,Verified
INV004693,2024-11-09,120842,sip,8124,Maharashtra,Nashik,B30,36-45,Male,44.9,Net Banking,Verified
INV002198,2024-11-09,119599,sip,7712,Delhi,Gurugram,T30,36-45,Female,43.3,Mandate,Verified
INV001624,2024-11-09,118636,redemption,276690,Uttar Pradesh,Lucknow,T30,26-35,Female,18.4,Cheque,Verified
INV003370,2024-11-09,125497,sip,473,Karnataka,Mysore,B30,56+,Female,54.8,UPI,Verified
INV004077,2024-11-09,102886,sip,1630,Delhi,New Delhi,T30,18-25,Female,3.5,Net Banking,Verified
INV001504,2024-11-09,102887,sip,1057,Haryana,Faridabad,B30,36-45,Male,25.5,Cheque,Verified
INV000279,2024-11-09,101208,lumpsum,227976,Gujarat,Ahmedabad,T30,26-35,Male,12.4,Mandate,Verified
INV001047,2024-11-09,100016,sip,2669,Tamil Nadu,Chennai,T30,56+,Female,78.8,Mandate,Verified
INV000788,2024-11-09,119095,sip,2084,Haryana,Gurugram,T30,26-35,Male,20.7,Mandate,Verified
INV002142,2024-11-09,119598,sip,2578,Tamil Nadu,Chennai,T30,18-25,Male,3.6,Cheque,Verified
INV002736,2024-11-09,119551,lumpsum,535514,Karnataka,Mysore,B30,18-25,Female,6.2,Cheque,Verified
INV004413,2024-11-09,125497,sip,55572,Maharashtra,Mumbai,T30,26-35,Male,14.7,Net Banking,Pending
INV000906,2024-11-09,148568,lumpsum,225579,Maharashtra,Mumbai,T30,26-35,Male,20.7,Mandate,Verified
INV001606,2024-11-09,118632,lumpsum,53616,Punjab,Amritsar,B30,26-35,Female,23.4,Net Banking,Verified
INV003826,2024-11-09,120504,redemption,222611,West Bengal,Kolkata,T30,18-25,Male,7.7,UPI,Verified
INV004005,2024-11-09,148569,lumpsum,322034,West Bengal,Kolkata,T30,26-35,Male,11.0,Cheque,Verified
INV003562,2024-11-09,118634,lumpsum,418442,West Bengal,Kolkata,T30,26-35,Female,11.8,Net Banking,Verified
INV003960,2024-11-09,149323,redemption,453814,West Bengal,Kolkata,T30,26-35,Female,18.6,Mandate,Verified
INV001012,2024-11-09,119092,sip,882,Karnataka,Mysore,B30,26-35,Female,17.6,Cheque,Verified
INV000058,2024-11-09,120843,sip,953,Maharashtra,Mumbai,T30,26-35,Male,19.9,Net Banking,Verified
INV000546,2024-11-09,118634,redemption,128761,Karnataka,Mysore,B30,26-35,Male,9.5,Net Banking,Verified
INV003423,2024-11-09,118633,sip,4056,Delhi,Noida,T30,18-25,Female,3.2,Net Banking,Verified
INV002389,2024-11-09,119094,lumpsum,65726,Haryana,Faridabad,B30,36-45,Male,50.8,UPI,Verified
INV001788,2024-11-09,118633,lumpsum,301177,Tamil Nadu,Chennai,T30,18-25,Female,4.8,UPI,Verified
INV000545,2024-11-09,101207,sip,2756,Telangana,Hyderabad,T30,26-35,Male,23.6,Net Banking,Verified
INV003758,2024-11-09,148569,sip,2445,Maharashtra,Pune,T30,26-35,Female,11.2,Mandate,Verified
INV000280,2024-11-09,148567,redemption,13577,Punjab,Amritsar,B30,26-35,Female,22.9,UPI,Verified
INV002187,2024-11-09,101206,sip,2002,Tamil Nadu,Chennai,T30,36-45,Male,15.0,Cheque,Verified
INV002529,2024-11-09,120844,sip,50035,Maharashtra,Mumbai,T30,18-25,Female,5.3,Cheque,Verified
INV000497,2024-11-09,119092,lumpsum,274076,Madhya Pradesh,Bhopal,B30,36-45,Male,45.7,Cheque,Verified
INV001510,2024-11-09,120844,lumpsum,31592,Gujarat,Surat,T30,26-35,Male,15.4,Mandate,Verified
INV000690,2024-11-09,100033,lumpsum,497044,Delhi,Gurugram,T30,46-55,Male,98.7,Net Banking,Verified
INV001612,2024-11-09,119598,sip,8549,Haryana,Gurugram,T30,26-35,Female,12.0,UPI,Verified
INV000379,2024-11-09,119120,sip,978,Maharashtra,Pune,T30,46-55,Male,52.0,Cheque,Verified
INV003510,2024-11-09,118634,sip,10276,Uttar Pradesh,Kanpur,B30,46-55,Male,72.7,Cheque,Verified
INV002525,2024-11-09,118632,redemption,116979,Tamil Nadu,Coimbatore,B30,18-25,Male,4.5,Cheque,Verified
INV003430,2024-11-09,102886,sip,23488,Gujarat,Ahmedabad,T30,26-35,Female,14.8,Mandate,Verified
INV001178,2024-11-09,149323,sip,5387,West Bengal,Kolkata,T30,26-35,Female,10.3,UPI,Verified
INV003752,2024-11-09,118633,sip,2281,Uttar Pradesh,Lucknow,T30,46-55,Male,24.4,Net Banking,Verified
INV000213,2024-11-09,120505,sip,7753,Punjab,Chandigarh,T30,26-35,Male,19.6,Mandate,Verified
INV004892,2024-11-09,101208,sip,9608,West Bengal,Kolkata,T30,26-35,Female,22.7,Mandate,Verified
INV001472,2024-11-09,120507,lumpsum,277708,West Bengal,Kolkata,T30,18-25,Male,5.4,Mandate,Verified
INV004542,2024-11-09,100033,lumpsum,367725,Maharashtra,Pune,T30,36-45,Male,53.7,Mandate,Pending
INV003531,2024-11-09,102885,redemption,364801,Delhi,Gurugram,T30,36-45,Male,41.9,UPI,Verified
INV001576,2024-11-09,101208,lumpsum,120141,Delhi,Noida,T30,46-55,Female,46.5,Cheque,Verified
INV002252,2024-11-09,120505,redemption,341937,Maharashtra,Pune,T30,36-45,Female,46.4,Net Banking,Verified
INV002708,2024-11-09,148569,lumpsum,24477,Karnataka,Mysore,B30,26-35,Male,14.0,UPI,Verified
INV002035,2024-11-09,101208,redemption,350315,Tamil Nadu,Chennai,T30,36-45,Male,12.2,Cheque,Pending
INV003470,2024-11-09,120844,sip,3187,Uttar Pradesh,Kanpur,B30,18-25,Male,3.8,UPI,Verified
INV000976,2024-11-09,120841,lumpsum,68615,Uttar Pradesh,Lucknow,T30,56+,Male,39.0,UPI,Verified
INV004179,2024-11-09,118635,sip,41886,Maharashtra,Pune,T30,26-35,Female,19.3,Cheque,Verified
INV002025,2024-11-09,149322,sip,22089,Karnataka,Mysore,B30,26-35,Female,23.7,UPI,Verified
INV003077,2024-11-10,148567,sip,21236,Tamil Nadu,Coimbatore,B30,18-25,Female,4.6,Mandate,Verified
INV003543,2024-11-10,125497,sip,14038,Maharashtra,Nashik,B30,26-35,Male,8.3,UPI,Verified
INV001009,2024-11-10,148568,lumpsum,50700,Punjab,Chandigarh,T30,26-35,Male,21.2,Cheque,Verified
INV003940,2024-11-10,102887,sip,16118,West Bengal,Kolkata,T30,36-45,Male,21.6,UPI,Verified
INV004784,2024-11-10,149323,lumpsum,193029,Uttar Pradesh,Lucknow,T30,26-35,Female,15.8,Cheque,Verified
INV004742,2024-11-10,149322,sip,15286,Punjab,Chandigarh,T30,26-35,Male,16.2,Mandate,Verified
INV000102,2024-11-10,125498,sip,40999,Gujarat,Surat,T30,26-35,Male,21.9,UPI,Verified
INV000984,2024-11-10,119095,redemption,207992,Telangana,Hyderabad,T30,26-35,Male,20.9,UPI,Verified
INV000895,2024-11-10,118633,redemption,95800,Rajasthan,Udaipur,B30,26-35,Male,19.5,Cheque,Verified
INV004534,2024-11-10,120844,lumpsum,98072,Maharashtra,Nashik,B30,26-35,Male,8.8,Net Banking,Verified
INV001624,2024-11-10,148568,lumpsum,7909,Uttar Pradesh,Lucknow,T30,26-35,Female,18.4,Cheque,Verified
INV002390,2024-11-10,125497,sip,16107,Uttar Pradesh,Kanpur,B30,56+,Female,24.4,Mandate,Verified
INV003681,2024-11-10,100033,sip,933,Telangana,Hyderabad,T30,26-35,Female,17.4,Cheque,Verified
INV003276,2024-11-10,101207,redemption,521624,Telangana,Hyderabad,T30,46-55,Male,45.0,Cheque,Verified
INV001876,2024-11-10,102887,sip,4013,Delhi,Gurugram,T30,36-45,Male,13.3,Net Banking,Verified
INV004526,2024-11-10,118634,lumpsum,415448,West Bengal,Kolkata,T30,36-45,Male,19.9,UPI,Pending
INV001499,2024-11-10,119551,redemption,555366,Karnataka,Mysore,B30,26-35,Male,12.9,Net Banking,Verified
INV003109,2024-11-10,149322,lumpsum,302012,Delhi,Gurugram,T30,26-35,Male,22.8,Net Banking,Verified
INV003872,2024-11-10,102887,sip,40659,Uttar Pradesh,Kanpur,B30,26-35,Male,20.1,Cheque,Verified
INV004358,2024-11-10,119093,sip,26070,Tamil Nadu,Coimbatore,B30,26-35,Male,6.5,Net Banking,Verified
INV003438,2024-11-10,118633,lumpsum,54173,Delhi,Noida,T30,26-35,Female,19.6,Net Banking,Verified
INV002123,2024-11-10,118634,sip,58330,West Bengal,Kolkata,T30,26-35,Male,14.7,Net Banking,Verified
INV000057,2024-11-10,120842,lumpsum,114489,Tamil Nadu,Chennai,T30,36-45,Male,59.9,Cheque,Verified
INV001842,2024-11-10,120844,sip,2994,Gujarat,Surat,T30,26-35,Male,14.4,Mandate,Verified
INV003536,2024-11-10,149323,redemption,93890,Maharashtra,Nashik,B30,36-45,Male,36.9,Mandate,Verified
INV001492,2024-11-10,119598,sip,27062,Tamil Nadu,Chennai,T30,26-35,Male,19.6,Cheque,Verified
INV003279,2024-11-10,120504,redemption,255246,Rajasthan,Jaipur,T30,46-55,Female,19.4,Mandate,Verified
INV002682,2024-11-10,102885,lumpsum,390780,Karnataka,Mysore,B30,26-35,Male,17.9,Net Banking,Verified
INV003102,2024-11-10,120507,sip,4849,Maharashtra,Pune,T30,18-25,Male,4.3,Net Banking,Verified
INV000292,2024-11-10,102887,sip,53339,Uttar Pradesh,Lucknow,T30,18-25,Male,3.3,Cheque,Verified
INV001326,2024-11-10,101207,sip,1937,Rajasthan,Udaipur,B30,46-55,Male,54.9,Net Banking,Verified
INV001754,2024-11-10,148568,sip,7447,Maharashtra,Nashik,B30,46-55,Female,56.1,UPI,Verified
INV000383,2024-11-10,148567,sip,29847,Telangana,Hyderabad,T30,26-35,Female,23.4,Net Banking,Verified
INV001892,2024-11-10,119095,sip,46931,Rajasthan,Udaipur,B30,26-35,Male,18.9,Net Banking,Verified
INV003993,2024-11-10,119599,redemption,61824,Tamil Nadu,Chennai,T30,46-55,Male,32.2,Mandate,Verified
INV002693,2024-11-10,118633,sip,495,Uttar Pradesh,Kanpur,B30,26-35,Male,22.5,Cheque,Verified
INV002560,2024-11-10,101206,sip,5780,Haryana,Faridabad,B30,26-35,Male,6.4,UPI,Verified
INV004002,2024-11-10,120842,lumpsum,215879,Madhya Pradesh,Bhopal,B30,56+,Male,33.1,Mandate,Verified
INV001036,2024-11-10,119094,redemption,524260,Punjab,Chandigarh,T30,46-55,Female,40.5,Cheque,Verified
INV001757,2024-11-10,120506,sip,533,Telangana,Hyderabad,T30,46-55,Male,87.3,Net Banking,Verified
INV003475,2024-11-10,120842,sip,2645,Telangana,Hyderabad,T30,26-35,Male,20.7,Cheque,Verified
INV003403,2024-11-10,118635,sip,13692,Madhya Pradesh,Bhopal,B30,18-25,Male,6.3,Net Banking,Verified
INV002054,2024-11-10,149323,sip,2824,Telangana,Hyderabad,T30,26-35,Male,17.8,Mandate,Verified
INV002906,2024-11-10,149322,sip,7443,Telangana,Hyderabad,T30,26-35,Male,19.9,Net Banking,Verified
INV004487,2024-11-10,118633,lumpsum,260196,Maharashtra,Nashik,B30,26-35,Female,24.4,UPI,Verified
INV002602,2024-11-10,118635,sip,20315,Gujarat,Surat,T30,56+,Female,45.7,Net Banking,Verified
INV000005,2024-11-10,118634,lumpsum,34963,Punjab,Amritsar,B30,26-35,Female,10.4,Mandate,Verified
INV004379,2024-11-10,120504,redemption,149017,Delhi,Gurugram,T30,18-25,Male,6.0,UPI,Verified
INV002429,2024-11-10,120505,lumpsum,407517,Rajasthan,Udaipur,B30,26-35,Male,11.2,UPI,Pending
INV001924,2024-11-10,102886,sip,46022,Karnataka,Bangalore,T30,18-25,Male,4.9,Mandate,Verified
INV004036,2024-11-10,119094,sip,2925,Uttar Pradesh,Agra,B30,56+,Female,51.7,Cheque,Verified
INV002294,2024-11-10,148567,sip,15349,Haryana,Gurugram,T30,26-35,Male,22.3,Mandate,Verified
INV003372,2024-11-10,149322,sip,1928,Karnataka,Mysore,B30,36-45,Female,38.1,Net Banking,Verified
INV001670,2024-11-10,125498,sip,56680,West Bengal,Kolkata,T30,26-35,Male,16.5,UPI,Verified
INV001631,2024-11-10,125497,lumpsum,93701,Haryana,Faridabad,B30,36-45,Male,55.9,UPI,Verified
INV004842,2024-11-10,102886,redemption,38459,Rajasthan,Udaipur,B30,46-55,Male,32.8,UPI,Pending
INV003894,2024-11-10,101207,lumpsum,106388,Tamil Nadu,Coimbatore,B30,26-35,Male,14.9,Net Banking,Verified
INV000847,2024-11-10,118635,sip,2077,West Bengal,Kolkata,T30,26-35,Female,17.8,UPI,Verified
INV002287,2024-11-10,125498,sip,2255,Madhya Pradesh,Bhopal,B30,46-55,Male,64.1,Mandate,Verified
INV001912,2024-11-10,148569,redemption,164984,Haryana,Gurugram,T30,26-35,Male,10.4,Mandate,Verified
INV000552,2024-11-10,149322,sip,2312,Uttar Pradesh,Lucknow,T30,36-45,Female,35.8,Net Banking,Pending
INV001663,2024-11-10,119093,sip,6241,Gujarat,Surat,T30,36-45,Female,29.2,Cheque,Verified
INV004882,2024-11-11,120844,sip,49432,Madhya Pradesh,Bhopal,B30,26-35,Male,15.2,Net Banking,Verified
INV001835,2024-11-11,149322,sip,47010,Delhi,Noida,T30,26-35,Female,13.2,UPI,Verified
INV002290,2024-11-11,120841,lumpsum,271129,Gujarat,Ahmedabad,T30,36-45,Male,24.7,Net Banking,Verified
INV001472,2024-11-11,148569,sip,532,West Bengal,Kolkata,T30,18-25,Male,5.4,Net Banking,Verified
INV003028,2024-11-11,120505,lumpsum,330464,Tamil Nadu,Chennai,T30,26-35,Female,12.8,Net Banking,Verified
INV000256,2024-11-11,102885,lumpsum,222436,Delhi,New Delhi,T30,36-45,Male,14.0,Net Banking,Verified
INV001542,2024-11-11,119120,sip,8400,Uttar Pradesh,Lucknow,T30,36-45,Male,49.1,Mandate,Verified
INV002399,2024-11-11,120503,lumpsum,496535,Gujarat,Ahmedabad,T30,46-55,Female,34.7,UPI,Verified
INV002116,2024-11-11,120841,lumpsum,124476,Karnataka,Bangalore,T30,18-25,Male,3.8,Cheque,Verified
INV004733,2024-11-11,118632,sip,3504,Telangana,Hyderabad,T30,18-25,Male,5.4,UPI,Verified
INV003399,2024-11-11,100033,sip,5452,Telangana,Hyderabad,T30,26-35,Female,16.0,Mandate,Pending
INV001280,2024-11-11,120507,lumpsum,544773,Rajasthan,Jaipur,T30,18-25,Male,4.7,Cheque,Verified
INV001969,2024-11-11,149324,sip,1077,Uttar Pradesh,Kanpur,B30,26-35,Male,9.7,Mandate,Verified
INV001625,2024-11-11,119095,sip,3417,Uttar Pradesh,Kanpur,B30,46-55,Female,78.2,UPI,Pending
INV003424,2024-11-11,100025,sip,6012,Madhya Pradesh,Indore,T30,26-35,Female,19.7,Mandate,Verified
INV000024,2024-11-11,102885,redemption,249621,Delhi,Gurugram,T30,36-45,Female,27.0,Cheque,Verified
INV004444,2024-11-11,125498,sip,9758,Tamil Nadu,Chennai,T30,56+,Female,19.8,Cheque,Verified
INV000994,2024-11-11,101207,sip,2996,Maharashtra,Pune,T30,26-35,Female,6.1,Net Banking,Verified
INV003079,2024-11-11,118636,sip,7432,Gujarat,Surat,T30,26-35,Male,8.5,Mandate,Verified
INV004614,2024-11-11,119093,sip,7383,Delhi,New Delhi,T30,18-25,Male,7.7,UPI,Verified
INV004415,2024-11-11,118633,sip,2987,Tamil Nadu,Chennai,T30,26-35,Male,6.3,UPI,Verified
INV002361,2024-11-11,118632,redemption,160759,Gujarat,Surat,T30,36-45,Male,59.3,UPI,Verified
INV000978,2024-11-11,118635,sip,8312,West Bengal,Kolkata,T30,26-35,Male,18.6,UPI,Verified
INV000893,2024-11-11,118636,sip,4047,Punjab,Chandigarh,T30,46-55,Male,35.3,Net Banking,Verified
INV002908,2024-11-11,120503,sip,2425,Maharashtra,Nashik,B30,36-45,Female,28.9,Cheque,Verified
INV003847,2024-11-11,102887,lumpsum,370596,Telangana,Hyderabad,T30,26-35,Male,19.7,Net Banking,Pending
INV000013,2024-11-11,118635,lumpsum,314283,Maharashtra,Nashik,B30,18-25,Male,5.2,UPI,Verified
INV001744,2024-11-11,148567,sip,51816,Karnataka,Mysore,B30,26-35,Male,15.9,Cheque,Verified
INV004380,2024-11-11,100033,sip,11783,Gujarat,Surat,T30,36-45,Male,16.6,Cheque,Verified
INV001029,2024-11-11,120842,sip,1747,Uttar Pradesh,Kanpur,B30,36-45,Male,44.2,UPI,Verified
INV002679,2024-11-11,119599,sip,520,Uttar Pradesh,Agra,B30,36-45,Male,33.8,Cheque,Verified
INV000487,2024-11-11,125498,sip,29874,Telangana,Hyderabad,T30,36-45,Male,41.7,Net Banking,Verified
INV004011,2024-11-11,120842,redemption,276234,Punjab,Amritsar,B30,18-25,Female,5.0,Net Banking,Pending
INV004931,2024-11-11,101206,sip,1196,Punjab,Chandigarh,T30,26-35,Male,21.7,UPI,Verified
INV004146,2024-11-11,120505,sip,2638,Uttar Pradesh,Agra,B30,56+,Male,40.7,UPI,Verified
INV001838,2024-11-11,101206,redemption,174406,Uttar Pradesh,Kanpur,B30,46-55,Male,27.6,UPI,Verified
INV004278,2024-11-11,120844,lumpsum,171250,Punjab,Chandigarh,T30,26-35,Male,21.8,UPI,Verified
INV003394,2024-11-11,100016,redemption,183059,West Bengal,Kolkata,T30,26-35,Male,14.6,Cheque,Verified
INV004745,2024-11-11,119093,sip,467,West Bengal,Kolkata,T30,18-25,Male,5.2,Mandate,Verified
INV003084,2024-11-11,119552,sip,1777,Haryana,Gurugram,T30,18-25,Female,6.3,Cheque,Verified
INV001727,2024-11-11,118632,redemption,72368,Gujarat,Surat,T30,46-55,Female,74.1,Mandate,Verified
INV002824,2024-11-11,119120,redemption,210470,Rajasthan,Jaipur,T30,56+,Male,42.5,UPI,Verified
INV004317,2024-11-11,148569,redemption,235333,Madhya Pradesh,Indore,T30,36-45,Male,32.6,Cheque,Verified
INV003143,2024-11-11,120507,redemption,139635,Karnataka,Mysore,B30,18-25,Female,5.9,Cheque,Verified
INV002203,2024-11-11,119551,lumpsum,62735,Karnataka,Mysore,B30,46-55,Male,25.9,UPI,Verified
INV002527,2024-11-11,120505,sip,4714,Telangana,Hyderabad,T30,18-25,Male,6.8,Net Banking,Verified
INV002082,2024-11-11,120842,sip,16522,Telangana,Hyderabad,T30,36-45,Male,59.5,UPI,Verified
INV000506,2024-11-11,118632,sip,2433,Gujarat,Ahmedabad,T30,36-45,Female,43.0,UPI,Verified
INV003151,2024-11-11,100016,sip,23641,Tamil Nadu,Coimbatore,B30,56+,Female,69.5,Net Banking,Verified
INV000035,2024-11-11,119092,sip,836,Gujarat,Ahmedabad,T30,26-35,Male,20.9,Cheque,Verified
INV002904,2024-11-11,119599,sip,1639,West Bengal,Kolkata,T30,36-45,Male,52.2,Mandate,Verified
INV003823,2024-11-11,120842,sip,2016,Madhya Pradesh,Indore,T30,26-35,Male,10.5,UPI,Verified
INV004659,2024-11-11,100033,lumpsum,170135,West Bengal,Kolkata,T30,18-25,Female,3.3,UPI,Verified
INV004450,2024-11-11,101206,sip,53523,Tamil Nadu,Coimbatore,B30,36-45,Male,16.7,Cheque,Verified
INV004727,2024-11-11,125498,sip,569,Madhya Pradesh,Indore,T30,36-45,Male,58.8,Cheque,Verified
INV004403,2024-11-11,118632,sip,2207,West Bengal,Kolkata,T30,26-35,Male,17.6,UPI,Verified
INV003724,2024-11-11,120843,lumpsum,369462,Punjab,Amritsar,B30,56+,Male,52.5,Cheque,Verified
INV003771,2024-11-11,120504,sip,13420,Telangana,Hyderabad,T30,46-55,Male,47.6,Net Banking,Verified
INV003211,2024-11-11,120504,lumpsum,105963,Uttar Pradesh,Lucknow,T30,36-45,Male,55.1,Cheque,Verified
INV003050,2024-11-11,149323,lumpsum,58455,Maharashtra,Mumbai,T30,18-25,Male,7.2,Cheque,Verified
INV001644,2024-11-11,120506,lumpsum,376265,Madhya Pradesh,Bhopal,B30,18-25,Female,6.7,Cheque,Pending
INV000904,2024-11-11,120843,redemption,343825,West Bengal,Kolkata,T30,36-45,Male,55.0,UPI,Verified
INV003450,2024-11-11,120842,sip,934,Maharashtra,Nashik,B30,18-25,Female,4.2,Cheque,Pending
INV003530,2024-11-11,118636,sip,26640,Maharashtra,Pune,T30,26-35,Male,9.4,Net Banking,Verified
INV002153,2024-11-11,125498,sip,570,Maharashtra,Nashik,B30,18-25,Female,3.5,Cheque,Verified
INV000772,2024-11-11,100033,sip,5203,Karnataka,Bangalore,T30,56+,Female,16.1,Net Banking,Verified
INV001213,2024-11-11,101208,redemption,465087,Punjab,Amritsar,B30,36-45,Male,57.7,Cheque,Pending
INV000507,2024-11-11,118634,sip,4014,Gujarat,Ahmedabad,T30,36-45,Male,44.1,Cheque,Verified
INV001683,2024-11-12,120843,sip,6994,Haryana,Gurugram,T30,26-35,Male,8.7,Net Banking,Verified
INV004984,2024-11-12,102887,sip,400,Uttar Pradesh,Agra,B30,46-55,Female,78.8,UPI,Pending
INV000279,2024-11-12,119093,sip,2794,Gujarat,Ahmedabad,T30,26-35,Male,12.4,Mandate,Verified
INV001383,2024-11-12,119552,sip,2104,Maharashtra,Pune,T30,26-35,Male,18.6,Cheque,Verified
INV003720,2024-11-12,102886,redemption,214237,Madhya Pradesh,Bhopal,B30,36-45,Female,49.4,Net Banking,Verified
INV000914,2024-11-12,119599,sip,10567,Karnataka,Mysore,B30,18-25,Male,3.8,Mandate,Verified
INV004756,2024-11-12,148568,sip,26712,Gujarat,Surat,T30,46-55,Male,41.1,Net Banking,Verified
INV000925,2024-11-12,148569,redemption,241607,Karnataka,Mysore,B30,18-25,Male,3.6,UPI,Verified
INV002332,2024-11-12,102886,redemption,26593,Punjab,Chandigarh,T30,26-35,Female,13.4,Cheque,Pending
INV001304,2024-11-12,120844,sip,45464,Gujarat,Ahmedabad,T30,26-35,Male,21.8,Mandate,Verified
INV002314,2024-11-12,102886,redemption,75468,Tamil Nadu,Chennai,T30,18-25,Male,3.9,Cheque,Verified
INV001310,2024-11-12,120844,redemption,89510,Telangana,Hyderabad,T30,46-55,Male,83.6,UPI,Verified
INV004356,2024-11-12,100025,redemption,528957,West Bengal,Kolkata,T30,36-45,Male,37.3,UPI,Verified
INV000657,2024-11-12,120844,redemption,80985,Tamil Nadu,Coimbatore,B30,26-35,Female,11.4,Mandate,Verified
INV000226,2024-11-12,119092,sip,936,West Bengal,Kolkata,T30,36-45,Female,39.3,Net Banking,Verified
INV001062,2024-11-12,120507,sip,7413,Karnataka,Bangalore,T30,26-35,Male,21.1,UPI,Verified
INV001223,2024-11-12,119094,sip,571,Punjab,Amritsar,B30,56+,Male,46.0,Mandate,Pending
INV001333,2024-11-12,120505,sip,2996,Haryana,Faridabad,B30,26-35,Female,19.0,Cheque,Verified
INV000354,2024-11-12,120506,redemption,374541,Telangana,Hyderabad,T30,26-35,Male,21.2,Net Banking,Verified
INV004763,2024-11-12,120505,sip,1129,Karnataka,Bangalore,T30,46-55,Female,19.6,Mandate,Verified
INV004353,2024-11-12,125498,lumpsum,124170,Uttar Pradesh,Agra,B30,56+,Male,31.2,UPI,Verified
INV003146,2024-11-12,119599,sip,25725,Rajasthan,Udaipur,B30,26-35,Male,20.2,Mandate,Verified
INV002881,2024-11-12,118636,sip,5138,Uttar Pradesh,Agra,B30,26-35,Female,11.4,Mandate,Verified
INV003533,2024-11-12,118634,sip,845,Telangana,Hyderabad,T30,56+,Female,11.4,Net Banking,Verified
INV004812,2024-11-12,119551,sip,17066,Punjab,Amritsar,B30,18-25,Male,4.4,Cheque,Verified
INV004293,2024-11-12,148568,sip,55656,Rajasthan,Jaipur,T30,36-45,Male,54.9,Net Banking,Verified
INV001021,2024-11-12,119599,sip,8568,Maharashtra,Mumbai,T30,56+,Male,50.5,Cheque,Verified
INV002110,2024-11-12,119598,sip,9617,Haryana,Faridabad,B30,26-35,Female,20.8,Net Banking,Verified
INV003619,2024-11-12,100016,redemption,438774,West Bengal,Kolkata,T30,18-25,Female,3.3,UPI,Pending
INV000388,2024-11-12,119120,sip,10858,Maharashtra,Nashik,B30,36-45,Male,33.6,UPI,Pending
INV004511,2024-11-12,120506,sip,537,Gujarat,Ahmedabad,T30,46-55,Female,43.6,UPI,Verified
INV000507,2024-11-12,118634,sip,22850,Gujarat,Ahmedabad,T30,36-45,Male,44.1,Cheque,Verified
INV001574,2024-11-12,120842,lumpsum,444151,Maharashtra,Mumbai,T30,36-45,Female,35.7,Mandate,Verified
INV000012,2024-11-12,118634,sip,3243,Uttar Pradesh,Kanpur,B30,46-55,Male,51.6,Mandate,Verified
INV004073,2024-11-12,100033,sip,7114,Gujarat,Surat,T30,46-55,Female,32.6,Cheque,Verified
INV003940,2024-11-12,119598,sip,1042,West Bengal,Kolkata,T30,36-45,Male,21.6,Mandate,Verified
INV003568,2024-11-12,148569,redemption,43917,Tamil Nadu,Chennai,T30,18-25,Female,5.3,Mandate,Pending
INV003581,2024-11-12,102886,sip,1973,Tamil Nadu,Coimbatore,B30,56+,Male,15.3,Cheque,Verified
INV001219,2024-11-12,149323,sip,2004,West Bengal,Kolkata,T30,26-35,Male,18.4,Mandate,Verified
INV003820,2024-11-12,119094,redemption,356856,Tamil Nadu,Chennai,T30,56+,Male,61.2,Net Banking,Verified
INV001124,2024-11-12,148567,lumpsum,41798,Madhya Pradesh,Indore,T30,36-45,Male,39.0,UPI,Verified
INV002604,2024-11-12,101208,sip,2425,Maharashtra,Mumbai,T30,36-45,Female,25.5,UPI,Verified
INV001376,2024-11-12,148569,sip,908,Gujarat,Surat,T30,26-35,Male,15.8,UPI,Verified
INV002610,2024-11-12,125497,lumpsum,329412,Tamil Nadu,Coimbatore,B30,36-45,Female,31.7,Mandate,Verified
INV000175,2024-11-12,101208,sip,4186,Karnataka,Bangalore,T30,26-35,Male,17.3,UPI,Pending
INV002114,2024-11-12,149323,redemption,338168,Rajasthan,Udaipur,B30,18-25,Female,5.5,Net Banking,Verified
INV004847,2024-11-12,120507,lumpsum,328205,Maharashtra,Pune,T30,26-35,Female,7.0,Cheque,Verified
INV003144,2024-11-12,120843,lumpsum,363183,Haryana,Gurugram,T30,36-45,Female,38.0,Cheque,Verified
INV002192,2024-11-12,119093,sip,1791,Uttar Pradesh,Lucknow,T30,18-25,Male,6.9,UPI,Verified
INV002322,2024-11-12,120504,lumpsum,309296,Tamil Nadu,Chennai,T30,18-25,Male,3.3,Net Banking,Pending
INV001775,2024-11-12,100033,sip,2194,Uttar Pradesh,Kanpur,B30,26-35,Female,8.3,Net Banking,Verified
INV003747,2024-11-12,125497,sip,15326,Madhya Pradesh,Indore,T30,26-35,Female,21.7,UPI,Verified
INV004680,2024-11-12,118636,sip,5697,Punjab,Chandigarh,T30,36-45,Male,26.8,Net Banking,Verified
INV003240,2024-11-12,149323,redemption,363996,Haryana,Gurugram,T30,26-35,Male,21.7,Cheque,Verified
INV003766,2024-11-12,100033,sip,2700,West Bengal,Kolkata,T30,36-45,Male,52.3,Cheque,Verified
INV002291,2024-11-12,101206,sip,814,Telangana,Hyderabad,T30,26-35,Male,8.2,Cheque,Verified
INV004289,2024-11-12,119552,sip,4738,Karnataka,Bangalore,T30,26-35,Male,14.8,Cheque,Verified
INV002950,2024-11-12,148567,sip,1082,Madhya Pradesh,Indore,T30,46-55,Female,37.4,Cheque,Verified
INV000045,2024-11-12,119095,sip,26088,Uttar Pradesh,Lucknow,T30,36-45,Male,26.2,Net Banking,Verified
INV000691,2024-11-12,149323,lumpsum,145261,Tamil Nadu,Chennai,T30,18-25,Female,7.8,UPI,Verified
INV004147,2024-11-12,100025,sip,17357,Madhya Pradesh,Bhopal,B30,26-35,Female,10.1,Cheque,Verified
INV000091,2024-11-12,120504,lumpsum,30874,Haryana,Gurugram,T30,26-35,Male,14.6,Cheque,Verified
INV001249,2024-11-12,125497,sip,53270,Maharashtra,Mumbai,T30,26-35,Female,16.4,UPI,Verified
INV001023,2024-11-12,118632,sip,7034,Gujarat,Ahmedabad,T30,36-45,Male,27.1,UPI,Verified
INV000711,2024-11-12,101208,redemption,350703,Karnataka,Bangalore,T30,56+,Male,28.3,Mandate,Verified
INV000793,2024-11-12,149324,sip,6404,West Bengal,Kolkata,T30,26-35,Female,8.4,UPI,Pending
INV002701,2024-11-12,102885,sip,436,Rajasthan,Jaipur,T30,26-35,Male,11.6,Cheque,Pending
INV003943,2024-11-12,120505,lumpsum,249967,Telangana,Hyderabad,T30,46-55,Male,46.2,UPI,Verified
INV004818,2024-11-12,120505,lumpsum,207568,Maharashtra,Pune,T30,26-35,Male,23.5,Mandate,Pending
INV001122,2024-11-12,101206,sip,418,Maharashtra,Mumbai,T30,46-55,Female,18.3,Mandate,Verified
INV000990,2024-11-12,120504,sip,3291,West Bengal,Kolkata,T30,56+,Male,32.4,Mandate,Verified
INV002666,2024-11-12,120843,sip,2633,Madhya Pradesh,Bhopal,B30,46-55,Female,93.7,Cheque,Verified
INV002041,2024-11-12,101206,sip,4564,Madhya Pradesh,Indore,T30,26-35,Male,21.9,UPI,Verified
INV004569,2024-11-12,148567,lumpsum,384628,Tamil Nadu,Coimbatore,B30,36-45,Male,47.3,Net Banking,Verified
INV004819,2024-11-12,118633,sip,452,Telangana,Hyderabad,T30,26-35,Female,14.8,Mandate,Pending
INV004896,2024-11-13,148568,sip,2513,Uttar Pradesh,Agra,B30,18-25,Female,3.5,UPI,Verified
INV004333,2024-11-13,120503,sip,6434,Telangana,Hyderabad,T30,36-45,Female,14.8,Mandate,Verified
INV002950,2024-11-13,100033,sip,23314,Madhya Pradesh,Indore,T30,46-55,Female,37.4,Cheque,Verified
INV004388,2024-11-13,120507,redemption,450112,Gujarat,Surat,T30,26-35,Female,10.3,Mandate,Verified
INV000709,2024-11-13,119120,redemption,488966,Telangana,Hyderabad,T30,26-35,Female,13.6,UPI,Verified
INV002114,2024-11-13,119095,lumpsum,21198,Rajasthan,Udaipur,B30,18-25,Female,5.5,Cheque,Verified
INV004537,2024-11-13,119551,sip,7586,Delhi,New Delhi,T30,18-25,Female,5.9,Mandate,Verified
INV001179,2024-11-13,120844,lumpsum,44704,Madhya Pradesh,Bhopal,B30,26-35,Male,18.7,UPI,Verified
INV004201,2024-11-13,101207,redemption,324487,Telangana,Hyderabad,T30,36-45,Male,20.2,UPI,Verified
INV003313,2024-11-13,149324,lumpsum,169869,Delhi,Noida,T30,26-35,Male,16.1,Net Banking,Verified
INV000759,2024-11-13,119551,lumpsum,224301,Gujarat,Ahmedabad,T30,26-35,Male,7.6,Mandate,Verified
INV001539,2024-11-13,120506,sip,2856,Madhya Pradesh,Indore,T30,36-45,Male,32.1,Cheque,Verified
INV000263,2024-11-13,118632,lumpsum,204278,Madhya Pradesh,Bhopal,B30,56+,Male,21.8,Cheque,Verified
INV002324,2024-11-13,102887,redemption,290042,Karnataka,Bangalore,T30,26-35,Male,16.2,UPI,Verified
INV003252,2024-11-13,125498,sip,4316,Tamil Nadu,Chennai,T30,46-55,Male,95.5,Mandate,Verified
INV002685,2024-11-13,120504,lumpsum,134773,Madhya Pradesh,Bhopal,B30,18-25,Male,3.7,UPI,Verified
INV004855,2024-11-13,119120,lumpsum,133264,Madhya Pradesh,Bhopal,B30,36-45,Female,49.4,UPI,Verified
INV002098,2024-11-13,118633,lumpsum,88363,Gujarat,Ahmedabad,T30,26-35,Male,15.6,Mandate,Verified
INV001830,2024-11-13,118636,sip,2822,Karnataka,Bangalore,T30,26-35,Male,6.2,Mandate,Verified
INV000552,2024-11-13,101207,sip,14869,Uttar Pradesh,Lucknow,T30,36-45,Female,35.8,Cheque,Verified
INV000887,2024-11-13,149322,sip,50095,Tamil Nadu,Coimbatore,B30,36-45,Male,53.9,Net Banking,Verified
INV002373,2024-11-13,125497,lumpsum,392604,Maharashtra,Pune,T30,36-45,Male,56.3,Net Banking,Verified
INV000244,2024-11-13,118633,redemption,243047,Telangana,Hyderabad,T30,26-35,Male,24.9,Net Banking,Pending
INV001025,2024-11-13,120503,sip,2276,Maharashtra,Pune,T30,18-25,Male,5.7,Net Banking,Verified
INV003617,2024-11-13,149323,sip,8805,Maharashtra,Pune,T30,36-45,Male,39.0,Net Banking,Verified
INV004910,2024-11-13,119120,lumpsum,397969,Karnataka,Mysore,B30,26-35,Female,22.7,Cheque,Verified
INV002202,2024-11-13,118636,sip,1051,Madhya Pradesh,Indore,T30,18-25,Female,7.1,Cheque,Verified
INV000834,2024-11-13,101207,sip,2008,Uttar Pradesh,Agra,B30,18-25,Female,6.6,UPI,Verified
INV004439,2024-11-13,120842,lumpsum,280154,Haryana,Faridabad,B30,26-35,Male,8.6,Cheque,Verified
INV002270,2024-11-13,120842,redemption,105223,Madhya Pradesh,Indore,T30,46-55,Female,23.9,Cheque,Verified
INV003462,2024-11-13,149324,sip,6435,Rajasthan,Jaipur,T30,26-35,Female,24.3,UPI,Verified
INV004361,2024-11-13,101208,sip,2857,Haryana,Faridabad,B30,26-35,Female,18.4,UPI,Verified
INV004687,2024-11-13,119551,lumpsum,450329,Madhya Pradesh,Bhopal,B30,36-45,Female,15.1,Cheque,Pending
INV000581,2024-11-13,149324,sip,29223,Tamil Nadu,Coimbatore,B30,36-45,Male,26.4,Net Banking,Verified
INV001186,2024-11-13,119094,redemption,565126,Maharashtra,Pune,T30,26-35,Male,19.8,UPI,Verified
INV004974,2024-11-13,119093,sip,2484,Gujarat,Ahmedabad,T30,56+,Female,62.6,Mandate,Verified
INV003242,2024-11-13,120844,lumpsum,28511,Punjab,Chandigarh,T30,26-35,Female,18.1,Net Banking,Verified
INV002834,2024-11-13,120841,redemption,530290,West Bengal,Kolkata,T30,18-25,Male,6.9,Mandate,Verified
INV004130,2024-11-13,101207,redemption,292405,Punjab,Amritsar,B30,36-45,Male,57.9,Cheque,Verified
INV000239,2024-11-13,120503,sip,875,Punjab,Amritsar,B30,36-45,Female,13.2,Mandate,Verified
INV001314,2024-11-13,100016,sip,6208,Gujarat,Ahmedabad,T30,26-35,Female,19.2,Cheque,Verified
INV000531,2024-11-13,120505,sip,11643,Delhi,Gurugram,T30,56+,Male,64.9,Net Banking,Verified
INV003978,2024-11-13,118636,sip,2233,Telangana,Hyderabad,T30,26-35,Female,6.2,UPI,Verified
INV001314,2024-11-13,119094,sip,48898,Gujarat,Ahmedabad,T30,26-35,Female,19.2,Cheque,Verified
INV002302,2024-11-13,100016,lumpsum,10954,West Bengal,Kolkata,T30,26-35,Male,10.1,UPI,Verified
INV001514,2024-11-13,120504,sip,11262,Delhi,Gurugram,T30,46-55,Male,75.8,Net Banking,Verified
INV000241,2024-11-13,125498,redemption,125453,Telangana,Hyderabad,T30,26-35,Female,16.5,Mandate,Verified
INV000433,2024-11-13,119094,sip,8521,Punjab,Amritsar,B30,36-45,Male,56.4,Cheque,Verified
INV001219,2024-11-13,120507,sip,8458,West Bengal,Kolkata,T30,26-35,Male,18.4,Cheque,Verified
INV003235,2024-11-13,118633,sip,502,Haryana,Faridabad,B30,56+,Male,19.0,Mandate,Verified
INV004265,2024-11-13,125497,redemption,268888,Punjab,Amritsar,B30,18-25,Male,7.6,Mandate,Verified
INV000020,2024-11-13,119598,lumpsum,383395,Delhi,Noida,T30,36-45,Female,17.0,Cheque,Pending
INV004987,2024-11-13,125497,lumpsum,411086,Telangana,Hyderabad,T30,46-55,Male,37.1,Cheque,Pending
INV001886,2024-11-13,120507,sip,20611,Haryana,Gurugram,T30,18-25,Male,7.7,Cheque,Verified
INV000479,2024-11-13,125497,sip,44344,Maharashtra,Pune,T30,18-25,Male,4.2,Cheque,Verified
INV003936,2024-11-13,148568,redemption,92429,Punjab,Chandigarh,T30,36-45,Male,19.8,Net Banking,Verified
INV001730,2024-11-13,125498,sip,22227,Telangana,Hyderabad,T30,26-35,Male,13.0,Net Banking,Verified
INV003751,2024-11-13,120843,lumpsum,268369,Delhi,New Delhi,T30,26-35,Male,14.1,Mandate,Verified
INV003789,2024-11-13,119094,lumpsum,218218,Rajasthan,Udaipur,B30,36-45,Male,29.9,Mandate,Verified
INV002013,2024-11-13,119551,sip,8877,Rajasthan,Jaipur,T30,46-55,Male,30.2,Mandate,Verified
INV001974,2024-11-13,119094,lumpsum,288388,Tamil Nadu,Chennai,T30,56+,Male,64.3,Cheque,Verified
INV001044,2024-11-13,118635,sip,1007,Gujarat,Surat,T30,26-35,Male,14.5,Cheque,Verified
INV000287,2024-11-13,120844,sip,908,Uttar Pradesh,Kanpur,B30,56+,Female,15.9,Cheque,Verified
INV002346,2024-11-13,100033,redemption,16262,Maharashtra,Mumbai,T30,36-45,Male,54.5,Cheque,Verified
INV003593,2024-11-13,120841,sip,15083,Karnataka,Bangalore,T30,26-35,Female,21.6,UPI,Verified
INV003157,2024-11-13,120842,sip,3126,Maharashtra,Pune,T30,36-45,Male,44.7,UPI,Verified
INV004180,2024-11-13,120504,sip,8445,Madhya Pradesh,Bhopal,B30,26-35,Male,17.2,Cheque,Verified
INV000544,2024-11-13,101207,sip,1197,Madhya Pradesh,Bhopal,B30,18-25,Male,3.6,Net Banking,Verified
INV002186,2024-11-13,119598,sip,1893,Haryana,Faridabad,B30,18-25,Female,7.9,UPI,Verified
INV002185,2024-11-13,119552,sip,17713,Punjab,Chandigarh,T30,26-35,Male,21.0,Mandate,Verified
INV000658,2024-11-14,119094,sip,46253,Gujarat,Ahmedabad,T30,26-35,Male,14.1,Mandate,Verified
INV004380,2024-11-14,119552,redemption,23568,Gujarat,Surat,T30,36-45,Male,16.6,Mandate,Verified
INV003261,2024-11-14,119552,sip,2927,Punjab,Amritsar,B30,26-35,Male,10.5,Net Banking,Verified
INV000220,2024-11-14,119092,lumpsum,196315,Uttar Pradesh,Lucknow,T30,36-45,Male,48.1,Cheque,Verified
INV000856,2024-11-14,125497,sip,2349,Madhya Pradesh,Indore,T30,26-35,Male,24.8,Cheque,Verified
INV001025,2024-11-14,120504,sip,1174,Maharashtra,Pune,T30,18-25,Male,5.7,UPI,Verified
INV002275,2024-11-14,118636,lumpsum,281689,Maharashtra,Mumbai,T30,18-25,Male,7.1,UPI,Verified
INV001116,2024-11-14,148568,sip,814,Haryana,Faridabad,B30,36-45,Male,17.8,Net Banking,Verified
INV002700,2024-11-14,120506,redemption,49358,Tamil Nadu,Coimbatore,B30,26-35,Male,8.1,UPI,Verified
INV000192,2024-11-14,125497,redemption,448844,Haryana,Faridabad,B30,26-35,Male,24.4,Net Banking,Verified
INV002944,2024-11-14,119551,lumpsum,482809,Karnataka,Mysore,B30,36-45,Female,28.1,Net Banking,Verified
INV004820,2024-11-14,119094,lumpsum,339263,Punjab,Chandigarh,T30,26-35,Male,10.4,Net Banking,Verified
INV002261,2024-11-14,120505,sip,490,Uttar Pradesh,Kanpur,B30,18-25,Male,5.0,UPI,Verified
INV001020,2024-11-14,100016,lumpsum,446646,Maharashtra,Mumbai,T30,26-35,Female,13.5,UPI,Verified
INV000651,2024-11-14,125498,redemption,132885,Delhi,New Delhi,T30,18-25,Male,6.0,Cheque,Verified
INV004519,2024-11-14,101208,lumpsum,149035,Tamil Nadu,Coimbatore,B30,18-25,Female,6.2,Mandate,Verified
INV004845,2024-11-14,118633,lumpsum,389605,West Bengal,Kolkata,T30,18-25,Male,7.5,Net Banking,Verified
INV002488,2024-11-14,102885,sip,53790,Delhi,Gurugram,T30,26-35,Male,12.2,UPI,Verified
INV001241,2024-11-14,119120,redemption,78479,Tamil Nadu,Chennai,T30,36-45,Female,18.3,Mandate,Verified
INV001943,2024-11-14,118636,sip,1021,West Bengal,Kolkata,T30,56+,Female,28.3,Mandate,Verified
INV002104,2024-11-14,118636,sip,537,Maharashtra,Mumbai,T30,26-35,Female,15.0,UPI,Verified
INV002896,2024-11-14,120842,lumpsum,50619,Maharashtra,Nashik,B30,26-35,Male,21.5,Mandate,Verified
INV002767,2024-11-14,125498,sip,524,Madhya Pradesh,Indore,T30,26-35,Male,10.8,Cheque,Verified
INV004191,2024-11-14,100025,lumpsum,228290,Maharashtra,Nashik,B30,26-35,Female,19.5,Mandate,Verified
INV001439,2024-11-14,119095,redemption,171310,Karnataka,Bangalore,T30,18-25,Female,5.3,UPI,Pending
INV003855,2024-11-14,101207,sip,28194,Haryana,Faridabad,B30,56+,Male,58.1,UPI,Verified
INV000678,2024-11-14,119599,redemption,235338,Gujarat,Surat,T30,26-35,Male,19.1,Mandate,Verified
INV000658,2024-11-14,125497,sip,25805,Gujarat,Ahmedabad,T30,26-35,Male,14.1,UPI,Verified
INV000511,2024-11-14,148569,lumpsum,124454,Punjab,Chandigarh,T30,46-55,Male,88.7,UPI,Verified
INV003125,2024-11-14,102885,sip,456,Punjab,Chandigarh,T30,36-45,Female,30.8,Net Banking,Verified
INV002800,2024-11-14,119092,sip,50876,West Bengal,Kolkata,T30,36-45,Male,51.9,UPI,Verified
INV001110,2024-11-14,118633,sip,8502,Punjab,Amritsar,B30,26-35,Male,21.9,Cheque,Verified
INV004650,2024-11-14,120505,lumpsum,73400,Punjab,Chandigarh,T30,56+,Male,28.2,UPI,Verified
INV002148,2024-11-14,149324,sip,8701,Uttar Pradesh,Lucknow,T30,26-35,Male,9.8,Net Banking,Verified
INV004419,2024-11-14,120507,lumpsum,425726,Karnataka,Mysore,B30,18-25,Female,3.1,Net Banking,Verified
INV004006,2024-11-14,120506,sip,9190,Tamil Nadu,Coimbatore,B30,56+,Male,59.1,Net Banking,Pending
INV000242,2024-11-14,101208,sip,4365,Maharashtra,Nashik,B30,36-45,Male,40.2,Mandate,Verified
INV002227,2024-11-14,149323,sip,6287,Uttar Pradesh,Lucknow,T30,26-35,Female,12.5,UPI,Verified
INV000029,2024-11-14,102886,redemption,508769,Rajasthan,Udaipur,B30,26-35,Female,7.6,UPI,Verified
INV003487,2024-11-14,100033,redemption,506262,Gujarat,Ahmedabad,T30,26-35,Female,12.0,Net Banking,Verified
INV003351,2024-11-14,118634,sip,2467,Delhi,New Delhi,T30,26-35,Male,9.5,UPI,Verified
INV003552,2024-11-14,120844,sip,1873,Gujarat,Surat,T30,26-35,Male,17.0,Cheque,Verified
INV000876,2024-11-14,125497,redemption,134352,Tamil Nadu,Chennai,T30,26-35,Male,17.4,Mandate,Pending
INV002325,2024-11-14,119093,sip,4411,Rajasthan,Udaipur,B30,36-45,Male,48.8,UPI,Verified
INV003005,2024-11-14,101206,sip,25977,Punjab,Amritsar,B30,26-35,Male,24.5,UPI,Verified
INV004063,2024-11-14,120505,sip,28264,Haryana,Gurugram,T30,36-45,Male,19.3,Mandate,Verified
INV003563,2024-11-14,149324,sip,28778,Haryana,Gurugram,T30,46-55,Male,41.8,Cheque,Verified
INV000944,2024-11-14,120504,sip,541,Haryana,Faridabad,B30,36-45,Female,16.9,UPI,Verified
INV000237,2024-11-14,118634,lumpsum,11228,Delhi,Gurugram,T30,36-45,Male,43.0,UPI,Verified
INV004460,2024-11-14,100016,sip,906,Haryana,Gurugram,T30,26-35,Male,24.7,Cheque,Verified
INV004629,2024-11-14,102887,sip,3483,Karnataka,Bangalore,T30,18-25,Female,4.9,Cheque,Verified
INV002141,2024-11-14,119095,sip,46479,Delhi,New Delhi,T30,46-55,Male,36.2,Mandate,Verified
INV004932,2024-11-14,148567,lumpsum,398520,Tamil Nadu,Chennai,T30,26-35,Female,21.1,UPI,Verified
INV003190,2024-11-14,119095,sip,2734,Punjab,Chandigarh,T30,26-35,Female,19.6,Cheque,Verified
INV002586,2024-11-14,118636,lumpsum,32000,West Bengal,Kolkata,T30,26-35,Female,9.1,Mandate,Verified
INV000094,2024-11-14,101207,sip,12695,West Bengal,Kolkata,T30,18-25,Male,3.7,UPI,Verified
INV000590,2024-11-14,118632,sip,9456,Gujarat,Ahmedabad,T30,36-45,Male,23.3,Cheque,Verified
INV004794,2024-11-14,118633,sip,2200,Rajasthan,Udaipur,B30,36-45,Female,46.0,Cheque,Verified
INV003419,2024-11-14,149324,lumpsum,139656,Maharashtra,Pune,T30,18-25,Male,5.3,Cheque,Verified
INV001966,2024-11-14,119599,sip,2674,Telangana,Hyderabad,T30,18-25,Male,4.0,Net Banking,Verified
INV004314,2024-11-14,125497,redemption,42040,Haryana,Gurugram,T30,26-35,Male,19.2,UPI,Verified
INV002993,2024-11-14,149322,sip,27093,Maharashtra,Pune,T30,46-55,Male,36.0,Net Banking,Verified
INV004069,2024-11-14,120506,sip,17240,Delhi,Noida,T30,26-35,Male,21.8,Net Banking,Verified
INV004314,2024-11-14,119092,sip,2305,Haryana,Gurugram,T30,26-35,Male,19.2,Mandate,Verified
INV001689,2024-11-14,125497,sip,25078,Haryana,Faridabad,B30,36-45,Male,40.4,UPI,Verified
INV001552,2024-11-14,102885,lumpsum,130167,Rajasthan,Jaipur,T30,46-55,Female,68.5,Mandate,Verified
INV001751,2024-11-14,149322,sip,22576,Tamil Nadu,Coimbatore,B30,18-25,Male,6.8,Cheque,Verified
INV003055,2024-11-14,119599,sip,5162,Madhya Pradesh,Indore,T30,26-35,Female,18.0,UPI,Verified
INV003018,2024-11-14,100033,sip,2331,Delhi,Gurugram,T30,36-45,Male,14.1,Net Banking,Verified
INV001001,2024-11-14,102887,sip,953,Madhya Pradesh,Indore,T30,26-35,Female,20.7,Net Banking,Verified
INV003902,2024-11-14,102885,sip,811,Karnataka,Mysore,B30,26-35,Male,23.1,UPI,Verified
INV003493,2024-11-14,101207,sip,2392,Gujarat,Surat,T30,18-25,Male,4.2,Mandate,Verified
INV004310,2024-11-14,100016,sip,11918,Telangana,Hyderabad,T30,36-45,Male,18.3,Cheque,Pending
INV004633,2024-11-15,101207,sip,27766,Telangana,Hyderabad,T30,18-25,Female,4.9,Mandate,Verified
INV000473,2024-11-15,102885,sip,3414,Karnataka,Mysore,B30,36-45,Male,15.4,Net Banking,Verified
INV002547,2024-11-15,120507,lumpsum,350729,Haryana,Gurugram,T30,26-35,Male,7.3,Mandate,Verified
INV002671,2024-11-15,119120,sip,5230,Madhya Pradesh,Indore,T30,18-25,Male,6.3,Mandate,Verified
INV001112,2024-11-15,102885,sip,11413,Delhi,Gurugram,T30,46-55,Male,82.5,Net Banking,Verified
INV000236,2024-11-15,118636,sip,3250,Karnataka,Bangalore,T30,36-45,Male,26.2,Net Banking,Pending
INV002657,2024-11-15,120505,sip,9235,Punjab,Amritsar,B30,36-45,Male,50.0,Mandate,Verified
INV001891,2024-11-15,119092,sip,1637,West Bengal,Kolkata,T30,26-35,Male,22.2,UPI,Verified
INV003282,2024-11-15,102885,sip,468,Madhya Pradesh,Bhopal,B30,18-25,Male,7.6,Cheque,Verified
INV001147,2024-11-15,119094,lumpsum,403637,Tamil Nadu,Coimbatore,B30,36-45,Female,14.6,Mandate,Verified
INV000339,2024-11-15,100016,sip,27710,Uttar Pradesh,Kanpur,B30,26-35,Male,22.3,Net Banking,Verified
INV003678,2024-11-15,119120,sip,3490,Gujarat,Ahmedabad,T30,26-35,Male,6.6,Cheque,Verified
INV000795,2024-11-15,118634,lumpsum,32927,Uttar Pradesh,Kanpur,B30,36-45,Male,37.2,Net Banking,Verified
INV003057,2024-11-15,118634,redemption,198137,Punjab,Chandigarh,T30,18-25,Male,6.4,UPI,Verified
INV000858,2024-11-15,102887,redemption,250412,Tamil Nadu,Chennai,T30,36-45,Female,28.7,Cheque,Verified
INV001353,2024-11-15,118636,sip,4726,Punjab,Amritsar,B30,26-35,Male,6.5,UPI,Verified
INV003140,2024-11-15,120504,lumpsum,171433,West Bengal,Kolkata,T30,26-35,Male,16.9,UPI,Verified
INV004087,2024-11-15,101207,lumpsum,224044,Uttar Pradesh,Lucknow,T30,18-25,Male,5.5,UPI,Verified
INV003763,2024-11-15,118633,sip,4796,Haryana,Faridabad,B30,26-35,Female,19.1,UPI,Verified
INV001331,2024-11-15,100016,lumpsum,44991,Gujarat,Ahmedabad,T30,26-35,Male,17.5,Mandate,Verified
INV003783,2024-11-15,120844,sip,4537,Madhya Pradesh,Indore,T30,18-25,Male,3.5,UPI,Verified
INV004135,2024-11-15,119598,redemption,337462,Tamil Nadu,Coimbatore,B30,26-35,Female,18.7,Net Banking,Verified
INV000444,2024-11-15,149324,lumpsum,14028,Maharashtra,Pune,T30,36-45,Female,42.1,Net Banking,Verified
INV003970,2024-11-15,119094,sip,4102,Telangana,Hyderabad,T30,18-25,Male,4.1,Net Banking,Verified
INV002185,2024-11-15,148567,lumpsum,331692,Punjab,Chandigarh,T30,26-35,Male,21.0,UPI,Pending
INV003778,2024-11-15,120505,lumpsum,356733,Tamil Nadu,Chennai,T30,36-45,Male,59.4,Cheque,Verified
INV003499,2024-11-15,120843,sip,562,Karnataka,Mysore,B30,18-25,Male,4.7,Mandate,Verified
INV003017,2024-11-15,120841,lumpsum,356696,West Bengal,Kolkata,T30,56+,Male,75.3,UPI,Verified
INV002081,2024-11-15,125498,lumpsum,43482,Telangana,Hyderabad,T30,26-35,Male,14.2,Net Banking,Verified
INV001337,2024-11-15,125498,lumpsum,337556,Tamil Nadu,Chennai,T30,26-35,Male,10.0,Mandate,Verified
INV000751,2024-11-15,149323,sip,5471,Uttar Pradesh,Kanpur,B30,36-45,Male,17.7,Net Banking,Verified
INV001775,2024-11-15,120844,sip,3009,Uttar Pradesh,Kanpur,B30,26-35,Female,8.3,Mandate,Verified
INV003907,2024-11-15,120504,sip,21558,Gujarat,Surat,T30,46-55,Male,62.6,Net Banking,Verified
INV002578,2024-11-15,148568,lumpsum,18236,Telangana,Hyderabad,T30,26-35,Male,20.9,Net Banking,Verified
INV001052,2024-11-15,101207,sip,977,Karnataka,Mysore,B30,26-35,Female,8.6,Net Banking,Verified
INV002744,2024-11-15,125497,sip,2576,Karnataka,Bangalore,T30,36-45,Male,25.9,Mandate,Verified
INV000554,2024-11-15,101206,redemption,284712,Delhi,Noida,T30,36-45,Male,12.3,Cheque,Verified
INV002276,2024-11-15,148567,sip,5344,Telangana,Hyderabad,T30,46-55,Male,88.0,Cheque,Verified
INV000920,2024-11-15,119092,lumpsum,435975,Delhi,Gurugram,T30,56+,Male,19.8,Cheque,Verified
INV003243,2024-11-15,118632,sip,579,Rajasthan,Jaipur,T30,18-25,Female,4.0,Net Banking,Verified
INV003276,2024-11-15,148567,sip,8191,Telangana,Hyderabad,T30,46-55,Male,45.0,Cheque,Verified
INV002737,2024-11-15,120505,sip,17075,Gujarat,Ahmedabad,T30,18-25,Female,5.4,Mandate,Pending
INV000321,2024-11-15,148568,sip,14286,Maharashtra,Mumbai,T30,26-35,Male,24.2,UPI,Verified
INV003296,2024-11-15,120505,lumpsum,59896,Haryana,Gurugram,T30,26-35,Female,11.3,Net Banking,Verified
INV002051,2024-11-15,125498,sip,2094,Gujarat,Ahmedabad,T30,46-55,Female,56.2,Mandate,Verified
INV004065,2024-11-15,120505,redemption,475285,Tamil Nadu,Chennai,T30,26-35,Male,6.1,Net Banking,Verified
INV003161,2024-11-15,120506,lumpsum,372947,Uttar Pradesh,Kanpur,B30,36-45,Female,30.2,Net Banking,Verified
INV004238,2024-11-15,101206,sip,4921,Haryana,Faridabad,B30,36-45,Male,40.2,Net Banking,Verified
INV001260,2024-11-15,102885,redemption,352411,Delhi,Gurugram,T30,26-35,Male,23.4,UPI,Verified
INV000702,2024-11-15,119095,redemption,274867,Tamil Nadu,Coimbatore,B30,46-55,Female,94.1,Cheque,Verified
INV002533,2024-11-15,120505,sip,4743,Haryana,Faridabad,B30,46-55,Male,73.5,Net Banking,Verified
INV003549,2024-11-15,119599,redemption,256179,Maharashtra,Pune,T30,56+,Male,76.9,UPI,Verified
INV000113,2024-11-15,100033,sip,10401,Punjab,Chandigarh,T30,26-35,Female,7.3,Cheque,Verified
INV002236,2024-11-15,102885,redemption,428610,Delhi,New Delhi,T30,26-35,Male,21.6,UPI,Verified
INV001739,2024-11-15,102885,sip,58708,West Bengal,Kolkata,T30,36-45,Female,45.5,Mandate,Pending
INV004923,2024-11-15,102886,sip,21697,Karnataka,Mysore,B30,26-35,Male,19.3,Cheque,Verified
INV003073,2024-11-15,120504,redemption,339801,Punjab,Amritsar,B30,26-35,Male,11.9,Cheque,Verified
INV000941,2024-11-15,118635,lumpsum,193849,Rajasthan,Udaipur,B30,26-35,Male,7.2,Cheque,Verified
INV003611,2024-11-15,102886,sip,40203,Uttar Pradesh,Kanpur,B30,18-25,Male,4.8,Mandate,Verified
INV000283,2024-11-15,119598,lumpsum,314691,West Bengal,Kolkata,T30,46-55,Male,18.1,Cheque,Verified
INV004345,2024-11-15,118636,sip,506,West Bengal,Kolkata,T30,36-45,Female,33.3,Cheque,Verified
INV003297,2024-11-15,148568,sip,2905,Madhya Pradesh,Bhopal,B30,36-45,Female,16.3,Net Banking,Verified
INV000383,2024-11-16,120507,lumpsum,167914,Telangana,Hyderabad,T30,26-35,Female,23.4,UPI,Verified
INV000788,2024-11-16,149324,lumpsum,273569,Haryana,Gurugram,T30,26-35,Male,20.7,UPI,Verified
INV000339,2024-11-16,120844,sip,12489,Uttar Pradesh,Kanpur,B30,26-35,Male,22.3,Cheque,Verified
INV004103,2024-11-16,118632,lumpsum,83786,Gujarat,Ahmedabad,T30,46-55,Male,45.0,Net Banking,Verified
INV003381,2024-11-16,149323,sip,25399,Madhya Pradesh,Indore,T30,36-45,Female,12.1,Net Banking,Verified
INV000117,2024-11-16,118636,sip,2919,Karnataka,Bangalore,T30,26-35,Female,15.6,Net Banking,Verified
INV000013,2024-11-16,119598,sip,11684,Maharashtra,Nashik,B30,18-25,Male,5.2,Cheque,Verified
INV004168,2024-11-16,100033,sip,2011,Maharashtra,Nashik,B30,36-45,Female,20.9,Mandate,Pending
INV001451,2024-11-16,119092,sip,26908,Madhya Pradesh,Indore,T30,36-45,Male,33.0,Mandate,Pending
INV002647,2024-11-16,101207,sip,21809,Rajasthan,Jaipur,T30,46-55,Male,87.0,Cheque,Pending
INV001287,2024-11-16,119599,sip,15131,Telangana,Hyderabad,T30,36-45,Female,19.1,UPI,Verified
INV003868,2024-11-16,120505,sip,15771,Gujarat,Surat,T30,36-45,Male,25.8,Mandate,Verified
INV000039,2024-11-16,101207,sip,57252,Madhya Pradesh,Bhopal,B30,26-35,Male,6.5,Cheque,Verified
INV000415,2024-11-16,120507,sip,5251,Maharashtra,Pune,T30,36-45,Female,20.3,Cheque,Verified
INV001799,2024-11-16,119599,sip,6191,Rajasthan,Udaipur,B30,56+,Female,45.2,Cheque,Verified
INV000365,2024-11-16,102886,lumpsum,44320,Tamil Nadu,Chennai,T30,46-55,Male,67.2,Net Banking,Verified
INV003528,2024-11-16,120842,sip,3008,Madhya Pradesh,Bhopal,B30,18-25,Female,3.6,Net Banking,Verified
INV002372,2024-11-16,101206,sip,1758,Maharashtra,Pune,T30,36-45,Female,28.6,UPI,Verified
INV000500,2024-11-16,119551,sip,8845,West Bengal,Kolkata,T30,26-35,Female,19.9,Cheque,Verified
INV001942,2024-11-16,118633,sip,47641,Tamil Nadu,Coimbatore,B30,26-35,Female,20.3,Cheque,Pending
INV004529,2024-11-16,101207,sip,401,Uttar Pradesh,Kanpur,B30,18-25,Male,6.3,Mandate,Verified
INV001458,2024-11-16,119120,sip,10973,Tamil Nadu,Coimbatore,B30,46-55,Male,34.9,Net Banking,Verified
INV002933,2024-11-16,120505,sip,47279,Madhya Pradesh,Indore,T30,36-45,Female,39.4,Mandate,Verified
INV001186,2024-11-16,149323,sip,7645,Maharashtra,Pune,T30,26-35,Male,19.8,UPI,Verified
INV000024,2024-11-16,120503,lumpsum,509922,Delhi,Gurugram,T30,36-45,Female,27.0,Net Banking,Verified
INV000780,2024-11-16,149322,sip,6159,Rajasthan,Jaipur,T30,26-35,Male,13.2,UPI,Pending
INV001395,2024-11-16,118632,sip,3573,Telangana,Hyderabad,T30,56+,Male,53.5,UPI,Verified
INV003880,2024-11-16,119094,sip,15563,Gujarat,Surat,T30,26-35,Male,9.6,Cheque,Verified
INV004751,2024-11-16,118636,sip,3428,Maharashtra,Pune,T30,36-45,Female,15.6,Cheque,Pending
INV003974,2024-11-16,148568,sip,502,Maharashtra,Nashik,B30,46-55,Male,73.6,UPI,Verified
INV003000,2024-11-16,119120,sip,1693,Delhi,Gurugram,T30,36-45,Male,32.3,UPI,Verified
INV001878,2024-11-16,102886,lumpsum,77938,West Bengal,Kolkata,T30,26-35,Male,7.8,Mandate,Verified
INV002497,2024-11-16,118636,lumpsum,253926,Telangana,Hyderabad,T30,26-35,Female,13.0,UPI,Verified
INV000969,2024-11-16,125498,lumpsum,400438,Uttar Pradesh,Lucknow,T30,18-25,Male,6.2,Mandate,Verified
INV001014,2024-11-16,120504,lumpsum,263591,Punjab,Chandigarh,T30,18-25,Female,6.9,Cheque,Verified
INV004859,2024-11-16,125497,lumpsum,85938,Uttar Pradesh,Kanpur,B30,18-25,Male,3.3,Cheque,Verified
INV004911,2024-11-16,119094,sip,507,West Bengal,Kolkata,T30,26-35,Female,9.4,Net Banking,Verified
INV003521,2024-11-16,149323,sip,2362,Rajasthan,Jaipur,T30,46-55,Male,95.4,UPI,Verified
INV003630,2024-11-16,120505,sip,2366,Karnataka,Bangalore,T30,18-25,Female,4.9,UPI,Verified
INV000090,2024-11-16,119598,lumpsum,416265,Rajasthan,Udaipur,B30,26-35,Female,23.7,Cheque,Verified
INV001936,2024-11-16,148568,lumpsum,298176,West Bengal,Kolkata,T30,36-45,Female,42.7,Cheque,Verified
INV000257,2024-11-16,118632,sip,11562,Gujarat,Surat,T30,36-45,Male,27.9,UPI,Verified
INV004487,2024-11-16,102886,redemption,500166,Maharashtra,Nashik,B30,26-35,Female,24.4,Net Banking,Verified
INV002423,2024-11-16,125498,sip,16966,Haryana,Gurugram,T30,46-55,Male,38.7,Mandate,Verified
INV000185,2024-11-16,118634,sip,4800,Telangana,Hyderabad,T30,46-55,Male,50.3,Cheque,Verified
INV000189,2024-11-16,119092,sip,936,Uttar Pradesh,Lucknow,T30,36-45,Male,47.3,Mandate,Verified
INV001080,2024-11-16,148567,sip,1111,Tamil Nadu,Chennai,T30,18-25,Female,7.3,UPI,Pending
INV004748,2024-11-16,119120,redemption,267971,Delhi,Noida,T30,26-35,Male,12.6,UPI,Verified
INV004226,2024-11-16,120841,redemption,327701,Punjab,Chandigarh,T30,18-25,Male,3.9,Mandate,Verified
INV000061,2024-11-16,119598,redemption,217242,Tamil Nadu,Chennai,T30,26-35,Female,23.3,Cheque,Verified
INV003868,2024-11-16,120844,lumpsum,125293,Gujarat,Surat,T30,36-45,Male,25.8,Net Banking,Verified
INV001320,2024-11-16,149322,sip,24400,Punjab,Amritsar,B30,36-45,Male,31.8,UPI,Verified
INV001596,2024-11-16,118636,lumpsum,168822,Telangana,Hyderabad,T30,46-55,Male,61.3,UPI,Verified
INV000556,2024-11-16,101206,sip,2653,Rajasthan,Udaipur,B30,18-25,Male,7.2,Mandate,Verified
INV004001,2024-11-16,148567,sip,1099,Delhi,Noida,T30,56+,Female,52.7,Net Banking,Verified
INV001933,2024-11-16,118636,lumpsum,143680,Rajasthan,Udaipur,B30,26-35,Male,16.4,Net Banking,Verified
INV003658,2024-11-16,148568,sip,3179,West Bengal,Kolkata,T30,26-35,Male,6.3,Cheque,Verified
INV004881,2024-11-16,118636,sip,9271,Delhi,New Delhi,T30,18-25,Male,3.8,UPI,Verified
INV000239,2024-11-16,125497,redemption,55335,Punjab,Amritsar,B30,36-45,Female,13.2,Cheque,Verified
INV002915,2024-11-16,149323,sip,2464,West Bengal,Kolkata,T30,18-25,Male,7.7,UPI,Verified
INV004837,2024-11-16,119092,lumpsum,118662,Punjab,Amritsar,B30,18-25,Male,5.7,Net Banking,Verified
INV004797,2024-11-16,119094,lumpsum,69525,Gujarat,Ahmedabad,T30,56+,Male,18.9,Mandate,Verified
INV002639,2024-11-17,118633,sip,3345,Gujarat,Ahmedabad,T30,36-45,Male,20.7,Net Banking,Verified
INV002640,2024-11-17,101208,sip,20117,Haryana,Faridabad,B30,56+,Female,50.5,UPI,Verified
INV002868,2024-11-17,101206,lumpsum,163011,Gujarat,Ahmedabad,T30,26-35,Female,24.7,UPI,Pending
INV004621,2024-11-17,100033,lumpsum,323636,Punjab,Amritsar,B30,36-45,Female,16.9,Net Banking,Verified
INV004348,2024-11-17,118635,sip,28127,Delhi,New Delhi,T30,26-35,Female,13.4,Mandate,Verified
INV002195,2024-11-17,100033,sip,2244,Telangana,Hyderabad,T30,26-35,Male,24.5,Cheque,Verified
INV002445,2024-11-17,119551,sip,5471,Punjab,Chandigarh,T30,26-35,Male,9.5,UPI,Verified
INV004753,2024-11-17,119094,sip,476,Karnataka,Mysore,B30,36-45,Female,18.4,UPI,Verified
INV001528,2024-11-17,101208,lumpsum,369321,Telangana,Hyderabad,T30,26-35,Female,20.7,Cheque,Verified
INV002819,2024-11-17,119094,sip,5462,West Bengal,Kolkata,T30,26-35,Male,24.1,Net Banking,Verified
INV004078,2024-11-17,101207,sip,3164,Delhi,Noida,T30,18-25,Male,3.8,Mandate,Verified
INV002849,2024-11-17,118634,redemption,391715,Madhya Pradesh,Indore,T30,26-35,Male,21.3,UPI,Verified
INV000548,2024-11-17,119120,sip,2584,Karnataka,Mysore,B30,36-45,Male,53.2,Cheque,Verified
INV004272,2024-11-17,149322,sip,2229,Madhya Pradesh,Bhopal,B30,46-55,Female,25.5,Net Banking,Verified
INV002859,2024-11-17,120506,sip,980,Madhya Pradesh,Indore,T30,26-35,Male,20.1,Mandate,Verified
INV002360,2024-11-17,101206,sip,44955,Maharashtra,Mumbai,T30,26-35,Male,11.6,Net Banking,Verified
INV003382,2024-11-17,118633,sip,23984,Karnataka,Bangalore,T30,26-35,Male,19.8,UPI,Verified
INV002516,2024-11-17,120504,lumpsum,373001,Uttar Pradesh,Agra,B30,36-45,Female,39.6,Mandate,Verified
INV001920,2024-11-17,119093,sip,25012,Madhya Pradesh,Indore,T30,36-45,Female,24.5,UPI,Verified
INV004593,2024-11-17,102887,sip,5853,Punjab,Amritsar,B30,26-35,Male,13.7,Cheque,Pending
INV002319,2024-11-17,102887,redemption,85268,Karnataka,Mysore,B30,26-35,Male,8.7,Cheque,Verified
INV004290,2024-11-17,119095,lumpsum,417645,Gujarat,Ahmedabad,T30,46-55,Male,41.9,Mandate,Pending
INV003259,2024-11-17,100025,sip,1796,West Bengal,Kolkata,T30,56+,Male,42.1,Cheque,Verified
INV004006,2024-11-17,100033,lumpsum,96771,Tamil Nadu,Coimbatore,B30,56+,Male,59.1,UPI,Verified
INV000356,2024-11-17,120506,sip,2987,Haryana,Faridabad,B30,56+,Male,71.7,Mandate,Verified
INV000177,2024-11-17,125498,sip,17069,Rajasthan,Jaipur,T30,26-35,Male,17.6,Mandate,Verified
INV002419,2024-11-17,120841,redemption,12481,Madhya Pradesh,Bhopal,B30,36-45,Male,58.7,Mandate,Verified
INV004614,2024-11-17,120504,redemption,255699,Delhi,New Delhi,T30,18-25,Male,7.7,UPI,Verified
INV003568,2024-11-17,149323,sip,12644,Tamil Nadu,Chennai,T30,18-25,Female,5.3,UPI,Verified
INV002883,2024-11-17,148568,sip,7203,West Bengal,Kolkata,T30,26-35,Female,12.5,Mandate,Verified
INV004333,2024-11-17,100016,lumpsum,229582,Telangana,Hyderabad,T30,36-45,Female,14.8,UPI,Verified
INV002051,2024-11-17,148569,lumpsum,164635,Gujarat,Ahmedabad,T30,46-55,Female,56.2,Mandate,Verified
INV003698,2024-11-17,125497,redemption,196705,Madhya Pradesh,Bhopal,B30,36-45,Female,41.5,Cheque,Verified
INV003627,2024-11-17,118636,redemption,262944,Telangana,Hyderabad,T30,36-45,Male,39.9,Net Banking,Verified
INV001442,2024-11-17,125497,sip,2115,Uttar Pradesh,Lucknow,T30,26-35,Male,16.2,Net Banking,Verified
INV000268,2024-11-17,119092,sip,6621,Haryana,Gurugram,T30,18-25,Female,4.7,Mandate,Verified
INV004477,2024-11-17,100025,lumpsum,264119,Delhi,Gurugram,T30,46-55,Female,88.3,Mandate,Verified
INV001751,2024-11-17,119551,sip,3586,Tamil Nadu,Coimbatore,B30,18-25,Male,6.8,Mandate,Verified
INV004354,2024-11-17,118635,sip,4850,Uttar Pradesh,Kanpur,B30,26-35,Female,17.8,Cheque,Pending
INV000230,2024-11-17,125498,lumpsum,46681,Haryana,Faridabad,B30,18-25,Male,3.3,Mandate,Verified
INV004638,2024-11-17,118634,sip,7921,Delhi,New Delhi,T30,26-35,Male,6.3,UPI,Verified
INV001687,2024-11-17,120505,sip,2728,West Bengal,Kolkata,T30,26-35,Male,7.6,Cheque,Verified
INV002890,2024-11-17,101207,sip,2439,Rajasthan,Jaipur,T30,36-45,Female,49.2,Cheque,Verified
INV001844,2024-11-17,148569,lumpsum,78897,West Bengal,Kolkata,T30,26-35,Female,18.8,UPI,Verified
INV000672,2024-11-17,118634,sip,528,Rajasthan,Jaipur,T30,26-35,Male,18.8,Mandate,Pending
INV004928,2024-11-17,120844,sip,3046,Maharashtra,Pune,T30,36-45,Male,17.1,Net Banking,Verified
INV003075,2024-11-17,118633,lumpsum,316255,Delhi,Gurugram,T30,46-55,Male,83.5,Cheque,Pending
INV002199,2024-11-17,120843,sip,9805,Gujarat,Ahmedabad,T30,26-35,Male,18.6,Net Banking,Verified
INV000995,2024-11-17,120844,redemption,38284,Delhi,New Delhi,T30,56+,Male,34.6,Mandate,Verified
INV004794,2024-11-17,119093,redemption,117827,Rajasthan,Udaipur,B30,36-45,Female,46.0,Mandate,Pending
INV000474,2024-11-17,118632,sip,5345,Madhya Pradesh,Bhopal,B30,46-55,Male,83.3,Cheque,Verified
INV001210,2024-11-17,148569,sip,53456,Uttar Pradesh,Agra,B30,36-45,Male,25.5,Cheque,Pending
INV000113,2024-11-17,102886,sip,1104,Punjab,Chandigarh,T30,26-35,Female,7.3,UPI,Verified
INV001848,2024-11-17,125498,redemption,257649,Punjab,Chandigarh,T30,26-35,Male,10.9,UPI,Verified
INV004639,2024-11-17,120507,sip,420,Rajasthan,Jaipur,T30,18-25,Female,6.0,Cheque,Verified
INV003297,2024-11-17,119598,lumpsum,291182,Madhya Pradesh,Bhopal,B30,36-45,Female,16.3,Cheque,Verified
INV001058,2024-11-17,120843,lumpsum,500543,Uttar Pradesh,Kanpur,B30,36-45,Male,28.2,UPI,Verified
INV000299,2024-11-17,120507,sip,2363,Delhi,Noida,T30,26-35,Male,24.4,Mandate,Verified
INV004857,2024-11-17,120507,redemption,329464,Delhi,Noida,T30,26-35,Male,15.3,UPI,Verified
INV004821,2024-11-17,120505,lumpsum,250071,Tamil Nadu,Coimbatore,B30,26-35,Female,21.6,Net Banking,Verified
INV004519,2024-11-18,101206,redemption,297129,Tamil Nadu,Coimbatore,B30,18-25,Female,6.2,Net Banking,Verified
INV001867,2024-11-18,119120,lumpsum,279654,Rajasthan,Jaipur,T30,26-35,Male,22.1,Cheque,Verified
INV001970,2024-11-18,120503,lumpsum,211064,Gujarat,Surat,T30,36-45,Male,55.1,Net Banking,Verified
INV002328,2024-11-18,101206,lumpsum,170601,Haryana,Gurugram,T30,26-35,Male,11.6,Mandate,Verified
INV002966,2024-11-18,120841,sip,50434,Gujarat,Ahmedabad,T30,26-35,Female,18.4,Net Banking,Verified
INV003438,2024-11-18,101206,lumpsum,390383,Delhi,Noida,T30,26-35,Female,19.6,UPI,Verified
INV001148,2024-11-18,118635,sip,2876,Punjab,Chandigarh,T30,56+,Male,26.7,Cheque,Verified
INV004278,2024-11-18,102885,redemption,203037,Punjab,Chandigarh,T30,26-35,Male,21.8,Mandate,Verified
INV001238,2024-11-18,148569,lumpsum,89158,Haryana,Gurugram,T30,26-35,Male,17.9,UPI,Verified
INV002043,2024-11-18,120842,sip,2238,Uttar Pradesh,Lucknow,T30,18-25,Male,6.7,Cheque,Verified
INV004241,2024-11-18,119552,sip,26095,Maharashtra,Mumbai,T30,36-45,Male,18.9,UPI,Pending
INV003342,2024-11-18,118633,sip,26198,Tamil Nadu,Chennai,T30,56+,Male,32.8,Mandate,Verified
INV003753,2024-11-18,149322,sip,15993,Punjab,Chandigarh,T30,36-45,Male,57.4,UPI,Verified
INV001956,2024-11-18,101206,sip,42366,Rajasthan,Jaipur,T30,26-35,Male,22.1,UPI,Verified
INV000229,2024-11-18,120844,sip,5453,Punjab,Amritsar,B30,26-35,Male,11.0,Cheque,Verified
INV002766,2024-11-18,100016,sip,582,Punjab,Chandigarh,T30,26-35,Female,8.7,Cheque,Pending
INV003256,2024-11-18,149323,sip,57874,Punjab,Amritsar,B30,46-55,Male,26.0,Cheque,Verified
INV001682,2024-11-18,119120,sip,936,Telangana,Hyderabad,T30,26-35,Male,18.6,Net Banking,Verified
INV004224,2024-11-18,119093,sip,485,Haryana,Faridabad,B30,56+,Male,34.4,Cheque,Verified
INV001662,2024-11-18,102887,sip,43067,Delhi,Gurugram,T30,36-45,Male,45.6,Mandate,Verified
INV003811,2024-11-18,102885,sip,8519,Gujarat,Surat,T30,46-55,Female,83.6,Net Banking,Verified
INV003546,2024-11-18,148569,redemption,410493,West Bengal,Kolkata,T30,36-45,Male,16.2,Cheque,Verified
INV004523,2024-11-18,120507,lumpsum,361932,Haryana,Gurugram,T30,26-35,Female,13.5,Net Banking,Verified
INV000279,2024-11-18,120841,lumpsum,364198,Gujarat,Ahmedabad,T30,26-35,Male,12.4,Net Banking,Verified
INV002202,2024-11-18,120507,sip,443,Madhya Pradesh,Indore,T30,18-25,Female,7.1,UPI,Verified
INV004414,2024-11-18,119095,sip,2189,Uttar Pradesh,Lucknow,T30,26-35,Male,6.6,UPI,Verified
INV002499,2024-11-18,118633,redemption,30102,Gujarat,Surat,T30,26-35,Male,23.0,Net Banking,Verified
INV001054,2024-11-18,125498,sip,20112,Delhi,New Delhi,T30,36-45,Female,35.5,UPI,Verified
INV000570,2024-11-18,125498,redemption,407049,Madhya Pradesh,Bhopal,B30,26-35,Male,16.2,Net Banking,Verified
INV004617,2024-11-18,119093,sip,475,Karnataka,Bangalore,T30,26-35,Male,22.1,Mandate,Verified
INV000943,2024-11-18,149324,lumpsum,565153,West Bengal,Kolkata,T30,18-25,Male,5.8,UPI,Verified
INV002098,2024-11-18,118634,sip,2287,Gujarat,Ahmedabad,T30,26-35,Male,15.6,Cheque,Verified
INV001948,2024-11-18,120504,lumpsum,467816,Tamil Nadu,Coimbatore,B30,18-25,Female,4.2,Cheque,Verified
INV003968,2024-11-18,101208,sip,23022,Maharashtra,Mumbai,T30,46-55,Female,58.7,Mandate,Verified
INV003005,2024-11-18,120505,sip,530,Punjab,Amritsar,B30,26-35,Male,24.5,UPI,Verified
INV002750,2024-11-18,120506,redemption,264878,Madhya Pradesh,Bhopal,B30,36-45,Male,41.8,UPI,Verified
INV003961,2024-11-18,119094,redemption,429565,Rajasthan,Udaipur,B30,46-55,Male,39.6,Cheque,Verified
INV004978,2024-11-18,119599,sip,1937,Uttar Pradesh,Lucknow,T30,46-55,Male,34.3,Cheque,Verified
INV002579,2024-11-18,120843,sip,13630,Maharashtra,Mumbai,T30,36-45,Male,30.1,UPI,Verified
INV000356,2024-11-18,120842,sip,6732,Haryana,Faridabad,B30,56+,Male,71.7,Net Banking,Verified
INV000492,2024-11-18,102885,redemption,532340,Telangana,Hyderabad,T30,36-45,Male,12.4,Mandate,Verified
INV001784,2024-11-18,118633,sip,599,Madhya Pradesh,Bhopal,B30,26-35,Male,15.5,Net Banking,Verified
INV003247,2024-11-18,120505,lumpsum,382326,Madhya Pradesh,Indore,T30,46-55,Female,93.1,Cheque,Verified
INV000926,2024-11-18,120504,sip,1681,Delhi,New Delhi,T30,36-45,Male,46.1,Mandate,Verified
INV003206,2024-11-18,149323,lumpsum,52980,Gujarat,Ahmedabad,T30,26-35,Male,24.1,Net Banking,Verified
INV002021,2024-11-18,120843,lumpsum,149589,Maharashtra,Pune,T30,36-45,Male,38.6,Cheque,Verified
INV000469,2024-11-18,119093,lumpsum,179215,Tamil Nadu,Coimbatore,B30,18-25,Male,4.7,Cheque,Verified
INV004984,2024-11-18,148567,sip,6132,Uttar Pradesh,Agra,B30,46-55,Female,78.8,Mandate,Pending
INV001431,2024-11-18,148569,sip,7057,Haryana,Gurugram,T30,56+,Male,59.4,Mandate,Verified
INV004629,2024-11-18,101207,sip,55287,Karnataka,Bangalore,T30,18-25,Female,4.9,UPI,Verified
INV002230,2024-11-18,102886,sip,47788,Delhi,Noida,T30,36-45,Male,21.7,Net Banking,Verified
INV004922,2024-11-18,125498,lumpsum,168679,Haryana,Gurugram,T30,56+,Male,28.2,Net Banking,Verified
INV004692,2024-11-18,102886,sip,56800,Madhya Pradesh,Bhopal,B30,26-35,Male,11.6,UPI,Verified
INV000094,2024-11-18,100033,redemption,368422,West Bengal,Kolkata,T30,18-25,Male,3.7,UPI,Verified
INV002560,2024-11-18,119551,sip,7912,Haryana,Faridabad,B30,26-35,Male,6.4,Mandate,Verified
INV002472,2024-11-18,120505,sip,10908,Maharashtra,Mumbai,T30,26-35,Female,19.1,UPI,Verified
INV003562,2024-11-18,119552,sip,13676,West Bengal,Kolkata,T30,26-35,Female,11.8,Net Banking,Verified
INV002033,2024-11-18,149323,lumpsum,238865,Gujarat,Ahmedabad,T30,46-55,Male,18.9,Mandate,Verified
INV003171,2024-11-18,148568,lumpsum,461023,Rajasthan,Jaipur,T30,36-45,Female,16.3,Cheque,Verified
INV001263,2024-11-18,120506,sip,2472,Rajasthan,Jaipur,T30,36-45,Male,54.6,Mandate,Verified
INV000786,2024-11-18,118635,sip,29775,Madhya Pradesh,Bhopal,B30,26-35,Male,17.9,Net Banking,Verified
INV001442,2024-11-19,120507,redemption,193156,Uttar Pradesh,Lucknow,T30,26-35,Male,16.2,UPI,Verified
INV001697,2024-11-19,119120,sip,3306,Haryana,Gurugram,T30,18-25,Male,5.4,UPI,Verified
INV004449,2024-11-19,148567,sip,3394,Maharashtra,Pune,T30,36-45,Male,16.6,Mandate,Verified
INV002850,2024-11-19,119092,lumpsum,305368,Uttar Pradesh,Lucknow,T30,46-55,Male,76.5,Mandate,Verified
INV002393,2024-11-19,120844,sip,3386,Madhya Pradesh,Bhopal,B30,26-35,Female,15.2,Cheque,Verified
INV001656,2024-11-19,120844,sip,6158,Madhya Pradesh,Bhopal,B30,26-35,Male,19.4,Cheque,Verified
INV004159,2024-11-19,149324,sip,2596,Delhi,Noida,T30,18-25,Male,6.3,Mandate,Verified
INV001929,2024-11-19,119598,lumpsum,40596,Rajasthan,Jaipur,T30,56+,Male,60.1,Net Banking,Verified
INV003656,2024-11-19,125497,sip,7044,Rajasthan,Udaipur,B30,36-45,Female,58.5,UPI,Verified
INV001940,2024-11-19,120843,sip,2064,Delhi,New Delhi,T30,36-45,Male,28.4,Mandate,Pending
INV000216,2024-11-19,119092,lumpsum,89631,Karnataka,Mysore,B30,26-35,Male,21.9,Cheque,Verified
INV002338,2024-11-19,118636,sip,425,Delhi,New Delhi,T30,26-35,Male,23.6,Mandate,Verified
INV001431,2024-11-19,119552,sip,515,Haryana,Gurugram,T30,56+,Male,59.4,Net Banking,Verified
INV003149,2024-11-19,120504,sip,7882,Rajasthan,Udaipur,B30,18-25,Male,4.3,Net Banking,Verified
INV003680,2024-11-19,101208,sip,43674,Karnataka,Mysore,B30,26-35,Male,21.3,Net Banking,Verified
INV001659,2024-11-19,119092,sip,9710,Uttar Pradesh,Lucknow,T30,36-45,Female,42.2,UPI,Verified
INV004638,2024-11-19,120506,sip,8155,Delhi,New Delhi,T30,26-35,Male,6.3,Net Banking,Verified
INV003579,2024-11-19,119599,sip,59646,West Bengal,Kolkata,T30,18-25,Male,4.6,Cheque,Verified
INV003317,2024-11-19,148569,sip,2568,Delhi,New Delhi,T30,18-25,Male,6.6,UPI,Verified
INV004528,2024-11-19,148569,sip,54451,Madhya Pradesh,Indore,T30,46-55,Male,82.5,Net Banking,Verified
INV001813,2024-11-19,120843,sip,4162,Karnataka,Mysore,B30,36-45,Male,27.0,UPI,Verified
INV001765,2024-11-19,149322,sip,5058,Uttar Pradesh,Kanpur,B30,46-55,Male,95.2,Net Banking,Pending
INV001161,2024-11-19,119094,sip,15081,Uttar Pradesh,Kanpur,B30,26-35,Male,13.4,Net Banking,Verified
INV001795,2024-11-19,101207,lumpsum,62573,Madhya Pradesh,Indore,T30,46-55,Male,17.7,Cheque,Verified
INV004916,2024-11-19,119095,sip,2913,Haryana,Faridabad,B30,26-35,Male,12.5,Cheque,Pending
INV002576,2024-11-19,100033,lumpsum,103743,Telangana,Hyderabad,T30,26-35,Male,20.3,Cheque,Verified
INV004521,2024-11-19,118635,sip,21992,Gujarat,Ahmedabad,T30,18-25,Male,7.9,UPI,Verified
INV002580,2024-11-19,120841,sip,41440,Rajasthan,Jaipur,T30,36-45,Female,46.0,UPI,Verified
INV004874,2024-11-19,149324,redemption,277947,Tamil Nadu,Coimbatore,B30,46-55,Male,35.2,Cheque,Verified
INV001900,2024-11-19,120505,sip,479,Tamil Nadu,Coimbatore,B30,36-45,Female,19.7,Mandate,Verified
INV000151,2024-11-19,125497,sip,1611,Delhi,New Delhi,T30,18-25,Male,5.1,UPI,Verified
INV002271,2024-11-19,148568,redemption,121167,Tamil Nadu,Chennai,T30,46-55,Female,75.9,Cheque,Verified
INV001623,2024-11-19,102885,sip,2992,Gujarat,Surat,T30,26-35,Female,17.3,UPI,Verified
INV003048,2024-11-19,120506,sip,499,Rajasthan,Jaipur,T30,26-35,Female,20.6,Cheque,Verified
INV000093,2024-11-19,119599,lumpsum,166148,Maharashtra,Mumbai,T30,36-45,Female,59.0,UPI,Verified
INV003041,2024-11-19,120506,lumpsum,20516,Madhya Pradesh,Bhopal,B30,36-45,Male,32.0,Cheque,Verified
INV000708,2024-11-19,100016,lumpsum,176079,Delhi,Noida,T30,26-35,Female,13.5,Cheque,Verified
INV002548,2024-11-19,119093,redemption,519124,Haryana,Gurugram,T30,26-35,Male,21.3,UPI,Verified
INV002120,2024-11-19,101208,sip,48312,Tamil Nadu,Chennai,T30,26-35,Male,13.8,Cheque,Verified
INV000495,2024-11-19,118636,lumpsum,383627,Gujarat,Surat,T30,26-35,Female,7.6,Cheque,Verified
INV001553,2024-11-19,118633,lumpsum,169087,Delhi,Noida,T30,26-35,Male,23.5,Mandate,Verified
INV000400,2024-11-19,149323,lumpsum,49648,Punjab,Chandigarh,T30,26-35,Male,22.1,Net Banking,Verified
INV000079,2024-11-19,120504,sip,2396,Gujarat,Surat,T30,26-35,Male,17.0,Cheque,Verified
INV002863,2024-11-20,120843,sip,442,Rajasthan,Udaipur,B30,36-45,Female,49.8,Mandate,Verified
INV002582,2024-11-20,118632,lumpsum,457543,Telangana,Hyderabad,T30,26-35,Female,11.1,Cheque,Verified
INV004177,2024-11-20,118634,sip,5965,Tamil Nadu,Coimbatore,B30,26-35,Male,14.7,Mandate,Verified
INV002588,2024-11-20,119598,redemption,270674,West Bengal,Kolkata,T30,18-25,Male,5.5,UPI,Verified
INV001348,2024-11-20,100033,redemption,256886,Haryana,Gurugram,T30,26-35,Female,8.6,UPI,Verified
INV004432,2024-11-20,125498,redemption,86157,Haryana,Gurugram,T30,26-35,Male,14.2,UPI,Verified
INV000201,2024-11-20,119598,sip,17163,Madhya Pradesh,Indore,T30,46-55,Male,87.0,UPI,Verified
INV000950,2024-11-20,119120,lumpsum,364028,Punjab,Amritsar,B30,36-45,Male,33.1,Net Banking,Verified
INV001724,2024-11-20,101206,sip,1119,Madhya Pradesh,Indore,T30,26-35,Female,11.9,UPI,Verified
INV002311,2024-11-20,148569,lumpsum,410413,Rajasthan,Udaipur,B30,36-45,Male,31.5,UPI,Pending
INV004795,2024-11-20,100016,lumpsum,336439,Uttar Pradesh,Kanpur,B30,36-45,Female,21.9,Mandate,Verified
INV000231,2024-11-20,102885,lumpsum,212164,Rajasthan,Udaipur,B30,26-35,Female,22.9,Cheque,Verified
INV003066,2024-11-20,125497,lumpsum,22264,Madhya Pradesh,Indore,T30,26-35,Male,20.4,UPI,Pending
INV000890,2024-11-20,120842,sip,1082,Karnataka,Bangalore,T30,26-35,Male,13.5,Cheque,Verified
INV004322,2024-11-20,119598,sip,1194,Tamil Nadu,Chennai,T30,26-35,Female,19.8,Mandate,Verified
INV001434,2024-11-20,120844,sip,9847,Maharashtra,Mumbai,T30,46-55,Male,92.6,Net Banking,Verified
INV003075,2024-11-20,120506,redemption,15951,Delhi,Gurugram,T30,46-55,Male,83.5,UPI,Verified
INV002322,2024-11-20,120505,lumpsum,144732,Tamil Nadu,Chennai,T30,18-25,Male,3.3,Net Banking,Verified
INV003852,2024-11-20,118635,lumpsum,83639,Maharashtra,Mumbai,T30,56+,Male,12.2,Cheque,Verified
INV001823,2024-11-20,118634,lumpsum,407902,Tamil Nadu,Coimbatore,B30,26-35,Male,17.1,Mandate,Verified
INV002692,2024-11-20,100025,lumpsum,457237,West Bengal,Kolkata,T30,26-35,Male,16.7,Mandate,Verified
INV000650,2024-11-20,100033,sip,1952,Karnataka,Mysore,B30,26-35,Male,22.8,Cheque,Verified
INV004573,2024-11-20,118635,sip,6103,Madhya Pradesh,Indore,T30,36-45,Female,36.8,UPI,Verified
INV000366,2024-11-20,119095,lumpsum,99083,Telangana,Hyderabad,T30,36-45,Male,55.4,Cheque,Verified
INV001653,2024-11-20,119094,sip,3118,Maharashtra,Mumbai,T30,36-45,Male,45.4,Mandate,Verified
INV000107,2024-11-20,100025,sip,816,Maharashtra,Mumbai,T30,26-35,Male,14.7,Net Banking,Verified
INV000107,2024-11-20,120844,sip,16242,Maharashtra,Mumbai,T30,26-35,Male,14.7,Mandate,Verified
INV003231,2024-11-20,120844,sip,402,Haryana,Gurugram,T30,26-35,Male,9.1,UPI,Pending
INV003674,2024-11-20,125498,lumpsum,454911,Uttar Pradesh,Kanpur,B30,36-45,Male,32.8,Net Banking,Verified
INV004575,2024-11-20,120504,sip,2018,West Bengal,Kolkata,T30,26-35,Male,9.0,Mandate,Verified
INV001387,2024-11-20,118636,sip,984,Tamil Nadu,Chennai,T30,36-45,Male,37.4,Mandate,Verified
INV002979,2024-11-20,101206,sip,49200,Punjab,Chandigarh,T30,36-45,Female,56.2,Cheque,Verified
INV001160,2024-11-20,149324,sip,16434,Karnataka,Mysore,B30,36-45,Female,13.8,UPI,Pending
INV001504,2024-11-20,119551,sip,546,Haryana,Faridabad,B30,36-45,Male,25.5,Net Banking,Verified
INV003785,2024-11-20,100025,sip,2034,Karnataka,Bangalore,T30,36-45,Male,28.2,Cheque,Verified
INV004173,2024-11-20,125498,sip,2524,West Bengal,Kolkata,T30,26-35,Male,16.9,Cheque,Verified
INV004860,2024-11-20,119551,lumpsum,146101,Punjab,Amritsar,B30,46-55,Male,47.7,UPI,Verified
INV001570,2024-11-20,120842,redemption,81507,Maharashtra,Pune,T30,26-35,Male,16.0,Mandate,Verified
INV003030,2024-11-20,101206,lumpsum,270436,Karnataka,Mysore,B30,18-25,Male,3.1,UPI,Verified
INV000179,2024-11-20,149322,lumpsum,186195,Rajasthan,Udaipur,B30,26-35,Male,10.0,UPI,Verified
INV002607,2024-11-20,118633,redemption,128733,Rajasthan,Udaipur,B30,36-45,Male,57.5,Cheque,Verified
INV004035,2024-11-20,149322,sip,2760,Gujarat,Ahmedabad,T30,26-35,Male,12.2,Cheque,Verified
INV004489,2024-11-20,120841,sip,13797,Haryana,Faridabad,B30,26-35,Male,15.2,Net Banking,Verified
INV004448,2024-11-20,119120,lumpsum,386922,Karnataka,Mysore,B30,26-35,Male,20.3,UPI,Verified
INV001048,2024-11-20,118635,sip,4358,Delhi,New Delhi,T30,46-55,Male,46.6,UPI,Verified
INV002182,2024-11-20,119092,sip,26141,Madhya Pradesh,Bhopal,B30,36-45,Male,54.3,Mandate,Verified
INV000760,2024-11-20,118633,sip,1027,West Bengal,Kolkata,T30,36-45,Male,29.2,Mandate,Verified
INV004853,2024-11-20,125498,sip,851,Haryana,Gurugram,T30,26-35,Female,15.6,Net Banking,Verified
INV001903,2024-11-20,100016,lumpsum,110800,Delhi,New Delhi,T30,26-35,Female,8.8,UPI,Pending
INV004855,2024-11-20,101207,redemption,459096,Madhya Pradesh,Bhopal,B30,36-45,Female,49.4,Mandate,Verified
INV000532,2024-11-20,120844,lumpsum,94824,Madhya Pradesh,Bhopal,B30,26-35,Male,9.0,Mandate,Verified
INV002416,2024-11-20,120844,sip,5660,Telangana,Hyderabad,T30,26-35,Female,15.2,Mandate,Verified
INV004369,2024-11-20,125497,sip,27669,West Bengal,Kolkata,T30,26-35,Male,16.8,Net Banking,Verified
INV003808,2024-11-21,120842,lumpsum,296811,Madhya Pradesh,Bhopal,B30,46-55,Female,62.5,Net Banking,Verified
INV001893,2024-11-21,120844,sip,8382,Punjab,Chandigarh,T30,26-35,Female,12.7,Cheque,Verified
INV002219,2024-11-21,120507,redemption,210546,Karnataka,Mysore,B30,26-35,Male,6.9,Mandate,Verified
INV004812,2024-11-21,118633,lumpsum,16151,Punjab,Amritsar,B30,18-25,Male,4.4,Mandate,Pending
INV003271,2024-11-21,100016,lumpsum,489479,West Bengal,Kolkata,T30,18-25,Male,4.8,Net Banking,Verified
INV003487,2024-11-21,125498,redemption,46712,Gujarat,Ahmedabad,T30,26-35,Female,12.0,Mandate,Verified
INV000714,2024-11-21,118634,sip,15677,Uttar Pradesh,Kanpur,B30,26-35,Female,23.8,Net Banking,Verified
INV004849,2024-11-21,102885,lumpsum,246620,Maharashtra,Pune,T30,46-55,Female,21.9,Net Banking,Verified
INV001609,2024-11-21,148568,sip,1814,Punjab,Chandigarh,T30,26-35,Female,14.0,Mandate,Verified
INV004331,2024-11-21,148569,lumpsum,131549,Tamil Nadu,Coimbatore,B30,26-35,Male,12.4,UPI,Verified
INV000427,2024-11-21,118636,sip,1084,Punjab,Amritsar,B30,56+,Female,18.6,Net Banking,Pending
INV002245,2024-11-21,102885,lumpsum,305116,Karnataka,Mysore,B30,26-35,Female,24.6,Net Banking,Verified
INV004411,2024-11-21,120507,sip,7500,Maharashtra,Mumbai,T30,26-35,Female,13.8,UPI,Verified
INV002118,2024-11-21,102887,sip,1091,Punjab,Chandigarh,T30,26-35,Female,6.6,Cheque,Verified
INV002575,2024-11-21,149322,sip,2339,West Bengal,Kolkata,T30,18-25,Male,7.9,Mandate,Verified
INV003736,2024-11-21,119598,sip,2827,Karnataka,Mysore,B30,18-25,Male,4.9,UPI,Verified
INV004861,2024-11-21,100033,sip,595,Telangana,Hyderabad,T30,18-25,Male,3.6,Net Banking,Verified
INV002703,2024-11-21,118633,lumpsum,396997,Punjab,Amritsar,B30,18-25,Male,3.1,Mandate,Verified
INV000152,2024-11-21,125498,sip,55234,Haryana,Faridabad,B30,56+,Female,58.1,Cheque,Verified
INV003982,2024-11-21,148567,lumpsum,138206,Tamil Nadu,Coimbatore,B30,36-45,Female,34.4,Mandate,Verified
INV003915,2024-11-21,119095,sip,913,Delhi,Noida,T30,26-35,Female,19.7,Net Banking,Verified
INV000791,2024-11-21,148567,sip,2899,Madhya Pradesh,Bhopal,B30,26-35,Male,18.4,Cheque,Verified
INV001639,2024-11-21,120841,sip,1730,West Bengal,Kolkata,T30,56+,Male,14.3,UPI,Verified
INV000589,2024-11-21,101207,sip,8432,Uttar Pradesh,Kanpur,B30,18-25,Female,6.3,UPI,Verified
INV004959,2024-11-21,149323,sip,476,Delhi,New Delhi,T30,18-25,Female,5.8,Mandate,Verified
INV002299,2024-11-21,101206,redemption,495088,Karnataka,Mysore,B30,36-45,Female,26.8,Cheque,Verified
INV001237,2024-11-21,119551,sip,1129,West Bengal,Kolkata,T30,26-35,Male,19.1,UPI,Verified
INV003424,2024-11-21,100025,lumpsum,171705,Madhya Pradesh,Indore,T30,26-35,Female,19.7,Cheque,Verified
INV000707,2024-11-21,120505,sip,9913,Karnataka,Mysore,B30,36-45,Female,46.6,Mandate,Verified
INV000097,2024-11-21,119552,sip,23942,Karnataka,Mysore,B30,18-25,Male,6.0,Cheque,Verified
INV004531,2024-11-21,102885,sip,2570,Haryana,Gurugram,T30,26-35,Male,8.4,Mandate,Verified
INV001010,2024-11-21,118632,sip,1132,Haryana,Faridabad,B30,36-45,Male,12.7,UPI,Verified
INV001281,2024-11-21,119095,lumpsum,42385,Telangana,Hyderabad,T30,18-25,Male,7.9,Net Banking,Verified
INV002208,2024-11-21,100016,sip,4185,Punjab,Chandigarh,T30,56+,Male,61.1,Cheque,Verified
INV000300,2024-11-21,100033,sip,6713,Madhya Pradesh,Bhopal,B30,18-25,Male,3.8,Net Banking,Verified
INV002592,2024-11-21,118633,sip,2822,Madhya Pradesh,Bhopal,B30,26-35,Female,15.7,Net Banking,Verified
INV003113,2024-11-21,120507,sip,8108,Rajasthan,Jaipur,T30,26-35,Male,22.0,Mandate,Verified
INV002459,2024-11-21,101207,sip,4769,Rajasthan,Udaipur,B30,18-25,Female,5.2,Mandate,Verified
INV004014,2024-11-21,119095,sip,54804,Telangana,Hyderabad,T30,56+,Female,27.2,Net Banking,Verified
INV004553,2024-11-21,148568,sip,5943,Tamil Nadu,Coimbatore,B30,26-35,Male,13.7,Mandate,Verified
INV003536,2024-11-21,120504,lumpsum,363033,Maharashtra,Nashik,B30,36-45,Male,36.9,UPI,Verified
INV000525,2024-11-21,120507,sip,7066,Gujarat,Ahmedabad,T30,56+,Female,12.6,UPI,Verified
INV000334,2024-11-21,102886,sip,3561,Uttar Pradesh,Lucknow,T30,56+,Male,22.6,Net Banking,Verified
INV003496,2024-11-21,120843,lumpsum,258332,Telangana,Hyderabad,T30,26-35,Male,14.9,Cheque,Verified
INV003983,2024-11-21,119095,lumpsum,242640,Haryana,Faridabad,B30,26-35,Female,22.3,UPI,Verified
INV003876,2024-11-21,119552,sip,9674,Rajasthan,Udaipur,B30,18-25,Male,5.6,Mandate,Verified
INV003566,2024-11-21,100016,sip,6078,Tamil Nadu,Coimbatore,B30,26-35,Male,8.7,Cheque,Pending
INV001329,2024-11-21,125497,sip,7485,Punjab,Amritsar,B30,36-45,Female,37.2,Net Banking,Verified
INV003671,2024-11-21,119551,sip,6982,Haryana,Gurugram,T30,36-45,Female,22.9,Net Banking,Verified
INV002766,2024-11-21,148568,lumpsum,336273,Punjab,Chandigarh,T30,26-35,Female,8.7,Net Banking,Verified
INV001701,2024-11-21,120507,redemption,133641,Karnataka,Mysore,B30,26-35,Female,24.4,UPI,Verified
INV000181,2024-11-21,119092,redemption,92353,Uttar Pradesh,Lucknow,T30,36-45,Male,36.2,Net Banking,Verified
INV004128,2024-11-21,118634,sip,2705,Haryana,Faridabad,B30,18-25,Male,3.3,Net Banking,Verified
INV000423,2024-11-21,101206,sip,2690,Delhi,Gurugram,T30,26-35,Female,6.2,Net Banking,Verified
INV000181,2024-11-21,119552,sip,5681,Uttar Pradesh,Lucknow,T30,36-45,Male,36.2,Mandate,Verified
INV004421,2024-11-21,100016,redemption,64839,Punjab,Amritsar,B30,26-35,Male,20.5,Mandate,Verified
INV000223,2024-11-21,125497,lumpsum,432318,West Bengal,Kolkata,T30,26-35,Male,6.3,Cheque,Verified
INV001625,2024-11-22,119094,redemption,394499,Uttar Pradesh,Kanpur,B30,46-55,Female,78.2,UPI,Verified
INV002533,2024-11-22,101207,sip,7874,Haryana,Faridabad,B30,46-55,Male,73.5,Mandate,Verified
INV002587,2024-11-22,101208,lumpsum,270220,West Bengal,Kolkata,T30,18-25,Male,7.2,UPI,Pending
INV004264,2024-11-22,100025,redemption,317369,Gujarat,Ahmedabad,T30,36-45,Female,45.2,Mandate,Verified
INV004560,2024-11-22,119552,sip,51423,Tamil Nadu,Coimbatore,B30,36-45,Male,42.7,Net Banking,Verified
INV004630,2024-11-22,120505,sip,40296,Madhya Pradesh,Bhopal,B30,26-35,Female,6.3,Mandate,Verified
INV003341,2024-11-22,120843,sip,12839,Rajasthan,Jaipur,T30,26-35,Male,23.0,UPI,Verified
INV004236,2024-11-22,120841,lumpsum,508060,Punjab,Amritsar,B30,26-35,Female,19.0,Net Banking,Verified
INV003867,2024-11-22,125498,lumpsum,281319,Punjab,Amritsar,B30,18-25,Male,4.4,Cheque,Verified
INV002391,2024-11-22,149323,sip,2380,Madhya Pradesh,Bhopal,B30,18-25,Female,7.9,UPI,Verified
INV001341,2024-11-22,149322,sip,2151,Madhya Pradesh,Indore,T30,46-55,Male,89.7,Net Banking,Verified
INV000183,2024-11-22,120844,sip,4244,Tamil Nadu,Coimbatore,B30,26-35,Male,9.8,UPI,Verified
INV004984,2024-11-22,118636,sip,946,Uttar Pradesh,Agra,B30,46-55,Female,78.8,UPI,Verified
INV002219,2024-11-22,120841,sip,1798,Karnataka,Mysore,B30,26-35,Male,6.9,Cheque,Verified
INV001510,2024-11-22,125498,sip,12844,Gujarat,Surat,T30,26-35,Male,15.4,UPI,Pending
INV001450,2024-11-22,149322,sip,8497,Rajasthan,Udaipur,B30,26-35,Female,16.8,Mandate,Verified
INV000719,2024-11-22,118632,lumpsum,333479,Tamil Nadu,Coimbatore,B30,18-25,Male,6.8,UPI,Verified
INV000383,2024-11-22,101207,redemption,12440,Telangana,Hyderabad,T30,26-35,Female,23.4,Net Banking,Verified
INV004064,2024-11-22,119598,sip,6651,Uttar Pradesh,Lucknow,T30,26-35,Male,16.1,Cheque,Verified
INV002215,2024-11-22,148569,lumpsum,420401,Madhya Pradesh,Bhopal,B30,18-25,Male,3.4,Cheque,Verified
INV004232,2024-11-22,102887,sip,911,Tamil Nadu,Chennai,T30,26-35,Male,19.0,Cheque,Verified
INV001920,2024-11-22,101207,redemption,116017,Madhya Pradesh,Indore,T30,36-45,Female,24.5,Mandate,Verified
INV001580,2024-11-22,100025,sip,15830,Punjab,Chandigarh,T30,26-35,Male,18.7,UPI,Verified
INV002697,2024-11-22,119120,sip,47230,West Bengal,Kolkata,T30,26-35,Male,14.1,Cheque,Pending
INV002776,2024-11-22,148568,sip,1951,Tamil Nadu,Coimbatore,B30,18-25,Male,5.8,Net Banking,Verified
INV004716,2024-11-22,100016,sip,2414,Telangana,Hyderabad,T30,18-25,Male,5.4,Mandate,Verified
INV000954,2024-11-22,120505,lumpsum,344141,Haryana,Faridabad,B30,26-35,Female,8.3,Mandate,Verified
INV001882,2024-11-22,119598,sip,869,Rajasthan,Udaipur,B30,26-35,Male,22.9,Cheque,Verified
INV003950,2024-11-22,102887,sip,2007,Madhya Pradesh,Bhopal,B30,26-35,Male,11.1,Net Banking,Verified
INV000412,2024-11-22,120503,sip,2862,Rajasthan,Udaipur,B30,18-25,Male,7.4,Mandate,Verified
INV000593,2024-11-22,101207,sip,3236,Telangana,Hyderabad,T30,56+,Male,50.2,Net Banking,Verified
INV004582,2024-11-22,120843,lumpsum,523965,Tamil Nadu,Chennai,T30,56+,Male,67.1,UPI,Verified
INV004975,2024-11-22,120841,lumpsum,283588,Madhya Pradesh,Bhopal,B30,56+,Female,11.5,Net Banking,Pending
INV002252,2024-11-22,119094,sip,918,Maharashtra,Pune,T30,36-45,Female,46.4,UPI,Verified
INV001310,2024-11-22,119093,sip,2396,Telangana,Hyderabad,T30,46-55,Male,83.6,Mandate,Verified
INV004360,2024-11-22,102886,sip,12640,Madhya Pradesh,Bhopal,B30,26-35,Female,15.9,Mandate,Verified
INV003302,2024-11-22,119551,sip,57223,Uttar Pradesh,Lucknow,T30,18-25,Male,3.0,Mandate,Verified
INV002496,2024-11-22,120503,sip,1814,Karnataka,Mysore,B30,36-45,Male,40.5,UPI,Verified
INV001185,2024-11-22,120844,redemption,84007,Haryana,Faridabad,B30,26-35,Female,22.5,Net Banking,Verified
INV002500,2024-11-22,118635,redemption,308645,Delhi,New Delhi,T30,26-35,Male,14.7,UPI,Verified
INV004526,2024-11-22,125497,lumpsum,48788,West Bengal,Kolkata,T30,36-45,Male,19.9,Cheque,Verified
INV004349,2024-11-22,101206,sip,57420,Haryana,Gurugram,T30,26-35,Female,9.3,Cheque,Verified
INV004828,2024-11-22,148569,sip,10742,Gujarat,Surat,T30,56+,Female,58.3,Mandate,Verified
INV002139,2024-11-22,119093,sip,436,Haryana,Gurugram,T30,36-45,Female,28.6,UPI,Verified
INV004629,2024-11-22,100025,redemption,410335,Karnataka,Bangalore,T30,18-25,Female,4.9,Mandate,Verified
INV001534,2024-11-22,120843,sip,824,Tamil Nadu,Coimbatore,B30,36-45,Male,26.5,Cheque,Verified
INV001932,2024-11-22,148567,sip,5069,Karnataka,Bangalore,T30,36-45,Male,20.1,Net Banking,Verified
INV002866,2024-11-22,102887,sip,2582,Telangana,Hyderabad,T30,46-55,Male,95.2,UPI,Verified
INV004017,2024-11-22,119093,sip,2147,West Bengal,Kolkata,T30,36-45,Male,36.7,Net Banking,Verified
INV002516,2024-11-22,119092,sip,17573,Uttar Pradesh,Agra,B30,36-45,Female,39.6,Net Banking,Verified
INV003743,2024-11-22,120844,sip,500,West Bengal,Kolkata,T30,46-55,Male,79.9,Mandate,Verified
INV002398,2024-11-22,119552,redemption,32185,Uttar Pradesh,Kanpur,B30,26-35,Male,10.1,Cheque,Verified
INV000037,2024-11-22,120505,sip,2371,Rajasthan,Udaipur,B30,26-35,Male,7.5,Mandate,Verified
INV003722,2024-11-22,120844,sip,48345,Maharashtra,Nashik,B30,36-45,Female,50.8,UPI,Verified
INV002743,2024-11-22,101206,lumpsum,346692,Haryana,Gurugram,T30,56+,Male,49.8,Mandate,Verified
INV002182,2024-11-22,118634,redemption,421509,Madhya Pradesh,Bhopal,B30,36-45,Male,54.3,Net Banking,Verified
INV001424,2024-11-22,120841,sip,28184,Haryana,Gurugram,T30,26-35,Male,18.9,Cheque,Verified
INV000577,2024-11-23,119092,lumpsum,8529,Delhi,Noida,T30,36-45,Male,20.4,Mandate,Verified
INV001668,2024-11-23,101206,lumpsum,277040,Rajasthan,Udaipur,B30,36-45,Female,22.4,Net Banking,Verified
INV000481,2024-11-23,120844,lumpsum,311086,Madhya Pradesh,Bhopal,B30,26-35,Female,13.4,Net Banking,Verified
INV001040,2024-11-23,148567,sip,2865,Punjab,Chandigarh,T30,56+,Female,43.4,UPI,Verified
INV002579,2024-11-23,125498,sip,1770,Maharashtra,Mumbai,T30,36-45,Male,30.1,UPI,Verified
INV003658,2024-11-23,120506,sip,8513,West Bengal,Kolkata,T30,26-35,Male,6.3,UPI,Verified
INV004278,2024-11-23,102886,sip,47542,Punjab,Chandigarh,T30,26-35,Male,21.8,Net Banking,Verified
INV000444,2024-11-23,102887,lumpsum,82565,Maharashtra,Pune,T30,36-45,Female,42.1,Cheque,Verified
INV002826,2024-11-23,120841,sip,10459,Haryana,Gurugram,T30,26-35,Male,20.5,Net Banking,Verified
INV001652,2024-11-23,119598,lumpsum,259895,Tamil Nadu,Chennai,T30,26-35,Female,12.7,UPI,Verified
INV000870,2024-11-23,101208,sip,1805,Rajasthan,Udaipur,B30,18-25,Male,5.0,Mandate,Verified
INV004609,2024-11-23,119552,sip,4888,Karnataka,Bangalore,T30,26-35,Female,10.3,Net Banking,Verified
INV000608,2024-11-23,118635,lumpsum,233266,Haryana,Gurugram,T30,46-55,Male,83.5,UPI,Verified
INV001831,2024-11-23,119094,sip,8003,Madhya Pradesh,Indore,T30,18-25,Female,4.3,Mandate,Verified
INV001489,2024-11-23,118633,sip,8175,Delhi,Gurugram,T30,36-45,Female,16.5,Mandate,Verified
INV003849,2024-11-23,100025,sip,6341,Karnataka,Mysore,B30,26-35,Male,7.6,Net Banking,Verified
INV004999,2024-11-23,101207,redemption,30450,Telangana,Hyderabad,T30,26-35,Male,24.8,UPI,Verified
INV003771,2024-11-23,119094,sip,7246,Telangana,Hyderabad,T30,46-55,Male,47.6,Cheque,Verified
INV003024,2024-11-23,118632,sip,996,Maharashtra,Pune,T30,36-45,Female,43.1,Mandate,Verified
INV003393,2024-11-23,119092,lumpsum,325198,Delhi,New Delhi,T30,26-35,Male,17.1,Net Banking,Verified
INV004293,2024-11-23,119551,redemption,68989,Rajasthan,Jaipur,T30,36-45,Male,54.9,UPI,Verified
INV000022,2024-11-23,101206,redemption,461229,Telangana,Hyderabad,T30,36-45,Male,37.4,Mandate,Verified
INV000650,2024-11-23,118636,lumpsum,422548,Karnataka,Mysore,B30,26-35,Male,22.8,Net Banking,Pending
INV003948,2024-11-23,102887,sip,1944,Madhya Pradesh,Indore,T30,18-25,Female,7.5,UPI,Verified
INV002270,2024-11-23,102885,sip,50039,Madhya Pradesh,Indore,T30,46-55,Female,23.9,Mandate,Verified
INV001936,2024-11-23,102885,sip,12153,West Bengal,Kolkata,T30,36-45,Female,42.7,Net Banking,Verified
INV004203,2024-11-23,102887,sip,2341,Madhya Pradesh,Indore,T30,18-25,Male,7.9,Net Banking,Verified
INV001215,2024-11-23,149322,lumpsum,144719,Haryana,Gurugram,T30,36-45,Female,39.3,Mandate,Verified
INV001861,2024-11-23,119092,lumpsum,123786,Haryana,Gurugram,T30,26-35,Female,19.4,Net Banking,Verified
INV002510,2024-11-23,101206,lumpsum,337357,Karnataka,Mysore,B30,36-45,Male,32.6,Cheque,Pending
INV004214,2024-11-23,101208,sip,6640,Haryana,Faridabad,B30,26-35,Female,19.8,Cheque,Verified
INV000543,2024-11-23,118634,sip,2299,Haryana,Gurugram,T30,36-45,Male,45.4,UPI,Verified
INV001121,2024-11-23,120844,redemption,188283,Rajasthan,Udaipur,B30,36-45,Male,52.0,UPI,Verified
INV002087,2024-11-23,118633,redemption,102452,Delhi,Gurugram,T30,26-35,Male,24.8,Mandate,Verified
INV003263,2024-11-23,102887,sip,2061,Tamil Nadu,Chennai,T30,26-35,Female,12.5,UPI,Verified
INV000853,2024-11-23,120507,sip,11482,Punjab,Chandigarh,T30,26-35,Female,8.0,Mandate,Verified
INV000349,2024-11-23,120504,lumpsum,36440,Maharashtra,Mumbai,T30,18-25,Female,3.8,Cheque,Verified
INV000681,2024-11-23,118632,sip,9943,Delhi,New Delhi,T30,26-35,Male,23.4,Cheque,Verified
INV000675,2024-11-23,102886,redemption,476868,Uttar Pradesh,Kanpur,B30,36-45,Male,27.9,Cheque,Verified
INV001224,2024-11-23,100025,sip,29550,West Bengal,Kolkata,T30,18-25,Female,6.8,Net Banking,Verified
INV004733,2024-11-23,125497,redemption,538361,Telangana,Hyderabad,T30,18-25,Male,5.4,UPI,Verified
INV004468,2024-11-23,120844,sip,8095,Telangana,Hyderabad,T30,46-55,Female,20.8,UPI,Verified
INV002909,2024-11-23,100016,lumpsum,434049,Rajasthan,Udaipur,B30,36-45,Male,44.1,UPI,Verified
INV001538,2024-11-23,149323,sip,16043,Madhya Pradesh,Bhopal,B30,18-25,Female,3.1,Mandate,Verified
INV000619,2024-11-23,118632,sip,11628,West Bengal,Kolkata,T30,26-35,Male,12.6,UPI,Verified
INV001137,2024-11-23,119120,sip,7076,West Bengal,Kolkata,T30,56+,Female,55.8,Cheque,Verified
INV004321,2024-11-23,118634,sip,50257,West Bengal,Kolkata,T30,26-35,Male,16.0,Net Banking,Verified
INV002214,2024-11-23,119120,sip,412,Delhi,Gurugram,T30,36-45,Female,50.5,UPI,Verified
INV003174,2024-11-23,119552,lumpsum,27060,Tamil Nadu,Chennai,T30,26-35,Female,10.0,Net Banking,Verified
INV004642,2024-11-23,118633,sip,2051,Uttar Pradesh,Kanpur,B30,46-55,Male,31.9,UPI,Verified
INV000159,2024-11-23,149322,sip,8939,West Bengal,Kolkata,T30,36-45,Male,12.1,Mandate,Verified
INV001711,2024-11-23,120843,sip,10115,Madhya Pradesh,Bhopal,B30,46-55,Male,99.0,Cheque,Verified
INV002537,2024-11-23,120504,lumpsum,104160,West Bengal,Kolkata,T30,36-45,Female,43.7,Cheque,Verified
INV004028,2024-11-23,119552,lumpsum,486147,Rajasthan,Jaipur,T30,18-25,Male,3.3,Cheque,Verified
INV001091,2024-11-23,102887,sip,591,Telangana,Hyderabad,T30,18-25,Male,7.5,UPI,Verified
INV002904,2024-11-23,149322,sip,4023,West Bengal,Kolkata,T30,36-45,Male,52.2,UPI,Verified
INV003531,2024-11-23,100016,sip,7415,Delhi,Gurugram,T30,36-45,Male,41.9,UPI,Verified
INV002421,2024-11-23,120506,lumpsum,244853,Delhi,New Delhi,T30,26-35,Male,6.8,Mandate,Verified
INV001802,2024-11-24,118634,lumpsum,367795,Punjab,Chandigarh,T30,46-55,Male,77.7,UPI,Verified
INV004886,2024-11-24,119599,redemption,211319,Tamil Nadu,Chennai,T30,26-35,Male,18.1,Mandate,Verified
INV004611,2024-11-24,102887,lumpsum,34870,Madhya Pradesh,Bhopal,B30,18-25,Female,6.1,Cheque,Verified
INV001720,2024-11-24,100033,redemption,239933,Karnataka,Mysore,B30,36-45,Male,43.6,Cheque,Verified
INV004846,2024-11-24,120507,sip,14041,Rajasthan,Udaipur,B30,26-35,Male,9.2,Cheque,Verified
INV000765,2024-11-24,119120,sip,1668,Telangana,Hyderabad,T30,18-25,Male,4.6,UPI,Verified
INV001574,2024-11-24,148568,sip,2599,Maharashtra,Mumbai,T30,36-45,Female,35.7,Mandate,Verified
INV003981,2024-11-24,120504,sip,24675,Haryana,Faridabad,B30,46-55,Male,46.7,UPI,Verified
INV001993,2024-11-24,120504,sip,6352,Uttar Pradesh,Agra,B30,36-45,Female,44.2,Mandate,Verified
INV002261,2024-11-24,125498,lumpsum,283285,Uttar Pradesh,Kanpur,B30,18-25,Male,5.0,Mandate,Verified
INV004864,2024-11-24,118635,lumpsum,291305,Punjab,Amritsar,B30,26-35,Female,10.5,Mandate,Verified
INV000601,2024-11-24,118635,sip,15377,Rajasthan,Jaipur,T30,46-55,Male,52.6,Mandate,Verified
INV001513,2024-11-24,149323,lumpsum,106785,Madhya Pradesh,Indore,T30,18-25,Male,5.4,Mandate,Pending
INV001397,2024-11-24,119093,sip,12601,Delhi,New Delhi,T30,26-35,Male,20.8,Mandate,Verified
INV001112,2024-11-24,118636,lumpsum,332526,Delhi,Gurugram,T30,46-55,Male,82.5,UPI,Verified
INV003567,2024-11-24,119093,sip,4097,Tamil Nadu,Chennai,T30,46-55,Male,76.1,Mandate,Verified
INV000243,2024-11-24,149322,sip,12545,Punjab,Chandigarh,T30,26-35,Male,21.5,Cheque,Verified
INV002783,2024-11-24,120503,redemption,470938,West Bengal,Kolkata,T30,26-35,Male,7.0,UPI,Verified
INV003748,2024-11-24,120507,lumpsum,367022,Madhya Pradesh,Indore,T30,46-55,Male,66.4,Net Banking,Verified
INV003399,2024-11-24,119552,lumpsum,339807,Telangana,Hyderabad,T30,26-35,Female,16.0,Cheque,Pending
INV000305,2024-11-24,119092,redemption,276982,Rajasthan,Udaipur,B30,36-45,Male,21.4,Cheque,Verified
INV002784,2024-11-24,119120,lumpsum,374442,Karnataka,Mysore,B30,26-35,Male,17.7,Mandate,Verified
INV000497,2024-11-24,118634,sip,558,Madhya Pradesh,Bhopal,B30,36-45,Male,45.7,UPI,Verified
INV003696,2024-11-24,149323,redemption,263600,Tamil Nadu,Coimbatore,B30,18-25,Female,4.0,UPI,Verified
INV004498,2024-11-24,118635,sip,42657,Punjab,Chandigarh,T30,26-35,Male,6.7,UPI,Verified
INV000377,2024-11-24,148567,lumpsum,308556,Karnataka,Bangalore,T30,26-35,Male,19.8,Mandate,Verified
INV004104,2024-11-24,119599,sip,2488,Tamil Nadu,Coimbatore,B30,26-35,Male,10.5,Net Banking,Verified
INV004309,2024-11-24,120506,sip,17381,Tamil Nadu,Chennai,T30,26-35,Female,15.8,Net Banking,Verified
INV000234,2024-11-24,119093,lumpsum,547334,Tamil Nadu,Coimbatore,B30,26-35,Male,23.8,UPI,Verified
INV001061,2024-11-24,120504,sip,2103,Punjab,Amritsar,B30,18-25,Male,7.4,Cheque,Verified
INV001728,2024-11-24,120504,lumpsum,240458,Karnataka,Bangalore,T30,26-35,Male,17.0,Mandate,Verified
INV003559,2024-11-24,120505,sip,14992,Uttar Pradesh,Kanpur,B30,26-35,Female,9.4,Net Banking,Verified
INV004764,2024-11-24,125497,sip,3243,Punjab,Amritsar,B30,46-55,Female,79.4,Mandate,Verified
INV003224,2024-11-24,148568,sip,5749,Punjab,Amritsar,B30,26-35,Male,16.0,Mandate,Verified
INV001990,2024-11-24,119120,sip,1060,Punjab,Amritsar,B30,26-35,Male,9.3,Cheque,Verified
INV004643,2024-11-24,119552,lumpsum,418948,Delhi,Noida,T30,26-35,Female,12.4,Cheque,Verified
INV001746,2024-11-24,119094,redemption,370496,Rajasthan,Udaipur,B30,26-35,Male,11.2,Cheque,Verified
INV000311,2024-11-24,118636,sip,7936,Punjab,Amritsar,B30,36-45,Male,29.2,UPI,Verified
INV004176,2024-11-24,149322,redemption,478175,Tamil Nadu,Coimbatore,B30,36-45,Female,37.4,Net Banking,Verified
INV001130,2024-11-24,118632,lumpsum,411192,Rajasthan,Jaipur,T30,18-25,Female,3.2,Net Banking,Verified
INV004413,2024-11-24,118635,sip,2321,Maharashtra,Mumbai,T30,26-35,Male,14.7,Mandate,Verified
INV004804,2024-11-24,120506,sip,6162,Maharashtra,Mumbai,T30,36-45,Male,44.1,UPI,Pending
INV001472,2024-11-24,102885,sip,58514,West Bengal,Kolkata,T30,18-25,Male,5.4,Mandate,Verified
INV000030,2024-11-24,118635,sip,23189,Delhi,Noida,T30,18-25,Female,5.1,Net Banking,Verified
INV002150,2024-11-24,101207,sip,4143,Uttar Pradesh,Kanpur,B30,26-35,Female,21.5,Mandate,Verified
INV001012,2024-11-24,120841,lumpsum,406843,Karnataka,Mysore,B30,26-35,Female,17.6,Net Banking,Verified
INV000775,2024-11-24,118635,sip,2442,Gujarat,Surat,T30,26-35,Male,15.1,Cheque,Verified
INV003299,2024-11-24,100033,sip,3590,Gujarat,Ahmedabad,T30,18-25,Male,5.2,Net Banking,Verified
INV001859,2024-11-24,118635,lumpsum,349511,Maharashtra,Nashik,B30,36-45,Male,32.2,Mandate,Verified
INV000521,2024-11-24,120843,sip,590,West Bengal,Kolkata,T30,26-35,Male,9.7,Net Banking,Verified
INV004074,2024-11-24,101207,sip,42697,Gujarat,Ahmedabad,T30,46-55,Female,85.0,Cheque,Verified
INV003248,2024-11-24,119599,redemption,16445,Karnataka,Mysore,B30,26-35,Male,6.5,Net Banking,Verified
INV003608,2024-11-24,120506,sip,4323,West Bengal,Kolkata,T30,46-55,Male,59.6,Cheque,Verified
INV004272,2024-11-24,102886,redemption,237773,Madhya Pradesh,Bhopal,B30,46-55,Female,25.5,Net Banking,Verified
INV000769,2024-11-24,149323,sip,2313,West Bengal,Kolkata,T30,36-45,Male,41.1,UPI,Pending
INV001691,2024-11-24,100025,sip,11129,Maharashtra,Mumbai,T30,26-35,Male,10.3,Net Banking,Verified
INV001916,2024-11-24,120841,lumpsum,442597,Haryana,Gurugram,T30,26-35,Male,11.0,UPI,Verified
INV000629,2024-11-24,101208,sip,5360,West Bengal,Kolkata,T30,46-55,Male,96.4,Net Banking,Verified
INV000328,2024-11-24,149324,sip,12642,Madhya Pradesh,Bhopal,B30,26-35,Male,19.6,Net Banking,Verified
INV000007,2024-11-25,120843,sip,14263,Uttar Pradesh,Kanpur,B30,26-35,Male,21.9,Net Banking,Pending
INV002752,2024-11-25,119093,sip,2987,Rajasthan,Udaipur,B30,26-35,Male,20.1,UPI,Verified
INV001413,2024-11-25,119552,sip,59899,Karnataka,Bangalore,T30,36-45,Male,41.8,Cheque,Verified
INV004836,2024-11-25,119599,sip,7258,West Bengal,Kolkata,T30,26-35,Male,8.3,Net Banking,Pending
INV004939,2024-11-25,120503,redemption,87556,Punjab,Amritsar,B30,18-25,Male,4.7,Net Banking,Verified
INV001075,2024-11-25,148569,redemption,16855,Punjab,Chandigarh,T30,26-35,Female,24.5,Cheque,Verified
INV004177,2024-11-25,101208,sip,5732,Tamil Nadu,Coimbatore,B30,26-35,Male,14.7,Cheque,Verified
INV003733,2024-11-25,100016,sip,1196,Telangana,Hyderabad,T30,26-35,Male,12.6,Mandate,Verified
INV004930,2024-11-25,119095,redemption,71608,West Bengal,Kolkata,T30,26-35,Male,15.5,UPI,Verified
INV000066,2024-11-25,149322,sip,1682,Haryana,Faridabad,B30,56+,Male,64.2,Cheque,Verified
INV001136,2024-11-25,118632,sip,2289,Gujarat,Ahmedabad,T30,26-35,Female,22.8,Mandate,Verified
INV002682,2024-11-25,119598,lumpsum,52351,Karnataka,Mysore,B30,26-35,Male,17.9,Net Banking,Verified
INV000085,2024-11-25,100025,lumpsum,167852,Gujarat,Surat,T30,26-35,Female,14.6,UPI,Verified
INV004414,2024-11-25,120506,sip,20060,Uttar Pradesh,Lucknow,T30,26-35,Male,6.6,Cheque,Verified
INV001853,2024-11-25,148567,sip,44153,Delhi,Noida,T30,18-25,Male,6.1,Cheque,Verified
INV003311,2024-11-25,119120,sip,1633,Madhya Pradesh,Bhopal,B30,26-35,Male,9.5,Mandate,Pending
INV004966,2024-11-25,118635,sip,4066,Rajasthan,Jaipur,T30,26-35,Male,13.8,Cheque,Verified
INV000857,2024-11-25,118634,lumpsum,108228,Gujarat,Ahmedabad,T30,26-35,Female,23.6,Cheque,Verified
INV001306,2024-11-25,149324,sip,802,Telangana,Hyderabad,T30,18-25,Female,4.1,Cheque,Verified
INV003782,2024-11-25,118633,redemption,187792,Tamil Nadu,Chennai,T30,36-45,Male,44.5,Mandate,Verified
INV004811,2024-11-25,125497,lumpsum,371591,Punjab,Amritsar,B30,26-35,Female,9.4,UPI,Verified
INV001067,2024-11-25,118632,lumpsum,166177,Haryana,Gurugram,T30,26-35,Male,16.6,Mandate,Verified
INV001389,2024-11-25,102887,lumpsum,363705,Karnataka,Mysore,B30,46-55,Female,39.7,Cheque,Verified
INV004813,2024-11-25,119120,sip,15848,West Bengal,Kolkata,T30,26-35,Male,13.9,Net Banking,Verified
INV002546,2024-11-25,125497,sip,28664,Gujarat,Surat,T30,26-35,Male,19.3,UPI,Pending
INV002727,2024-11-25,125497,lumpsum,178629,Madhya Pradesh,Bhopal,B30,26-35,Female,6.3,Cheque,Verified
INV001074,2024-11-25,102886,sip,869,Gujarat,Ahmedabad,T30,56+,Female,57.4,Net Banking,Verified
INV001093,2024-11-25,120844,sip,1090,West Bengal,Kolkata,T30,46-55,Female,65.2,Cheque,Verified
INV004881,2024-11-25,118634,lumpsum,240822,Delhi,New Delhi,T30,18-25,Male,3.8,UPI,Verified
INV003202,2024-11-25,118636,redemption,150268,Maharashtra,Pune,T30,46-55,Male,48.9,UPI,Verified
INV000411,2024-11-25,118632,lumpsum,145463,West Bengal,Kolkata,T30,26-35,Female,11.1,UPI,Verified
INV003117,2024-11-25,118634,sip,2520,Tamil Nadu,Chennai,T30,18-25,Female,6.7,Mandate,Verified
INV003017,2024-11-25,102887,sip,505,West Bengal,Kolkata,T30,56+,Male,75.3,Cheque,Verified
INV000503,2024-11-25,120506,lumpsum,73639,Madhya Pradesh,Bhopal,B30,26-35,Female,22.2,Mandate,Verified
INV002307,2024-11-25,119598,sip,17682,Gujarat,Ahmedabad,T30,26-35,Male,24.2,Mandate,Verified
INV000578,2024-11-25,118633,sip,8691,Maharashtra,Nashik,B30,26-35,Male,10.9,Net Banking,Verified
INV004752,2024-11-25,102887,sip,2591,Delhi,Gurugram,T30,36-45,Female,14.9,UPI,Pending
INV003128,2024-11-25,119120,sip,41482,Uttar Pradesh,Kanpur,B30,18-25,Female,7.7,Cheque,Verified
INV004030,2024-11-25,119552,lumpsum,504467,Uttar Pradesh,Lucknow,T30,18-25,Female,4.4,Mandate,Verified
INV000290,2024-11-25,119095,lumpsum,242664,Punjab,Chandigarh,T30,26-35,Male,17.9,Cheque,Verified
INV004517,2024-11-25,120507,sip,525,West Bengal,Kolkata,T30,46-55,Female,68.5,Cheque,Verified
INV004145,2024-11-25,119599,lumpsum,336847,Gujarat,Surat,T30,18-25,Male,4.9,Cheque,Verified
INV001562,2024-11-25,101208,sip,5828,Delhi,Noida,T30,26-35,Male,7.0,Mandate,Pending
INV000403,2024-11-25,119551,sip,53124,Rajasthan,Jaipur,T30,18-25,Female,7.7,Cheque,Verified
INV002014,2024-11-25,119551,sip,7922,Maharashtra,Pune,T30,26-35,Female,13.7,UPI,Verified
INV000453,2024-11-25,125498,redemption,8456,Rajasthan,Udaipur,B30,46-55,Male,40.4,Mandate,Verified
INV003802,2024-11-25,118635,sip,13397,Punjab,Amritsar,B30,18-25,Female,5.5,UPI,Verified
INV002034,2024-11-25,120841,sip,574,Uttar Pradesh,Lucknow,T30,26-35,Male,10.0,Net Banking,Verified
INV004702,2024-11-25,118633,sip,5024,Maharashtra,Nashik,B30,26-35,Male,23.3,Mandate,Verified
INV004108,2024-11-25,125498,lumpsum,406904,Madhya Pradesh,Indore,T30,36-45,Female,22.5,Cheque,Verified
INV002192,2024-11-26,125498,lumpsum,171844,Uttar Pradesh,Lucknow,T30,18-25,Male,6.9,Net Banking,Verified
INV004033,2024-11-26,120506,redemption,380398,West Bengal,Kolkata,T30,36-45,Male,56.1,Cheque,Verified
INV003549,2024-11-26,149323,lumpsum,40393,Maharashtra,Pune,T30,56+,Male,76.9,UPI,Verified
INV002002,2024-11-26,119093,sip,461,Gujarat,Ahmedabad,T30,36-45,Female,28.4,Mandate,Verified
INV003151,2024-11-26,125498,redemption,219343,Tamil Nadu,Coimbatore,B30,56+,Female,69.5,Net Banking,Verified
INV000463,2024-11-26,148568,sip,4674,Gujarat,Ahmedabad,T30,26-35,Male,8.9,Net Banking,Verified
INV002195,2024-11-26,148569,sip,16960,Telangana,Hyderabad,T30,26-35,Male,24.5,Net Banking,Verified
INV002639,2024-11-26,120842,lumpsum,126369,Gujarat,Ahmedabad,T30,36-45,Male,20.7,Net Banking,Verified
INV003822,2024-11-26,125497,lumpsum,402323,Rajasthan,Jaipur,T30,26-35,Male,12.9,Cheque,Pending
INV003437,2024-11-26,120842,lumpsum,29775,Punjab,Amritsar,B30,46-55,Female,51.0,Cheque,Verified
INV000827,2024-11-26,119551,sip,4339,Maharashtra,Pune,T30,36-45,Male,28.8,Net Banking,Verified
INV001656,2024-11-26,120505,lumpsum,15586,Madhya Pradesh,Bhopal,B30,26-35,Male,19.4,Mandate,Verified
INV003860,2024-11-26,148567,sip,47526,Punjab,Chandigarh,T30,26-35,Male,20.4,Mandate,Verified
INV003903,2024-11-26,119094,redemption,453394,Karnataka,Mysore,B30,18-25,Female,6.6,Mandate,Verified
INV000488,2024-11-26,149324,sip,8609,Karnataka,Mysore,B30,56+,Male,31.4,Cheque,Verified
INV003733,2024-11-26,101206,redemption,278385,Telangana,Hyderabad,T30,26-35,Male,12.6,Cheque,Verified
INV001428,2024-11-26,119598,sip,6550,Delhi,New Delhi,T30,26-35,Male,17.8,UPI,Verified
INV004280,2024-11-26,120505,sip,2211,Rajasthan,Jaipur,T30,26-35,Female,8.5,Cheque,Verified
INV001093,2024-11-26,100016,sip,11976,West Bengal,Kolkata,T30,46-55,Female,65.2,Mandate,Verified
INV002402,2024-11-26,100016,sip,2146,Uttar Pradesh,Lucknow,T30,46-55,Male,55.5,UPI,Verified
INV003178,2024-11-26,119092,sip,9009,Telangana,Hyderabad,T30,46-55,Female,60.9,Cheque,Verified
INV004353,2024-11-26,148568,sip,2503,Uttar Pradesh,Agra,B30,56+,Male,31.2,Net Banking,Verified
INV002796,2024-11-26,101206,sip,7299,Telangana,Hyderabad,T30,36-45,Male,48.8,Mandate,Verified
INV002547,2024-11-26,100033,sip,2743,Haryana,Gurugram,T30,26-35,Male,7.3,Mandate,Verified
INV003184,2024-11-26,120844,sip,16580,Maharashtra,Pune,T30,26-35,Male,8.1,Net Banking,Pending
INV001525,2024-11-26,119551,sip,2170,Maharashtra,Mumbai,T30,36-45,Male,55.8,Net Banking,Verified
INV000417,2024-11-26,119552,lumpsum,190436,Haryana,Gurugram,T30,26-35,Female,13.5,UPI,Verified
INV000138,2024-11-26,119095,lumpsum,529414,Telangana,Hyderabad,T30,26-35,Male,24.7,Cheque,Verified
INV001543,2024-11-26,102886,lumpsum,366789,Delhi,New Delhi,T30,26-35,Male,21.1,UPI,Verified
INV004459,2024-11-26,149324,sip,29574,Maharashtra,Pune,T30,26-35,Female,9.2,Mandate,Verified
INV002475,2024-11-26,120842,sip,15813,Delhi,New Delhi,T30,26-35,Male,14.4,UPI,Verified
INV000445,2024-11-26,148568,sip,11937,Madhya Pradesh,Bhopal,B30,26-35,Female,24.7,Mandate,Verified
INV003040,2024-11-26,102887,lumpsum,539353,Karnataka,Bangalore,T30,26-35,Female,15.3,Net Banking,Verified
INV001499,2024-11-26,120507,lumpsum,269589,Karnataka,Mysore,B30,26-35,Male,12.9,Cheque,Verified
INV002382,2024-11-26,149322,redemption,82019,Maharashtra,Mumbai,T30,26-35,Male,18.5,UPI,Verified
INV000014,2024-11-26,149322,sip,26429,Tamil Nadu,Chennai,T30,18-25,Male,4.3,Mandate,Verified
INV004696,2024-11-26,100016,redemption,415022,Tamil Nadu,Coimbatore,B30,46-55,Female,70.2,Net Banking,Verified
INV000741,2024-11-26,120507,lumpsum,224343,Rajasthan,Udaipur,B30,26-35,Male,17.4,Cheque,Verified
INV000290,2024-11-26,119552,redemption,311948,Punjab,Chandigarh,T30,26-35,Male,17.9,Net Banking,Verified
INV000799,2024-11-26,120504,sip,1069,Madhya Pradesh,Indore,T30,18-25,Male,4.6,Net Banking,Pending
INV001224,2024-11-26,120841,lumpsum,28823,West Bengal,Kolkata,T30,18-25,Female,6.8,Mandate,Verified
INV002271,2024-11-26,120505,sip,1728,Tamil Nadu,Chennai,T30,46-55,Female,75.9,Net Banking,Verified
INV004038,2024-11-26,149323,sip,6661,Gujarat,Surat,T30,26-35,Female,24.6,Cheque,Verified
INV001997,2024-11-26,120843,sip,13679,Delhi,New Delhi,T30,56+,Female,24.8,UPI,Verified
INV000540,2024-11-26,120505,sip,17279,Tamil Nadu,Coimbatore,B30,26-35,Female,10.4,Net Banking,Verified
INV000260,2024-11-26,100025,redemption,77198,Delhi,Gurugram,T30,18-25,Male,4.1,Cheque,Verified
INV003477,2024-11-26,101208,sip,13810,Delhi,Gurugram,T30,36-45,Female,23.1,Net Banking,Verified
INV001174,2024-11-26,149322,lumpsum,34497,Maharashtra,Nashik,B30,36-45,Male,12.7,Mandate,Pending
INV000523,2024-11-26,120506,sip,3428,West Bengal,Kolkata,T30,36-45,Male,13.1,Net Banking,Verified
INV001361,2024-11-26,120503,sip,3423,West Bengal,Kolkata,T30,26-35,Female,21.1,Net Banking,Verified
INV000441,2024-11-26,120842,sip,17682,Tamil Nadu,Chennai,T30,26-35,Female,8.3,Mandate,Verified
INV000694,2024-11-26,119094,redemption,463782,Rajasthan,Jaipur,T30,46-55,Male,50.6,Cheque,Verified
INV001278,2024-11-26,119120,lumpsum,531788,Uttar Pradesh,Agra,B30,36-45,Female,16.0,UPI,Verified
INV004885,2024-11-26,148567,redemption,355268,Punjab,Amritsar,B30,26-35,Male,11.7,UPI,Verified
INV004606,2024-11-26,120503,sip,55294,Gujarat,Surat,T30,36-45,Male,57.2,Mandate,Verified
INV000732,2024-11-26,148567,sip,16475,Haryana,Faridabad,B30,46-55,Female,40.8,Net Banking,Verified
INV000796,2024-11-26,149323,sip,7066,Madhya Pradesh,Indore,T30,18-25,Male,5.0,Mandate,Verified
INV002430,2024-11-26,148568,redemption,120835,Madhya Pradesh,Bhopal,B30,26-35,Male,16.2,Mandate,Verified
INV000813,2024-11-26,101208,sip,51788,Telangana,Hyderabad,T30,46-55,Male,38.7,Cheque,Verified
INV002463,2024-11-26,148569,sip,15509,Punjab,Amritsar,B30,18-25,Male,7.0,Cheque,Verified
INV002845,2024-11-26,119598,sip,2698,Gujarat,Surat,T30,26-35,Female,17.5,Cheque,Verified
INV000732,2024-11-26,119598,sip,2300,Haryana,Faridabad,B30,46-55,Female,40.8,Net Banking,Verified
INV004316,2024-11-27,125498,lumpsum,350404,Karnataka,Bangalore,T30,46-55,Male,79.5,Net Banking,Verified
INV003801,2024-11-27,102887,lumpsum,132155,Punjab,Chandigarh,T30,26-35,Male,17.8,UPI,Verified
INV000259,2024-11-27,119092,sip,48685,Tamil Nadu,Coimbatore,B30,36-45,Male,17.2,Cheque,Verified
INV001877,2024-11-27,119095,sip,8876,Tamil Nadu,Coimbatore,B30,56+,Male,62.1,UPI,Verified
INV002431,2024-11-27,120507,lumpsum,497328,Delhi,Noida,T30,26-35,Female,14.8,Cheque,Verified
INV000210,2024-11-27,119093,sip,28593,Rajasthan,Jaipur,T30,26-35,Male,9.1,Cheque,Verified
INV004182,2024-11-27,120505,redemption,204454,Delhi,New Delhi,T30,26-35,Male,10.8,Net Banking,Verified
INV001133,2024-11-27,118635,sip,7057,Madhya Pradesh,Bhopal,B30,26-35,Male,21.0,Net Banking,Verified
INV001780,2024-11-27,118634,lumpsum,224445,Punjab,Amritsar,B30,46-55,Male,84.1,Cheque,Verified
INV000259,2024-11-27,149324,lumpsum,24432,Tamil Nadu,Coimbatore,B30,36-45,Male,17.2,UPI,Verified
INV002388,2024-11-27,120841,sip,13793,Haryana,Faridabad,B30,18-25,Male,4.8,Mandate,Verified
INV001467,2024-11-27,149323,sip,4488,Punjab,Chandigarh,T30,36-45,Male,32.5,Mandate,Verified
INV003787,2024-11-27,119599,sip,23674,Karnataka,Mysore,B30,46-55,Male,29.3,Net Banking,Verified
INV003009,2024-11-27,100016,sip,3372,Karnataka,Bangalore,T30,26-35,Male,20.1,Net Banking,Pending
INV002022,2024-11-27,118632,sip,494,Tamil Nadu,Coimbatore,B30,26-35,Male,6.8,Net Banking,Verified
INV000679,2024-11-27,149324,sip,17742,Haryana,Faridabad,B30,46-55,Female,79.1,Cheque,Verified
INV000744,2024-11-27,149323,sip,583,Uttar Pradesh,Kanpur,B30,56+,Female,49.8,UPI,Verified
INV001810,2024-11-27,102885,lumpsum,208253,Uttar Pradesh,Kanpur,B30,26-35,Female,10.1,Net Banking,Verified
INV004102,2024-11-27,101206,sip,519,Tamil Nadu,Coimbatore,B30,26-35,Female,6.6,Net Banking,Verified
INV000348,2024-11-27,101207,sip,24299,Madhya Pradesh,Bhopal,B30,46-55,Female,94.4,Cheque,Verified
INV002497,2024-11-27,148568,sip,1152,Telangana,Hyderabad,T30,26-35,Female,13.0,UPI,Verified
INV003883,2024-11-27,101206,sip,24465,West Bengal,Kolkata,T30,26-35,Male,6.7,Mandate,Verified
INV001198,2024-11-27,102885,sip,448,Maharashtra,Mumbai,T30,26-35,Female,20.4,Net Banking,Verified
INV002174,2024-11-27,148569,sip,483,Gujarat,Ahmedabad,T30,36-45,Male,25.1,Mandate,Verified
INV004891,2024-11-27,100016,sip,53130,Telangana,Hyderabad,T30,46-55,Female,83.5,Mandate,Verified
INV002374,2024-11-27,119094,sip,1882,Uttar Pradesh,Kanpur,B30,26-35,Female,8.6,UPI,Verified
INV000573,2024-11-27,118634,sip,463,Madhya Pradesh,Bhopal,B30,56+,Female,38.5,Cheque,Verified
INV002368,2024-11-27,148567,sip,2377,Telangana,Hyderabad,T30,26-35,Male,13.7,Net Banking,Verified
INV003568,2024-11-27,102887,sip,1968,Tamil Nadu,Chennai,T30,18-25,Female,5.3,Cheque,Verified
INV003359,2024-11-27,120507,redemption,374014,Gujarat,Ahmedabad,T30,26-35,Male,18.4,Mandate,Verified
INV001628,2024-11-27,118632,sip,15580,Rajasthan,Jaipur,T30,36-45,Female,45.6,Cheque,Verified
INV001857,2024-11-27,148568,redemption,173090,Tamil Nadu,Chennai,T30,26-35,Male,24.0,Mandate,Verified
INV000093,2024-11-27,118635,sip,923,Maharashtra,Mumbai,T30,36-45,Female,59.0,UPI,Verified
INV004179,2024-11-27,119120,sip,2248,Maharashtra,Pune,T30,26-35,Female,19.3,UPI,Verified
INV001725,2024-11-27,148568,redemption,284774,Tamil Nadu,Coimbatore,B30,36-45,Male,30.0,Mandate,Verified
INV002565,2024-11-27,101207,lumpsum,273619,Rajasthan,Jaipur,T30,26-35,Male,10.0,Mandate,Verified
INV002292,2024-11-27,125497,lumpsum,248957,Rajasthan,Udaipur,B30,36-45,Male,54.1,UPI,Verified
INV003086,2024-11-27,100033,sip,2406,West Bengal,Kolkata,T30,26-35,Male,20.2,UPI,Verified
INV001537,2024-11-27,120504,sip,29928,Madhya Pradesh,Indore,T30,46-55,Male,74.7,Mandate,Verified
INV001001,2024-11-27,102885,sip,7839,Madhya Pradesh,Indore,T30,26-35,Female,20.7,UPI,Verified
INV002289,2024-11-27,119599,redemption,212202,Karnataka,Bangalore,T30,26-35,Female,6.4,Mandate,Verified
INV003022,2024-11-27,119094,lumpsum,272129,Telangana,Hyderabad,T30,46-55,Male,60.2,Mandate,Verified
INV002164,2024-11-27,148567,sip,835,Punjab,Amritsar,B30,56+,Male,37.0,Cheque,Verified
INV001484,2024-11-27,120844,redemption,319513,Tamil Nadu,Chennai,T30,36-45,Male,13.1,UPI,Verified
INV001643,2024-11-27,119094,lumpsum,49893,Punjab,Amritsar,B30,36-45,Male,28.4,Mandate,Verified
INV002561,2024-11-27,148569,sip,2132,Gujarat,Ahmedabad,T30,18-25,Female,4.6,UPI,Verified
INV000865,2024-11-27,120843,sip,5017,Tamil Nadu,Coimbatore,B30,26-35,Male,24.2,Cheque,Verified
INV004173,2024-11-27,120507,sip,3545,West Bengal,Kolkata,T30,26-35,Male,16.9,UPI,Pending
INV002976,2024-11-27,119093,lumpsum,173194,Tamil Nadu,Coimbatore,B30,26-35,Male,23.7,Mandate,Pending
INV000779,2024-11-27,119120,lumpsum,24109,Gujarat,Ahmedabad,T30,36-45,Male,35.3,Mandate,Verified
INV003496,2024-11-27,119598,lumpsum,304185,Telangana,Hyderabad,T30,26-35,Male,14.9,UPI,Verified
INV004275,2024-11-27,119551,lumpsum,73596,Tamil Nadu,Chennai,T30,36-45,Male,21.6,Mandate,Verified
INV002552,2024-11-27,119598,lumpsum,256492,Delhi,Gurugram,T30,36-45,Male,24.4,Mandate,Verified
INV004105,2024-11-28,120843,redemption,128353,Tamil Nadu,Coimbatore,B30,26-35,Female,22.1,Cheque,Verified
INV001759,2024-11-28,119093,lumpsum,306869,Haryana,Faridabad,B30,36-45,Female,25.6,Mandate,Verified
INV001917,2024-11-28,120842,lumpsum,381400,Telangana,Hyderabad,T30,26-35,Male,22.9,Cheque,Verified
INV004804,2024-11-28,149324,lumpsum,23498,Maharashtra,Mumbai,T30,36-45,Male,44.1,Cheque,Verified
INV000221,2024-11-28,120504,sip,6052,Uttar Pradesh,Agra,B30,36-45,Female,46.2,Mandate,Verified
INV000568,2024-11-28,119094,redemption,272246,Delhi,New Delhi,T30,36-45,Male,48.4,UPI,Verified
INV000056,2024-11-28,125497,sip,5976,Haryana,Faridabad,B30,26-35,Female,22.5,Mandate,Verified
INV000567,2024-11-28,125497,sip,5552,Delhi,New Delhi,T30,26-35,Male,9.1,Mandate,Verified
INV004296,2024-11-28,100033,sip,870,Telangana,Hyderabad,T30,26-35,Male,18.2,Cheque,Verified
INV000407,2024-11-28,120841,sip,2304,Tamil Nadu,Coimbatore,B30,36-45,Male,32.8,UPI,Verified
INV002126,2024-11-28,119599,sip,8160,Delhi,New Delhi,T30,26-35,Female,22.0,Net Banking,Verified
INV001217,2024-11-28,120507,lumpsum,188866,Rajasthan,Jaipur,T30,26-35,Male,21.5,Mandate,Verified
INV003003,2024-11-28,120505,sip,2039,West Bengal,Kolkata,T30,18-25,Female,3.1,UPI,Verified
INV003342,2024-11-28,102887,sip,1835,Tamil Nadu,Chennai,T30,56+,Male,32.8,Cheque,Verified
INV001752,2024-11-28,120503,sip,8953,Rajasthan,Udaipur,B30,26-35,Female,13.4,Cheque,Verified
INV001847,2024-11-28,148568,redemption,126230,Maharashtra,Nashik,B30,56+,Male,53.4,UPI,Verified
INV004410,2024-11-28,119092,sip,5205,Tamil Nadu,Chennai,T30,36-45,Male,45.5,Net Banking,Verified
INV002706,2024-11-28,118636,sip,2012,Haryana,Faridabad,B30,46-55,Female,22.8,UPI,Verified
INV001458,2024-11-28,100033,redemption,117595,Tamil Nadu,Coimbatore,B30,46-55,Male,34.9,Mandate,Verified
INV000013,2024-11-28,119094,sip,6062,Maharashtra,Nashik,B30,18-25,Male,5.2,Net Banking,Verified
INV003804,2024-11-28,148569,sip,916,Karnataka,Bangalore,T30,46-55,Male,81.9,Cheque,Verified
INV004006,2024-11-28,102886,redemption,36006,Tamil Nadu,Coimbatore,B30,56+,Male,59.1,UPI,Verified
INV004337,2024-11-28,148569,sip,28000,Delhi,Noida,T30,18-25,Male,4.0,UPI,Verified
INV003979,2024-11-28,119095,lumpsum,86291,Madhya Pradesh,Indore,T30,36-45,Male,44.4,UPI,Verified
INV002277,2024-11-28,118633,sip,591,Haryana,Gurugram,T30,26-35,Female,10.3,Mandate,Verified
INV001579,2024-11-28,119552,sip,25418,Karnataka,Bangalore,T30,46-55,Male,71.1,Mandate,Verified
INV000011,2024-11-28,120841,lumpsum,33539,West Bengal,Kolkata,T30,26-35,Male,9.6,Cheque,Pending
INV004458,2024-11-28,100016,sip,1025,Gujarat,Ahmedabad,T30,26-35,Female,12.3,Cheque,Verified
INV003457,2024-11-28,119120,sip,5879,Karnataka,Bangalore,T30,36-45,Male,48.6,Cheque,Verified
INV002170,2024-11-28,120503,lumpsum,114842,Delhi,New Delhi,T30,26-35,Female,14.7,Mandate,Verified
INV004167,2024-11-28,100025,redemption,296810,Haryana,Gurugram,T30,36-45,Male,59.7,UPI,Verified
INV002080,2024-11-28,102885,sip,49604,Tamil Nadu,Coimbatore,B30,26-35,Male,21.3,Net Banking,Verified
INV000440,2024-11-28,148569,sip,2869,Uttar Pradesh,Agra,B30,18-25,Male,6.7,Cheque,Verified
INV003460,2024-11-28,118634,sip,465,Delhi,New Delhi,T30,26-35,Male,14.6,Mandate,Verified
INV002612,2024-11-28,101206,sip,13652,Telangana,Hyderabad,T30,26-35,Male,16.2,Net Banking,Verified
INV002775,2024-11-28,101206,lumpsum,59851,Haryana,Faridabad,B30,18-25,Female,5.9,Cheque,Verified
INV003392,2024-11-28,100025,lumpsum,369395,West Bengal,Kolkata,T30,56+,Male,16.5,UPI,Verified
INV001992,2024-11-28,101207,sip,3127,Telangana,Hyderabad,T30,18-25,Male,3.3,Mandate,Verified
INV002509,2024-11-28,120503,sip,4601,Maharashtra,Mumbai,T30,36-45,Female,19.9,UPI,Verified
INV003656,2024-11-28,102887,lumpsum,496073,Rajasthan,Udaipur,B30,36-45,Female,58.5,Mandate,Verified
INV004063,2024-11-28,100016,lumpsum,407822,Haryana,Gurugram,T30,36-45,Male,19.3,Mandate,Verified
INV004347,2024-11-28,149322,sip,11865,West Bengal,Kolkata,T30,36-45,Male,20.5,UPI,Verified
INV004212,2024-11-28,149324,sip,50478,Uttar Pradesh,Kanpur,B30,36-45,Male,41.5,UPI,Verified
INV001746,2024-11-28,119095,sip,29685,Rajasthan,Udaipur,B30,26-35,Male,11.2,Net Banking,Verified
INV004154,2024-11-28,101208,sip,1024,Karnataka,Mysore,B30,18-25,Male,4.7,Mandate,Verified
INV003116,2024-11-28,120505,sip,5915,Rajasthan,Udaipur,B30,26-35,Female,8.7,Mandate,Verified
INV000027,2024-11-28,119599,lumpsum,244519,Punjab,Chandigarh,T30,26-35,Male,20.7,Cheque,Verified
INV000808,2024-11-28,100016,lumpsum,145780,Punjab,Chandigarh,T30,36-45,Male,34.9,UPI,Verified
INV002158,2024-11-28,125498,sip,1068,Madhya Pradesh,Indore,T30,26-35,Male,14.5,Cheque,Verified
INV002684,2024-11-28,125498,lumpsum,214224,Delhi,New Delhi,T30,36-45,Female,56.2,Net Banking,Verified
INV002341,2024-11-28,119598,redemption,16122,West Bengal,Kolkata,T30,36-45,Female,50.8,Net Banking,Verified
INV003214,2024-11-28,120841,sip,2843,Punjab,Chandigarh,T30,36-45,Male,18.2,Cheque,Verified
INV000810,2024-11-28,119598,sip,8259,Rajasthan,Jaipur,T30,26-35,Male,11.2,Mandate,Verified
INV003335,2024-11-29,102886,sip,2397,Maharashtra,Pune,T30,18-25,Male,4.1,Cheque,Verified
INV000632,2024-11-29,120841,sip,56001,Delhi,Gurugram,T30,36-45,Male,49.1,Cheque,Verified
INV000079,2024-11-29,119551,lumpsum,210536,Gujarat,Surat,T30,26-35,Male,17.0,Mandate,Verified
INV001128,2024-11-29,120504,redemption,359838,West Bengal,Kolkata,T30,36-45,Female,43.2,UPI,Verified
INV002775,2024-11-29,102886,lumpsum,511176,Haryana,Faridabad,B30,18-25,Female,5.9,UPI,Verified
INV000950,2024-11-29,118633,sip,3375,Punjab,Amritsar,B30,36-45,Male,33.1,UPI,Verified
INV001828,2024-11-29,119094,sip,2895,Gujarat,Surat,T30,36-45,Male,27.7,Mandate,Verified
INV002994,2024-11-29,118632,sip,1104,Karnataka,Mysore,B30,18-25,Male,8.0,UPI,Verified
INV002891,2024-11-29,119094,redemption,15594,Haryana,Faridabad,B30,36-45,Female,56.5,Net Banking,Verified
INV004907,2024-11-29,149322,sip,470,Gujarat,Ahmedabad,T30,26-35,Male,20.7,Cheque,Pending
INV000815,2024-11-29,119094,lumpsum,488807,Karnataka,Mysore,B30,26-35,Male,9.2,UPI,Pending
INV000511,2024-11-29,101208,lumpsum,218491,Punjab,Chandigarh,T30,46-55,Male,88.7,UPI,Verified
INV003555,2024-11-29,120507,redemption,237605,Karnataka,Mysore,B30,26-35,Male,18.6,Mandate,Verified
INV003455,2024-11-29,119599,sip,3301,Tamil Nadu,Coimbatore,B30,46-55,Male,40.2,Net Banking,Verified
INV002711,2024-11-29,100025,sip,1842,Haryana,Gurugram,T30,26-35,Male,12.4,Mandate,Verified
INV002051,2024-11-29,102885,redemption,8455,Gujarat,Ahmedabad,T30,46-55,Female,56.2,Cheque,Verified
INV003089,2024-11-29,149324,sip,5709,Uttar Pradesh,Agra,B30,26-35,Male,14.1,Mandate,Verified
INV004528,2024-11-29,100025,sip,2725,Madhya Pradesh,Indore,T30,46-55,Male,82.5,Net Banking,Verified
INV002895,2024-11-29,118636,sip,26466,Madhya Pradesh,Bhopal,B30,26-35,Male,10.7,Cheque,Verified
INV000710,2024-11-29,120843,redemption,248086,Delhi,Noida,T30,26-35,Male,6.1,UPI,Verified
INV003320,2024-11-29,149323,sip,49139,Tamil Nadu,Coimbatore,B30,56+,Male,73.7,Cheque,Verified
INV000994,2024-11-29,148569,lumpsum,29045,Maharashtra,Pune,T30,26-35,Female,6.1,Net Banking,Verified
INV000707,2024-11-29,125497,sip,469,Karnataka,Mysore,B30,36-45,Female,46.6,Cheque,Verified
INV003104,2024-11-29,120841,sip,26204,Uttar Pradesh,Lucknow,T30,26-35,Male,7.8,Cheque,Verified
INV004106,2024-11-29,100016,sip,1142,Gujarat,Surat,T30,26-35,Male,16.3,Cheque,Pending
INV002251,2024-11-29,119552,sip,2067,Punjab,Chandigarh,T30,26-35,Female,16.8,Cheque,Verified
INV003979,2024-11-29,118635,lumpsum,190895,Madhya Pradesh,Indore,T30,36-45,Male,44.4,UPI,Verified
INV000633,2024-11-29,125497,redemption,63143,Karnataka,Bangalore,T30,46-55,Male,69.2,UPI,Verified
INV003085,2024-11-29,149323,lumpsum,353272,Delhi,Gurugram,T30,36-45,Female,29.2,Mandate,Verified
INV003064,2024-11-29,119599,sip,2237,Karnataka,Bangalore,T30,26-35,Male,6.5,Net Banking,Verified
INV000802,2024-11-29,148567,lumpsum,406938,Gujarat,Ahmedabad,T30,36-45,Male,34.4,UPI,Verified
INV004389,2024-11-29,102887,sip,23118,Karnataka,Mysore,B30,36-45,Male,53.3,Mandate,Verified
INV000309,2024-11-29,119092,sip,29421,Delhi,Gurugram,T30,26-35,Male,18.1,Net Banking,Verified
INV002033,2024-11-29,120505,sip,487,Gujarat,Ahmedabad,T30,46-55,Male,18.9,Cheque,Verified
INV000735,2024-11-29,119094,lumpsum,53001,Maharashtra,Pune,T30,36-45,Male,57.7,Mandate,Verified
INV001701,2024-11-29,118635,sip,5308,Karnataka,Mysore,B30,26-35,Female,24.4,UPI,Verified
INV001671,2024-11-29,120841,redemption,470068,Punjab,Chandigarh,T30,56+,Male,31.2,Cheque,Verified
INV004582,2024-11-29,149322,sip,986,Tamil Nadu,Chennai,T30,56+,Male,67.1,Net Banking,Verified
INV003280,2024-11-29,148568,lumpsum,148787,Haryana,Faridabad,B30,26-35,Female,9.0,UPI,Verified
INV001113,2024-11-29,148569,sip,3200,Rajasthan,Jaipur,T30,26-35,Female,11.7,Cheque,Verified
INV001348,2024-11-29,149323,sip,988,Haryana,Gurugram,T30,26-35,Female,8.6,Mandate,Pending
INV000782,2024-11-29,119093,sip,14288,Telangana,Hyderabad,T30,18-25,Male,4.4,UPI,Verified
INV004585,2024-11-29,119552,sip,7937,Punjab,Amritsar,B30,18-25,Female,4.5,Cheque,Verified
INV000524,2024-11-29,148568,sip,3280,West Bengal,Kolkata,T30,56+,Male,37.4,Cheque,Verified
INV000749,2024-11-29,119552,lumpsum,448366,Uttar Pradesh,Kanpur,B30,36-45,Male,36.1,Cheque,Verified
INV002870,2024-11-29,102886,redemption,108480,Karnataka,Mysore,B30,26-35,Female,23.7,Mandate,Verified
INV003006,2024-11-29,149322,lumpsum,330917,West Bengal,Kolkata,T30,26-35,Male,9.5,Cheque,Pending
INV001959,2024-11-29,119093,sip,3339,Tamil Nadu,Chennai,T30,18-25,Female,4.7,Net Banking,Verified
INV000228,2024-11-29,120503,redemption,346008,Karnataka,Bangalore,T30,26-35,Male,7.2,Cheque,Verified
INV003913,2024-11-29,119095,sip,948,Telangana,Hyderabad,T30,36-45,Male,51.7,Mandate,Pending
INV000135,2024-11-29,119094,lumpsum,37530,Punjab,Amritsar,B30,18-25,Male,5.7,Net Banking,Verified
INV002602,2024-11-29,119094,redemption,297065,Gujarat,Surat,T30,56+,Female,45.7,Mandate,Pending
INV002583,2024-11-29,119599,sip,2094,Gujarat,Ahmedabad,T30,46-55,Male,48.5,Mandate,Pending
INV000746,2024-11-29,102885,lumpsum,266749,Madhya Pradesh,Bhopal,B30,36-45,Male,49.8,Mandate,Pending
INV004573,2024-11-29,119095,lumpsum,8485,Madhya Pradesh,Indore,T30,36-45,Female,36.8,Cheque,Verified
INV004094,2024-11-29,120506,sip,2541,Haryana,Faridabad,B30,26-35,Female,10.0,Net Banking,Verified
INV004849,2024-11-29,120843,lumpsum,128399,Maharashtra,Pune,T30,46-55,Female,21.9,Net Banking,Verified
INV003956,2024-11-29,119599,lumpsum,441363,Punjab,Amritsar,B30,36-45,Male,32.3,UPI,Verified
INV002852,2024-11-29,100025,redemption,169113,West Bengal,Kolkata,T30,46-55,Male,69.5,UPI,Verified
INV003022,2024-11-29,119120,sip,55925,Telangana,Hyderabad,T30,46-55,Male,60.2,UPI,Verified
INV003215,2024-11-29,119095,sip,2616,Gujarat,Surat,T30,26-35,Female,20.9,Net Banking,Verified
INV000972,2024-11-29,120507,lumpsum,333486,Telangana,Hyderabad,T30,18-25,Female,5.9,Net Banking,Verified
INV002344,2024-11-29,148567,sip,5151,Punjab,Chandigarh,T30,46-55,Female,92.9,Mandate,Verified
INV003830,2024-11-29,119093,lumpsum,310352,Punjab,Amritsar,B30,26-35,Male,17.6,Cheque,Verified
INV004788,2024-11-29,119598,sip,8673,Punjab,Amritsar,B30,18-25,Male,5.0,Cheque,Verified
INV001308,2024-11-29,118634,sip,47513,Rajasthan,Jaipur,T30,36-45,Male,19.3,Cheque,Verified
INV004885,2024-11-29,119551,lumpsum,26363,Punjab,Amritsar,B30,26-35,Male,11.7,Mandate,Verified
INV004096,2024-11-29,120504,redemption,108218,Tamil Nadu,Coimbatore,B30,36-45,Male,57.1,Mandate,Verified
INV002847,2024-11-29,125498,sip,14691,Haryana,Faridabad,B30,26-35,Male,13.4,Net Banking,Verified
INV004851,2024-11-29,120504,redemption,139563,Uttar Pradesh,Lucknow,T30,26-35,Male,9.3,Net Banking,Pending
INV000147,2024-11-29,119093,lumpsum,372550,Rajasthan,Jaipur,T30,26-35,Male,15.7,UPI,Verified
INV001449,2024-11-29,100033,lumpsum,31736,Gujarat,Ahmedabad,T30,36-45,Male,45.2,Mandate,Verified
INV001967,2024-11-30,102886,sip,21016,Rajasthan,Jaipur,T30,26-35,Male,17.9,Mandate,Verified
INV003288,2024-11-30,120841,redemption,443818,Punjab,Chandigarh,T30,56+,Male,57.9,Net Banking,Verified
INV000183,2024-11-30,118634,sip,981,Tamil Nadu,Coimbatore,B30,26-35,Male,9.8,Cheque,Verified
INV004454,2024-11-30,100025,sip,1115,West Bengal,Kolkata,T30,36-45,Male,37.4,Net Banking,Verified
INV002011,2024-11-30,118634,sip,2227,Tamil Nadu,Chennai,T30,36-45,Male,41.1,Mandate,Verified
INV000310,2024-11-30,102885,lumpsum,116867,Delhi,Noida,T30,36-45,Male,58.4,Net Banking,Verified
INV004802,2024-11-30,100016,lumpsum,332698,Uttar Pradesh,Kanpur,B30,26-35,Male,20.9,UPI,Pending
INV002185,2024-11-30,119599,lumpsum,384785,Punjab,Chandigarh,T30,26-35,Male,21.0,UPI,Verified
INV004650,2024-11-30,119599,sip,3297,Punjab,Chandigarh,T30,56+,Male,28.2,Mandate,Verified
INV001295,2024-11-30,118636,sip,2867,Madhya Pradesh,Indore,T30,36-45,Male,30.8,UPI,Verified
INV002705,2024-11-30,125498,redemption,57434,Uttar Pradesh,Lucknow,T30,46-55,Female,90.6,Cheque,Verified
INV004280,2024-11-30,102887,sip,5647,Rajasthan,Jaipur,T30,26-35,Female,8.5,Mandate,Verified
INV004333,2024-11-30,120844,sip,3452,Telangana,Hyderabad,T30,36-45,Female,14.8,Cheque,Verified
INV001501,2024-11-30,119120,redemption,351620,Punjab,Amritsar,B30,26-35,Male,11.3,Net Banking,Verified
INV000108,2024-11-30,149324,lumpsum,225195,Uttar Pradesh,Agra,B30,36-45,Male,26.2,UPI,Verified
INV002525,2024-11-30,149322,sip,40679,Tamil Nadu,Coimbatore,B30,18-25,Male,4.5,Cheque,Verified
INV002248,2024-11-30,118636,sip,17852,Delhi,New Delhi,T30,26-35,Male,8.1,Cheque,Verified
INV000266,2024-11-30,118634,sip,4606,Madhya Pradesh,Indore,T30,56+,Male,67.6,Mandate,Verified
INV003015,2024-11-30,125497,redemption,63374,Madhya Pradesh,Indore,T30,18-25,Male,4.4,UPI,Verified
INV002630,2024-11-30,118633,sip,6383,Punjab,Amritsar,B30,36-45,Male,19.6,Cheque,Verified
INV003561,2024-11-30,148567,redemption,357446,West Bengal,Kolkata,T30,26-35,Male,22.0,Mandate,Verified
INV001485,2024-11-30,119120,sip,1889,Rajasthan,Jaipur,T30,56+,Female,24.4,UPI,Verified
INV004017,2024-11-30,148569,sip,1712,West Bengal,Kolkata,T30,36-45,Male,36.7,Net Banking,Verified
INV002764,2024-11-30,102885,sip,48090,Madhya Pradesh,Bhopal,B30,36-45,Male,40.8,Cheque,Verified
INV000714,2024-11-30,120503,sip,7424,Uttar Pradesh,Kanpur,B30,26-35,Female,23.8,Mandate,Verified
INV004825,2024-11-30,119120,sip,835,Delhi,Noida,T30,56+,Male,15.3,UPI,Verified
INV000704,2024-11-30,119120,lumpsum,85005,Gujarat,Ahmedabad,T30,18-25,Male,4.5,Mandate,Verified
INV000242,2024-11-30,119551,redemption,227349,Maharashtra,Nashik,B30,36-45,Male,40.2,Cheque,Verified
INV004748,2024-11-30,119094,sip,27141,Delhi,Noida,T30,26-35,Male,12.6,Cheque,Verified
INV000278,2024-11-30,118632,lumpsum,85456,Rajasthan,Jaipur,T30,26-35,Male,22.1,Cheque,Verified
INV002551,2024-11-30,120503,sip,402,West Bengal,Kolkata,T30,18-25,Female,5.9,Net Banking,Verified
INV000358,2024-11-30,100033,redemption,330484,Maharashtra,Nashik,B30,26-35,Male,7.2,Mandate,Verified
INV000646,2024-11-30,100033,sip,7371,Uttar Pradesh,Lucknow,T30,26-35,Female,23.9,UPI,Verified
INV004267,2024-11-30,101206,redemption,329257,Gujarat,Surat,T30,46-55,Male,99.7,UPI,Verified
INV001862,2024-11-30,120507,sip,20468,Delhi,Gurugram,T30,26-35,Male,17.5,Net Banking,Verified
INV004199,2024-11-30,118636,sip,40520,Tamil Nadu,Chennai,T30,56+,Male,76.5,Net Banking,Verified
INV002924,2024-11-30,118632,sip,1886,Tamil Nadu,Chennai,T30,26-35,Female,14.5,UPI,Verified
INV004964,2024-11-30,149324,sip,3204,Rajasthan,Jaipur,T30,56+,Male,20.5,Cheque,Verified
INV004950,2024-11-30,120507,sip,14508,Madhya Pradesh,Indore,T30,26-35,Male,9.8,UPI,Verified
INV004763,2024-11-30,149324,lumpsum,233698,Karnataka,Bangalore,T30,46-55,Female,19.6,UPI,Verified
INV002772,2024-11-30,125498,sip,9126,Haryana,Faridabad,B30,26-35,Male,14.7,Cheque,Verified
INV000045,2024-11-30,102886,redemption,369566,Uttar Pradesh,Lucknow,T30,36-45,Male,26.2,Cheque,Verified
INV001923,2024-11-30,120844,lumpsum,273080,Gujarat,Surat,T30,18-25,Female,4.0,UPI,Verified
INV003511,2024-11-30,118633,lumpsum,202753,Haryana,Gurugram,T30,46-55,Male,36.8,Mandate,Verified
INV002357,2024-11-30,120841,redemption,380667,Delhi,Gurugram,T30,26-35,Male,7.8,Net Banking,Verified
INV003925,2024-11-30,102887,sip,11156,Punjab,Amritsar,B30,26-35,Female,14.2,Cheque,Verified
INV000158,2024-11-30,100016,sip,432,Madhya Pradesh,Bhopal,B30,36-45,Male,26.1,Cheque,Verified
INV000785,2024-11-30,100025,lumpsum,283080,Tamil Nadu,Chennai,T30,36-45,Male,31.1,Mandate,Verified
INV000230,2024-11-30,119095,redemption,309548,Haryana,Faridabad,B30,18-25,Male,3.3,Cheque,Verified
INV002045,2024-11-30,120504,redemption,237470,Rajasthan,Jaipur,T30,18-25,Female,3.8,Cheque,Verified
INV001997,2024-11-30,119598,lumpsum,129074,Delhi,New Delhi,T30,56+,Female,24.8,Cheque,Verified
INV002601,2024-11-30,119094,sip,3333,Tamil Nadu,Coimbatore,B30,36-45,Female,34.1,Net Banking,Verified
INV003718,2024-11-30,149324,sip,972,Telangana,Hyderabad,T30,46-55,Male,65.3,Cheque,Verified
INV004973,2024-11-30,120503,sip,544,Tamil Nadu,Coimbatore,B30,26-35,Male,11.3,Mandate,Verified
INV004520,2024-11-30,149322,sip,10506,Uttar Pradesh,Lucknow,T30,26-35,Female,15.7,Mandate,Pending
INV003977,2024-11-30,101208,sip,13409,Rajasthan,Udaipur,B30,46-55,Male,77.8,Cheque,Verified
INV001741,2024-11-30,119551,sip,52954,Rajasthan,Udaipur,B30,36-45,Male,52.8,UPI,Verified
INV000121,2024-11-30,102886,sip,7806,Telangana,Hyderabad,T30,18-25,Male,7.8,Cheque,Verified
INV004554,2024-11-30,120841,lumpsum,7175,Rajasthan,Jaipur,T30,26-35,Female,10.7,Mandate,Verified
INV000333,2024-12-01,100016,redemption,340844,Maharashtra,Nashik,B30,26-35,Male,14.8,Mandate,Verified
INV004511,2024-12-01,119093,sip,513,Gujarat,Ahmedabad,T30,46-55,Female,43.6,UPI,Verified
INV003139,2024-12-01,101208,lumpsum,30203,Karnataka,Mysore,B30,36-45,Male,39.4,Cheque,Verified
INV000511,2024-12-01,120844,lumpsum,406176,Punjab,Chandigarh,T30,46-55,Male,88.7,UPI,Verified
INV000306,2024-12-01,100016,sip,8430,Maharashtra,Mumbai,T30,26-35,Female,19.4,Net Banking,Verified
INV003687,2024-12-01,118634,lumpsum,349479,Tamil Nadu,Chennai,T30,36-45,Male,21.8,UPI,Verified
INV001404,2024-12-01,120504,sip,54541,West Bengal,Kolkata,T30,46-55,Male,56.2,Mandate,Verified
INV002769,2024-12-01,125497,sip,10049,Maharashtra,Pune,T30,18-25,Female,4.5,UPI,Verified
INV004533,2024-12-01,120841,sip,2347,Gujarat,Ahmedabad,T30,36-45,Male,51.5,Cheque,Verified
INV000359,2024-12-01,120844,sip,2259,Tamil Nadu,Chennai,T30,18-25,Male,3.1,Cheque,Verified
INV000245,2024-12-01,100033,sip,8266,Punjab,Amritsar,B30,26-35,Male,6.2,Net Banking,Pending
INV001183,2024-12-01,118632,sip,596,West Bengal,Kolkata,T30,46-55,Male,79.9,Net Banking,Verified
INV000810,2024-12-01,100025,lumpsum,42186,Rajasthan,Jaipur,T30,26-35,Male,11.2,Cheque,Verified
INV001470,2024-12-01,118632,redemption,123570,Haryana,Gurugram,T30,36-45,Male,26.2,UPI,Verified
INV000257,2024-12-01,119599,sip,2633,Gujarat,Surat,T30,36-45,Male,27.9,Mandate,Verified
INV000010,2024-12-01,120844,sip,2471,Maharashtra,Pune,T30,36-45,Male,13.6,Net Banking,Verified
INV002697,2024-12-01,118636,sip,992,West Bengal,Kolkata,T30,26-35,Male,14.1,Net Banking,Verified
INV004515,2024-12-01,149322,sip,2080,Rajasthan,Udaipur,B30,18-25,Female,5.2,Net Banking,Verified
INV000707,2024-12-01,119552,sip,1024,Karnataka,Mysore,B30,36-45,Female,46.6,Net Banking,Verified
INV002358,2024-12-01,120842,lumpsum,39529,Telangana,Hyderabad,T30,36-45,Female,55.6,UPI,Verified
INV002348,2024-12-01,149322,sip,2648,Uttar Pradesh,Agra,B30,26-35,Male,13.4,Net Banking,Verified
INV001274,2024-12-01,102885,lumpsum,17175,Maharashtra,Mumbai,T30,36-45,Female,55.7,UPI,Verified
INV001699,2024-12-01,120506,sip,2946,Madhya Pradesh,Indore,T30,26-35,Male,24.6,Net Banking,Verified
INV003825,2024-12-01,118634,sip,2001,Telangana,Hyderabad,T30,56+,Male,69.6,Net Banking,Verified
INV002358,2024-12-01,120506,sip,6746,Telangana,Hyderabad,T30,36-45,Female,55.6,Mandate,Verified
INV001939,2024-12-01,118636,sip,4280,West Bengal,Kolkata,T30,26-35,Male,21.2,UPI,Verified
INV004728,2024-12-01,119551,lumpsum,580646,Maharashtra,Pune,T30,46-55,Female,22.0,Cheque,Verified
INV001836,2024-12-01,120841,sip,1027,Uttar Pradesh,Agra,B30,26-35,Male,17.4,Net Banking,Verified
INV003007,2024-12-01,120504,sip,1685,Haryana,Faridabad,B30,26-35,Male,21.8,Net Banking,Verified
INV004316,2024-12-01,119552,sip,1169,Karnataka,Bangalore,T30,46-55,Male,79.5,Cheque,Verified
INV000786,2024-12-01,119599,redemption,77593,Madhya Pradesh,Bhopal,B30,26-35,Male,17.9,Cheque,Verified
INV001886,2024-12-01,119092,sip,3260,Haryana,Gurugram,T30,18-25,Male,7.7,UPI,Verified
INV003888,2024-12-01,148568,lumpsum,187266,Telangana,Hyderabad,T30,56+,Female,8.6,Mandate,Verified
INV000283,2024-12-01,118636,sip,596,West Bengal,Kolkata,T30,46-55,Male,18.1,Net Banking,Verified
INV001218,2024-12-01,100025,redemption,405185,Madhya Pradesh,Bhopal,B30,36-45,Male,21.1,UPI,Verified
INV003837,2024-12-01,100016,lumpsum,327871,Punjab,Amritsar,B30,26-35,Female,15.2,UPI,Verified
INV001816,2024-12-01,101207,sip,2978,Telangana,Hyderabad,T30,26-35,Male,9.0,Mandate,Verified
INV002256,2024-12-01,101207,sip,15790,Rajasthan,Jaipur,T30,46-55,Male,49.6,Net Banking,Pending
INV004623,2024-12-01,120842,sip,1765,Madhya Pradesh,Indore,T30,46-55,Female,44.9,Mandate,Verified
INV002211,2024-12-01,118635,redemption,377982,Gujarat,Surat,T30,26-35,Male,11.3,Mandate,Verified
INV004960,2024-12-01,119551,lumpsum,308313,Uttar Pradesh,Kanpur,B30,26-35,Male,20.1,Net Banking,Verified
INV003613,2024-12-01,101207,sip,9223,Punjab,Amritsar,B30,26-35,Male,13.5,Cheque,Verified
INV001758,2024-12-01,149324,lumpsum,295268,Gujarat,Surat,T30,18-25,Female,7.9,Mandate,Verified
INV002284,2024-12-01,119095,sip,9294,Karnataka,Bangalore,T30,36-45,Male,55.3,Cheque,Verified
INV002921,2024-12-01,149322,sip,499,Punjab,Amritsar,B30,18-25,Female,5.4,Mandate,Verified
INV001020,2024-12-01,101207,sip,22966,Maharashtra,Mumbai,T30,26-35,Female,13.5,Cheque,Verified
INV004243,2024-12-01,118634,lumpsum,346294,Punjab,Amritsar,B30,36-45,Female,38.7,Mandate,Verified
INV003888,2024-12-01,119095,lumpsum,317165,Telangana,Hyderabad,T30,56+,Female,8.6,Mandate,Verified
INV003060,2024-12-01,120505,sip,3503,Rajasthan,Jaipur,T30,56+,Female,16.6,Cheque,Verified
INV004202,2024-12-01,101208,sip,6132,West Bengal,Kolkata,T30,36-45,Female,56.9,Mandate,Verified
INV004415,2024-12-01,120506,lumpsum,244949,Tamil Nadu,Chennai,T30,26-35,Male,6.3,UPI,Verified
INV004797,2024-12-01,102885,redemption,479184,Gujarat,Ahmedabad,T30,56+,Male,18.9,Cheque,Verified
INV003586,2024-12-01,119598,sip,6080,Haryana,Faridabad,B30,46-55,Male,68.9,Cheque,Verified
INV000123,2024-12-01,101206,sip,1808,Punjab,Chandigarh,T30,46-55,Male,73.3,Mandate,Verified
INV002250,2024-12-01,149323,lumpsum,429187,Telangana,Hyderabad,T30,36-45,Male,20.4,Mandate,Verified
INV004063,2024-12-01,120843,lumpsum,16492,Haryana,Gurugram,T30,36-45,Male,19.3,UPI,Verified
INV003287,2024-12-01,120844,sip,2814,Delhi,New Delhi,T30,36-45,Male,54.9,Mandate,Verified
INV004893,2024-12-01,119092,lumpsum,30191,Delhi,Gurugram,T30,36-45,Male,32.6,Mandate,Verified
INV004673,2024-12-01,149324,lumpsum,275825,Maharashtra,Pune,T30,36-45,Female,39.7,Mandate,Verified
INV001276,2024-12-01,120507,sip,2148,Rajasthan,Jaipur,T30,56+,Male,46.2,Net Banking,Verified
INV000900,2024-12-01,120842,redemption,356687,Tamil Nadu,Coimbatore,B30,26-35,Male,6.2,UPI,Verified
INV004212,2024-12-01,118634,sip,28720,Uttar Pradesh,Kanpur,B30,36-45,Male,41.5,Cheque,Pending
INV003985,2024-12-01,101207,sip,570,Tamil Nadu,Coimbatore,B30,18-25,Male,4.3,Mandate,Verified
INV000966,2024-12-01,102885,sip,6893,Telangana,Hyderabad,T30,26-35,Male,22.8,Mandate,Pending
INV004643,2024-12-01,119552,redemption,435409,Delhi,Noida,T30,26-35,Female,12.4,UPI,Verified
INV003582,2024-12-01,100016,sip,865,Uttar Pradesh,Kanpur,B30,36-45,Male,43.1,UPI,Verified
INV000446,2024-12-01,118632,lumpsum,27298,Rajasthan,Jaipur,T30,26-35,Female,23.8,Cheque,Verified
INV002402,2024-12-01,118632,sip,20087,Uttar Pradesh,Lucknow,T30,46-55,Male,55.5,UPI,Verified
INV000377,2024-12-01,120841,sip,1190,Karnataka,Bangalore,T30,26-35,Male,19.8,Cheque,Verified
INV002445,2024-12-01,118636,lumpsum,188590,Punjab,Chandigarh,T30,26-35,Male,9.5,UPI,Verified
INV000631,2024-12-01,119095,sip,10375,Delhi,Noida,T30,36-45,Female,48.6,UPI,Verified
INV004458,2024-12-01,120503,lumpsum,334191,Gujarat,Ahmedabad,T30,26-35,Female,12.3,Net Banking,Verified
INV003964,2024-12-01,101207,sip,4056,Punjab,Chandigarh,T30,26-35,Male,16.7,Cheque,Verified
INV000357,2024-12-02,148568,sip,2047,Rajasthan,Udaipur,B30,26-35,Male,24.5,Cheque,Verified
INV001516,2024-12-02,101206,sip,1181,Tamil Nadu,Coimbatore,B30,26-35,Male,22.0,Net Banking,Verified
INV003257,2024-12-02,119094,sip,55712,Rajasthan,Jaipur,T30,56+,Male,34.8,Net Banking,Pending
INV004379,2024-12-02,119551,sip,15406,Delhi,Gurugram,T30,18-25,Male,6.0,Cheque,Verified
INV001893,2024-12-02,125497,sip,22236,Punjab,Chandigarh,T30,26-35,Female,12.7,UPI,Verified
INV000939,2024-12-02,125498,sip,49041,Karnataka,Bangalore,T30,26-35,Male,19.6,UPI,Verified
INV004225,2024-12-02,119120,lumpsum,237215,Karnataka,Bangalore,T30,26-35,Male,24.8,Net Banking,Verified
INV003122,2024-12-02,101206,sip,11300,Telangana,Hyderabad,T30,26-35,Male,8.3,Cheque,Verified
INV004356,2024-12-02,118636,sip,14134,West Bengal,Kolkata,T30,36-45,Male,37.3,Net Banking,Verified
INV004353,2024-12-02,149323,sip,406,Uttar Pradesh,Agra,B30,56+,Male,31.2,Mandate,Verified
INV002279,2024-12-02,102885,sip,43406,Delhi,Gurugram,T30,36-45,Male,25.1,Net Banking,Verified
INV004497,2024-12-02,149324,lumpsum,375719,Rajasthan,Jaipur,T30,26-35,Female,13.3,Net Banking,Verified
INV002485,2024-12-02,102885,sip,2941,Karnataka,Mysore,B30,46-55,Female,70.2,UPI,Verified
INV000327,2024-12-02,119092,redemption,358056,Uttar Pradesh,Kanpur,B30,26-35,Male,9.2,Net Banking,Verified
INV001508,2024-12-02,118634,redemption,381082,Tamil Nadu,Coimbatore,B30,46-55,Male,63.3,UPI,Pending
INV000834,2024-12-02,118632,sip,44427,Uttar Pradesh,Agra,B30,18-25,Female,6.6,Net Banking,Pending
INV001879,2024-12-02,125498,lumpsum,63989,Uttar Pradesh,Lucknow,T30,18-25,Female,6.3,Mandate,Verified
INV004520,2024-12-02,120841,sip,541,Uttar Pradesh,Lucknow,T30,26-35,Female,15.7,Net Banking,Verified
INV002733,2024-12-02,149324,sip,7769,Punjab,Chandigarh,T30,26-35,Male,19.0,Net Banking,Verified
INV003717,2024-12-02,148569,redemption,240909,Tamil Nadu,Coimbatore,B30,26-35,Female,20.8,Net Banking,Verified
INV003115,2024-12-02,100025,sip,2383,Gujarat,Surat,T30,26-35,Male,23.9,Net Banking,Verified
INV003121,2024-12-02,118633,sip,9998,Telangana,Hyderabad,T30,36-45,Male,13.7,Cheque,Verified
INV004004,2024-12-02,118634,sip,57390,Delhi,Gurugram,T30,18-25,Male,3.1,Cheque,Pending
INV001268,2024-12-02,148569,lumpsum,27614,Maharashtra,Pune,T30,46-55,Male,75.1,Cheque,Verified
INV001194,2024-12-02,120844,sip,2656,Karnataka,Bangalore,T30,18-25,Male,7.7,Net Banking,Verified
INV001069,2024-12-02,149322,sip,485,Telangana,Hyderabad,T30,26-35,Male,19.1,Cheque,Verified
INV002145,2024-12-02,148567,sip,501,Delhi,Gurugram,T30,36-45,Male,32.8,Net Banking,Verified
INV000459,2024-12-02,119552,sip,13345,West Bengal,Kolkata,T30,26-35,Female,21.5,Net Banking,Verified
INV003237,2024-12-02,118633,redemption,522899,Delhi,Gurugram,T30,46-55,Male,66.7,UPI,Verified
INV004458,2024-12-02,149322,lumpsum,493041,Gujarat,Ahmedabad,T30,26-35,Female,12.3,Net Banking,Verified
INV004794,2024-12-02,119599,lumpsum,222779,Rajasthan,Udaipur,B30,36-45,Female,46.0,UPI,Verified
INV001236,2024-12-02,120505,lumpsum,387886,Telangana,Hyderabad,T30,46-55,Male,93.7,UPI,Verified
INV002839,2024-12-02,119551,lumpsum,439557,Punjab,Amritsar,B30,26-35,Male,14.8,UPI,Verified
INV002220,2024-12-02,120843,redemption,330966,Punjab,Chandigarh,T30,46-55,Male,29.9,Cheque,Verified
INV004429,2024-12-02,148568,lumpsum,53921,Uttar Pradesh,Lucknow,T30,36-45,Male,21.7,Mandate,Verified
INV001562,2024-12-02,120841,sip,9363,Delhi,Noida,T30,26-35,Male,7.0,Cheque,Verified
INV001585,2024-12-02,120506,redemption,366228,Telangana,Hyderabad,T30,36-45,Male,28.3,Net Banking,Verified
INV002219,2024-12-02,102885,sip,3564,Karnataka,Mysore,B30,26-35,Male,6.9,UPI,Verified
INV004979,2024-12-02,100025,sip,877,Punjab,Chandigarh,T30,26-35,Male,21.5,Cheque,Verified
INV003181,2024-12-02,119551,lumpsum,244860,Karnataka,Bangalore,T30,18-25,Female,3.9,Net Banking,Verified
INV001967,2024-12-02,148569,sip,1850,Rajasthan,Jaipur,T30,26-35,Male,17.9,Mandate,Verified
INV000387,2024-12-02,100033,redemption,146454,Gujarat,Surat,T30,36-45,Male,53.8,Cheque,Verified
INV002193,2024-12-02,149323,lumpsum,298297,Haryana,Gurugram,T30,36-45,Female,49.7,Mandate,Verified
INV001679,2024-12-02,148569,sip,23545,Haryana,Faridabad,B30,36-45,Female,46.7,Net Banking,Verified
INV001499,2024-12-02,102886,redemption,239764,Karnataka,Mysore,B30,26-35,Male,12.9,Cheque,Verified
INV003206,2024-12-02,149322,sip,2089,Gujarat,Ahmedabad,T30,26-35,Male,24.1,UPI,Verified
INV003848,2024-12-02,120841,lumpsum,321954,Telangana,Hyderabad,T30,26-35,Male,24.0,Mandate,Verified
INV002810,2024-12-02,119095,sip,2457,Punjab,Amritsar,B30,36-45,Male,33.2,Net Banking,Verified
INV000942,2024-12-02,120841,lumpsum,79088,Haryana,Faridabad,B30,56+,Male,70.2,Mandate,Verified
INV000398,2024-12-02,118635,lumpsum,334001,Madhya Pradesh,Indore,T30,46-55,Male,28.2,Mandate,Pending
INV004762,2024-12-02,119093,sip,1177,Rajasthan,Jaipur,T30,46-55,Male,37.2,Net Banking,Verified
INV001481,2024-12-02,120504,sip,917,Telangana,Hyderabad,T30,26-35,Male,23.4,UPI,Verified
INV002693,2024-12-02,119093,sip,42229,Uttar Pradesh,Kanpur,B30,26-35,Male,22.5,Cheque,Verified
INV004343,2024-12-02,120842,redemption,430454,Madhya Pradesh,Bhopal,B30,18-25,Male,7.9,Net Banking,Verified
INV004232,2024-12-02,120506,sip,3421,Tamil Nadu,Chennai,T30,26-35,Male,19.0,Net Banking,Pending
INV004413,2024-12-02,120505,lumpsum,146396,Maharashtra,Mumbai,T30,26-35,Male,14.7,Mandate,Pending
INV001945,2024-12-02,119092,lumpsum,211537,Gujarat,Ahmedabad,T30,26-35,Male,8.0,UPI,Verified
INV001759,2024-12-02,101207,sip,3525,Haryana,Faridabad,B30,36-45,Female,25.6,Mandate,Verified
INV002044,2024-12-02,120842,lumpsum,239423,Gujarat,Ahmedabad,T30,26-35,Female,19.1,Cheque,Verified
INV000568,2024-12-02,149323,sip,1053,Delhi,New Delhi,T30,36-45,Male,48.4,Cheque,Pending
INV000438,2024-12-02,101208,sip,5724,Delhi,New Delhi,T30,26-35,Male,11.6,Mandate,Verified
INV004231,2024-12-02,120843,lumpsum,192946,West Bengal,Kolkata,T30,56+,Male,17.5,Cheque,Verified
INV003150,2024-12-02,119092,redemption,271736,Gujarat,Ahmedabad,T30,26-35,Female,13.6,UPI,Verified
INV003394,2024-12-02,102886,sip,2545,West Bengal,Kolkata,T30,26-35,Male,14.6,UPI,Verified
INV002137,2024-12-02,119120,lumpsum,82432,Tamil Nadu,Coimbatore,B30,36-45,Male,17.6,Cheque,Verified
INV002018,2024-12-03,101206,sip,926,Uttar Pradesh,Agra,B30,26-35,Female,18.0,UPI,Verified
INV000891,2024-12-03,119598,lumpsum,369819,Gujarat,Surat,T30,26-35,Male,20.9,Cheque,Verified
INV003838,2024-12-03,120841,redemption,274560,Gujarat,Surat,T30,18-25,Female,5.1,Mandate,Verified
INV004153,2024-12-03,102885,lumpsum,408358,Uttar Pradesh,Agra,B30,46-55,Male,96.3,UPI,Verified
INV001354,2024-12-03,148568,lumpsum,208864,Tamil Nadu,Coimbatore,B30,18-25,Male,7.0,Mandate,Pending
INV003057,2024-12-03,118636,sip,15935,Punjab,Chandigarh,T30,18-25,Male,6.4,Net Banking,Verified
INV004181,2024-12-03,101207,lumpsum,286186,Uttar Pradesh,Lucknow,T30,26-35,Female,17.8,UPI,Verified
INV002193,2024-12-03,102885,lumpsum,403880,Haryana,Gurugram,T30,36-45,Female,49.7,UPI,Verified
INV004165,2024-12-03,100033,redemption,110297,West Bengal,Kolkata,T30,26-35,Male,9.3,Mandate,Verified
INV003198,2024-12-03,101207,sip,6937,Uttar Pradesh,Lucknow,T30,46-55,Female,37.0,UPI,Verified
INV001899,2024-12-03,118635,sip,7792,Gujarat,Ahmedabad,T30,26-35,Male,7.6,UPI,Verified
INV003388,2024-12-03,100016,sip,6591,Haryana,Faridabad,B30,56+,Female,39.3,Mandate,Verified
INV000765,2024-12-03,120842,redemption,81247,Telangana,Hyderabad,T30,18-25,Male,4.6,Net Banking,Pending
INV000836,2024-12-03,125498,sip,9230,Haryana,Gurugram,T30,26-35,Male,24.4,Cheque,Verified
INV003654,2024-12-03,149322,sip,2557,Delhi,New Delhi,T30,18-25,Male,6.6,Mandate,Verified
INV000536,2024-12-03,118633,redemption,353765,Delhi,New Delhi,T30,36-45,Female,29.6,UPI,Pending
INV001463,2024-12-03,100025,redemption,115045,Maharashtra,Nashik,B30,36-45,Male,54.5,Mandate,Verified
INV001173,2024-12-03,118632,sip,3411,Punjab,Chandigarh,T30,26-35,Female,7.8,Net Banking,Pending
INV001717,2024-12-03,119551,redemption,77734,Karnataka,Mysore,B30,26-35,Male,23.2,Cheque,Verified
INV003963,2024-12-03,119599,sip,2998,Tamil Nadu,Chennai,T30,26-35,Male,18.1,Mandate,Verified
INV002864,2024-12-03,149324,redemption,260440,Madhya Pradesh,Bhopal,B30,26-35,Male,6.8,UPI,Verified
INV004591,2024-12-03,148567,lumpsum,55270,Tamil Nadu,Chennai,T30,26-35,Male,7.8,Mandate,Verified
INV000778,2024-12-03,119120,sip,4093,Haryana,Faridabad,B30,26-35,Male,16.9,Mandate,Verified
INV004987,2024-12-03,120506,sip,26159,Telangana,Hyderabad,T30,46-55,Male,37.1,UPI,Verified
INV001456,2024-12-03,120506,sip,2571,Punjab,Chandigarh,T30,36-45,Male,36.3,Cheque,Verified
INV003269,2024-12-03,118632,sip,2982,Telangana,Hyderabad,T30,56+,Male,17.5,Mandate,Verified
INV002939,2024-12-03,118632,lumpsum,506248,Rajasthan,Udaipur,B30,18-25,Male,3.1,Cheque,Verified
INV002069,2024-12-03,125497,sip,11189,West Bengal,Kolkata,T30,46-55,Male,59.0,Cheque,Verified
INV000570,2024-12-03,102885,sip,8376,Madhya Pradesh,Bhopal,B30,26-35,Male,16.2,UPI,Verified
INV001449,2024-12-03,119552,redemption,349907,Gujarat,Ahmedabad,T30,36-45,Male,45.2,Net Banking,Verified
INV002708,2024-12-03,148569,sip,2957,Karnataka,Mysore,B30,26-35,Male,14.0,Cheque,Verified
INV000705,2024-12-03,125498,lumpsum,283465,Delhi,Noida,T30,26-35,Male,6.9,Cheque,Verified
INV004826,2024-12-03,101207,sip,10295,Tamil Nadu,Coimbatore,B30,26-35,Male,14.7,Cheque,Verified
INV003732,2024-12-03,101206,redemption,56091,West Bengal,Kolkata,T30,36-45,Male,56.1,Net Banking,Verified
INV003833,2024-12-03,119095,sip,2181,Delhi,New Delhi,T30,26-35,Male,11.7,Cheque,Verified
INV000289,2024-12-03,120503,sip,16282,Delhi,Gurugram,T30,36-45,Male,54.2,Cheque,Verified
INV004493,2024-12-03,119093,lumpsum,206768,Tamil Nadu,Chennai,T30,36-45,Male,19.3,Mandate,Verified
INV000196,2024-12-03,119599,sip,16900,Tamil Nadu,Chennai,T30,26-35,Male,17.9,UPI,Verified
INV003523,2024-12-03,101206,sip,1858,Rajasthan,Udaipur,B30,56+,Male,70.4,Cheque,Verified
INV002709,2024-12-03,119120,sip,26021,Uttar Pradesh,Kanpur,B30,36-45,Male,39.9,Net Banking,Verified
INV000400,2024-12-03,119093,lumpsum,119127,Punjab,Chandigarh,T30,26-35,Male,22.1,Net Banking,Verified
INV000558,2024-12-03,148568,lumpsum,453114,Punjab,Chandigarh,T30,56+,Female,22.1,Net Banking,Verified
INV000089,2024-12-03,148569,sip,3491,Maharashtra,Mumbai,T30,26-35,Female,11.2,Cheque,Verified
INV003326,2024-12-03,119094,sip,25787,Karnataka,Bangalore,T30,36-45,Male,40.9,Mandate,Pending
INV002951,2024-12-03,101208,sip,6353,Karnataka,Bangalore,T30,36-45,Male,58.6,UPI,Verified
INV002227,2024-12-03,101208,sip,5404,Uttar Pradesh,Lucknow,T30,26-35,Female,12.5,Cheque,Verified
INV004324,2024-12-03,119094,lumpsum,88754,Madhya Pradesh,Indore,T30,36-45,Male,42.4,Net Banking,Verified
INV001438,2024-12-03,101207,sip,7489,Karnataka,Bangalore,T30,46-55,Male,54.4,Cheque,Verified
INV004475,2024-12-03,120504,lumpsum,119773,Punjab,Amritsar,B30,26-35,Male,18.2,Mandate,Verified
INV003556,2024-12-03,149322,sip,9343,Karnataka,Mysore,B30,18-25,Male,3.7,UPI,Verified
INV000658,2024-12-03,119094,lumpsum,50380,Gujarat,Ahmedabad,T30,26-35,Male,14.1,Mandate,Verified
INV000523,2024-12-03,118633,sip,1160,West Bengal,Kolkata,T30,36-45,Male,13.1,Mandate,Verified
INV004831,2024-12-03,120842,redemption,32369,Maharashtra,Mumbai,T30,18-25,Female,5.9,Mandate,Verified
INV000729,2024-12-03,148567,lumpsum,372039,Telangana,Hyderabad,T30,36-45,Male,36.5,UPI,Verified
INV002110,2024-12-03,148569,lumpsum,52685,Haryana,Faridabad,B30,26-35,Female,20.8,Net Banking,Verified
INV003949,2024-12-03,118635,lumpsum,434738,Madhya Pradesh,Bhopal,B30,56+,Male,54.8,Cheque,Verified
INV004140,2024-12-03,149322,redemption,138004,Punjab,Amritsar,B30,46-55,Female,41.6,Mandate,Verified
INV002319,2024-12-03,100033,sip,11525,Karnataka,Mysore,B30,26-35,Male,8.7,Mandate,Verified
INV004061,2024-12-03,119551,sip,583,Punjab,Chandigarh,T30,26-35,Male,22.2,Cheque,Verified
INV001837,2024-12-03,102886,lumpsum,253963,Uttar Pradesh,Agra,B30,18-25,Male,5.5,Mandate,Verified
INV003856,2024-12-03,120504,sip,544,Madhya Pradesh,Indore,T30,36-45,Male,46.7,Mandate,Verified
INV004107,2024-12-03,118634,lumpsum,453224,Telangana,Hyderabad,T30,26-35,Male,12.6,Cheque,Verified
INV004890,2024-12-03,120842,sip,10844,Telangana,Hyderabad,T30,18-25,Female,5.8,UPI,Verified
INV000704,2024-12-03,119095,redemption,386756,Gujarat,Ahmedabad,T30,18-25,Male,4.5,Cheque,Pending
INV004209,2024-12-04,118632,lumpsum,23197,Maharashtra,Mumbai,T30,56+,Male,9.9,Mandate,Verified
INV000694,2024-12-04,118634,lumpsum,279223,Rajasthan,Jaipur,T30,46-55,Male,50.6,UPI,Verified
INV004343,2024-12-04,118636,lumpsum,522243,Madhya Pradesh,Bhopal,B30,18-25,Male,7.9,UPI,Verified
INV000818,2024-12-04,120507,redemption,481129,Telangana,Hyderabad,T30,56+,Female,62.5,Cheque,Verified
INV004337,2024-12-04,120842,sip,11169,Delhi,Noida,T30,18-25,Male,4.0,Net Banking,Verified
INV003943,2024-12-04,120842,sip,3116,Telangana,Hyderabad,T30,46-55,Male,46.2,Cheque,Pending
INV001175,2024-12-04,120842,sip,11893,Punjab,Chandigarh,T30,36-45,Male,33.5,Net Banking,Pending
INV002610,2024-12-04,119094,sip,5608,Tamil Nadu,Coimbatore,B30,36-45,Female,31.7,Cheque,Verified
INV000364,2024-12-04,119552,sip,14994,Delhi,Noida,T30,26-35,Male,9.1,UPI,Verified
INV000147,2024-12-04,119598,redemption,101914,Rajasthan,Jaipur,T30,26-35,Male,15.7,Cheque,Pending
INV000334,2024-12-04,118636,sip,2032,Uttar Pradesh,Lucknow,T30,56+,Male,22.6,Mandate,Verified
INV001008,2024-12-04,100025,sip,24143,Rajasthan,Udaipur,B30,46-55,Male,85.8,Cheque,Verified
INV001333,2024-12-04,120841,sip,944,Haryana,Faridabad,B30,26-35,Female,19.0,Cheque,Verified
INV002165,2024-12-04,148568,lumpsum,357783,Telangana,Hyderabad,T30,46-55,Male,46.2,Mandate,Verified
INV001792,2024-12-04,149323,sip,20070,Gujarat,Ahmedabad,T30,26-35,Female,18.8,Cheque,Verified
INV004953,2024-12-04,120844,redemption,238432,Haryana,Faridabad,B30,36-45,Male,36.3,Mandate,Verified
INV003097,2024-12-04,120841,sip,41728,Punjab,Chandigarh,T30,26-35,Male,21.5,Cheque,Verified
INV001616,2024-12-04,119551,sip,1151,Tamil Nadu,Chennai,T30,26-35,Male,23.2,UPI,Verified
INV004571,2024-12-04,101208,lumpsum,330657,Telangana,Hyderabad,T30,18-25,Female,4.6,UPI,Verified
INV002259,2024-12-04,148569,lumpsum,530662,Madhya Pradesh,Bhopal,B30,18-25,Female,6.7,Mandate,Verified
INV002654,2024-12-04,120505,sip,2977,Delhi,New Delhi,T30,36-45,Female,38.2,Cheque,Verified
INV004522,2024-12-04,119095,redemption,93774,Punjab,Chandigarh,T30,46-55,Female,69.1,UPI,Verified
INV002201,2024-12-04,120507,sip,2011,Haryana,Gurugram,T30,36-45,Male,34.5,Mandate,Verified
INV004949,2024-12-04,119599,sip,985,Delhi,Gurugram,T30,26-35,Male,11.3,Mandate,Verified
INV003947,2024-12-04,118635,sip,12494,Delhi,Noida,T30,26-35,Male,12.9,Cheque,Verified
INV003564,2024-12-04,101208,lumpsum,354642,Telangana,Hyderabad,T30,18-25,Male,6.8,Mandate,Verified
INV002930,2024-12-04,119551,sip,2316,West Bengal,Kolkata,T30,36-45,Male,54.0,UPI,Verified
INV003745,2024-12-04,120504,sip,1000,West Bengal,Kolkata,T30,36-45,Male,17.8,Cheque,Verified
INV004335,2024-12-04,118632,sip,1854,Gujarat,Ahmedabad,T30,26-35,Female,6.6,Mandate,Verified
INV001018,2024-12-04,119094,lumpsum,167739,Telangana,Hyderabad,T30,46-55,Female,65.2,UPI,Pending
INV004237,2024-12-04,101206,sip,872,Haryana,Faridabad,B30,36-45,Male,14.1,UPI,Verified
INV001845,2024-12-04,125498,sip,438,Uttar Pradesh,Agra,B30,26-35,Female,14.8,Net Banking,Verified
INV000520,2024-12-04,119120,redemption,352088,West Bengal,Kolkata,T30,46-55,Female,59.4,Mandate,Verified
INV000980,2024-12-04,120507,sip,8817,West Bengal,Kolkata,T30,18-25,Female,7.3,UPI,Verified
INV001343,2024-12-04,119599,sip,7227,Gujarat,Surat,T30,18-25,Female,6.9,UPI,Verified
INV003399,2024-12-04,120844,lumpsum,83566,Telangana,Hyderabad,T30,26-35,Female,16.0,Net Banking,Verified
INV004284,2024-12-04,100025,lumpsum,9018,Rajasthan,Udaipur,B30,36-45,Male,40.7,Net Banking,Verified
INV000753,2024-12-04,149323,redemption,8611,Haryana,Faridabad,B30,46-55,Male,82.4,Net Banking,Verified
INV000492,2024-12-04,120507,lumpsum,397168,Telangana,Hyderabad,T30,36-45,Male,12.4,Net Banking,Verified
INV001777,2024-12-04,120507,sip,9032,West Bengal,Kolkata,T30,18-25,Female,7.6,Net Banking,Verified
INV003380,2024-12-04,100033,redemption,11395,Delhi,Noida,T30,36-45,Male,21.0,Cheque,Verified
INV001298,2024-12-04,120506,sip,2126,Delhi,Gurugram,T30,26-35,Female,24.4,Cheque,Verified
INV000942,2024-12-04,118635,sip,2210,Haryana,Faridabad,B30,56+,Male,70.2,UPI,Verified
INV004223,2024-12-04,101207,sip,7743,Uttar Pradesh,Agra,B30,36-45,Female,49.3,Mandate,Verified
INV002075,2024-12-04,101207,lumpsum,351005,Uttar Pradesh,Lucknow,T30,36-45,Female,34.4,Net Banking,Verified
INV002877,2024-12-04,125497,sip,13926,Rajasthan,Jaipur,T30,36-45,Male,56.5,UPI,Verified
INV001457,2024-12-04,119552,lumpsum,232973,Gujarat,Ahmedabad,T30,26-35,Male,17.7,Cheque,Verified
INV003136,2024-12-04,119599,sip,21163,Haryana,Gurugram,T30,56+,Male,34.4,Mandate,Verified
INV000213,2024-12-04,120505,sip,1015,Punjab,Chandigarh,T30,26-35,Male,19.6,UPI,Verified
INV004818,2024-12-04,149323,sip,3004,Maharashtra,Pune,T30,26-35,Male,23.5,UPI,Verified
INV003699,2024-12-04,120843,redemption,308722,Uttar Pradesh,Agra,B30,26-35,Male,19.7,Net Banking,Verified
INV000850,2024-12-04,149324,sip,6426,Maharashtra,Pune,T30,36-45,Male,23.7,Mandate,Verified
INV001029,2024-12-04,118635,lumpsum,114053,Uttar Pradesh,Kanpur,B30,36-45,Male,44.2,UPI,Verified
INV002847,2024-12-04,119092,sip,584,Haryana,Faridabad,B30,26-35,Male,13.4,Cheque,Verified
INV001317,2024-12-04,101207,sip,2675,Punjab,Chandigarh,T30,26-35,Female,8.9,Mandate,Verified
INV003621,2024-12-04,125498,redemption,539389,West Bengal,Kolkata,T30,26-35,Male,18.2,Cheque,Verified
INV003518,2024-12-04,119551,sip,15326,Madhya Pradesh,Bhopal,B30,26-35,Male,6.7,UPI,Verified
INV004742,2024-12-04,119598,redemption,228462,Punjab,Chandigarh,T30,26-35,Male,16.2,Net Banking,Verified
INV002453,2024-12-04,119095,sip,2153,Gujarat,Surat,T30,26-35,Female,16.1,Net Banking,Verified
INV000636,2024-12-04,118633,sip,16704,Delhi,Noida,T30,46-55,Male,79.6,UPI,Verified
INV002389,2024-12-04,149324,sip,2633,Haryana,Faridabad,B30,36-45,Male,50.8,UPI,Verified
INV001080,2024-12-04,119552,sip,9284,Tamil Nadu,Chennai,T30,18-25,Female,7.3,Mandate,Verified
INV002028,2024-12-04,119551,lumpsum,443138,Rajasthan,Jaipur,T30,36-45,Female,19.9,UPI,Verified
INV004411,2024-12-04,149324,sip,2433,Maharashtra,Mumbai,T30,26-35,Female,13.8,Net Banking,Verified
INV001626,2024-12-04,102886,sip,2579,Maharashtra,Mumbai,T30,26-35,Male,16.8,Mandate,Verified
INV002924,2024-12-04,149323,lumpsum,243960,Tamil Nadu,Chennai,T30,26-35,Female,14.5,Net Banking,Verified
INV002319,2024-12-04,120507,sip,9344,Karnataka,Mysore,B30,26-35,Male,8.7,Cheque,Verified
INV001507,2024-12-04,118635,sip,593,Uttar Pradesh,Lucknow,T30,26-35,Male,20.4,UPI,Verified
INV003875,2024-12-04,100033,sip,1064,Maharashtra,Nashik,B30,26-35,Male,10.1,Mandate,Verified
INV000593,2024-12-04,119094,sip,11711,Telangana,Hyderabad,T30,56+,Male,50.2,Mandate,Verified
INV004856,2024-12-04,125497,sip,2114,Maharashtra,Mumbai,T30,36-45,Male,54.3,UPI,Verified
INV000033,2024-12-05,148569,sip,8031,Delhi,New Delhi,T30,36-45,Female,12.4,Cheque,Verified
INV002794,2024-12-05,102885,lumpsum,41027,Madhya Pradesh,Bhopal,B30,56+,Male,39.9,Mandate,Verified
INV004000,2024-12-05,125498,sip,25217,Gujarat,Ahmedabad,T30,26-35,Male,12.3,UPI,Verified
INV001877,2024-12-05,100033,redemption,378300,Tamil Nadu,Coimbatore,B30,56+,Male,62.1,UPI,Pending
INV000494,2024-12-05,101207,sip,20639,Punjab,Amritsar,B30,56+,Male,30.4,Mandate,Verified
INV003179,2024-12-05,120503,redemption,186046,Rajasthan,Jaipur,T30,36-45,Male,53.3,Cheque,Verified
INV001847,2024-12-05,102885,redemption,213916,Maharashtra,Nashik,B30,56+,Male,53.4,Mandate,Verified
INV000866,2024-12-05,118633,sip,573,Uttar Pradesh,Lucknow,T30,46-55,Male,75.7,Net Banking,Verified
INV003076,2024-12-05,118634,redemption,207259,Haryana,Gurugram,T30,26-35,Male,20.2,Net Banking,Verified
INV002980,2024-12-05,119552,sip,1177,Maharashtra,Pune,T30,26-35,Male,22.4,UPI,Pending
INV000565,2024-12-05,120503,lumpsum,361258,Uttar Pradesh,Agra,B30,26-35,Male,18.8,UPI,Verified
INV001729,2024-12-05,119599,redemption,228996,Uttar Pradesh,Kanpur,B30,18-25,Male,4.1,Net Banking,Verified
INV000894,2024-12-05,119599,redemption,138836,Tamil Nadu,Coimbatore,B30,36-45,Female,32.0,Mandate,Verified
INV002430,2024-12-05,119598,sip,17373,Madhya Pradesh,Bhopal,B30,26-35,Male,16.2,UPI,Verified
INV003614,2024-12-05,149323,sip,47393,Maharashtra,Mumbai,T30,26-35,Male,13.3,Mandate,Verified
INV000055,2024-12-05,149323,lumpsum,175837,Karnataka,Bangalore,T30,26-35,Male,13.5,Net Banking,Verified
INV003934,2024-12-05,120843,lumpsum,268199,Delhi,Gurugram,T30,26-35,Male,24.1,Mandate,Verified
INV004321,2024-12-05,120504,sip,2806,West Bengal,Kolkata,T30,26-35,Male,16.0,UPI,Verified
INV000408,2024-12-05,119120,sip,5811,Punjab,Amritsar,B30,56+,Male,62.3,Mandate,Verified
INV001594,2024-12-05,101208,redemption,158630,Madhya Pradesh,Bhopal,B30,26-35,Male,13.9,Cheque,Verified
INV002654,2024-12-05,120506,sip,20276,Delhi,New Delhi,T30,36-45,Female,38.2,Cheque,Verified
INV001152,2024-12-05,120503,redemption,49069,Punjab,Amritsar,B30,56+,Male,61.7,Net Banking,Verified
INV000716,2024-12-05,120841,sip,3300,Maharashtra,Nashik,B30,56+,Male,15.1,Cheque,Verified
INV004926,2024-12-05,148569,sip,42430,Karnataka,Mysore,B30,36-45,Male,45.3,UPI,Pending
INV001220,2024-12-05,101208,sip,1025,Punjab,Chandigarh,T30,36-45,Male,48.3,UPI,Pending
INV002647,2024-12-05,101208,lumpsum,224682,Rajasthan,Jaipur,T30,46-55,Male,87.0,UPI,Verified
INV003070,2024-12-05,119094,sip,15439,West Bengal,Kolkata,T30,26-35,Male,23.7,Net Banking,Pending
INV000981,2024-12-05,119120,sip,406,West Bengal,Kolkata,T30,36-45,Female,59.7,UPI,Verified
INV000652,2024-12-05,125497,sip,11219,Delhi,Gurugram,T30,26-35,Male,8.0,Net Banking,Verified
INV000264,2024-12-05,118635,redemption,23704,Telangana,Hyderabad,T30,36-45,Female,30.6,Cheque,Verified
INV001319,2024-12-05,120843,sip,503,Delhi,Gurugram,T30,26-35,Female,20.8,UPI,Verified
INV003118,2024-12-05,118635,sip,838,Uttar Pradesh,Lucknow,T30,26-35,Male,6.8,UPI,Verified
INV000191,2024-12-05,102887,sip,46976,Karnataka,Bangalore,T30,26-35,Male,23.1,Cheque,Verified
INV004461,2024-12-05,149323,redemption,165003,Tamil Nadu,Chennai,T30,46-55,Male,80.3,UPI,Verified
INV001564,2024-12-05,118632,sip,48915,Haryana,Faridabad,B30,46-55,Male,43.2,Mandate,Verified
INV003243,2024-12-05,120506,sip,1897,Rajasthan,Jaipur,T30,18-25,Female,4.0,Net Banking,Verified
INV004665,2024-12-05,149322,sip,2852,Madhya Pradesh,Bhopal,B30,36-45,Male,17.1,Net Banking,Verified
INV003124,2024-12-05,100025,lumpsum,330874,West Bengal,Kolkata,T30,36-45,Male,28.8,Mandate,Verified
INV003659,2024-12-05,120507,sip,10962,Madhya Pradesh,Bhopal,B30,56+,Male,27.4,Mandate,Verified
INV002903,2024-12-05,149324,lumpsum,411278,Madhya Pradesh,Indore,T30,36-45,Male,45.0,Mandate,Verified
INV004348,2024-12-05,119092,sip,17209,Delhi,New Delhi,T30,26-35,Female,13.4,Net Banking,Verified
INV001874,2024-12-05,118632,lumpsum,432168,Telangana,Hyderabad,T30,36-45,Male,21.3,Net Banking,Verified
INV001300,2024-12-05,148568,redemption,266426,Uttar Pradesh,Agra,B30,36-45,Female,53.8,UPI,Verified
INV000512,2024-12-05,119120,sip,15526,Punjab,Amritsar,B30,46-55,Male,82.6,Cheque,Verified
INV000008,2024-12-05,100025,sip,425,Punjab,Amritsar,B30,26-35,Female,18.6,UPI,Verified
INV003702,2024-12-05,148567,sip,2119,Madhya Pradesh,Bhopal,B30,36-45,Male,53.2,Cheque,Verified
INV003751,2024-12-05,100033,sip,26310,Delhi,New Delhi,T30,26-35,Male,14.1,Mandate,Verified
INV002634,2024-12-05,120507,lumpsum,119954,Madhya Pradesh,Bhopal,B30,26-35,Male,10.7,Mandate,Verified
INV000144,2024-12-05,101207,lumpsum,129310,Delhi,Noida,T30,26-35,Male,19.1,Cheque,Verified
INV003601,2024-12-05,120844,sip,478,Haryana,Faridabad,B30,26-35,Female,17.0,Cheque,Verified
INV003909,2024-12-05,119093,redemption,78619,Haryana,Gurugram,T30,46-55,Male,29.1,UPI,Verified
INV000581,2024-12-05,119094,sip,2816,Tamil Nadu,Coimbatore,B30,36-45,Male,26.4,Cheque,Verified
INV004460,2024-12-05,120506,redemption,34028,Haryana,Gurugram,T30,26-35,Male,24.7,Mandate,Verified
INV001083,2024-12-05,120505,lumpsum,192415,Gujarat,Ahmedabad,T30,46-55,Male,16.4,Cheque,Verified
INV001972,2024-12-05,118636,lumpsum,317661,Uttar Pradesh,Kanpur,B30,18-25,Male,4.6,Cheque,Verified
INV003429,2024-12-05,119120,sip,1952,Telangana,Hyderabad,T30,26-35,Male,16.0,Cheque,Verified
INV002931,2024-12-05,101208,sip,10110,Tamil Nadu,Coimbatore,B30,56+,Female,32.4,Cheque,Verified
INV004037,2024-12-05,119094,sip,24837,Gujarat,Ahmedabad,T30,26-35,Male,20.8,Mandate,Verified
INV003119,2024-12-05,148567,sip,2224,Karnataka,Bangalore,T30,18-25,Female,4.6,UPI,Verified
INV004474,2024-12-06,118636,lumpsum,228765,West Bengal,Kolkata,T30,46-55,Male,16.5,Net Banking,Verified
INV003848,2024-12-06,100033,sip,13290,Telangana,Hyderabad,T30,26-35,Male,24.0,Cheque,Verified
INV002671,2024-12-06,125497,sip,2013,Madhya Pradesh,Indore,T30,18-25,Male,6.3,Cheque,Pending
INV002509,2024-12-06,101207,sip,2600,Maharashtra,Mumbai,T30,36-45,Female,19.9,Mandate,Verified
INV004108,2024-12-06,125498,sip,27709,Madhya Pradesh,Indore,T30,36-45,Female,22.5,Cheque,Verified
INV002510,2024-12-06,120503,redemption,135162,Karnataka,Mysore,B30,36-45,Male,32.6,Mandate,Verified
INV002104,2024-12-06,148569,lumpsum,470075,Maharashtra,Mumbai,T30,26-35,Female,15.0,Net Banking,Verified
INV002298,2024-12-06,119095,sip,13935,Maharashtra,Nashik,B30,56+,Male,45.3,Net Banking,Verified
INV003252,2024-12-06,100016,sip,25235,Tamil Nadu,Chennai,T30,46-55,Male,95.5,Net Banking,Verified
INV002034,2024-12-06,102886,sip,4837,Uttar Pradesh,Lucknow,T30,26-35,Male,10.0,Net Banking,Verified
INV000902,2024-12-06,125497,sip,4532,Maharashtra,Mumbai,T30,26-35,Female,6.0,Net Banking,Verified
INV001849,2024-12-06,120506,sip,1937,Gujarat,Ahmedabad,T30,36-45,Female,49.3,UPI,Verified
INV004840,2024-12-06,119598,redemption,58860,Maharashtra,Pune,T30,18-25,Male,6.5,UPI,Verified
INV003237,2024-12-06,100025,sip,14894,Delhi,Gurugram,T30,46-55,Male,66.7,Mandate,Verified
INV004813,2024-12-06,102886,sip,419,West Bengal,Kolkata,T30,26-35,Male,13.9,Cheque,Verified
INV003081,2024-12-06,119120,sip,59300,Delhi,Gurugram,T30,56+,Female,73.4,UPI,Verified
INV003101,2024-12-06,119552,sip,3381,Tamil Nadu,Chennai,T30,26-35,Female,24.8,Net Banking,Verified
INV001707,2024-12-06,120507,sip,515,Punjab,Chandigarh,T30,26-35,Male,9.5,Net Banking,Verified
INV003779,2024-12-06,119552,lumpsum,465693,Delhi,New Delhi,T30,26-35,Male,21.9,Mandate,Verified
INV003320,2024-12-06,120504,sip,962,Tamil Nadu,Coimbatore,B30,56+,Male,73.7,Net Banking,Verified
INV002681,2024-12-06,120844,sip,13812,Maharashtra,Nashik,B30,18-25,Female,7.2,Mandate,Verified
INV004551,2024-12-06,149323,lumpsum,316218,Maharashtra,Nashik,B30,18-25,Male,6.0,Net Banking,Verified
INV003260,2024-12-06,120506,lumpsum,425663,Madhya Pradesh,Indore,T30,18-25,Male,7.9,Cheque,Verified
INV003612,2024-12-06,120506,sip,2383,Gujarat,Surat,T30,56+,Male,71.8,UPI,Verified
INV001437,2024-12-06,118635,lumpsum,182737,Maharashtra,Nashik,B30,26-35,Female,14.3,Cheque,Verified
INV002315,2024-12-06,119092,lumpsum,267462,Haryana,Faridabad,B30,18-25,Male,6.4,Cheque,Verified
INV002674,2024-12-06,101207,redemption,412329,Karnataka,Mysore,B30,26-35,Female,7.4,UPI,Verified
INV004944,2024-12-06,100033,sip,2722,West Bengal,Kolkata,T30,18-25,Male,4.5,Mandate,Verified
INV004802,2024-12-06,120843,lumpsum,156981,Uttar Pradesh,Kanpur,B30,26-35,Male,20.9,Cheque,Verified
INV004836,2024-12-06,149322,redemption,334246,West Bengal,Kolkata,T30,26-35,Male,8.3,UPI,Verified
INV002019,2024-12-06,101206,sip,2797,Delhi,New Delhi,T30,36-45,Male,19.8,Net Banking,Verified
INV003222,2024-12-06,125497,sip,2802,Punjab,Amritsar,B30,56+,Female,11.7,Mandate,Verified
INV002369,2024-12-06,118632,lumpsum,28579,Madhya Pradesh,Bhopal,B30,36-45,Male,33.6,Mandate,Verified
INV004299,2024-12-06,120506,sip,11016,Telangana,Hyderabad,T30,26-35,Female,23.1,UPI,Verified
INV004168,2024-12-06,148568,lumpsum,139433,Maharashtra,Nashik,B30,36-45,Female,20.9,Cheque,Verified
INV003645,2024-12-06,101206,lumpsum,318777,Punjab,Amritsar,B30,26-35,Male,13.4,Cheque,Verified
INV000279,2024-12-06,101206,sip,912,Gujarat,Ahmedabad,T30,26-35,Male,12.4,Mandate,Verified
INV004297,2024-12-06,119095,lumpsum,257323,Karnataka,Bangalore,T30,36-45,Female,19.5,Cheque,Verified
INV004761,2024-12-06,102886,sip,29253,Madhya Pradesh,Indore,T30,26-35,Male,21.4,UPI,Verified
INV001775,2024-12-06,118636,sip,6324,Uttar Pradesh,Kanpur,B30,26-35,Female,8.3,UPI,Verified
INV002729,2024-12-06,118632,lumpsum,247078,Uttar Pradesh,Kanpur,B30,26-35,Female,15.4,Net Banking,Verified
INV001804,2024-12-06,119092,sip,2236,Punjab,Amritsar,B30,26-35,Male,20.1,UPI,Verified
INV001590,2024-12-06,118634,sip,2416,Rajasthan,Jaipur,T30,36-45,Male,46.1,Mandate,Verified
INV002750,2024-12-06,120843,sip,3079,Madhya Pradesh,Bhopal,B30,36-45,Male,41.8,Mandate,Verified
INV004153,2024-12-06,101208,sip,10501,Uttar Pradesh,Agra,B30,46-55,Male,96.3,Mandate,Verified
INV003049,2024-12-06,120506,lumpsum,52772,Gujarat,Ahmedabad,T30,26-35,Male,15.5,Net Banking,Pending
INV003219,2024-12-06,119551,sip,10252,Maharashtra,Pune,T30,46-55,Male,57.8,Net Banking,Verified
INV001809,2024-12-06,101206,sip,2189,Telangana,Hyderabad,T30,46-55,Male,80.5,Cheque,Verified
INV004278,2024-12-06,118633,redemption,250100,Punjab,Chandigarh,T30,26-35,Male,21.8,Cheque,Verified
INV002935,2024-12-06,119092,sip,14386,Madhya Pradesh,Indore,T30,18-25,Male,5.6,Cheque,Verified
INV004038,2024-12-06,100025,sip,22856,Gujarat,Surat,T30,26-35,Female,24.6,UPI,Verified
INV001800,2024-12-06,119120,redemption,200956,Tamil Nadu,Chennai,T30,26-35,Female,12.8,Mandate,Verified
INV002358,2024-12-06,120842,sip,42997,Telangana,Hyderabad,T30,36-45,Female,55.6,Mandate,Verified
INV001366,2024-12-06,118636,sip,5923,Maharashtra,Pune,T30,26-35,Female,13.6,Mandate,Verified
INV003344,2024-12-06,101207,sip,2416,Haryana,Gurugram,T30,36-45,Female,52.5,Cheque,Verified
INV002209,2024-12-06,120842,sip,9328,West Bengal,Kolkata,T30,56+,Male,9.6,UPI,Verified
INV004502,2024-12-06,118636,sip,13571,Rajasthan,Udaipur,B30,36-45,Male,59.0,Mandate,Verified
INV003642,2024-12-06,120843,redemption,73276,Haryana,Faridabad,B30,18-25,Male,3.1,UPI,Verified
INV002591,2024-12-06,149322,sip,6270,Gujarat,Ahmedabad,T30,18-25,Male,3.7,Cheque,Verified
INV001179,2024-12-06,119095,lumpsum,38787,Madhya Pradesh,Bhopal,B30,26-35,Male,18.7,UPI,Verified
INV002603,2024-12-06,149322,lumpsum,355559,Haryana,Gurugram,T30,36-45,Male,28.4,Mandate,Verified
INV004161,2024-12-06,119120,lumpsum,344830,Telangana,Hyderabad,T30,46-55,Male,94.7,Cheque,Verified
INV003123,2024-12-06,120506,lumpsum,140917,Haryana,Faridabad,B30,36-45,Male,36.2,Cheque,Verified
INV000402,2024-12-06,120504,sip,2050,Telangana,Hyderabad,T30,18-25,Male,4.8,Mandate,Verified
INV004956,2024-12-06,100025,sip,20472,Maharashtra,Mumbai,T30,46-55,Male,62.4,Net Banking,Verified
INV000334,2024-12-06,148567,sip,814,Uttar Pradesh,Lucknow,T30,56+,Male,22.6,UPI,Verified
INV001823,2024-12-06,119120,sip,13777,Tamil Nadu,Coimbatore,B30,26-35,Male,17.1,UPI,Verified
INV001046,2024-12-06,120506,sip,2217,Delhi,Noida,T30,26-35,Male,14.9,Cheque,Verified
INV004959,2024-12-06,100033,sip,15773,Delhi,New Delhi,T30,18-25,Female,5.8,Mandate,Verified
INV000676,2024-12-06,119120,sip,8204,Rajasthan,Udaipur,B30,56+,Male,71.7,UPI,Verified
INV001092,2024-12-06,120504,sip,23620,Haryana,Gurugram,T30,26-35,Male,14.9,UPI,Verified
INV000735,2024-12-06,120842,lumpsum,85313,Maharashtra,Pune,T30,36-45,Male,57.7,UPI,Verified
INV003535,2024-12-06,149323,sip,49766,Maharashtra,Nashik,B30,26-35,Male,12.5,UPI,Pending
INV002867,2024-12-07,119095,sip,10401,West Bengal,Kolkata,T30,18-25,Male,5.0,UPI,Verified
INV000907,2024-12-07,119599,lumpsum,299563,Karnataka,Bangalore,T30,46-55,Female,64.5,Net Banking,Verified
INV002170,2024-12-07,119120,sip,22619,Delhi,New Delhi,T30,26-35,Female,14.7,Cheque,Verified
INV003461,2024-12-07,149323,lumpsum,291802,West Bengal,Kolkata,T30,18-25,Male,7.7,Net Banking,Verified
INV001002,2024-12-07,119093,sip,864,Telangana,Hyderabad,T30,36-45,Male,52.5,Cheque,Verified
INV001532,2024-12-07,120843,lumpsum,36809,Madhya Pradesh,Bhopal,B30,36-45,Female,39.5,Cheque,Pending
INV000699,2024-12-07,120843,redemption,221126,Rajasthan,Jaipur,T30,18-25,Male,7.7,UPI,Verified
INV004167,2024-12-07,119552,redemption,447369,Haryana,Gurugram,T30,36-45,Male,59.7,UPI,Verified
INV000191,2024-12-07,101207,sip,4602,Karnataka,Bangalore,T30,26-35,Male,23.1,Cheque,Verified
INV002772,2024-12-07,100033,sip,2602,Haryana,Faridabad,B30,26-35,Male,14.7,Cheque,Verified
INV004274,2024-12-07,118632,lumpsum,375802,Rajasthan,Udaipur,B30,26-35,Male,20.4,Net Banking,Verified
INV001782,2024-12-07,119120,sip,2152,Uttar Pradesh,Agra,B30,36-45,Female,47.5,Cheque,Verified
INV002856,2024-12-07,120505,sip,7462,Telangana,Hyderabad,T30,26-35,Male,13.2,UPI,Verified
INV000597,2024-12-07,120843,sip,438,Gujarat,Surat,T30,46-55,Male,48.6,Net Banking,Verified
INV004116,2024-12-07,120843,sip,6963,Gujarat,Ahmedabad,T30,36-45,Male,59.4,UPI,Verified
INV002394,2024-12-07,100025,sip,2331,Delhi,Gurugram,T30,46-55,Male,84.9,Mandate,Verified
INV004611,2024-12-07,125498,sip,529,Madhya Pradesh,Bhopal,B30,18-25,Female,6.1,Cheque,Verified
INV003061,2024-12-07,120505,sip,522,Uttar Pradesh,Lucknow,T30,26-35,Female,11.9,Net Banking,Verified
INV004318,2024-12-07,102887,redemption,7643,Tamil Nadu,Coimbatore,B30,56+,Female,54.7,UPI,Verified
INV002292,2024-12-07,101208,sip,2571,Rajasthan,Udaipur,B30,36-45,Male,54.1,Mandate,Verified
INV001148,2024-12-07,120841,sip,45006,Punjab,Chandigarh,T30,56+,Male,26.7,Cheque,Verified
INV002657,2024-12-07,102885,redemption,33220,Punjab,Amritsar,B30,36-45,Male,50.0,UPI,Verified
INV000995,2024-12-07,148568,sip,12204,Delhi,New Delhi,T30,56+,Male,34.6,UPI,Verified
INV000995,2024-12-07,148567,redemption,444602,Delhi,New Delhi,T30,56+,Male,34.6,Cheque,Verified
INV001037,2024-12-07,118632,sip,1751,Haryana,Faridabad,B30,36-45,Female,41.8,UPI,Verified
INV003563,2024-12-07,120841,lumpsum,130476,Haryana,Gurugram,T30,46-55,Male,41.8,Cheque,Verified
INV002217,2024-12-07,100025,redemption,179758,Tamil Nadu,Coimbatore,B30,18-25,Male,7.0,UPI,Verified
INV001955,2024-12-07,102886,sip,16007,Madhya Pradesh,Bhopal,B30,26-35,Female,16.4,UPI,Pending
INV004190,2024-12-07,120505,sip,4990,Gujarat,Surat,T30,46-55,Male,38.9,UPI,Verified
INV004299,2024-12-07,149323,sip,27675,Telangana,Hyderabad,T30,26-35,Female,23.1,Net Banking,Verified
INV003598,2024-12-07,119093,redemption,541929,Delhi,Gurugram,T30,26-35,Female,12.7,Cheque,Verified
INV002219,2024-12-07,125498,sip,3491,Karnataka,Mysore,B30,26-35,Male,6.9,Cheque,Verified
INV003053,2024-12-07,120503,sip,22531,Delhi,Gurugram,T30,46-55,Male,57.4,Net Banking,Verified
INV001697,2024-12-07,149323,sip,1013,Haryana,Gurugram,T30,18-25,Male,5.4,Cheque,Verified
INV000577,2024-12-07,149323,sip,49214,Delhi,Noida,T30,36-45,Male,20.4,Net Banking,Verified
INV002979,2024-12-07,119092,redemption,255482,Punjab,Chandigarh,T30,36-45,Female,56.2,Mandate,Verified
INV004625,2024-12-07,120507,redemption,347776,Tamil Nadu,Coimbatore,B30,18-25,Male,6.6,Mandate,Pending
INV002338,2024-12-07,148567,redemption,96799,Delhi,New Delhi,T30,26-35,Male,23.6,Mandate,Verified
INV003415,2024-12-07,118632,sip,4452,Gujarat,Surat,T30,46-55,Male,96.6,Cheque,Verified
INV001585,2024-12-07,149322,sip,14664,Telangana,Hyderabad,T30,36-45,Male,28.3,UPI,Verified
INV004821,2024-12-07,100025,sip,9453,Tamil Nadu,Coimbatore,B30,26-35,Female,21.6,UPI,Verified
INV004614,2024-12-07,118633,lumpsum,296049,Delhi,New Delhi,T30,18-25,Male,7.7,Mandate,Verified
INV000641,2024-12-07,102885,sip,2373,Punjab,Amritsar,B30,26-35,Male,14.5,Mandate,Verified
INV000209,2024-12-07,119552,lumpsum,58186,Haryana,Faridabad,B30,18-25,Female,5.7,Mandate,Verified
INV000260,2024-12-07,119552,sip,2829,Delhi,Gurugram,T30,18-25,Male,4.1,Net Banking,Verified
INV001386,2024-12-07,125498,lumpsum,200134,Tamil Nadu,Coimbatore,B30,18-25,Male,7.5,Mandate,Verified
INV001728,2024-12-07,148567,redemption,310868,Karnataka,Bangalore,T30,26-35,Male,17.0,Net Banking,Verified
INV000140,2024-12-07,118632,redemption,362794,Punjab,Amritsar,B30,56+,Male,74.0,Net Banking,Pending
INV004876,2024-12-07,120842,sip,10864,Karnataka,Bangalore,T30,18-25,Male,7.1,Net Banking,Verified
INV004682,2024-12-07,125497,sip,48314,Telangana,Hyderabad,T30,26-35,Female,8.7,Mandate,Verified
INV004521,2024-12-07,125498,sip,57733,Gujarat,Ahmedabad,T30,18-25,Male,7.9,Cheque,Verified
INV000537,2024-12-07,119094,lumpsum,418419,Uttar Pradesh,Lucknow,T30,36-45,Female,42.3,Cheque,Verified
INV002951,2024-12-07,102887,sip,528,Karnataka,Bangalore,T30,36-45,Male,58.6,UPI,Verified
INV001225,2024-12-07,120844,lumpsum,215609,Karnataka,Mysore,B30,26-35,Male,16.5,Net Banking,Pending
INV000173,2024-12-07,100033,sip,2828,Maharashtra,Mumbai,T30,26-35,Male,7.6,UPI,Verified
INV003967,2024-12-07,100025,redemption,304835,Tamil Nadu,Coimbatore,B30,46-55,Male,79.9,Mandate,Verified
INV000658,2024-12-07,120506,redemption,459065,Gujarat,Ahmedabad,T30,26-35,Male,14.1,Net Banking,Verified
INV003124,2024-12-07,118636,sip,2622,West Bengal,Kolkata,T30,36-45,Male,28.8,Net Banking,Verified
INV001713,2024-12-07,148569,lumpsum,383290,Uttar Pradesh,Agra,B30,46-55,Male,61.5,UPI,Verified
INV002277,2024-12-07,119599,sip,17320,Haryana,Gurugram,T30,26-35,Female,10.3,Net Banking,Verified
INV003970,2024-12-07,149322,lumpsum,236687,Telangana,Hyderabad,T30,18-25,Male,4.1,UPI,Pending
INV003722,2024-12-07,149322,sip,50454,Maharashtra,Nashik,B30,36-45,Female,50.8,UPI,Verified
INV002289,2024-12-07,119093,redemption,284346,Karnataka,Bangalore,T30,26-35,Female,6.4,Cheque,Verified
INV000174,2024-12-07,119095,sip,7805,Karnataka,Bangalore,T30,36-45,Male,58.1,Net Banking,Verified
INV000829,2024-12-07,102887,lumpsum,79222,West Bengal,Kolkata,T30,26-35,Female,23.1,Net Banking,Verified
INV001728,2024-12-07,149323,sip,55079,Karnataka,Bangalore,T30,26-35,Male,17.0,Cheque,Verified
INV002061,2024-12-07,100033,sip,875,West Bengal,Kolkata,T30,26-35,Male,14.2,Net Banking,Verified
INV003716,2024-12-07,119598,redemption,405648,Uttar Pradesh,Kanpur,B30,36-45,Male,37.7,UPI,Verified
INV000512,2024-12-07,100025,sip,23773,Punjab,Amritsar,B30,46-55,Male,82.6,UPI,Pending
INV002092,2024-12-07,119092,sip,11914,Punjab,Amritsar,B30,18-25,Male,7.7,UPI,Verified
INV001008,2024-12-07,120503,sip,3080,Rajasthan,Udaipur,B30,46-55,Male,85.8,Net Banking,Verified
INV002129,2024-12-08,119092,redemption,139259,Rajasthan,Jaipur,T30,56+,Male,10.0,Mandate,Verified
INV001019,2024-12-08,101208,sip,1740,Madhya Pradesh,Indore,T30,26-35,Male,10.6,Mandate,Verified
INV003369,2024-12-08,100025,lumpsum,454238,Delhi,Noida,T30,26-35,Male,21.4,UPI,Verified
INV003505,2024-12-08,119093,sip,6924,West Bengal,Kolkata,T30,56+,Female,53.5,Cheque,Pending
INV002113,2024-12-08,120504,sip,1083,Maharashtra,Nashik,B30,26-35,Male,21.6,Mandate,Verified
INV001503,2024-12-08,102885,redemption,303811,Telangana,Hyderabad,T30,18-25,Male,6.4,UPI,Verified
INV002587,2024-12-08,119094,sip,4799,West Bengal,Kolkata,T30,18-25,Male,7.2,UPI,Pending
INV004715,2024-12-08,102887,sip,26476,Tamil Nadu,Chennai,T30,46-55,Male,56.9,Net Banking,Verified
INV004850,2024-12-08,119093,lumpsum,212758,Madhya Pradesh,Bhopal,B30,56+,Male,34.8,Net Banking,Verified
INV000338,2024-12-08,125498,lumpsum,7670,Gujarat,Surat,T30,46-55,Female,20.9,Cheque,Verified
INV004786,2024-12-08,118635,sip,865,Rajasthan,Udaipur,B30,26-35,Male,10.3,Cheque,Verified
INV002542,2024-12-08,125498,sip,8316,Telangana,Hyderabad,T30,26-35,Female,15.9,Mandate,Verified
INV004553,2024-12-08,125497,redemption,394999,Tamil Nadu,Coimbatore,B30,26-35,Male,13.7,UPI,Verified
INV002799,2024-12-08,100033,lumpsum,166517,Uttar Pradesh,Lucknow,T30,36-45,Male,50.5,Cheque,Verified
INV001587,2024-12-08,118636,sip,20816,Punjab,Chandigarh,T30,26-35,Male,22.3,Cheque,Verified
INV000631,2024-12-08,120506,redemption,317487,Delhi,Noida,T30,36-45,Female,48.6,Net Banking,Verified
INV000623,2024-12-08,118632,sip,14675,Tamil Nadu,Chennai,T30,46-55,Male,48.9,UPI,Verified
INV001357,2024-12-08,102887,sip,5889,Gujarat,Ahmedabad,T30,36-45,Female,58.4,UPI,Verified
INV003642,2024-12-08,148568,sip,27008,Haryana,Faridabad,B30,18-25,Male,3.1,Net Banking,Verified
INV000829,2024-12-08,100033,sip,14066,West Bengal,Kolkata,T30,26-35,Female,23.1,UPI,Verified
INV004928,2024-12-08,148567,lumpsum,364352,Maharashtra,Pune,T30,36-45,Male,17.1,UPI,Verified
INV003409,2024-12-08,118633,sip,2774,Karnataka,Mysore,B30,46-55,Male,44.2,Mandate,Verified
INV000224,2024-12-08,120504,sip,506,Telangana,Hyderabad,T30,26-35,Male,23.6,Cheque,Verified
INV000279,2024-12-08,120503,redemption,186714,Gujarat,Ahmedabad,T30,26-35,Male,12.4,Net Banking,Verified
INV003677,2024-12-08,101206,lumpsum,417631,Gujarat,Ahmedabad,T30,36-45,Female,23.8,UPI,Verified
INV000728,2024-12-08,149322,sip,13502,Telangana,Hyderabad,T30,26-35,Male,8.4,Net Banking,Verified
INV004250,2024-12-08,102886,lumpsum,429605,Haryana,Gurugram,T30,26-35,Female,6.4,Cheque,Pending
INV001063,2024-12-08,102886,sip,1132,Haryana,Faridabad,B30,26-35,Male,24.1,Mandate,Verified
INV004752,2024-12-08,149324,sip,1148,Delhi,Gurugram,T30,36-45,Female,14.9,UPI,Verified
INV001814,2024-12-08,148568,redemption,386422,West Bengal,Kolkata,T30,26-35,Female,6.9,Net Banking,Verified
INV003997,2024-12-08,118634,redemption,460422,Telangana,Hyderabad,T30,36-45,Male,48.3,Cheque,Verified
INV001207,2024-12-08,120841,redemption,31195,Karnataka,Bangalore,T30,18-25,Male,5.9,UPI,Verified
INV003643,2024-12-08,120843,sip,4931,Telangana,Hyderabad,T30,36-45,Male,48.4,UPI,Verified
INV003221,2024-12-08,102887,lumpsum,249639,Karnataka,Mysore,B30,26-35,Male,15.8,UPI,Verified
INV004632,2024-12-08,102886,sip,10638,Punjab,Chandigarh,T30,26-35,Male,18.0,Net Banking,Verified
INV000701,2024-12-08,119094,sip,887,West Bengal,Kolkata,T30,36-45,Female,55.6,Cheque,Pending
INV003040,2024-12-08,118636,sip,1050,Karnataka,Bangalore,T30,26-35,Female,15.3,Mandate,Verified
INV004780,2024-12-08,119120,sip,5571,Haryana,Gurugram,T30,36-45,Male,42.4,Mandate,Verified
INV001660,2024-12-08,148568,sip,4697,Karnataka,Bangalore,T30,18-25,Female,6.4,Cheque,Verified
INV000942,2024-12-08,120503,sip,21579,Haryana,Faridabad,B30,56+,Male,70.2,Net Banking,Verified
INV001871,2024-12-08,148569,sip,22169,Delhi,Gurugram,T30,56+,Male,13.9,Cheque,Verified
INV000874,2024-12-08,102885,redemption,409158,Tamil Nadu,Chennai,T30,56+,Male,19.1,Cheque,Verified
INV002001,2024-12-08,119599,lumpsum,13459,Uttar Pradesh,Kanpur,B30,36-45,Female,38.4,Cheque,Verified
INV001031,2024-12-08,101207,redemption,247866,Delhi,New Delhi,T30,36-45,Female,23.0,Cheque,Verified
INV001718,2024-12-08,120503,sip,437,Gujarat,Ahmedabad,T30,26-35,Male,11.3,Net Banking,Verified
INV001369,2024-12-08,119093,lumpsum,68760,Gujarat,Ahmedabad,T30,46-55,Male,83.8,Cheque,Verified
INV002850,2024-12-08,148569,sip,8008,Uttar Pradesh,Lucknow,T30,46-55,Male,76.5,Cheque,Verified
INV002420,2024-12-08,125498,lumpsum,33249,Karnataka,Mysore,B30,26-35,Female,6.4,Net Banking,Verified
INV001531,2024-12-08,149322,sip,5317,Haryana,Gurugram,T30,26-35,Female,14.8,Cheque,Verified
INV001866,2024-12-08,119120,sip,8895,Telangana,Hyderabad,T30,36-45,Female,33.9,UPI,Verified
INV002957,2024-12-08,118632,lumpsum,329294,Tamil Nadu,Chennai,T30,26-35,Male,15.5,Net Banking,Verified
INV001421,2024-12-08,119598,sip,6638,Telangana,Hyderabad,T30,26-35,Male,19.8,Cheque,Verified
INV002944,2024-12-08,149322,sip,15241,Karnataka,Mysore,B30,36-45,Female,28.1,Cheque,Verified
INV002453,2024-12-08,100025,lumpsum,314117,Gujarat,Surat,T30,26-35,Female,16.1,Mandate,Verified
INV000651,2024-12-08,118632,sip,8196,Delhi,New Delhi,T30,18-25,Male,6.0,Mandate,Verified
INV004319,2024-12-08,119120,sip,9267,Gujarat,Surat,T30,18-25,Male,3.9,Mandate,Verified
INV001124,2024-12-08,119598,sip,52871,Madhya Pradesh,Indore,T30,36-45,Male,39.0,UPI,Verified
INV001908,2024-12-08,100025,lumpsum,388554,Uttar Pradesh,Kanpur,B30,26-35,Female,22.6,Cheque,Verified
INV000971,2024-12-08,120843,lumpsum,438232,Maharashtra,Mumbai,T30,36-45,Male,42.2,Net Banking,Verified
INV002129,2024-12-08,120505,sip,420,Rajasthan,Jaipur,T30,56+,Male,10.0,Mandate,Verified
INV001975,2024-12-08,119551,lumpsum,102024,Delhi,New Delhi,T30,36-45,Female,35.3,Cheque,Verified
INV002551,2024-12-08,120507,sip,52961,West Bengal,Kolkata,T30,18-25,Female,5.9,UPI,Verified
INV000881,2024-12-08,120507,sip,841,Uttar Pradesh,Agra,B30,26-35,Male,17.1,UPI,Verified
INV004272,2024-12-09,149324,sip,14991,Madhya Pradesh,Bhopal,B30,46-55,Female,25.5,Mandate,Verified
INV002948,2024-12-09,101207,lumpsum,442229,Maharashtra,Mumbai,T30,46-55,Male,43.6,UPI,Verified
INV000356,2024-12-09,149324,lumpsum,458124,Haryana,Faridabad,B30,56+,Male,71.7,Cheque,Verified
INV004904,2024-12-09,119092,sip,11161,Tamil Nadu,Chennai,T30,26-35,Female,8.6,Mandate,Pending
INV004368,2024-12-09,118632,lumpsum,105565,Punjab,Chandigarh,T30,36-45,Male,33.7,Mandate,Verified
INV004855,2024-12-09,118632,lumpsum,43594,Madhya Pradesh,Bhopal,B30,36-45,Female,49.4,UPI,Verified
INV004694,2024-12-09,101207,sip,26505,Gujarat,Surat,T30,26-35,Male,9.9,Cheque,Verified
INV002716,2024-12-09,118633,lumpsum,272255,Tamil Nadu,Chennai,T30,56+,Female,47.4,Net Banking,Verified
INV001816,2024-12-09,120503,lumpsum,343676,Telangana,Hyderabad,T30,26-35,Male,9.0,Net Banking,Verified
INV004298,2024-12-09,118632,redemption,382118,Gujarat,Ahmedabad,T30,36-45,Female,55.5,Cheque,Verified
INV003422,2024-12-09,101207,sip,14334,Uttar Pradesh,Lucknow,T30,26-35,Male,9.0,UPI,Verified
INV004381,2024-12-09,149324,lumpsum,270845,West Bengal,Kolkata,T30,46-55,Female,27.2,Cheque,Verified
INV003642,2024-12-09,120844,lumpsum,177741,Haryana,Faridabad,B30,18-25,Male,3.1,Net Banking,Verified
INV001409,2024-12-09,102886,sip,50901,Haryana,Faridabad,B30,18-25,Male,4.5,Net Banking,Verified
INV001271,2024-12-09,120841,sip,2432,Haryana,Gurugram,T30,36-45,Male,52.4,Mandate,Verified
INV002558,2024-12-09,120505,lumpsum,464738,Haryana,Faridabad,B30,26-35,Female,9.1,UPI,Verified
INV004369,2024-12-09,148569,lumpsum,243626,West Bengal,Kolkata,T30,26-35,Male,16.8,Cheque,Verified
INV004303,2024-12-09,149323,lumpsum,297461,Punjab,Chandigarh,T30,26-35,Male,24.4,Net Banking,Pending
INV002613,2024-12-09,119092,lumpsum,430220,Karnataka,Bangalore,T30,46-55,Female,44.3,UPI,Verified
INV000175,2024-12-09,125497,sip,5206,Karnataka,Bangalore,T30,26-35,Male,17.3,UPI,Verified
INV002853,2024-12-09,120505,lumpsum,244225,Gujarat,Ahmedabad,T30,26-35,Male,24.9,Cheque,Verified
INV000914,2024-12-09,120841,redemption,77129,Karnataka,Mysore,B30,18-25,Male,3.8,Mandate,Verified
INV004303,2024-12-09,149323,redemption,136433,Punjab,Chandigarh,T30,26-35,Male,24.4,Mandate,Pending
INV000439,2024-12-09,120844,sip,8392,Rajasthan,Udaipur,B30,56+,Male,23.4,Mandate,Verified
INV003103,2024-12-09,119095,sip,2766,Tamil Nadu,Coimbatore,B30,36-45,Female,55.8,Mandate,Verified
INV000106,2024-12-09,119120,sip,2834,Uttar Pradesh,Kanpur,B30,18-25,Female,5.1,Cheque,Verified
INV000687,2024-12-09,125497,redemption,407357,Maharashtra,Pune,T30,36-45,Male,41.0,Cheque,Verified
INV004019,2024-12-09,148569,redemption,180841,Tamil Nadu,Chennai,T30,26-35,Male,20.9,UPI,Verified
INV001711,2024-12-09,125497,sip,6652,Madhya Pradesh,Bhopal,B30,46-55,Male,99.0,Mandate,Verified
INV001555,2024-12-09,102887,lumpsum,500477,Punjab,Amritsar,B30,26-35,Male,14.2,UPI,Verified
INV000414,2024-12-09,102885,sip,2814,Tamil Nadu,Chennai,T30,36-45,Male,21.9,Net Banking,Verified
INV001915,2024-12-09,119598,sip,3321,West Bengal,Kolkata,T30,26-35,Female,19.8,Net Banking,Verified
INV001111,2024-12-09,102885,redemption,377068,Delhi,Gurugram,T30,18-25,Male,7.8,Net Banking,Verified
INV001585,2024-12-09,100016,redemption,207366,Telangana,Hyderabad,T30,36-45,Male,28.3,UPI,Verified
INV000144,2024-12-09,149323,lumpsum,465864,Delhi,Noida,T30,26-35,Male,19.1,Mandate,Verified
INV004202,2024-12-09,118633,sip,10512,West Bengal,Kolkata,T30,36-45,Female,56.9,UPI,Verified
INV003415,2024-12-09,119095,sip,4318,Gujarat,Surat,T30,46-55,Male,96.6,UPI,Verified
INV002026,2024-12-09,118634,sip,46549,Telangana,Hyderabad,T30,26-35,Male,6.8,UPI,Verified
INV000642,2024-12-09,100016,sip,10042,Gujarat,Surat,T30,26-35,Male,15.6,UPI,Verified
INV001584,2024-12-09,118632,sip,27560,Maharashtra,Nashik,B30,26-35,Male,10.0,Mandate,Verified
INV002585,2024-12-09,120506,lumpsum,87508,Uttar Pradesh,Lucknow,T30,18-25,Male,3.2,Cheque,Verified
INV004616,2024-12-09,120506,sip,10818,West Bengal,Kolkata,T30,26-35,Female,18.1,Cheque,Verified
INV003506,2024-12-09,149324,sip,3307,Tamil Nadu,Chennai,T30,56+,Female,55.5,Net Banking,Verified
INV001003,2024-12-09,118635,lumpsum,132696,Rajasthan,Udaipur,B30,26-35,Male,12.6,Mandate,Verified
INV003086,2024-12-09,100033,sip,2229,West Bengal,Kolkata,T30,26-35,Male,20.2,UPI,Verified
INV000678,2024-12-09,120843,redemption,13757,Gujarat,Surat,T30,26-35,Male,19.1,Net Banking,Verified
INV004982,2024-12-09,101208,lumpsum,108019,Haryana,Faridabad,B30,18-25,Female,7.9,Cheque,Verified
INV001259,2024-12-09,149322,sip,29803,Telangana,Hyderabad,T30,26-35,Female,10.6,Mandate,Verified
INV001699,2024-12-09,100016,sip,10041,Madhya Pradesh,Indore,T30,26-35,Male,24.6,Net Banking,Verified
INV000884,2024-12-09,101206,redemption,180793,Delhi,Gurugram,T30,18-25,Female,6.4,Mandate,Verified
INV004265,2024-12-09,119093,sip,965,Punjab,Amritsar,B30,18-25,Male,7.6,Net Banking,Verified
INV001917,2024-12-09,119551,sip,2289,Telangana,Hyderabad,T30,26-35,Male,22.9,Net Banking,Pending
INV002342,2024-12-09,120842,lumpsum,221768,Maharashtra,Mumbai,T30,26-35,Male,15.8,UPI,Verified
INV002732,2024-12-09,100033,sip,11909,Uttar Pradesh,Lucknow,T30,18-25,Male,4.5,Cheque,Verified
INV004582,2024-12-09,148569,lumpsum,29013,Tamil Nadu,Chennai,T30,56+,Male,67.1,Net Banking,Verified
INV004936,2024-12-09,148569,redemption,106664,Gujarat,Ahmedabad,T30,18-25,Female,3.5,UPI,Verified
INV002444,2024-12-09,118632,redemption,63777,Uttar Pradesh,Lucknow,T30,18-25,Female,3.8,Cheque,Verified
INV003568,2024-12-09,102887,redemption,512991,Tamil Nadu,Chennai,T30,18-25,Female,5.3,Mandate,Verified
INV000344,2024-12-09,101207,sip,3266,Madhya Pradesh,Bhopal,B30,36-45,Male,56.7,Net Banking,Verified
INV001382,2024-12-09,118634,redemption,13812,Karnataka,Mysore,B30,26-35,Male,18.9,Cheque,Verified
INV002937,2024-12-09,149322,sip,15574,Rajasthan,Jaipur,T30,56+,Male,64.5,Mandate,Verified
INV001244,2024-12-09,125498,sip,13419,Uttar Pradesh,Agra,B30,26-35,Male,20.0,Cheque,Pending
INV003219,2024-12-09,119551,sip,21444,Maharashtra,Pune,T30,46-55,Male,57.8,Net Banking,Pending
INV004745,2024-12-09,100016,redemption,539834,West Bengal,Kolkata,T30,18-25,Male,5.2,Net Banking,Verified
INV002124,2024-12-09,120844,redemption,378612,Tamil Nadu,Coimbatore,B30,18-25,Male,5.0,UPI,Verified
INV000639,2024-12-09,102886,sip,842,Tamil Nadu,Coimbatore,B30,18-25,Female,3.6,Cheque,Verified
INV001439,2024-12-09,118635,sip,11569,Karnataka,Bangalore,T30,18-25,Female,5.3,Net Banking,Verified
INV000477,2024-12-09,100016,lumpsum,164597,Uttar Pradesh,Lucknow,T30,18-25,Female,5.3,Mandate,Verified
INV003322,2024-12-09,119095,sip,1888,Rajasthan,Jaipur,T30,26-35,Male,22.7,Net Banking,Verified
INV001701,2024-12-09,120506,sip,479,Karnataka,Mysore,B30,26-35,Female,24.4,Cheque,Verified
INV002524,2024-12-09,120841,sip,28916,Rajasthan,Udaipur,B30,46-55,Male,72.9,Net Banking,Pending
INV000455,2024-12-09,120505,sip,14590,Punjab,Chandigarh,T30,18-25,Male,3.2,Mandate,Verified
INV003494,2024-12-09,148568,sip,4671,Punjab,Chandigarh,T30,26-35,Female,18.6,Mandate,Verified
INV004186,2024-12-10,148568,sip,8520,Madhya Pradesh,Bhopal,B30,36-45,Female,41.9,Cheque,Verified
INV002548,2024-12-10,119552,sip,3192,Haryana,Gurugram,T30,26-35,Male,21.3,Mandate,Verified
INV004413,2024-12-10,118635,sip,5038,Maharashtra,Mumbai,T30,26-35,Male,14.7,Mandate,Verified
INV003868,2024-12-10,119599,sip,15333,Gujarat,Surat,T30,36-45,Male,25.8,UPI,Verified
INV003167,2024-12-10,101208,sip,42317,Telangana,Hyderabad,T30,26-35,Male,19.8,Cheque,Verified
INV001161,2024-12-10,120506,sip,50078,Uttar Pradesh,Kanpur,B30,26-35,Male,13.4,Net Banking,Verified
INV001752,2024-12-10,119552,lumpsum,365790,Rajasthan,Udaipur,B30,26-35,Female,13.4,UPI,Verified
INV000016,2024-12-10,148567,lumpsum,473272,Tamil Nadu,Chennai,T30,26-35,Female,21.0,Net Banking,Verified
INV001235,2024-12-10,118634,lumpsum,154435,Haryana,Faridabad,B30,26-35,Male,19.3,Cheque,Verified
INV001477,2024-12-10,118634,sip,23944,Haryana,Faridabad,B30,26-35,Female,20.4,UPI,Verified
INV004686,2024-12-10,101207,lumpsum,270564,Punjab,Amritsar,B30,36-45,Female,37.2,Net Banking,Verified
INV003021,2024-12-10,148567,sip,8462,Telangana,Hyderabad,T30,56+,Female,65.0,Cheque,Verified
INV004205,2024-12-10,119120,sip,26977,Telangana,Hyderabad,T30,56+,Female,56.9,Cheque,Verified
INV003581,2024-12-10,100025,lumpsum,294196,Tamil Nadu,Coimbatore,B30,56+,Male,15.3,Net Banking,Verified
INV003650,2024-12-10,148569,sip,3281,Telangana,Hyderabad,T30,46-55,Male,87.3,UPI,Verified
INV001099,2024-12-10,149322,sip,4382,Haryana,Gurugram,T30,26-35,Female,18.9,Mandate,Verified
INV001988,2024-12-10,100033,sip,2376,Karnataka,Bangalore,T30,26-35,Male,17.7,UPI,Verified
INV004606,2024-12-10,119598,lumpsum,354820,Gujarat,Surat,T30,36-45,Male,57.2,Net Banking,Verified
INV002181,2024-12-10,100025,lumpsum,217612,Gujarat,Surat,T30,26-35,Male,18.3,UPI,Verified
INV004008,2024-12-10,125497,sip,24227,Maharashtra,Nashik,B30,46-55,Male,17.2,Cheque,Verified
INV004451,2024-12-10,148569,sip,1824,Madhya Pradesh,Bhopal,B30,56+,Male,78.6,Cheque,Verified
INV000443,2024-12-10,148569,redemption,86062,Punjab,Chandigarh,T30,26-35,Male,18.7,Net Banking,Verified
INV000754,2024-12-10,102885,sip,21318,West Bengal,Kolkata,T30,26-35,Male,8.0,UPI,Verified
INV003905,2024-12-10,149322,sip,52406,Maharashtra,Mumbai,T30,26-35,Male,24.3,Net Banking,Verified
INV004264,2024-12-10,119598,lumpsum,543417,Gujarat,Ahmedabad,T30,36-45,Female,45.2,Cheque,Verified
INV003452,2024-12-10,120844,sip,2688,Haryana,Faridabad,B30,18-25,Male,4.5,UPI,Verified
INV002201,2024-12-10,120504,lumpsum,100328,Haryana,Gurugram,T30,36-45,Male,34.5,Net Banking,Verified
INV003291,2024-12-10,100016,lumpsum,9454,Gujarat,Surat,T30,36-45,Male,47.1,Mandate,Verified
INV002435,2024-12-10,102885,sip,15739,Maharashtra,Nashik,B30,56+,Female,58.6,Cheque,Verified
INV004465,2024-12-10,125498,sip,2941,Gujarat,Surat,T30,26-35,Male,14.2,Net Banking,Verified
INV002201,2024-12-10,100016,sip,2987,Haryana,Gurugram,T30,36-45,Male,34.5,Cheque,Verified
INV001956,2024-12-10,149322,redemption,393235,Rajasthan,Jaipur,T30,26-35,Male,22.1,UPI,Verified
INV000738,2024-12-10,119598,sip,1051,Punjab,Amritsar,B30,26-35,Male,12.1,Cheque,Verified
INV004796,2024-12-10,125498,redemption,23867,Delhi,Noida,T30,18-25,Male,4.6,Cheque,Verified
INV004574,2024-12-10,119094,redemption,279604,Maharashtra,Mumbai,T30,36-45,Male,54.3,Cheque,Verified
INV003643,2024-12-10,102887,redemption,61244,Telangana,Hyderabad,T30,36-45,Male,48.4,Mandate,Verified
INV001138,2024-12-10,149323,redemption,173754,Haryana,Faridabad,B30,46-55,Female,81.3,Cheque,Verified
INV002827,2024-12-10,102887,sip,5397,Karnataka,Mysore,B30,36-45,Female,58.1,Cheque,Verified
INV001233,2024-12-10,120503,sip,818,Telangana,Hyderabad,T30,26-35,Male,11.7,Cheque,Verified
INV004787,2024-12-10,118634,sip,10909,Haryana,Faridabad,B30,26-35,Male,8.2,Mandate,Verified
INV000473,2024-12-10,119552,redemption,130889,Karnataka,Mysore,B30,36-45,Male,15.4,Net Banking,Verified
INV001498,2024-12-10,119095,lumpsum,174893,Gujarat,Ahmedabad,T30,36-45,Male,34.7,UPI,Verified
INV004032,2024-12-10,118633,lumpsum,198613,West Bengal,Kolkata,T30,46-55,Male,55.5,Cheque,Pending
INV003773,2024-12-10,119092,sip,23499,West Bengal,Kolkata,T30,46-55,Female,53.9,Cheque,Verified
INV003525,2024-12-10,100025,sip,436,Karnataka,Mysore,B30,36-45,Male,36.1,Cheque,Verified
INV002956,2024-12-10,100025,lumpsum,495786,Gujarat,Surat,T30,36-45,Female,53.7,Net Banking,Verified
INV000287,2024-12-10,149324,sip,2324,Uttar Pradesh,Kanpur,B30,56+,Female,15.9,Mandate,Verified
INV004828,2024-12-10,119094,sip,17002,Gujarat,Surat,T30,56+,Female,58.3,Net Banking,Verified
INV001738,2024-12-10,119092,sip,8257,Karnataka,Bangalore,T30,36-45,Female,41.2,UPI,Verified
INV003938,2024-12-10,119551,sip,24559,Delhi,Gurugram,T30,36-45,Female,15.3,UPI,Verified
INV002058,2024-12-10,101207,lumpsum,109225,Tamil Nadu,Coimbatore,B30,36-45,Male,14.5,Mandate,Verified
INV000552,2024-12-10,102887,lumpsum,175100,Uttar Pradesh,Lucknow,T30,36-45,Female,35.8,Net Banking,Verified
INV003602,2024-12-10,119120,lumpsum,450695,Maharashtra,Nashik,B30,46-55,Male,75.4,Mandate,Verified
INV004333,2024-12-10,119092,redemption,32630,Telangana,Hyderabad,T30,36-45,Female,14.8,UPI,Verified
INV004924,2024-12-10,120507,sip,27709,Telangana,Hyderabad,T30,36-45,Male,16.1,Cheque,Verified
INV004704,2024-12-10,102886,sip,6113,Delhi,New Delhi,T30,26-35,Male,23.1,Net Banking,Verified
INV002063,2024-12-10,119095,lumpsum,324699,Madhya Pradesh,Indore,T30,26-35,Female,21.3,Cheque,Verified
INV000721,2024-12-10,149323,sip,8929,Maharashtra,Nashik,B30,36-45,Male,59.1,Cheque,Pending
INV004052,2024-12-10,100033,lumpsum,351765,Uttar Pradesh,Agra,B30,26-35,Female,15.5,UPI,Verified
INV001089,2024-12-10,149324,lumpsum,169759,Haryana,Gurugram,T30,18-25,Male,6.6,UPI,Verified
INV003161,2024-12-10,119092,sip,2085,Uttar Pradesh,Kanpur,B30,36-45,Female,30.2,UPI,Pending
INV001189,2024-12-10,120844,lumpsum,9743,Maharashtra,Nashik,B30,56+,Male,70.1,Net Banking,Verified
INV001736,2024-12-10,120844,sip,1801,Rajasthan,Udaipur,B30,46-55,Female,69.5,Mandate,Verified
INV004731,2024-12-10,102885,lumpsum,407246,Punjab,Amritsar,B30,26-35,Male,17.6,UPI,Verified
INV004834,2024-12-10,118635,sip,44424,Delhi,New Delhi,T30,26-35,Male,20.0,Mandate,Verified
INV003258,2024-12-10,149322,redemption,305131,Rajasthan,Udaipur,B30,26-35,Male,14.7,UPI,Verified
INV002711,2024-12-10,149324,sip,3231,Haryana,Gurugram,T30,26-35,Male,12.4,Cheque,Verified
INV004549,2024-12-10,149322,sip,563,Tamil Nadu,Chennai,T30,36-45,Male,40.7,Net Banking,Verified
INV002150,2024-12-11,149324,sip,8102,Uttar Pradesh,Kanpur,B30,26-35,Female,21.5,Mandate,Verified
INV004496,2024-12-11,118632,lumpsum,384769,Madhya Pradesh,Indore,T30,18-25,Female,6.3,Cheque,Verified
INV001418,2024-12-11,102885,sip,15021,Delhi,Noida,T30,36-45,Male,39.2,UPI,Verified
INV003591,2024-12-11,119598,lumpsum,298316,Haryana,Faridabad,B30,26-35,Female,8.8,Cheque,Verified
INV002652,2024-12-11,119598,redemption,520473,Gujarat,Surat,T30,36-45,Male,40.6,Net Banking,Verified
INV000032,2024-12-11,120507,sip,2499,Delhi,Noida,T30,36-45,Male,21.8,Mandate,Verified
INV000055,2024-12-11,101208,redemption,451050,Karnataka,Bangalore,T30,26-35,Male,13.5,Mandate,Verified
INV004849,2024-12-11,120844,lumpsum,361997,Maharashtra,Pune,T30,46-55,Female,21.9,Net Banking,Verified
INV003744,2024-12-11,102885,redemption,352931,Karnataka,Mysore,B30,18-25,Female,4.1,UPI,Verified
INV002382,2024-12-11,100025,sip,29305,Maharashtra,Mumbai,T30,26-35,Male,18.5,Cheque,Verified
INV002389,2024-12-11,118634,sip,8116,Haryana,Faridabad,B30,36-45,Male,50.8,UPI,Verified
INV001019,2024-12-11,119598,sip,4499,Madhya Pradesh,Indore,T30,26-35,Male,10.6,Cheque,Verified
INV001197,2024-12-11,118636,lumpsum,45454,West Bengal,Kolkata,T30,36-45,Female,29.6,Mandate,Pending
INV003459,2024-12-11,119094,lumpsum,58871,Karnataka,Mysore,B30,26-35,Female,23.5,Net Banking,Verified
INV001392,2024-12-11,101207,sip,14584,Rajasthan,Udaipur,B30,26-35,Male,18.5,Net Banking,Verified
INV000080,2024-12-11,100025,redemption,382801,Telangana,Hyderabad,T30,26-35,Male,12.4,Cheque,Verified
INV002347,2024-12-11,119599,sip,554,Delhi,New Delhi,T30,26-35,Female,6.5,Mandate,Verified
INV003258,2024-12-11,119120,lumpsum,79296,Rajasthan,Udaipur,B30,26-35,Male,14.7,Mandate,Verified
INV001282,2024-12-11,149324,lumpsum,43269,West Bengal,Kolkata,T30,18-25,Female,5.2,Net Banking,Verified
INV001807,2024-12-11,118635,lumpsum,323605,Gujarat,Ahmedabad,T30,26-35,Male,21.9,Cheque,Verified
INV000100,2024-12-11,118632,lumpsum,347598,Rajasthan,Udaipur,B30,56+,Male,57.2,Net Banking,Verified
INV001650,2024-12-11,120843,sip,2281,Madhya Pradesh,Indore,T30,36-45,Male,38.1,Net Banking,Verified
INV000505,2024-12-11,101208,sip,15968,Rajasthan,Jaipur,T30,36-45,Male,40.9,UPI,Verified
INV002890,2024-12-11,102886,sip,6554,Rajasthan,Jaipur,T30,36-45,Female,49.2,Net Banking,Verified
INV002841,2024-12-11,148569,sip,4931,Uttar Pradesh,Kanpur,B30,26-35,Male,13.2,UPI,Pending
INV002127,2024-12-11,120842,sip,1731,Rajasthan,Udaipur,B30,18-25,Male,7.4,UPI,Verified
INV002634,2024-12-11,119551,sip,4529,Madhya Pradesh,Bhopal,B30,26-35,Male,10.7,Net Banking,Verified
INV000840,2024-12-11,119551,lumpsum,174402,Punjab,Chandigarh,T30,26-35,Male,15.3,Mandate,Verified
INV004810,2024-12-11,120844,redemption,446192,Telangana,Hyderabad,T30,26-35,Female,14.5,Net Banking,Verified
INV002102,2024-12-11,100025,sip,20895,Madhya Pradesh,Bhopal,B30,26-35,Male,9.2,Net Banking,Verified
INV002400,2024-12-11,118632,sip,2049,Punjab,Chandigarh,T30,36-45,Male,15.5,UPI,Verified
INV000351,2024-12-11,120843,sip,6549,Madhya Pradesh,Indore,T30,56+,Female,62.9,Net Banking,Verified
INV000058,2024-12-11,119598,sip,2947,Maharashtra,Mumbai,T30,26-35,Male,19.9,Cheque,Verified
INV001152,2024-12-11,100033,sip,7415,Punjab,Amritsar,B30,56+,Male,61.7,Cheque,Verified
INV002249,2024-12-11,149324,sip,10766,Karnataka,Bangalore,T30,36-45,Male,19.6,Cheque,Verified
INV002230,2024-12-11,102886,sip,2879,Delhi,Noida,T30,36-45,Male,21.7,Cheque,Verified
INV004673,2024-12-11,148568,sip,12362,Maharashtra,Pune,T30,36-45,Female,39.7,Cheque,Verified
INV002517,2024-12-11,120503,sip,4897,Telangana,Hyderabad,T30,26-35,Male,19.8,UPI,Verified
INV000023,2024-12-11,149322,sip,52489,West Bengal,Kolkata,T30,46-55,Female,61.9,UPI,Verified
INV000235,2024-12-11,118634,lumpsum,321324,Delhi,New Delhi,T30,26-35,Male,8.5,Net Banking,Verified
INV004164,2024-12-11,100033,redemption,440552,Rajasthan,Udaipur,B30,18-25,Female,4.7,Net Banking,Verified
INV004579,2024-12-11,120503,sip,1970,Rajasthan,Jaipur,T30,26-35,Male,18.7,Mandate,Verified
INV000577,2024-12-11,119598,sip,2956,Delhi,Noida,T30,36-45,Male,20.4,Cheque,Verified
INV003775,2024-12-11,120506,sip,2439,Maharashtra,Mumbai,T30,56+,Male,12.8,UPI,Verified
INV003206,2024-12-11,100025,lumpsum,369158,Gujarat,Ahmedabad,T30,26-35,Male,24.1,Cheque,Verified
INV001896,2024-12-11,118635,sip,599,Tamil Nadu,Chennai,T30,36-45,Male,37.1,UPI,Verified
INV004713,2024-12-11,100025,sip,8177,West Bengal,Kolkata,T30,36-45,Female,50.6,UPI,Verified
INV001309,2024-12-11,120503,sip,10544,Gujarat,Surat,T30,36-45,Male,22.9,Cheque,Verified
INV003029,2024-12-11,119598,lumpsum,59383,Delhi,New Delhi,T30,56+,Male,59.8,UPI,Verified
INV003947,2024-12-12,119092,lumpsum,129984,Delhi,Noida,T30,26-35,Male,12.9,Mandate,Verified
INV003301,2024-12-12,100025,sip,50117,Rajasthan,Udaipur,B30,26-35,Male,14.2,Cheque,Verified
INV000687,2024-12-12,119093,sip,8706,Maharashtra,Pune,T30,36-45,Male,41.0,Net Banking,Verified
INV003902,2024-12-12,102885,redemption,409827,Karnataka,Mysore,B30,26-35,Male,23.1,UPI,Verified
INV001640,2024-12-12,120507,lumpsum,155252,Rajasthan,Jaipur,T30,36-45,Female,52.6,UPI,Verified
INV004100,2024-12-12,148568,redemption,335431,Delhi,Gurugram,T30,26-35,Male,20.7,Mandate,Verified
INV003677,2024-12-12,149322,sip,923,Gujarat,Ahmedabad,T30,36-45,Female,23.8,Cheque,Verified
INV004266,2024-12-12,120506,sip,4099,Delhi,New Delhi,T30,36-45,Male,35.9,Cheque,Verified
INV002284,2024-12-12,119552,sip,2863,Karnataka,Bangalore,T30,36-45,Male,55.3,Mandate,Verified
INV002645,2024-12-12,119093,sip,5371,Haryana,Gurugram,T30,46-55,Female,67.7,Net Banking,Verified
INV001452,2024-12-12,102885,redemption,216094,Delhi,Gurugram,T30,26-35,Female,15.6,Cheque,Verified
INV004617,2024-12-12,119552,sip,5720,Karnataka,Bangalore,T30,26-35,Male,22.1,Net Banking,Verified
INV000095,2024-12-12,148569,sip,924,West Bengal,Kolkata,T30,18-25,Male,6.5,Cheque,Verified
INV002781,2024-12-12,118633,redemption,71201,Tamil Nadu,Chennai,T30,26-35,Female,13.3,Mandate,Verified
INV002012,2024-12-12,118633,sip,3373,Telangana,Hyderabad,T30,36-45,Male,38.4,Net Banking,Verified
INV000664,2024-12-12,120843,sip,9298,West Bengal,Kolkata,T30,26-35,Male,21.1,UPI,Verified
INV001528,2024-12-12,148568,lumpsum,355464,Telangana,Hyderabad,T30,26-35,Female,20.7,Mandate,Verified
INV003216,2024-12-12,125498,redemption,359442,Delhi,New Delhi,T30,36-45,Male,12.6,Cheque,Verified
INV002085,2024-12-12,148569,redemption,199177,Telangana,Hyderabad,T30,56+,Female,12.5,Net Banking,Verified
INV001112,2024-12-12,148569,sip,2407,Delhi,Gurugram,T30,46-55,Male,82.5,Cheque,Verified
INV004080,2024-12-12,120505,sip,17050,Punjab,Amritsar,B30,26-35,Female,18.7,Cheque,Verified
INV001770,2024-12-12,118636,lumpsum,296558,Telangana,Hyderabad,T30,18-25,Male,6.3,UPI,Verified
INV002229,2024-12-12,120503,lumpsum,332472,Rajasthan,Jaipur,T30,36-45,Male,24.6,Mandate,Verified
INV004258,2024-12-12,119551,sip,3538,Gujarat,Ahmedabad,T30,36-45,Male,56.6,Cheque,Verified
INV001005,2024-12-12,120504,redemption,325479,Karnataka,Bangalore,T30,46-55,Male,84.6,Mandate,Verified
INV002900,2024-12-12,120844,sip,453,Haryana,Faridabad,B30,26-35,Female,14.2,Net Banking,Verified
INV003324,2024-12-12,125497,redemption,74452,Karnataka,Mysore,B30,26-35,Male,20.7,Net Banking,Verified
INV001587,2024-12-12,149324,sip,6967,Punjab,Chandigarh,T30,26-35,Male,22.3,Mandate,Verified
INV001057,2024-12-12,101208,sip,2413,Rajasthan,Jaipur,T30,46-55,Male,68.0,UPI,Verified
INV000823,2024-12-12,120844,lumpsum,469146,Madhya Pradesh,Bhopal,B30,46-55,Male,41.5,UPI,Verified
INV001926,2024-12-12,119599,lumpsum,94310,Uttar Pradesh,Agra,B30,46-55,Female,26.9,Mandate,Verified
INV002939,2024-12-12,120842,sip,3105,Rajasthan,Udaipur,B30,18-25,Male,3.1,UPI,Verified
INV001957,2024-12-12,100025,sip,985,West Bengal,Kolkata,T30,36-45,Male,51.1,Mandate,Verified
INV003722,2024-12-12,125498,lumpsum,503450,Maharashtra,Nashik,B30,36-45,Female,50.8,Cheque,Verified
INV003240,2024-12-12,119095,sip,2289,Haryana,Gurugram,T30,26-35,Male,21.7,Net Banking,Verified
INV001591,2024-12-12,119095,lumpsum,133992,Rajasthan,Jaipur,T30,56+,Male,28.1,Cheque,Verified
INV004475,2024-12-12,120506,sip,54188,Punjab,Amritsar,B30,26-35,Male,18.2,UPI,Verified
INV004447,2024-12-12,120507,sip,594,West Bengal,Kolkata,T30,36-45,Female,53.4,UPI,Verified
INV000360,2024-12-12,148568,lumpsum,147239,Maharashtra,Mumbai,T30,36-45,Female,55.3,Net Banking,Verified
INV003469,2024-12-12,120505,sip,16385,Maharashtra,Nashik,B30,26-35,Male,9.9,Mandate,Verified
INV002130,2024-12-12,119551,sip,1779,Maharashtra,Pune,T30,46-55,Male,22.5,Mandate,Verified
INV002704,2024-12-12,100033,sip,535,Delhi,Noida,T30,36-45,Female,47.8,Cheque,Verified
INV000429,2024-12-12,119551,sip,4314,Gujarat,Surat,T30,36-45,Female,41.7,UPI,Pending
INV002131,2024-12-12,119094,lumpsum,49930,Madhya Pradesh,Bhopal,B30,46-55,Male,75.1,Cheque,Verified
INV003139,2024-12-12,119599,sip,1140,Karnataka,Mysore,B30,36-45,Male,39.4,Net Banking,Verified
INV000320,2024-12-12,118636,sip,8046,Uttar Pradesh,Kanpur,B30,26-35,Male,19.7,UPI,Verified
INV003707,2024-12-12,119095,sip,596,Telangana,Hyderabad,T30,36-45,Female,55.5,Cheque,Verified
INV004148,2024-12-12,119552,sip,43949,Madhya Pradesh,Bhopal,B30,18-25,Male,5.1,Mandate,Verified
INV003025,2024-12-12,100016,redemption,382660,Gujarat,Surat,T30,26-35,Female,11.9,UPI,Pending
INV003897,2024-12-12,118632,sip,46362,Tamil Nadu,Coimbatore,B30,26-35,Male,24.0,Net Banking,Verified
INV002886,2024-12-12,119552,lumpsum,300065,Tamil Nadu,Chennai,T30,18-25,Female,7.1,Mandate,Verified
INV002050,2024-12-12,118635,redemption,289585,Tamil Nadu,Chennai,T30,18-25,Female,7.2,Cheque,Verified
INV000761,2024-12-12,149323,lumpsum,59152,Rajasthan,Udaipur,B30,18-25,Female,7.5,Net Banking,Verified
INV001646,2024-12-12,118635,sip,43226,Karnataka,Bangalore,T30,26-35,Male,18.9,UPI,Verified
INV000075,2024-12-12,120503,sip,14403,Madhya Pradesh,Bhopal,B30,36-45,Male,27.2,UPI,Verified
INV002213,2024-12-12,120843,sip,3337,Maharashtra,Pune,T30,36-45,Female,33.8,Cheque,Verified
INV000793,2024-12-12,118635,lumpsum,76837,West Bengal,Kolkata,T30,26-35,Female,8.4,Cheque,Pending
INV004798,2024-12-12,120841,sip,15061,Madhya Pradesh,Bhopal,B30,26-35,Male,8.4,Cheque,Verified
INV001233,2024-12-12,148569,lumpsum,200712,Telangana,Hyderabad,T30,26-35,Male,11.7,Mandate,Verified
INV000010,2024-12-12,101208,redemption,175493,Maharashtra,Pune,T30,36-45,Male,13.6,UPI,Verified
INV000084,2024-12-12,100016,sip,8365,West Bengal,Kolkata,T30,26-35,Male,11.2,UPI,Verified
INV004047,2024-12-12,120843,sip,832,Madhya Pradesh,Indore,T30,26-35,Male,15.0,Cheque,Verified
INV002294,2024-12-12,102887,sip,2617,Haryana,Gurugram,T30,26-35,Male,22.3,Net Banking,Verified
INV001615,2024-12-12,100025,redemption,105620,Tamil Nadu,Chennai,T30,26-35,Male,15.7,Net Banking,Verified
INV002206,2024-12-12,120844,sip,7543,Tamil Nadu,Chennai,T30,18-25,Male,7.7,Mandate,Pending
INV000970,2024-12-12,119095,sip,2236,Tamil Nadu,Coimbatore,B30,46-55,Male,28.8,Net Banking,Pending
INV003949,2024-12-12,119598,sip,1868,Madhya Pradesh,Bhopal,B30,56+,Male,54.8,Cheque,Verified
INV001990,2024-12-12,120507,sip,45190,Punjab,Amritsar,B30,26-35,Male,9.3,UPI,Verified
INV004602,2024-12-12,119552,sip,2938,Delhi,Noida,T30,26-35,Female,9.4,Cheque,Verified
INV000431,2024-12-13,119120,sip,1129,Madhya Pradesh,Bhopal,B30,18-25,Female,4.6,Net Banking,Verified
INV002505,2024-12-13,102887,lumpsum,251100,Tamil Nadu,Coimbatore,B30,36-45,Female,21.1,UPI,Verified
INV004023,2024-12-13,100033,sip,14750,Tamil Nadu,Chennai,T30,46-55,Male,69.6,Cheque,Verified
INV003161,2024-12-13,119599,sip,1843,Uttar Pradesh,Kanpur,B30,36-45,Female,30.2,Cheque,Verified
INV000558,2024-12-13,125498,sip,955,Punjab,Chandigarh,T30,56+,Female,22.1,UPI,Verified
INV002400,2024-12-13,119095,sip,5660,Punjab,Chandigarh,T30,36-45,Male,15.5,Mandate,Verified
INV004463,2024-12-13,119092,sip,537,Karnataka,Bangalore,T30,26-35,Female,16.1,UPI,Verified
INV000147,2024-12-13,119551,sip,56685,Rajasthan,Jaipur,T30,26-35,Male,15.7,Net Banking,Verified
INV001371,2024-12-13,148567,lumpsum,424348,Tamil Nadu,Coimbatore,B30,26-35,Male,22.9,Net Banking,Pending
INV004501,2024-12-13,119092,sip,47183,Delhi,Noida,T30,26-35,Male,11.3,UPI,Verified
INV001406,2024-12-13,119094,lumpsum,259756,Telangana,Hyderabad,T30,46-55,Male,86.0,Net Banking,Pending
INV000231,2024-12-13,100025,lumpsum,37774,Rajasthan,Udaipur,B30,26-35,Female,22.9,Cheque,Verified
INV003792,2024-12-13,148569,lumpsum,345620,Maharashtra,Pune,T30,46-55,Male,17.9,Mandate,Verified
INV004715,2024-12-13,125498,sip,26004,Tamil Nadu,Chennai,T30,46-55,Male,56.9,Mandate,Verified
INV001056,2024-12-13,120504,lumpsum,438918,Punjab,Chandigarh,T30,56+,Female,75.1,Mandate,Verified
INV002929,2024-12-13,120506,redemption,465563,West Bengal,Kolkata,T30,26-35,Male,13.0,Cheque,Verified
INV002634,2024-12-13,120843,lumpsum,406162,Madhya Pradesh,Bhopal,B30,26-35,Male,10.7,UPI,Verified
INV002832,2024-12-13,120843,sip,10049,Uttar Pradesh,Lucknow,T30,26-35,Male,15.9,Mandate,Verified
INV003644,2024-12-13,118634,sip,3488,Gujarat,Ahmedabad,T30,26-35,Female,8.2,Cheque,Pending
INV003089,2024-12-13,118635,sip,11456,Uttar Pradesh,Agra,B30,26-35,Male,14.1,Net Banking,Verified
INV001551,2024-12-13,148569,sip,1112,Tamil Nadu,Chennai,T30,26-35,Female,21.7,UPI,Verified
INV003907,2024-12-13,101208,lumpsum,221460,Gujarat,Surat,T30,46-55,Male,62.6,Mandate,Verified
INV003613,2024-12-13,120842,sip,28223,Punjab,Amritsar,B30,26-35,Male,13.5,Net Banking,Pending
INV002492,2024-12-13,119093,lumpsum,360745,Delhi,Noida,T30,26-35,Female,6.8,Net Banking,Verified
INV001563,2024-12-13,100025,lumpsum,102974,Rajasthan,Jaipur,T30,36-45,Male,59.1,Net Banking,Verified
INV003582,2024-12-13,102885,sip,542,Uttar Pradesh,Kanpur,B30,36-45,Male,43.1,Mandate,Verified
INV004447,2024-12-13,118633,sip,5508,West Bengal,Kolkata,T30,36-45,Female,53.4,UPI,Verified
INV001357,2024-12-13,102887,sip,12969,Gujarat,Ahmedabad,T30,36-45,Female,58.4,UPI,Verified
INV002819,2024-12-13,100033,sip,2150,West Bengal,Kolkata,T30,26-35,Male,24.1,UPI,Verified
INV004883,2024-12-13,100016,sip,8032,West Bengal,Kolkata,T30,26-35,Male,9.7,UPI,Verified
INV000403,2024-12-13,101208,sip,9999,Rajasthan,Jaipur,T30,18-25,Female,7.7,Mandate,Verified
INV003201,2024-12-13,120503,sip,521,Rajasthan,Jaipur,T30,36-45,Female,12.2,UPI,Verified
INV002246,2024-12-13,119551,redemption,311472,Maharashtra,Pune,T30,36-45,Male,31.2,UPI,Verified
INV002974,2024-12-13,102887,lumpsum,285959,Telangana,Hyderabad,T30,26-35,Female,21.9,Mandate,Verified
INV001231,2024-12-13,120504,sip,2826,Telangana,Hyderabad,T30,26-35,Male,7.8,Cheque,Verified
INV001843,2024-12-13,100033,redemption,571962,West Bengal,Kolkata,T30,46-55,Male,51.9,Net Banking,Verified
INV000013,2024-12-13,119093,sip,8611,Maharashtra,Nashik,B30,18-25,Male,5.2,Net Banking,Verified
INV004515,2024-12-13,120503,sip,1013,Rajasthan,Udaipur,B30,18-25,Female,5.2,Cheque,Verified
INV002746,2024-12-13,148567,sip,14331,Delhi,Noida,T30,26-35,Male,23.2,Cheque,Verified
INV003669,2024-12-13,148569,sip,10743,West Bengal,Kolkata,T30,18-25,Female,7.8,Net Banking,Verified
INV003781,2024-12-13,120503,sip,3109,Tamil Nadu,Coimbatore,B30,26-35,Male,15.8,Net Banking,Verified
INV002329,2024-12-13,120506,sip,2185,Madhya Pradesh,Indore,T30,56+,Male,51.2,Mandate,Verified
INV001128,2024-12-13,120506,redemption,29990,West Bengal,Kolkata,T30,36-45,Female,43.2,UPI,Verified
INV002122,2024-12-13,125497,sip,20943,Gujarat,Ahmedabad,T30,46-55,Male,46.3,UPI,Pending
INV001619,2024-12-13,118635,lumpsum,182317,Uttar Pradesh,Lucknow,T30,36-45,Male,20.7,Cheque,Verified
INV000713,2024-12-13,120844,sip,4904,Delhi,Noida,T30,36-45,Female,23.7,UPI,Verified
INV004354,2024-12-13,125498,sip,12782,Uttar Pradesh,Kanpur,B30,26-35,Female,17.8,UPI,Verified
INV004465,2024-12-13,118633,redemption,115400,Gujarat,Surat,T30,26-35,Male,14.2,Mandate,Verified
INV003060,2024-12-13,100025,lumpsum,126283,Rajasthan,Jaipur,T30,56+,Female,16.6,Mandate,Verified
INV001627,2024-12-13,120505,redemption,108993,Uttar Pradesh,Agra,B30,26-35,Male,15.9,UPI,Verified
INV001865,2024-12-13,149323,sip,3079,Telangana,Hyderabad,T30,18-25,Female,4.3,Net Banking,Verified
INV001927,2024-12-14,100025,sip,15405,Rajasthan,Jaipur,T30,56+,Male,58.7,Mandate,Verified
INV001333,2024-12-14,119093,lumpsum,82117,Haryana,Faridabad,B30,26-35,Female,19.0,UPI,Verified
INV001380,2024-12-14,120505,sip,2399,Haryana,Gurugram,T30,36-45,Male,27.6,Mandate,Verified
INV004704,2024-12-14,118635,lumpsum,82319,Delhi,New Delhi,T30,26-35,Male,23.1,Cheque,Verified
INV004981,2024-12-14,120504,sip,15619,Haryana,Faridabad,B30,18-25,Male,3.5,Cheque,Verified
INV000096,2024-12-14,118632,sip,9535,Gujarat,Surat,T30,26-35,Female,13.9,Net Banking,Verified
INV004460,2024-12-14,119552,redemption,365568,Haryana,Gurugram,T30,26-35,Male,24.7,UPI,Verified
INV004089,2024-12-14,119599,lumpsum,186991,Haryana,Gurugram,T30,36-45,Female,15.2,UPI,Verified
INV001001,2024-12-14,118636,lumpsum,188352,Madhya Pradesh,Indore,T30,26-35,Female,20.7,UPI,Verified
INV004611,2024-12-14,102886,sip,15443,Madhya Pradesh,Bhopal,B30,18-25,Female,6.1,Mandate,Verified
INV001896,2024-12-14,149324,sip,54682,Tamil Nadu,Chennai,T30,36-45,Male,37.1,Cheque,Verified
INV001899,2024-12-14,119551,lumpsum,152505,Gujarat,Ahmedabad,T30,26-35,Male,7.6,Cheque,Verified
INV000645,2024-12-14,119095,sip,428,Karnataka,Bangalore,T30,18-25,Male,3.9,UPI,Verified
INV001995,2024-12-14,100033,lumpsum,6277,Gujarat,Surat,T30,26-35,Male,20.8,UPI,Verified
INV003144,2024-12-14,118636,sip,7807,Haryana,Gurugram,T30,36-45,Female,38.0,UPI,Verified
INV002934,2024-12-14,125498,lumpsum,28841,Delhi,Noida,T30,36-45,Male,25.8,Cheque,Verified
INV003040,2024-12-14,149324,sip,25613,Karnataka,Bangalore,T30,26-35,Female,15.3,Net Banking,Verified
INV001311,2024-12-14,120843,sip,51945,Telangana,Hyderabad,T30,26-35,Male,20.9,Cheque,Verified
INV000695,2024-12-14,120841,sip,4442,Gujarat,Surat,T30,36-45,Male,48.0,UPI,Verified
INV000938,2024-12-14,125498,sip,7847,Telangana,Hyderabad,T30,36-45,Male,24.5,Net Banking,Verified
INV004863,2024-12-14,120842,lumpsum,215049,Maharashtra,Mumbai,T30,26-35,Male,21.1,UPI,Verified
INV004083,2024-12-14,118634,sip,17559,Maharashtra,Mumbai,T30,18-25,Male,7.8,Net Banking,Verified
INV002472,2024-12-14,102887,lumpsum,258911,Maharashtra,Mumbai,T30,26-35,Female,19.1,Net Banking,Verified
INV003033,2024-12-14,120506,lumpsum,110857,Gujarat,Ahmedabad,T30,36-45,Male,17.3,Cheque,Pending
INV002905,2024-12-14,120842,lumpsum,225802,Tamil Nadu,Chennai,T30,36-45,Female,32.4,Net Banking,Verified
INV003123,2024-12-14,101207,sip,8313,Haryana,Faridabad,B30,36-45,Male,36.2,Mandate,Verified
INV000336,2024-12-14,148567,sip,2909,Delhi,Noida,T30,26-35,Male,17.7,Net Banking,Verified
INV002238,2024-12-14,120503,sip,23209,Gujarat,Surat,T30,36-45,Male,58.3,UPI,Verified
INV000596,2024-12-14,101208,sip,1053,Madhya Pradesh,Indore,T30,56+,Male,21.3,Net Banking,Verified
INV002906,2024-12-14,149322,sip,55385,Telangana,Hyderabad,T30,26-35,Male,19.9,Mandate,Verified
INV003628,2024-12-14,148569,sip,2267,Uttar Pradesh,Kanpur,B30,18-25,Male,5.4,UPI,Verified
INV004864,2024-12-14,119092,sip,22647,Punjab,Amritsar,B30,26-35,Female,10.5,Net Banking,Verified
INV002950,2024-12-14,119599,sip,5575,Madhya Pradesh,Indore,T30,46-55,Female,37.4,Net Banking,Verified
INV003847,2024-12-14,102886,sip,22596,Telangana,Hyderabad,T30,26-35,Male,19.7,UPI,Verified
INV000463,2024-12-14,125497,sip,54015,Gujarat,Ahmedabad,T30,26-35,Male,8.9,Cheque,Verified
INV003004,2024-12-14,102887,redemption,460183,Tamil Nadu,Chennai,T30,46-55,Female,34.6,UPI,Verified
INV004518,2024-12-14,101206,sip,2611,Uttar Pradesh,Lucknow,T30,26-35,Female,24.4,Net Banking,Pending
INV004372,2024-12-14,148567,redemption,336866,Haryana,Faridabad,B30,26-35,Female,22.9,Cheque,Verified
INV003781,2024-12-14,119598,sip,7209,Tamil Nadu,Coimbatore,B30,26-35,Male,15.8,Cheque,Verified
INV004480,2024-12-14,120505,sip,2048,Punjab,Chandigarh,T30,26-35,Male,21.7,UPI,Verified
INV003077,2024-12-14,120505,redemption,532134,Tamil Nadu,Coimbatore,B30,18-25,Female,4.6,Cheque,Verified
INV004018,2024-12-14,120842,sip,55271,Punjab,Chandigarh,T30,56+,Male,47.9,UPI,Verified
INV003856,2024-12-14,119120,sip,8178,Madhya Pradesh,Indore,T30,36-45,Male,46.7,Mandate,Verified
INV003938,2024-12-14,102887,sip,2963,Delhi,Gurugram,T30,36-45,Female,15.3,Cheque,Verified
INV003669,2024-12-14,125497,lumpsum,468460,West Bengal,Kolkata,T30,18-25,Female,7.8,Mandate,Verified
INV001764,2024-12-14,120842,sip,4288,Rajasthan,Udaipur,B30,46-55,Female,28.1,Net Banking,Pending
INV004791,2024-12-14,100016,sip,23769,Telangana,Hyderabad,T30,18-25,Female,4.6,Net Banking,Verified
INV001197,2024-12-14,100016,lumpsum,401946,West Bengal,Kolkata,T30,36-45,Female,29.6,UPI,Verified
INV002914,2024-12-14,120842,lumpsum,180214,Rajasthan,Udaipur,B30,18-25,Male,7.4,Mandate,Verified
INV002640,2024-12-14,149324,redemption,7607,Haryana,Faridabad,B30,56+,Female,50.5,UPI,Verified
INV004049,2024-12-14,119092,lumpsum,233212,Gujarat,Ahmedabad,T30,36-45,Male,31.1,UPI,Verified
INV003638,2024-12-14,119598,sip,41686,West Bengal,Kolkata,T30,56+,Male,27.1,UPI,Verified
INV001210,2024-12-14,119092,sip,2891,Uttar Pradesh,Agra,B30,36-45,Male,25.5,Cheque,Verified
INV001251,2024-12-14,119120,sip,29048,Punjab,Chandigarh,T30,26-35,Female,11.7,Cheque,Verified
INV003419,2024-12-14,148569,lumpsum,316989,Maharashtra,Pune,T30,18-25,Male,5.3,Cheque,Pending
INV004468,2024-12-14,100033,sip,2732,Telangana,Hyderabad,T30,46-55,Female,20.8,Net Banking,Verified
INV000570,2024-12-14,118632,redemption,226491,Madhya Pradesh,Bhopal,B30,26-35,Male,16.2,Net Banking,Pending
INV003412,2024-12-14,120841,lumpsum,153266,Rajasthan,Jaipur,T30,18-25,Male,7.8,Cheque,Verified
INV004520,2024-12-14,101206,lumpsum,382566,Uttar Pradesh,Lucknow,T30,26-35,Female,15.7,Net Banking,Verified
INV000471,2024-12-14,102885,sip,8134,West Bengal,Kolkata,T30,18-25,Male,4.2,UPI,Verified
INV004378,2024-12-14,118634,sip,1191,Tamil Nadu,Chennai,T30,26-35,Female,23.2,Mandate,Verified
INV003848,2024-12-14,118633,lumpsum,179282,Telangana,Hyderabad,T30,26-35,Male,24.0,Net Banking,Pending
INV000572,2024-12-14,119551,redemption,189102,Gujarat,Surat,T30,36-45,Female,28.9,Mandate,Verified
INV000948,2024-12-14,119598,lumpsum,84376,Tamil Nadu,Chennai,T30,46-55,Male,94.7,UPI,Verified
INV000288,2024-12-14,149322,redemption,418173,Telangana,Hyderabad,T30,26-35,Male,10.1,Net Banking,Verified
INV002388,2024-12-14,119551,sip,41445,Haryana,Faridabad,B30,18-25,Male,4.8,UPI,Verified
INV001261,2024-12-14,118634,sip,436,Rajasthan,Jaipur,T30,46-55,Male,50.0,Cheque,Verified
INV001742,2024-12-14,118635,lumpsum,285619,Haryana,Gurugram,T30,18-25,Male,3.5,UPI,Verified
INV003110,2024-12-14,101207,sip,1830,Rajasthan,Jaipur,T30,26-35,Male,9.0,Cheque,Verified
INV003566,2024-12-14,120504,lumpsum,88712,Tamil Nadu,Coimbatore,B30,26-35,Male,8.7,Cheque,Pending
INV000887,2024-12-14,119093,lumpsum,256022,Tamil Nadu,Coimbatore,B30,36-45,Male,53.9,Mandate,Verified
INV000301,2024-12-14,120505,sip,6514,Gujarat,Ahmedabad,T30,56+,Male,14.8,Cheque,Verified
INV004059,2024-12-14,119551,sip,54226,Maharashtra,Pune,T30,26-35,Female,17.0,UPI,Verified
INV000927,2024-12-14,119095,sip,57154,West Bengal,Kolkata,T30,46-55,Male,80.9,UPI,Pending
INV002638,2024-12-14,101207,lumpsum,357209,Delhi,New Delhi,T30,18-25,Male,4.2,Mandate,Verified
INV002523,2024-12-14,148569,sip,16568,Telangana,Hyderabad,T30,46-55,Female,57.2,UPI,Verified
INV001651,2024-12-14,118633,sip,2415,Gujarat,Ahmedabad,T30,18-25,Male,4.1,Mandate,Verified
INV003558,2024-12-14,119551,lumpsum,402362,Uttar Pradesh,Lucknow,T30,18-25,Male,6.1,Cheque,Verified
INV000981,2024-12-14,118634,sip,1664,West Bengal,Kolkata,T30,36-45,Female,59.7,UPI,Verified
INV003372,2024-12-14,101206,sip,10733,Karnataka,Mysore,B30,36-45,Female,38.1,UPI,Verified
INV000606,2024-12-15,100025,sip,3379,Karnataka,Mysore,B30,18-25,Male,7.8,Cheque,Verified
INV002640,2024-12-15,149323,sip,1791,Haryana,Faridabad,B30,56+,Female,50.5,Net Banking,Verified
INV000898,2024-12-15,119120,sip,8956,West Bengal,Kolkata,T30,26-35,Male,19.1,Mandate,Verified
INV002850,2024-12-15,120503,sip,9591,Uttar Pradesh,Lucknow,T30,46-55,Male,76.5,Net Banking,Verified
INV000502,2024-12-15,118635,sip,5007,Delhi,Gurugram,T30,36-45,Female,40.9,Cheque,Verified
INV001005,2024-12-15,148569,lumpsum,41010,Karnataka,Bangalore,T30,46-55,Male,84.6,Cheque,Verified
INV004584,2024-12-15,118635,sip,8550,Uttar Pradesh,Kanpur,B30,56+,Male,47.5,Cheque,Verified
INV003737,2024-12-15,119093,lumpsum,115935,Punjab,Chandigarh,T30,18-25,Male,4.4,Cheque,Verified
INV002159,2024-12-15,149324,sip,2031,Haryana,Gurugram,T30,26-35,Male,7.0,UPI,Verified
INV001803,2024-12-15,148567,sip,5173,Rajasthan,Udaipur,B30,26-35,Female,20.6,UPI,Verified
INV004145,2024-12-15,118632,sip,463,Gujarat,Surat,T30,18-25,Male,4.9,Mandate,Verified
INV001019,2024-12-15,149323,lumpsum,465609,Madhya Pradesh,Indore,T30,26-35,Male,10.6,UPI,Verified
INV003245,2024-12-15,125497,sip,1787,Maharashtra,Pune,T30,26-35,Male,21.5,Net Banking,Verified
INV002810,2024-12-15,119552,sip,50922,Punjab,Amritsar,B30,36-45,Male,33.2,UPI,Verified
INV003733,2024-12-15,118634,redemption,303653,Telangana,Hyderabad,T30,26-35,Male,12.6,Mandate,Verified
INV000995,2024-12-15,118634,sip,1155,Delhi,New Delhi,T30,56+,Male,34.6,Mandate,Verified
INV003582,2024-12-15,119551,sip,26957,Uttar Pradesh,Kanpur,B30,36-45,Male,43.1,Mandate,Verified
INV000543,2024-12-15,119599,sip,6166,Haryana,Gurugram,T30,36-45,Male,45.4,Mandate,Verified
INV000320,2024-12-15,120506,sip,8683,Uttar Pradesh,Kanpur,B30,26-35,Male,19.7,Net Banking,Pending
INV004673,2024-12-15,120844,lumpsum,298559,Maharashtra,Pune,T30,36-45,Female,39.7,Mandate,Verified
INV000591,2024-12-15,149323,sip,556,Karnataka,Bangalore,T30,18-25,Male,4.1,Mandate,Verified
INV004066,2024-12-15,100016,sip,9120,Gujarat,Surat,T30,46-55,Male,30.8,Mandate,Verified
INV000285,2024-12-15,100033,lumpsum,11790,Madhya Pradesh,Indore,T30,18-25,Female,3.6,Net Banking,Verified
INV002491,2024-12-15,120503,sip,15035,Karnataka,Mysore,B30,18-25,Male,4.4,Cheque,Pending
INV003832,2024-12-15,120503,sip,48391,Karnataka,Mysore,B30,46-55,Male,34.4,Cheque,Verified
INV001034,2024-12-15,119120,lumpsum,514958,Maharashtra,Pune,T30,26-35,Male,20.4,Cheque,Verified
INV003071,2024-12-15,118633,lumpsum,354594,Punjab,Amritsar,B30,56+,Male,33.7,Mandate,Pending
INV003787,2024-12-15,100016,sip,5415,Karnataka,Mysore,B30,46-55,Male,29.3,Mandate,Verified
INV000128,2024-12-15,120504,sip,6278,Rajasthan,Jaipur,T30,36-45,Female,50.9,Cheque,Verified
INV001831,2024-12-15,120506,redemption,507998,Madhya Pradesh,Indore,T30,18-25,Female,4.3,Net Banking,Verified
INV001146,2024-12-15,120842,sip,16166,West Bengal,Kolkata,T30,56+,Male,47.0,Net Banking,Verified
INV003388,2024-12-15,101208,redemption,14398,Haryana,Faridabad,B30,56+,Female,39.3,Mandate,Verified
INV001488,2024-12-15,119092,lumpsum,253428,Punjab,Chandigarh,T30,18-25,Female,5.2,Net Banking,Verified
INV001444,2024-12-15,119093,sip,5928,Rajasthan,Jaipur,T30,36-45,Male,36.8,Cheque,Verified
INV003955,2024-12-15,119599,sip,891,Gujarat,Ahmedabad,T30,26-35,Female,8.9,UPI,Verified
INV004011,2024-12-15,120506,lumpsum,400976,Punjab,Amritsar,B30,18-25,Female,5.0,Cheque,Verified
INV000998,2024-12-15,119094,sip,1876,Haryana,Gurugram,T30,26-35,Female,13.2,Mandate,Verified
INV003191,2024-12-15,119551,sip,2157,Madhya Pradesh,Bhopal,B30,18-25,Female,6.8,Net Banking,Verified
INV000901,2024-12-15,120504,sip,3548,Delhi,Gurugram,T30,46-55,Female,67.4,UPI,Verified
INV004095,2024-12-15,101208,sip,7809,Karnataka,Mysore,B30,26-35,Female,14.6,Mandate,Verified
INV004455,2024-12-15,119120,sip,5320,Telangana,Hyderabad,T30,18-25,Female,3.5,Net Banking,Verified
INV004481,2024-12-15,120843,redemption,400616,Rajasthan,Jaipur,T30,46-55,Male,60.1,Net Banking,Verified
INV002485,2024-12-15,118636,lumpsum,430367,Karnataka,Mysore,B30,46-55,Female,70.2,UPI,Verified
INV002199,2024-12-15,101207,sip,1778,Gujarat,Ahmedabad,T30,26-35,Male,18.6,Net Banking,Verified
INV002306,2024-12-15,100025,redemption,21447,Tamil Nadu,Chennai,T30,18-25,Male,3.4,UPI,Verified
INV004231,2024-12-15,102887,sip,9341,West Bengal,Kolkata,T30,56+,Male,17.5,Cheque,Verified
INV004849,2024-12-15,100016,sip,21069,Maharashtra,Pune,T30,46-55,Female,21.9,UPI,Verified
INV003449,2024-12-15,120503,lumpsum,101419,Gujarat,Ahmedabad,T30,56+,Male,10.0,UPI,Verified
INV000538,2024-12-15,148567,sip,4774,West Bengal,Kolkata,T30,36-45,Male,26.5,Mandate,Verified
INV000701,2024-12-15,118632,sip,7917,West Bengal,Kolkata,T30,36-45,Female,55.6,Mandate,Verified
INV002571,2024-12-15,119094,lumpsum,148455,Delhi,New Delhi,T30,36-45,Female,32.1,Net Banking,Verified
INV002594,2024-12-15,148568,lumpsum,550166,Haryana,Gurugram,T30,26-35,Male,23.7,UPI,Verified
INV002832,2024-12-15,120841,redemption,329701,Uttar Pradesh,Lucknow,T30,26-35,Male,15.9,Cheque,Verified
INV003192,2024-12-15,101208,sip,824,Uttar Pradesh,Lucknow,T30,26-35,Male,22.2,Mandate,Pending
INV004614,2024-12-15,120505,sip,24970,Delhi,New Delhi,T30,18-25,Male,7.7,Mandate,Verified
INV000776,2024-12-15,120504,sip,4052,Rajasthan,Jaipur,T30,26-35,Male,12.4,Net Banking,Verified
INV004674,2024-12-15,102887,sip,14375,Madhya Pradesh,Bhopal,B30,56+,Male,76.8,Cheque,Verified
INV002831,2024-12-15,120503,sip,2254,Telangana,Hyderabad,T30,56+,Female,78.0,Cheque,Verified
INV001220,2024-12-15,102887,lumpsum,61796,Punjab,Chandigarh,T30,36-45,Male,48.3,Mandate,Verified
INV000238,2024-12-15,148567,lumpsum,209526,Telangana,Hyderabad,T30,36-45,Male,26.3,Mandate,Pending
INV003357,2024-12-15,100025,sip,9939,Madhya Pradesh,Bhopal,B30,26-35,Female,15.3,UPI,Verified
INV001637,2024-12-15,100016,lumpsum,318779,Haryana,Faridabad,B30,36-45,Female,45.1,UPI,Verified
INV000116,2024-12-15,120843,lumpsum,252280,West Bengal,Kolkata,T30,18-25,Male,3.2,Cheque,Verified
INV002070,2024-12-15,120842,sip,6640,Telangana,Hyderabad,T30,36-45,Male,40.3,Net Banking,Verified
INV001315,2024-12-16,125498,sip,26621,Telangana,Hyderabad,T30,46-55,Female,32.9,Net Banking,Verified
INV001334,2024-12-16,119120,lumpsum,29218,Punjab,Amritsar,B30,36-45,Male,38.6,Cheque,Pending
INV000876,2024-12-16,101207,sip,5846,Tamil Nadu,Chennai,T30,26-35,Male,17.4,Net Banking,Verified
INV003424,2024-12-16,100016,redemption,406259,Madhya Pradesh,Indore,T30,26-35,Female,19.7,Mandate,Verified
INV003691,2024-12-16,101208,lumpsum,541301,Haryana,Faridabad,B30,18-25,Male,3.1,Net Banking,Verified
INV001583,2024-12-16,119120,lumpsum,250278,Delhi,Gurugram,T30,18-25,Male,3.1,Mandate,Verified
INV001414,2024-12-16,120842,redemption,164219,Gujarat,Ahmedabad,T30,18-25,Male,4.8,UPI,Verified
INV001513,2024-12-16,100016,lumpsum,91246,Madhya Pradesh,Indore,T30,18-25,Male,5.4,Net Banking,Pending
INV003681,2024-12-16,101207,sip,1030,Telangana,Hyderabad,T30,26-35,Female,17.4,Net Banking,Pending
INV001063,2024-12-16,119120,sip,2719,Haryana,Faridabad,B30,26-35,Male,24.1,Mandate,Verified
INV003901,2024-12-16,148568,lumpsum,287766,Delhi,Gurugram,T30,46-55,Male,45.4,UPI,Pending
INV003455,2024-12-16,118634,sip,27138,Tamil Nadu,Coimbatore,B30,46-55,Male,40.2,UPI,Verified
INV001493,2024-12-16,120844,lumpsum,425678,Karnataka,Mysore,B30,18-25,Female,3.2,Cheque,Verified
INV001156,2024-12-16,119552,sip,977,Madhya Pradesh,Indore,T30,56+,Female,58.8,Cheque,Pending
INV000891,2024-12-16,149322,sip,10148,Gujarat,Surat,T30,26-35,Male,20.9,Net Banking,Verified
INV000801,2024-12-16,120504,sip,20714,Karnataka,Mysore,B30,36-45,Male,18.3,Mandate,Verified
INV001064,2024-12-16,119120,sip,55424,West Bengal,Kolkata,T30,46-55,Male,67.9,Net Banking,Verified
INV001012,2024-12-16,100033,sip,5641,Karnataka,Mysore,B30,26-35,Female,17.6,Net Banking,Verified
INV003775,2024-12-16,119092,redemption,79255,Maharashtra,Mumbai,T30,56+,Male,12.8,Net Banking,Verified
INV003896,2024-12-16,119599,sip,1833,Haryana,Faridabad,B30,56+,Female,14.3,UPI,Verified
INV003308,2024-12-16,120503,sip,24180,Telangana,Hyderabad,T30,56+,Male,58.2,Net Banking,Verified
INV002095,2024-12-16,101206,lumpsum,307801,Punjab,Amritsar,B30,26-35,Male,9.2,UPI,Pending
INV001999,2024-12-16,101208,lumpsum,398562,Rajasthan,Udaipur,B30,18-25,Male,5.8,Cheque,Verified
INV004634,2024-12-16,119598,redemption,339448,Tamil Nadu,Chennai,T30,26-35,Male,15.1,Mandate,Verified
INV002941,2024-12-16,101207,redemption,482753,Rajasthan,Udaipur,B30,36-45,Female,59.2,Mandate,Verified
INV004574,2024-12-16,120841,sip,8196,Maharashtra,Mumbai,T30,36-45,Male,54.3,Net Banking,Pending
INV000332,2024-12-16,119599,sip,6658,Telangana,Hyderabad,T30,36-45,Female,12.9,Cheque,Verified
INV000352,2024-12-16,118634,sip,27664,Tamil Nadu,Chennai,T30,46-55,Male,21.1,Mandate,Verified
INV000027,2024-12-16,120841,redemption,286548,Punjab,Chandigarh,T30,26-35,Male,20.7,Mandate,Verified
INV003193,2024-12-16,118635,sip,2202,Rajasthan,Jaipur,T30,36-45,Male,40.4,Cheque,Verified
INV002775,2024-12-16,101208,sip,12128,Haryana,Faridabad,B30,18-25,Female,5.9,Net Banking,Verified
INV000252,2024-12-16,102886,redemption,403540,Gujarat,Surat,T30,46-55,Female,24.4,Net Banking,Pending
INV002090,2024-12-16,101208,lumpsum,400112,Maharashtra,Mumbai,T30,26-35,Male,23.7,Mandate,Verified
INV002320,2024-12-16,101208,redemption,470661,Rajasthan,Udaipur,B30,26-35,Male,23.7,Cheque,Pending
INV002766,2024-12-16,119092,lumpsum,492940,Punjab,Chandigarh,T30,26-35,Female,8.7,Net Banking,Verified
INV003034,2024-12-16,149322,sip,27940,Tamil Nadu,Chennai,T30,26-35,Male,7.2,Net Banking,Verified
INV001967,2024-12-16,120841,sip,25856,Rajasthan,Jaipur,T30,26-35,Male,17.9,Net Banking,Verified
INV000137,2024-12-16,102886,redemption,198278,Rajasthan,Jaipur,T30,26-35,Female,12.0,Mandate,Pending
INV003298,2024-12-16,120505,sip,4077,Gujarat,Surat,T30,26-35,Male,12.4,Net Banking,Verified
INV002288,2024-12-16,118634,sip,41897,Gujarat,Surat,T30,26-35,Female,17.5,Cheque,Verified
INV002767,2024-12-16,120843,sip,1007,Madhya Pradesh,Indore,T30,26-35,Male,10.8,Net Banking,Verified
INV004686,2024-12-16,120504,lumpsum,188195,Punjab,Amritsar,B30,36-45,Female,37.2,UPI,Verified
INV000532,2024-12-16,119120,sip,1118,Madhya Pradesh,Bhopal,B30,26-35,Male,9.0,UPI,Verified
INV004304,2024-12-16,100025,sip,15605,Haryana,Gurugram,T30,18-25,Male,5.5,UPI,Verified
INV000585,2024-12-16,149324,sip,4050,Telangana,Hyderabad,T30,46-55,Female,47.0,Mandate,Verified
INV002707,2024-12-16,119551,sip,3360,Maharashtra,Mumbai,T30,26-35,Male,24.7,Net Banking,Verified
INV001264,2024-12-16,119094,sip,12457,Madhya Pradesh,Indore,T30,26-35,Female,12.0,Net Banking,Verified
INV000529,2024-12-16,102886,sip,2524,Maharashtra,Mumbai,T30,18-25,Male,4.7,Mandate,Verified
INV000235,2024-12-16,102885,lumpsum,260189,Delhi,New Delhi,T30,26-35,Male,8.5,Mandate,Verified
INV003388,2024-12-16,125498,lumpsum,10389,Haryana,Faridabad,B30,56+,Female,39.3,Net Banking,Verified
INV003787,2024-12-16,102886,sip,16888,Karnataka,Mysore,B30,46-55,Male,29.3,UPI,Verified
INV002103,2024-12-16,119599,lumpsum,445041,Maharashtra,Nashik,B30,26-35,Male,24.1,Cheque,Verified
INV000473,2024-12-16,148568,sip,49938,Karnataka,Mysore,B30,36-45,Male,15.4,UPI,Verified
INV004592,2024-12-16,118632,redemption,101350,Maharashtra,Pune,T30,36-45,Male,56.6,Cheque,Verified
INV002403,2024-12-16,118633,redemption,106897,Maharashtra,Nashik,B30,18-25,Male,3.3,Net Banking,Verified
INV000557,2024-12-16,102887,sip,27304,West Bengal,Kolkata,T30,26-35,Male,10.3,Mandate,Pending
INV002963,2024-12-16,120507,lumpsum,107436,Uttar Pradesh,Agra,B30,26-35,Male,24.0,Net Banking,Verified
INV004860,2024-12-16,120507,sip,1193,Punjab,Amritsar,B30,46-55,Male,47.7,Cheque,Verified
INV001213,2024-12-16,119095,lumpsum,352118,Punjab,Amritsar,B30,36-45,Male,57.7,UPI,Verified
INV002414,2024-12-16,120507,sip,8912,Gujarat,Surat,T30,26-35,Female,24.1,Mandate,Verified
INV001852,2024-12-16,101208,sip,2934,Telangana,Hyderabad,T30,26-35,Male,21.7,UPI,Pending
INV004990,2024-12-16,120503,sip,1662,Maharashtra,Nashik,B30,26-35,Female,9.5,UPI,Verified
INV000111,2024-12-16,120844,sip,11558,Karnataka,Bangalore,T30,56+,Male,42.5,Net Banking,Verified
INV003373,2024-12-16,148567,lumpsum,166356,Gujarat,Surat,T30,56+,Male,62.9,UPI,Verified
INV000649,2024-12-16,125497,sip,7493,Tamil Nadu,Chennai,T30,36-45,Male,27.3,UPI,Verified
INV000096,2024-12-16,149322,sip,7701,Gujarat,Surat,T30,26-35,Female,13.9,Net Banking,Verified
INV003404,2024-12-17,125498,sip,13134,Tamil Nadu,Chennai,T30,36-45,Male,26.8,Cheque,Verified
INV002187,2024-12-17,102886,sip,5514,Tamil Nadu,Chennai,T30,36-45,Male,15.0,Mandate,Pending
INV001656,2024-12-17,119093,sip,10570,Madhya Pradesh,Bhopal,B30,26-35,Male,19.4,Mandate,Verified
INV002469,2024-12-17,119092,lumpsum,178150,Tamil Nadu,Chennai,T30,26-35,Female,12.3,UPI,Pending
INV002365,2024-12-17,118633,redemption,262546,Gujarat,Ahmedabad,T30,46-55,Male,76.9,Mandate,Verified
INV000569,2024-12-17,120503,lumpsum,72529,Madhya Pradesh,Indore,T30,26-35,Male,8.0,Mandate,Verified
INV003193,2024-12-17,118634,redemption,410014,Rajasthan,Jaipur,T30,36-45,Male,40.4,Net Banking,Verified
INV002459,2024-12-17,120843,sip,24843,Rajasthan,Udaipur,B30,18-25,Female,5.2,Net Banking,Verified
INV000156,2024-12-17,120842,lumpsum,172070,Telangana,Hyderabad,T30,46-55,Male,29.1,Mandate,Verified
INV003495,2024-12-17,120842,sip,2544,West Bengal,Kolkata,T30,26-35,Female,22.9,UPI,Pending
INV001532,2024-12-17,149324,lumpsum,323288,Madhya Pradesh,Bhopal,B30,36-45,Female,39.5,Net Banking,Verified
INV001401,2024-12-17,118634,sip,13553,Tamil Nadu,Coimbatore,B30,26-35,Male,15.6,Mandate,Verified
INV004006,2024-12-17,120844,sip,23444,Tamil Nadu,Coimbatore,B30,56+,Male,59.1,Cheque,Verified
INV004865,2024-12-17,101206,sip,58936,Maharashtra,Nashik,B30,56+,Male,77.2,Mandate,Verified
INV001133,2024-12-17,102885,sip,6669,Madhya Pradesh,Bhopal,B30,26-35,Male,21.0,Mandate,Verified
INV001906,2024-12-17,119095,sip,20392,Tamil Nadu,Coimbatore,B30,36-45,Female,55.6,Net Banking,Verified
INV004372,2024-12-17,119551,lumpsum,201595,Haryana,Faridabad,B30,26-35,Female,22.9,Net Banking,Verified
INV003269,2024-12-17,100025,lumpsum,318894,Telangana,Hyderabad,T30,56+,Male,17.5,Mandate,Verified
INV001896,2024-12-17,101207,lumpsum,384988,Tamil Nadu,Chennai,T30,36-45,Male,37.1,Mandate,Verified
INV000662,2024-12-17,148569,lumpsum,244381,Gujarat,Surat,T30,36-45,Female,20.1,Net Banking,Verified
INV003267,2024-12-17,119552,redemption,72951,Rajasthan,Udaipur,B30,36-45,Male,29.9,UPI,Verified
INV000080,2024-12-17,148569,sip,831,Telangana,Hyderabad,T30,26-35,Male,12.4,Net Banking,Verified
INV003733,2024-12-17,102885,sip,5751,Telangana,Hyderabad,T30,26-35,Male,12.6,Cheque,Verified
INV004381,2024-12-17,120505,sip,549,West Bengal,Kolkata,T30,46-55,Female,27.2,Cheque,Verified
INV002697,2024-12-17,102886,sip,477,West Bengal,Kolkata,T30,26-35,Male,14.1,Cheque,Verified
INV004239,2024-12-17,118635,sip,5139,Karnataka,Bangalore,T30,18-25,Female,6.3,UPI,Pending
INV002704,2024-12-17,120842,lumpsum,379156,Delhi,Noida,T30,36-45,Female,47.8,Cheque,Pending
INV003604,2024-12-17,119093,sip,525,Punjab,Chandigarh,T30,18-25,Female,7.4,Cheque,Verified
INV001121,2024-12-17,118632,sip,24904,Rajasthan,Udaipur,B30,36-45,Male,52.0,Net Banking,Verified
INV000279,2024-12-17,119094,sip,526,Gujarat,Ahmedabad,T30,26-35,Male,12.4,Mandate,Verified
INV001940,2024-12-17,149323,lumpsum,184135,Delhi,New Delhi,T30,36-45,Male,28.4,Cheque,Verified
INV003614,2024-12-17,101206,redemption,151833,Maharashtra,Mumbai,T30,26-35,Male,13.3,Cheque,Verified
INV004411,2024-12-17,119120,lumpsum,495729,Maharashtra,Mumbai,T30,26-35,Female,13.8,Net Banking,Verified
INV002324,2024-12-17,119552,sip,55002,Karnataka,Bangalore,T30,26-35,Male,16.2,Mandate,Verified
INV004629,2024-12-17,100033,lumpsum,177204,Karnataka,Bangalore,T30,18-25,Female,4.9,Net Banking,Pending
INV003483,2024-12-17,119552,lumpsum,275316,Rajasthan,Udaipur,B30,46-55,Male,81.5,Cheque,Verified
INV001356,2024-12-17,149322,lumpsum,256455,Gujarat,Ahmedabad,T30,26-35,Male,19.7,Mandate,Verified
INV002841,2024-12-17,119551,lumpsum,130451,Uttar Pradesh,Kanpur,B30,26-35,Male,13.2,Net Banking,Verified
INV003954,2024-12-17,119552,sip,502,Rajasthan,Udaipur,B30,26-35,Male,7.1,UPI,Pending
INV000143,2024-12-17,148567,lumpsum,81280,Haryana,Gurugram,T30,26-35,Male,23.8,Mandate,Verified
INV003712,2024-12-17,149322,sip,1767,Maharashtra,Pune,T30,46-55,Male,82.6,Net Banking,Verified
INV004939,2024-12-17,148568,sip,2052,Punjab,Amritsar,B30,18-25,Male,4.7,Mandate,Pending
INV001551,2024-12-17,148567,redemption,454991,Tamil Nadu,Chennai,T30,26-35,Female,21.7,Mandate,Verified
INV000363,2024-12-17,120504,sip,20401,Madhya Pradesh,Bhopal,B30,26-35,Male,22.6,Cheque,Verified
INV000372,2024-12-17,118632,sip,10075,Gujarat,Surat,T30,36-45,Male,12.4,Net Banking,Verified
INV001026,2024-12-17,120843,sip,29739,Haryana,Gurugram,T30,26-35,Male,12.1,Mandate,Verified
INV003779,2024-12-17,119120,sip,2922,Delhi,New Delhi,T30,26-35,Male,21.9,Mandate,Verified
INV004705,2024-12-17,102885,sip,2668,West Bengal,Kolkata,T30,26-35,Male,21.5,Mandate,Verified
INV000959,2024-12-17,119095,sip,4760,Haryana,Faridabad,B30,46-55,Male,33.9,Net Banking,Verified
INV000191,2024-12-17,118634,sip,515,Karnataka,Bangalore,T30,26-35,Male,23.1,UPI,Verified
INV001443,2024-12-17,101206,redemption,152689,Uttar Pradesh,Kanpur,B30,46-55,Female,79.8,Mandate,Verified
INV002954,2024-12-17,148569,sip,8778,Delhi,New Delhi,T30,26-35,Female,6.0,Mandate,Verified
INV001868,2024-12-17,100025,redemption,265322,Tamil Nadu,Coimbatore,B30,26-35,Male,17.3,Mandate,Verified
INV003115,2024-12-17,101206,sip,2293,Gujarat,Surat,T30,26-35,Male,23.9,Mandate,Verified
INV003138,2024-12-17,120843,lumpsum,531338,Gujarat,Surat,T30,18-25,Male,3.3,Mandate,Verified
INV001775,2024-12-17,101207,sip,12791,Uttar Pradesh,Kanpur,B30,26-35,Female,8.3,Mandate,Verified
INV002868,2024-12-17,119094,lumpsum,336628,Gujarat,Ahmedabad,T30,26-35,Female,24.7,Cheque,Verified
INV003063,2024-12-17,102887,sip,6788,Maharashtra,Mumbai,T30,36-45,Female,45.0,Mandate,Verified
INV001501,2024-12-17,119094,redemption,415879,Punjab,Amritsar,B30,26-35,Male,11.3,Net Banking,Verified
INV003117,2024-12-17,118633,sip,504,Tamil Nadu,Chennai,T30,18-25,Female,6.7,Mandate,Verified
INV004098,2024-12-17,119093,sip,4519,Delhi,Noida,T30,26-35,Male,11.3,Net Banking,Verified
INV000197,2024-12-17,149324,redemption,186059,Maharashtra,Mumbai,T30,18-25,Male,6.9,Cheque,Verified
INV002094,2024-12-17,119552,lumpsum,165797,Punjab,Amritsar,B30,26-35,Female,25.0,UPI,Verified
INV001418,2024-12-17,120504,lumpsum,438262,Delhi,Noida,T30,36-45,Male,39.2,Net Banking,Verified
INV000907,2024-12-17,120507,sip,519,Karnataka,Bangalore,T30,46-55,Female,64.5,Net Banking,Pending
INV001866,2024-12-17,102887,sip,1613,Telangana,Hyderabad,T30,36-45,Female,33.9,Net Banking,Verified
INV001872,2024-12-17,120844,sip,8160,Madhya Pradesh,Indore,T30,26-35,Male,23.0,UPI,Verified
INV004523,2024-12-17,119095,sip,9266,Haryana,Gurugram,T30,26-35,Female,13.5,Mandate,Verified
INV003695,2024-12-17,101207,sip,1100,Karnataka,Bangalore,T30,36-45,Male,31.0,Mandate,Verified
INV003798,2024-12-17,119092,lumpsum,303689,Karnataka,Bangalore,T30,36-45,Male,53.9,Net Banking,Verified
INV002304,2024-12-17,102886,lumpsum,277353,Karnataka,Mysore,B30,46-55,Male,57.7,Mandate,Verified
INV000733,2024-12-18,120507,redemption,70263,Uttar Pradesh,Lucknow,T30,18-25,Male,3.9,Mandate,Verified
INV001001,2024-12-18,120844,sip,2052,Madhya Pradesh,Indore,T30,26-35,Female,20.7,Net Banking,Pending
INV003354,2024-12-18,149323,sip,5840,Punjab,Chandigarh,T30,46-55,Male,48.5,Mandate,Verified
INV000055,2024-12-18,125497,lumpsum,466359,Karnataka,Bangalore,T30,26-35,Male,13.5,Cheque,Verified
INV003684,2024-12-18,101207,sip,2068,Karnataka,Bangalore,T30,36-45,Male,42.9,UPI,Verified
INV004616,2024-12-18,120505,sip,2289,West Bengal,Kolkata,T30,26-35,Female,18.1,Mandate,Verified
INV001938,2024-12-18,102887,sip,24477,Karnataka,Mysore,B30,26-35,Male,17.4,Cheque,Verified
INV000734,2024-12-18,120842,sip,1063,Maharashtra,Pune,T30,26-35,Female,15.2,Net Banking,Verified
INV001926,2024-12-18,118632,sip,7208,Uttar Pradesh,Agra,B30,46-55,Female,26.9,Cheque,Verified
INV004629,2024-12-18,119551,sip,24755,Karnataka,Bangalore,T30,18-25,Female,4.9,Mandate,Verified
INV002081,2024-12-18,148569,sip,41986,Telangana,Hyderabad,T30,26-35,Male,14.2,Net Banking,Verified
INV000856,2024-12-18,119094,sip,944,Madhya Pradesh,Indore,T30,26-35,Male,24.8,Net Banking,Verified
INV004930,2024-12-18,118633,lumpsum,94260,West Bengal,Kolkata,T30,26-35,Male,15.5,Mandate,Verified
INV000930,2024-12-18,100033,lumpsum,84847,Rajasthan,Udaipur,B30,18-25,Female,4.1,Net Banking,Verified
INV002849,2024-12-18,119095,lumpsum,294260,Madhya Pradesh,Indore,T30,26-35,Male,21.3,Mandate,Verified
INV003794,2024-12-18,149323,lumpsum,112175,Gujarat,Ahmedabad,T30,26-35,Male,22.1,UPI,Verified
INV001670,2024-12-18,118636,sip,472,West Bengal,Kolkata,T30,26-35,Male,16.5,Net Banking,Verified
INV003252,2024-12-18,119094,sip,21495,Tamil Nadu,Chennai,T30,46-55,Male,95.5,Mandate,Verified
INV001026,2024-12-18,119599,lumpsum,146585,Haryana,Gurugram,T30,26-35,Male,12.1,Cheque,Verified
INV003977,2024-12-18,100016,sip,2524,Rajasthan,Udaipur,B30,46-55,Male,77.8,UPI,Verified
INV003836,2024-12-18,102886,sip,1109,Karnataka,Bangalore,T30,36-45,Male,12.4,UPI,Verified
INV003856,2024-12-18,120507,lumpsum,175842,Madhya Pradesh,Indore,T30,36-45,Male,46.7,Mandate,Verified
INV001287,2024-12-18,120843,sip,578,Telangana,Hyderabad,T30,36-45,Female,19.1,Mandate,Verified
INV001987,2024-12-18,119093,lumpsum,501327,Tamil Nadu,Coimbatore,B30,18-25,Male,7.2,Cheque,Verified
INV001192,2024-12-18,118636,sip,5290,Telangana,Hyderabad,T30,26-35,Male,8.1,UPI,Verified
INV004272,2024-12-18,101208,sip,966,Madhya Pradesh,Bhopal,B30,46-55,Female,25.5,UPI,Verified
INV002240,2024-12-18,118633,redemption,143486,Haryana,Faridabad,B30,26-35,Male,24.7,Cheque,Verified
INV003556,2024-12-18,149323,lumpsum,171148,Karnataka,Mysore,B30,18-25,Male,3.7,Net Banking,Verified
INV000712,2024-12-18,118632,redemption,177827,Tamil Nadu,Coimbatore,B30,26-35,Male,24.1,Cheque,Verified
INV004205,2024-12-18,100016,sip,4488,Telangana,Hyderabad,T30,56+,Female,56.9,Cheque,Verified
INV000711,2024-12-18,119095,sip,2787,Karnataka,Bangalore,T30,56+,Male,28.3,UPI,Verified
INV004332,2024-12-18,101208,sip,2481,Haryana,Faridabad,B30,36-45,Female,52.1,Cheque,Pending
INV002176,2024-12-18,119093,lumpsum,66067,Haryana,Faridabad,B30,56+,Male,32.0,Mandate,Verified
INV003069,2024-12-18,120844,sip,512,Punjab,Chandigarh,T30,56+,Female,59.5,Net Banking,Verified
INV002427,2024-12-18,148567,sip,5300,Karnataka,Mysore,B30,18-25,Female,6.5,Net Banking,Verified
INV002823,2024-12-18,119552,sip,2948,Telangana,Hyderabad,T30,26-35,Male,21.5,Mandate,Verified
INV001171,2024-12-18,120503,sip,8207,Punjab,Chandigarh,T30,26-35,Female,22.7,UPI,Verified
INV001718,2024-12-18,118636,sip,16015,Gujarat,Ahmedabad,T30,26-35,Male,11.3,UPI,Verified
INV001055,2024-12-18,102886,lumpsum,133523,Haryana,Gurugram,T30,26-35,Female,17.6,UPI,Verified
INV001093,2024-12-18,101208,sip,1172,West Bengal,Kolkata,T30,46-55,Female,65.2,Cheque,Verified
INV000235,2024-12-18,120841,sip,9935,Delhi,New Delhi,T30,26-35,Male,8.5,Net Banking,Verified
INV001567,2024-12-18,119552,sip,2027,West Bengal,Kolkata,T30,36-45,Male,12.2,Mandate,Verified
INV004492,2024-12-18,119093,lumpsum,24682,Madhya Pradesh,Bhopal,B30,26-35,Male,18.6,Mandate,Verified
INV002008,2024-12-18,149324,sip,2024,Haryana,Gurugram,T30,46-55,Male,83.3,Net Banking,Pending
INV004408,2024-12-18,102885,lumpsum,472451,Punjab,Amritsar,B30,26-35,Male,23.5,Net Banking,Verified
INV002257,2024-12-18,120506,sip,1841,West Bengal,Kolkata,T30,26-35,Male,9.8,UPI,Verified
INV000155,2024-12-18,100016,sip,27766,Madhya Pradesh,Bhopal,B30,26-35,Female,17.4,Net Banking,Verified
INV002075,2024-12-18,118635,sip,23169,Uttar Pradesh,Lucknow,T30,36-45,Female,34.4,Mandate,Verified
INV000202,2024-12-18,102886,lumpsum,395333,Haryana,Gurugram,T30,18-25,Male,4.1,Net Banking,Verified
INV000489,2024-12-18,120503,sip,480,Uttar Pradesh,Agra,B30,18-25,Male,7.4,Net Banking,Pending
INV002735,2024-12-18,119551,sip,478,Tamil Nadu,Coimbatore,B30,18-25,Female,7.6,UPI,Verified
INV002158,2024-12-18,118632,sip,13570,Madhya Pradesh,Indore,T30,26-35,Male,14.5,Mandate,Verified
INV003452,2024-12-18,119095,redemption,125835,Haryana,Faridabad,B30,18-25,Male,4.5,Mandate,Verified
INV000474,2024-12-19,100025,sip,2779,Madhya Pradesh,Bhopal,B30,46-55,Male,83.3,Net Banking,Pending
INV003592,2024-12-19,119092,sip,10541,Madhya Pradesh,Indore,T30,56+,Female,27.6,Cheque,Verified
INV004712,2024-12-19,119093,sip,1066,Uttar Pradesh,Kanpur,B30,36-45,Male,55.7,Mandate,Verified
INV004386,2024-12-19,118633,redemption,287239,Tamil Nadu,Coimbatore,B30,18-25,Male,5.5,Mandate,Verified
INV001920,2024-12-19,100016,sip,55066,Madhya Pradesh,Indore,T30,36-45,Female,24.5,Cheque,Verified
INV004562,2024-12-19,149322,lumpsum,573664,Telangana,Hyderabad,T30,26-35,Female,19.0,UPI,Verified
INV001723,2024-12-19,102887,redemption,437773,Tamil Nadu,Chennai,T30,26-35,Male,14.2,Cheque,Pending
INV004669,2024-12-19,120843,sip,2574,Punjab,Chandigarh,T30,26-35,Male,8.6,Net Banking,Verified
INV004755,2024-12-19,119093,sip,6624,Uttar Pradesh,Agra,B30,18-25,Female,6.5,Net Banking,Pending
INV000850,2024-12-19,118636,lumpsum,190531,Maharashtra,Pune,T30,36-45,Male,23.7,Cheque,Verified
INV000108,2024-12-19,119095,sip,4024,Uttar Pradesh,Agra,B30,36-45,Male,26.2,Mandate,Verified
INV003853,2024-12-19,120841,lumpsum,143708,Tamil Nadu,Coimbatore,B30,26-35,Male,16.1,Net Banking,Verified
INV004549,2024-12-19,148569,sip,53050,Tamil Nadu,Chennai,T30,36-45,Male,40.7,Net Banking,Verified
INV000073,2024-12-19,120507,sip,5634,Punjab,Amritsar,B30,18-25,Male,5.5,Cheque,Verified
INV002111,2024-12-19,149324,sip,48140,Telangana,Hyderabad,T30,36-45,Female,29.2,UPI,Verified
INV003429,2024-12-19,102885,lumpsum,429994,Telangana,Hyderabad,T30,26-35,Male,16.0,Mandate,Verified
INV002513,2024-12-19,125497,sip,951,Punjab,Amritsar,B30,26-35,Female,10.6,UPI,Verified
INV003600,2024-12-19,100016,sip,826,West Bengal,Kolkata,T30,56+,Female,19.3,UPI,Verified
INV003818,2024-12-19,119552,lumpsum,396928,Gujarat,Surat,T30,36-45,Male,25.3,Cheque,Verified
INV001660,2024-12-19,102887,lumpsum,122540,Karnataka,Bangalore,T30,18-25,Female,6.4,Cheque,Verified
INV000925,2024-12-19,120504,lumpsum,229435,Karnataka,Mysore,B30,18-25,Male,3.6,UPI,Verified
INV001758,2024-12-19,148568,sip,15159,Gujarat,Surat,T30,18-25,Female,7.9,Mandate,Verified
INV004813,2024-12-19,120842,redemption,147283,West Bengal,Kolkata,T30,26-35,Male,13.9,UPI,Verified
INV002236,2024-12-19,100016,sip,8886,Delhi,New Delhi,T30,26-35,Male,21.6,UPI,Verified
INV000535,2024-12-19,118633,sip,2771,Tamil Nadu,Coimbatore,B30,36-45,Male,18.7,UPI,Verified
INV000547,2024-12-19,119120,sip,2822,West Bengal,Kolkata,T30,26-35,Male,16.6,UPI,Verified
INV003192,2024-12-19,148568,lumpsum,386505,Uttar Pradesh,Lucknow,T30,26-35,Male,22.2,Net Banking,Verified
INV003401,2024-12-19,120507,redemption,27955,Rajasthan,Jaipur,T30,26-35,Female,18.1,UPI,Verified
INV001861,2024-12-19,119599,lumpsum,232819,Haryana,Gurugram,T30,26-35,Female,19.4,Mandate,Verified
INV004457,2024-12-19,120504,lumpsum,108051,Telangana,Hyderabad,T30,18-25,Male,6.7,Net Banking,Verified
INV004800,2024-12-19,119598,lumpsum,277049,West Bengal,Kolkata,T30,36-45,Female,22.6,Cheque,Verified
INV004457,2024-12-19,118633,lumpsum,449137,Telangana,Hyderabad,T30,18-25,Male,6.7,Cheque,Verified
INV002628,2024-12-19,120504,sip,858,Uttar Pradesh,Agra,B30,26-35,Male,16.4,Net Banking,Verified
INV001053,2024-12-19,149322,sip,1756,West Bengal,Kolkata,T30,46-55,Female,79.0,Mandate,Verified
INV001511,2024-12-19,148568,lumpsum,180394,Uttar Pradesh,Agra,B30,26-35,Female,24.7,UPI,Verified
INV003795,2024-12-19,125497,lumpsum,94739,West Bengal,Kolkata,T30,18-25,Male,7.6,Cheque,Pending
INV001335,2024-12-19,120506,lumpsum,522434,Madhya Pradesh,Indore,T30,26-35,Male,6.9,Mandate,Verified
INV002364,2024-12-19,119551,sip,23524,Rajasthan,Jaipur,T30,46-55,Male,51.3,Net Banking,Verified
INV003901,2024-12-19,125497,lumpsum,375218,Delhi,Gurugram,T30,46-55,Male,45.4,Mandate,Verified
INV004230,2024-12-19,118632,lumpsum,191720,Karnataka,Bangalore,T30,18-25,Female,7.4,Mandate,Verified
INV002753,2024-12-19,101208,lumpsum,199686,Uttar Pradesh,Lucknow,T30,26-35,Female,21.2,UPI,Verified
INV001348,2024-12-19,102886,sip,53372,Haryana,Gurugram,T30,26-35,Female,8.6,UPI,Verified
INV002716,2024-12-19,125497,sip,5906,Tamil Nadu,Chennai,T30,56+,Female,47.4,Mandate,Verified
INV001439,2024-12-19,118635,redemption,129742,Karnataka,Bangalore,T30,18-25,Female,5.3,Cheque,Verified
INV003950,2024-12-19,119092,sip,6036,Madhya Pradesh,Bhopal,B30,26-35,Male,11.1,UPI,Verified
INV004279,2024-12-19,101206,sip,11179,Gujarat,Ahmedabad,T30,36-45,Male,35.7,Mandate,Verified
INV003883,2024-12-19,118636,sip,28793,West Bengal,Kolkata,T30,26-35,Male,6.7,UPI,Verified
INV003658,2024-12-19,149323,sip,4723,West Bengal,Kolkata,T30,26-35,Male,6.3,Cheque,Verified
INV004709,2024-12-19,120503,sip,2405,Haryana,Gurugram,T30,36-45,Male,59.1,UPI,Pending
INV004429,2024-12-19,120504,redemption,193383,Uttar Pradesh,Lucknow,T30,36-45,Male,21.7,Net Banking,Verified
INV003431,2024-12-19,119120,redemption,193836,Karnataka,Mysore,B30,18-25,Male,6.3,Mandate,Verified
INV003009,2024-12-19,120842,sip,8278,Karnataka,Bangalore,T30,26-35,Male,20.1,UPI,Verified
INV001974,2024-12-19,118633,lumpsum,229824,Tamil Nadu,Chennai,T30,56+,Male,64.3,UPI,Verified
INV000962,2024-12-19,119094,lumpsum,361450,Punjab,Chandigarh,T30,26-35,Male,24.5,Net Banking,Verified
INV000602,2024-12-19,148569,sip,4777,West Bengal,Kolkata,T30,18-25,Male,8.0,UPI,Verified
INV001400,2024-12-19,118632,sip,7161,Tamil Nadu,Coimbatore,B30,36-45,Male,36.5,UPI,Verified
INV002659,2024-12-20,101207,sip,2061,Madhya Pradesh,Bhopal,B30,36-45,Female,56.5,Cheque,Verified
INV001886,2024-12-20,119599,sip,15491,Haryana,Gurugram,T30,18-25,Male,7.7,UPI,Verified
INV003862,2024-12-20,101207,sip,9092,Madhya Pradesh,Indore,T30,26-35,Male,17.0,Mandate,Verified
INV004940,2024-12-20,118633,sip,2377,Karnataka,Bangalore,T30,36-45,Male,16.1,Net Banking,Pending
INV003287,2024-12-20,120507,sip,12114,Delhi,New Delhi,T30,36-45,Male,54.9,UPI,Pending
INV000672,2024-12-20,118635,sip,2753,Rajasthan,Jaipur,T30,26-35,Male,18.8,UPI,Verified
INV002548,2024-12-20,102886,lumpsum,316944,Haryana,Gurugram,T30,26-35,Male,21.3,Cheque,Verified
INV004659,2024-12-20,118635,redemption,424189,West Bengal,Kolkata,T30,18-25,Female,3.3,UPI,Verified
INV001692,2024-12-20,102885,lumpsum,391616,Rajasthan,Jaipur,T30,26-35,Male,11.7,Net Banking,Verified
INV001909,2024-12-20,149323,sip,4607,Telangana,Hyderabad,T30,36-45,Male,34.2,Mandate,Verified
INV002746,2024-12-20,119093,lumpsum,369392,Delhi,Noida,T30,26-35,Male,23.2,Cheque,Verified
INV000898,2024-12-20,118635,sip,1185,West Bengal,Kolkata,T30,26-35,Male,19.1,Mandate,Verified
INV003573,2024-12-20,118636,lumpsum,342989,Gujarat,Surat,T30,36-45,Male,51.8,Cheque,Verified
INV002441,2024-12-20,119092,lumpsum,85964,Punjab,Chandigarh,T30,26-35,Male,19.6,UPI,Verified
INV002752,2024-12-20,100016,lumpsum,222771,Rajasthan,Udaipur,B30,26-35,Male,20.1,UPI,Verified
INV004841,2024-12-20,119598,lumpsum,235529,West Bengal,Kolkata,T30,26-35,Male,21.4,UPI,Verified
INV004583,2024-12-20,119551,redemption,97209,Maharashtra,Nashik,B30,26-35,Male,13.9,Net Banking,Verified
INV004578,2024-12-20,118635,sip,2106,Haryana,Gurugram,T30,26-35,Male,21.0,UPI,Verified
INV004578,2024-12-20,118632,sip,2691,Haryana,Gurugram,T30,26-35,Male,21.0,UPI,Pending
INV000526,2024-12-20,102887,sip,8417,Tamil Nadu,Coimbatore,B30,26-35,Female,16.5,Mandate,Verified
INV000929,2024-12-20,119598,sip,17587,West Bengal,Kolkata,T30,36-45,Female,27.7,Cheque,Verified
INV002143,2024-12-20,148568,sip,8671,Uttar Pradesh,Lucknow,T30,26-35,Male,11.8,Cheque,Verified
INV001610,2024-12-20,101208,redemption,394911,Delhi,Noida,T30,18-25,Male,7.0,Mandate,Verified
INV004812,2024-12-20,120843,sip,1917,Punjab,Amritsar,B30,18-25,Male,4.4,UPI,Verified
INV001423,2024-12-20,119599,sip,14290,Madhya Pradesh,Bhopal,B30,18-25,Female,7.7,Net Banking,Verified
INV004103,2024-12-20,148569,lumpsum,439603,Gujarat,Ahmedabad,T30,46-55,Male,45.0,Cheque,Verified
INV004551,2024-12-20,149323,sip,22667,Maharashtra,Nashik,B30,18-25,Male,6.0,UPI,Verified
INV004467,2024-12-20,149322,sip,809,Tamil Nadu,Chennai,T30,46-55,Male,52.4,Mandate,Verified
INV002229,2024-12-20,119598,sip,7693,Rajasthan,Jaipur,T30,36-45,Male,24.6,Cheque,Verified
INV000578,2024-12-20,100025,lumpsum,203335,Maharashtra,Nashik,B30,26-35,Male,10.9,Cheque,Verified
INV000972,2024-12-20,118635,sip,3478,Telangana,Hyderabad,T30,18-25,Female,5.9,UPI,Verified
INV000377,2024-12-20,120503,sip,46105,Karnataka,Bangalore,T30,26-35,Male,19.8,Net Banking,Verified
INV003650,2024-12-20,148567,sip,986,Telangana,Hyderabad,T30,46-55,Male,87.3,Mandate,Pending
INV003454,2024-12-20,119551,lumpsum,511538,Telangana,Hyderabad,T30,26-35,Male,18.3,UPI,Verified
INV002220,2024-12-20,118635,sip,2147,Punjab,Chandigarh,T30,46-55,Male,29.9,Net Banking,Pending
INV001706,2024-12-20,102885,sip,544,West Bengal,Kolkata,T30,26-35,Male,14.2,UPI,Verified
INV000649,2024-12-20,149324,lumpsum,464202,Tamil Nadu,Chennai,T30,36-45,Male,27.3,Cheque,Verified
INV000394,2024-12-20,100025,redemption,179855,Maharashtra,Mumbai,T30,26-35,Male,12.2,UPI,Verified
INV002854,2024-12-20,119093,lumpsum,33279,Rajasthan,Jaipur,T30,26-35,Female,8.9,Net Banking,Verified
INV004635,2024-12-20,102885,sip,29544,Punjab,Chandigarh,T30,18-25,Male,4.4,Mandate,Verified
INV001694,2024-12-20,119093,sip,6346,Punjab,Amritsar,B30,46-55,Female,36.8,Cheque,Verified
INV003221,2024-12-20,120504,sip,22314,Karnataka,Mysore,B30,26-35,Male,15.8,Net Banking,Verified
INV002846,2024-12-20,102887,lumpsum,148868,Punjab,Amritsar,B30,36-45,Male,57.1,Mandate,Verified
INV002842,2024-12-20,102886,sip,14799,Uttar Pradesh,Agra,B30,36-45,Male,37.5,Net Banking,Verified
INV001666,2024-12-20,119095,sip,2332,Madhya Pradesh,Bhopal,B30,36-45,Male,58.1,Mandate,Verified
INV004953,2024-12-20,120505,lumpsum,82840,Haryana,Faridabad,B30,36-45,Male,36.3,UPI,Verified
INV003501,2024-12-20,125498,sip,4091,Rajasthan,Udaipur,B30,26-35,Female,24.7,Mandate,Verified
INV003185,2024-12-20,120504,sip,6066,Rajasthan,Udaipur,B30,26-35,Female,23.1,Cheque,Verified
INV000887,2024-12-20,119094,sip,2218,Tamil Nadu,Coimbatore,B30,36-45,Male,53.9,UPI,Verified
INV003202,2024-12-20,102887,sip,4891,Maharashtra,Pune,T30,46-55,Male,48.9,Net Banking,Pending
INV002788,2024-12-20,119552,sip,8335,Uttar Pradesh,Agra,B30,26-35,Male,23.5,Net Banking,Verified
INV003772,2024-12-20,119093,sip,596,Punjab,Amritsar,B30,18-25,Female,6.8,Net Banking,Verified
INV004037,2024-12-20,125497,redemption,403007,Gujarat,Ahmedabad,T30,26-35,Male,20.8,UPI,Verified
INV003908,2024-12-20,118635,sip,3311,Tamil Nadu,Coimbatore,B30,26-35,Female,13.8,UPI,Verified
INV004300,2024-12-20,120842,lumpsum,116947,West Bengal,Kolkata,T30,26-35,Male,12.4,UPI,Verified
INV002294,2024-12-20,118636,sip,7498,Haryana,Gurugram,T30,26-35,Male,22.3,Mandate,Verified
INV001355,2024-12-20,120843,sip,5372,Tamil Nadu,Chennai,T30,46-55,Female,89.8,Net Banking,Verified
INV001854,2024-12-20,125498,sip,3282,Uttar Pradesh,Kanpur,B30,46-55,Male,67.3,Cheque,Verified
INV001013,2024-12-20,148569,sip,1146,Telangana,Hyderabad,T30,36-45,Male,40.6,Net Banking,Verified
INV000728,2024-12-20,119552,sip,43741,Telangana,Hyderabad,T30,26-35,Male,8.4,UPI,Verified
INV002576,2024-12-20,118633,lumpsum,363560,Telangana,Hyderabad,T30,26-35,Male,20.3,Cheque,Verified
INV000349,2024-12-20,119598,sip,2378,Maharashtra,Mumbai,T30,18-25,Female,3.8,Mandate,Verified
INV004342,2024-12-20,102885,sip,6055,Tamil Nadu,Coimbatore,B30,46-55,Female,22.1,Cheque,Verified
INV000813,2024-12-20,125497,lumpsum,372700,Telangana,Hyderabad,T30,46-55,Male,38.7,Net Banking,Verified
INV000700,2024-12-20,119120,sip,11048,Gujarat,Ahmedabad,T30,56+,Female,71.3,UPI,Verified
INV002937,2024-12-20,120844,redemption,158491,Rajasthan,Jaipur,T30,56+,Male,64.5,Net Banking,Verified
INV004674,2024-12-20,118634,sip,578,Madhya Pradesh,Bhopal,B30,56+,Male,76.8,Cheque,Verified
INV001022,2024-12-20,120844,lumpsum,272032,Karnataka,Mysore,B30,36-45,Male,19.6,Mandate,Verified
INV004970,2024-12-20,100033,sip,4540,Maharashtra,Nashik,B30,36-45,Female,27.6,Cheque,Verified
INV002323,2024-12-20,100016,sip,2264,West Bengal,Kolkata,T30,36-45,Female,33.7,Cheque,Verified
INV004720,2024-12-20,118632,lumpsum,120800,Gujarat,Surat,T30,46-55,Female,95.7,Mandate,Verified
INV000331,2024-12-20,120844,sip,1684,Madhya Pradesh,Indore,T30,36-45,Male,15.5,Mandate,Verified
INV001022,2024-12-20,120503,lumpsum,163863,Karnataka,Mysore,B30,36-45,Male,19.6,Cheque,Verified
INV001304,2024-12-20,101208,lumpsum,104332,Gujarat,Ahmedabad,T30,26-35,Male,21.8,UPI,Verified
INV003741,2024-12-20,102887,sip,3316,Madhya Pradesh,Bhopal,B30,36-45,Male,30.3,Cheque,Verified
INV002101,2024-12-21,120507,redemption,236505,Uttar Pradesh,Lucknow,T30,26-35,Male,14.7,Net Banking,Verified
INV001908,2024-12-21,100016,lumpsum,401110,Uttar Pradesh,Kanpur,B30,26-35,Female,22.6,Net Banking,Verified
INV000045,2024-12-21,125498,lumpsum,90764,Uttar Pradesh,Lucknow,T30,36-45,Male,26.2,Mandate,Verified
INV003425,2024-12-21,119551,sip,47877,Gujarat,Surat,T30,26-35,Female,14.5,Net Banking,Verified
INV000262,2024-12-21,120844,lumpsum,247627,Telangana,Hyderabad,T30,36-45,Male,47.6,Cheque,Verified
INV004332,2024-12-21,119552,sip,424,Haryana,Faridabad,B30,36-45,Female,52.1,Net Banking,Verified
INV002563,2024-12-21,120504,sip,6115,Madhya Pradesh,Indore,T30,18-25,Female,6.8,Net Banking,Verified
INV004049,2024-12-21,119551,sip,12840,Gujarat,Ahmedabad,T30,36-45,Male,31.1,Cheque,Verified
INV000129,2024-12-21,119094,redemption,66171,Punjab,Amritsar,B30,26-35,Female,21.4,Cheque,Verified
INV001089,2024-12-21,118633,sip,7618,Haryana,Gurugram,T30,18-25,Male,6.6,Net Banking,Verified
INV002258,2024-12-21,118635,sip,7322,Madhya Pradesh,Bhopal,B30,36-45,Male,33.7,UPI,Verified
INV004914,2024-12-21,120844,lumpsum,208124,Karnataka,Mysore,B30,26-35,Female,13.4,Mandate,Verified
INV004030,2024-12-21,120842,sip,6865,Uttar Pradesh,Lucknow,T30,18-25,Female,4.4,Mandate,Verified
INV003251,2024-12-21,119120,lumpsum,189507,Tamil Nadu,Coimbatore,B30,36-45,Female,52.4,Net Banking,Verified
INV004669,2024-12-21,119552,sip,10496,Punjab,Chandigarh,T30,26-35,Male,8.6,Net Banking,Verified
INV003469,2024-12-21,125497,redemption,413822,Maharashtra,Nashik,B30,26-35,Male,9.9,Cheque,Verified
INV002543,2024-12-21,119095,redemption,456414,Madhya Pradesh,Indore,T30,18-25,Female,7.7,Mandate,Verified
INV004641,2024-12-21,101208,lumpsum,307504,Haryana,Faridabad,B30,56+,Male,42.4,Cheque,Verified
INV002088,2024-12-21,148568,sip,940,Rajasthan,Jaipur,T30,46-55,Female,43.7,Mandate,Verified
INV002500,2024-12-21,149322,sip,52678,Delhi,New Delhi,T30,26-35,Male,14.7,Cheque,Verified
INV000995,2024-12-21,102887,redemption,518530,Delhi,New Delhi,T30,56+,Male,34.6,UPI,Pending
INV001275,2024-12-21,120505,sip,9363,Delhi,Noida,T30,36-45,Female,37.4,Cheque,Verified
INV000940,2024-12-21,125497,redemption,107997,Telangana,Hyderabad,T30,36-45,Female,35.7,Net Banking,Verified
INV001467,2024-12-21,100033,sip,529,Punjab,Chandigarh,T30,36-45,Male,32.5,UPI,Verified
INV002306,2024-12-21,119599,sip,10952,Tamil Nadu,Chennai,T30,18-25,Male,3.4,Net Banking,Verified
INV001721,2024-12-21,101207,lumpsum,329389,Punjab,Amritsar,B30,26-35,Male,10.8,UPI,Verified
INV002568,2024-12-21,120843,sip,897,Uttar Pradesh,Lucknow,T30,26-35,Female,7.3,UPI,Verified
INV001119,2024-12-21,120506,lumpsum,331328,West Bengal,Kolkata,T30,46-55,Female,63.4,UPI,Verified
INV003938,2024-12-21,101208,sip,17017,Delhi,Gurugram,T30,36-45,Female,15.3,Net Banking,Verified
INV003355,2024-12-21,118635,lumpsum,107632,West Bengal,Kolkata,T30,26-35,Female,14.6,UPI,Verified
INV002471,2024-12-21,118636,lumpsum,388802,Punjab,Chandigarh,T30,18-25,Male,3.1,Cheque,Verified
INV001052,2024-12-21,102885,redemption,263490,Karnataka,Mysore,B30,26-35,Female,8.6,UPI,Verified
INV001871,2024-12-21,118634,sip,21907,Delhi,Gurugram,T30,56+,Male,13.9,Mandate,Verified
INV003432,2024-12-21,118632,sip,2951,Uttar Pradesh,Agra,B30,56+,Female,11.2,Cheque,Verified
INV004693,2024-12-21,120505,sip,6426,Maharashtra,Nashik,B30,36-45,Male,44.9,Mandate,Verified
INV003495,2024-12-21,101206,sip,7360,West Bengal,Kolkata,T30,26-35,Female,22.9,Cheque,Pending
INV000816,2024-12-21,148567,sip,6561,Uttar Pradesh,Lucknow,T30,36-45,Male,26.0,Cheque,Verified
INV000428,2024-12-21,118632,redemption,105702,Delhi,Gurugram,T30,36-45,Male,27.2,UPI,Verified
INV001825,2024-12-21,120503,lumpsum,341199,Haryana,Faridabad,B30,26-35,Male,21.7,UPI,Verified
INV003075,2024-12-21,100033,sip,59130,Delhi,Gurugram,T30,46-55,Male,83.5,UPI,Verified
INV002837,2024-12-21,101206,sip,935,Delhi,Gurugram,T30,26-35,Female,14.6,Mandate,Verified
INV000323,2024-12-21,119599,sip,46680,Telangana,Hyderabad,T30,26-35,Female,23.0,Net Banking,Pending
INV004346,2024-12-21,101207,redemption,363357,Tamil Nadu,Coimbatore,B30,26-35,Male,19.4,Cheque,Verified
INV004472,2024-12-21,118634,sip,8818,West Bengal,Kolkata,T30,26-35,Female,19.1,Mandate,Verified
INV001398,2024-12-21,119092,sip,2302,Madhya Pradesh,Indore,T30,26-35,Female,18.4,Cheque,Verified
INV003960,2024-12-21,119092,sip,8614,West Bengal,Kolkata,T30,26-35,Female,18.6,Mandate,Verified
INV000169,2024-12-21,119094,sip,3469,Rajasthan,Jaipur,T30,26-35,Male,6.9,Mandate,Verified
INV002660,2024-12-21,101207,sip,1828,Uttar Pradesh,Lucknow,T30,36-45,Male,28.2,Cheque,Verified
INV000583,2024-12-21,148567,sip,2265,Punjab,Amritsar,B30,26-35,Male,8.7,Mandate,Verified
INV004877,2024-12-21,101207,sip,5739,Karnataka,Mysore,B30,26-35,Male,18.0,UPI,Verified
INV002361,2024-12-21,120505,redemption,320474,Gujarat,Surat,T30,36-45,Male,59.3,Net Banking,Verified
INV002753,2024-12-21,118634,sip,1081,Uttar Pradesh,Lucknow,T30,26-35,Female,21.2,UPI,Verified
INV002827,2024-12-21,149323,sip,9941,Karnataka,Mysore,B30,36-45,Female,58.1,Mandate,Verified
INV004305,2024-12-21,120507,sip,3558,Telangana,Hyderabad,T30,36-45,Female,30.1,Mandate,Verified
INV003961,2024-12-21,100016,sip,17023,Rajasthan,Udaipur,B30,46-55,Male,39.6,Cheque,Verified
INV002750,2024-12-21,120505,sip,15948,Madhya Pradesh,Bhopal,B30,36-45,Male,41.8,Cheque,Verified
INV003813,2024-12-21,119120,sip,16968,Rajasthan,Udaipur,B30,36-45,Male,23.6,Mandate,Verified
INV004866,2024-12-21,120507,sip,5915,Madhya Pradesh,Bhopal,B30,36-45,Male,14.6,Cheque,Verified
INV000335,2024-12-21,100033,sip,2325,Maharashtra,Mumbai,T30,26-35,Male,11.6,Mandate,Verified
INV004387,2024-12-22,119552,sip,2392,Punjab,Amritsar,B30,18-25,Male,4.1,Mandate,Verified
INV000195,2024-12-22,102887,sip,5177,Madhya Pradesh,Bhopal,B30,36-45,Female,56.5,Cheque,Verified
INV001916,2024-12-22,148568,lumpsum,381615,Haryana,Gurugram,T30,26-35,Male,11.0,Cheque,Verified
INV004297,2024-12-22,119093,sip,2430,Karnataka,Bangalore,T30,36-45,Female,19.5,Mandate,Verified
INV003899,2024-12-22,148569,lumpsum,390735,Haryana,Gurugram,T30,36-45,Female,21.3,UPI,Verified
INV002368,2024-12-22,120841,sip,1962,Telangana,Hyderabad,T30,26-35,Male,13.7,UPI,Verified
INV004598,2024-12-22,120842,sip,2839,Tamil Nadu,Chennai,T30,46-55,Male,60.5,Net Banking,Verified
INV004672,2024-12-22,149324,sip,599,Rajasthan,Jaipur,T30,26-35,Male,23.9,Net Banking,Verified
INV004159,2024-12-22,118633,sip,14129,Delhi,Noida,T30,18-25,Male,6.3,Mandate,Verified
INV002739,2024-12-22,125497,redemption,17440,Tamil Nadu,Chennai,T30,36-45,Female,20.6,UPI,Verified
INV002515,2024-12-22,119093,sip,2672,West Bengal,Kolkata,T30,56+,Female,73.9,UPI,Verified
INV001652,2024-12-22,149323,sip,41080,Tamil Nadu,Chennai,T30,26-35,Female,12.7,UPI,Verified
INV000314,2024-12-22,118636,lumpsum,194889,West Bengal,Kolkata,T30,26-35,Male,20.5,Mandate,Verified
INV001245,2024-12-22,120842,lumpsum,331673,Haryana,Faridabad,B30,46-55,Female,44.0,UPI,Verified
INV003111,2024-12-22,120505,redemption,523634,Delhi,Gurugram,T30,18-25,Female,5.9,Net Banking,Verified
INV004379,2024-12-22,148569,sip,2593,Delhi,Gurugram,T30,18-25,Male,6.0,Net Banking,Verified
INV004124,2024-12-22,120841,sip,2708,Maharashtra,Nashik,B30,56+,Male,76.4,Net Banking,Verified
INV002384,2024-12-22,118632,sip,3570,Karnataka,Mysore,B30,26-35,Male,24.3,Mandate,Verified
INV003581,2024-12-22,119120,sip,1652,Tamil Nadu,Coimbatore,B30,56+,Male,15.3,Mandate,Pending
INV002813,2024-12-22,120841,sip,15175,Punjab,Chandigarh,T30,26-35,Male,13.5,UPI,Pending
INV000557,2024-12-22,149322,sip,7879,West Bengal,Kolkata,T30,26-35,Male,10.3,Net Banking,Verified
INV003949,2024-12-22,148569,sip,2704,Madhya Pradesh,Bhopal,B30,56+,Male,54.8,Net Banking,Verified
INV002712,2024-12-22,120504,sip,22720,Karnataka,Bangalore,T30,46-55,Male,24.8,UPI,Pending
INV004633,2024-12-22,102887,sip,27380,Telangana,Hyderabad,T30,18-25,Female,4.9,Mandate,Verified
INV003229,2024-12-22,119120,lumpsum,216677,Maharashtra,Mumbai,T30,46-55,Female,64.4,Mandate,Verified
INV004980,2024-12-22,118632,sip,6413,Punjab,Amritsar,B30,36-45,Female,36.6,UPI,Verified
INV003401,2024-12-22,119093,lumpsum,117027,Rajasthan,Jaipur,T30,26-35,Female,18.1,Mandate,Verified
INV002389,2024-12-22,119092,sip,887,Haryana,Faridabad,B30,36-45,Male,50.8,Cheque,Verified
INV002838,2024-12-22,119552,sip,2970,West Bengal,Kolkata,T30,56+,Female,71.9,UPI,Verified
INV000727,2024-12-22,120841,sip,8044,Karnataka,Bangalore,T30,26-35,Female,21.3,Mandate,Pending
INV000749,2024-12-22,118636,lumpsum,174574,Uttar Pradesh,Kanpur,B30,36-45,Male,36.1,UPI,Pending
INV004446,2024-12-22,119093,sip,29028,West Bengal,Kolkata,T30,26-35,Male,14.8,Cheque,Verified
INV003532,2024-12-22,118632,sip,2990,Punjab,Amritsar,B30,36-45,Female,18.8,Net Banking,Pending
INV004835,2024-12-22,119092,sip,956,Maharashtra,Nashik,B30,56+,Male,12.9,Cheque,Verified
INV003238,2024-12-22,120503,lumpsum,401413,Telangana,Hyderabad,T30,26-35,Male,24.1,Mandate,Verified
INV003689,2024-12-22,118634,lumpsum,422056,Haryana,Gurugram,T30,46-55,Male,79.9,Net Banking,Verified
INV003242,2024-12-22,120842,sip,16182,Punjab,Chandigarh,T30,26-35,Female,18.1,Mandate,Verified
INV003641,2024-12-22,148569,redemption,347336,Telangana,Hyderabad,T30,26-35,Female,13.1,UPI,Verified
INV001259,2024-12-22,118634,redemption,375459,Telangana,Hyderabad,T30,26-35,Female,10.6,Mandate,Verified
INV003860,2024-12-22,118635,redemption,268192,Punjab,Chandigarh,T30,26-35,Male,20.4,UPI,Verified
INV003048,2024-12-22,101206,sip,4118,Rajasthan,Jaipur,T30,26-35,Female,20.6,Net Banking,Verified
INV002506,2024-12-22,149324,lumpsum,379588,Karnataka,Bangalore,T30,18-25,Female,3.2,Mandate,Verified
INV000154,2024-12-22,120503,sip,8871,Haryana,Faridabad,B30,36-45,Male,51.3,Cheque,Verified
INV001240,2024-12-22,148568,sip,481,Madhya Pradesh,Indore,T30,18-25,Male,7.6,Cheque,Pending
INV000239,2024-12-22,148568,lumpsum,377816,Punjab,Amritsar,B30,36-45,Female,13.2,Net Banking,Verified
INV001152,2024-12-22,102887,lumpsum,476745,Punjab,Amritsar,B30,56+,Male,61.7,Mandate,Verified
INV000214,2024-12-22,118633,lumpsum,345074,Madhya Pradesh,Indore,T30,26-35,Female,20.7,Net Banking,Verified
INV002547,2024-12-22,102885,sip,2270,Haryana,Gurugram,T30,26-35,Male,7.3,Mandate,Verified
INV000307,2024-12-22,118632,lumpsum,287687,Telangana,Hyderabad,T30,18-25,Male,7.8,Cheque,Verified
INV000703,2024-12-22,100025,sip,482,Delhi,New Delhi,T30,26-35,Male,15.4,Cheque,Verified
INV000269,2024-12-22,101206,redemption,50602,Punjab,Amritsar,B30,46-55,Male,47.3,Net Banking,Verified
INV003289,2024-12-22,119120,sip,16772,Uttar Pradesh,Lucknow,T30,26-35,Male,11.2,UPI,Verified
INV001861,2024-12-22,120841,lumpsum,431937,Haryana,Gurugram,T30,26-35,Female,19.4,Cheque,Verified
INV000200,2024-12-22,119095,sip,46102,Rajasthan,Udaipur,B30,18-25,Male,4.0,UPI,Verified
INV001611,2024-12-22,102887,lumpsum,372991,West Bengal,Kolkata,T30,18-25,Female,7.4,Cheque,Pending
INV003083,2024-12-22,119552,sip,7531,Madhya Pradesh,Bhopal,B30,56+,Female,41.3,Cheque,Verified
INV004115,2024-12-22,125498,redemption,245389,Madhya Pradesh,Indore,T30,56+,Male,69.9,UPI,Verified
INV000681,2024-12-22,120504,sip,873,Delhi,New Delhi,T30,26-35,Male,23.4,UPI,Verified
INV004109,2024-12-22,101206,sip,9710,Uttar Pradesh,Lucknow,T30,56+,Female,59.8,Cheque,Verified
INV001042,2024-12-22,149324,sip,501,Karnataka,Mysore,B30,26-35,Male,13.5,Net Banking,Verified
INV004932,2024-12-22,119094,sip,414,Tamil Nadu,Chennai,T30,26-35,Female,21.1,UPI,Verified
INV004754,2024-12-22,120507,sip,8596,Telangana,Hyderabad,T30,36-45,Female,51.5,UPI,Verified
INV002103,2024-12-22,120841,sip,20457,Maharashtra,Nashik,B30,26-35,Male,24.1,UPI,Verified
INV001719,2024-12-22,149324,sip,23698,Rajasthan,Udaipur,B30,26-35,Male,19.2,UPI,Verified
INV001037,2024-12-22,120505,sip,447,Haryana,Faridabad,B30,36-45,Female,41.8,UPI,Verified
INV001281,2024-12-23,119598,sip,8827,Telangana,Hyderabad,T30,18-25,Male,7.9,Net Banking,Verified
INV001009,2024-12-23,125497,sip,5575,Punjab,Chandigarh,T30,26-35,Male,21.2,UPI,Verified
INV000959,2024-12-23,101206,sip,9039,Haryana,Faridabad,B30,46-55,Male,33.9,Mandate,Pending
INV004289,2024-12-23,119599,lumpsum,141446,Karnataka,Bangalore,T30,26-35,Male,14.8,Cheque,Verified
INV000164,2024-12-23,118636,sip,8382,Rajasthan,Udaipur,B30,18-25,Male,6.0,Mandate,Verified
INV002499,2024-12-23,119120,redemption,182750,Gujarat,Surat,T30,26-35,Male,23.0,Net Banking,Verified
INV004841,2024-12-23,101206,sip,9232,West Bengal,Kolkata,T30,26-35,Male,21.4,Net Banking,Verified
INV002630,2024-12-23,100025,lumpsum,205830,Punjab,Amritsar,B30,36-45,Male,19.6,UPI,Verified
INV000069,2024-12-23,120503,sip,14420,Gujarat,Ahmedabad,T30,56+,Female,35.9,Net Banking,Verified
INV000216,2024-12-23,118633,sip,5157,Karnataka,Mysore,B30,26-35,Male,21.9,Cheque,Verified
INV004888,2024-12-23,101206,sip,1930,Delhi,Gurugram,T30,26-35,Female,6.7,UPI,Verified
INV001412,2024-12-23,148568,sip,53203,Punjab,Amritsar,B30,46-55,Female,73.4,Mandate,Verified
INV003697,2024-12-23,120504,lumpsum,274085,Maharashtra,Mumbai,T30,18-25,Male,6.3,Mandate,Verified
INV002132,2024-12-23,119552,sip,6496,Tamil Nadu,Coimbatore,B30,46-55,Female,31.0,Cheque,Verified
INV004821,2024-12-23,101208,lumpsum,390529,Tamil Nadu,Coimbatore,B30,26-35,Female,21.6,Net Banking,Verified
INV002079,2024-12-23,100033,lumpsum,483490,Rajasthan,Udaipur,B30,26-35,Male,10.1,Mandate,Verified
INV004146,2024-12-23,119552,sip,5633,Uttar Pradesh,Agra,B30,56+,Male,40.7,Mandate,Verified
INV002783,2024-12-23,120505,sip,2586,West Bengal,Kolkata,T30,26-35,Male,7.0,Net Banking,Verified
INV002076,2024-12-23,148568,sip,7534,Madhya Pradesh,Indore,T30,36-45,Female,47.0,Net Banking,Verified
INV003912,2024-12-23,100025,sip,1120,West Bengal,Kolkata,T30,26-35,Male,8.5,Cheque,Verified
INV003033,2024-12-23,119094,lumpsum,135928,Gujarat,Ahmedabad,T30,36-45,Male,17.3,UPI,Verified
INV004581,2024-12-23,119095,sip,482,Gujarat,Surat,T30,26-35,Male,14.7,Mandate,Verified
INV004196,2024-12-23,101207,sip,1882,West Bengal,Kolkata,T30,46-55,Male,44.4,Mandate,Verified
INV002343,2024-12-23,119552,lumpsum,500577,Punjab,Amritsar,B30,26-35,Male,22.1,Mandate,Verified
INV000539,2024-12-23,149323,sip,47604,Haryana,Faridabad,B30,26-35,Female,13.4,Cheque,Verified
INV001342,2024-12-23,101208,sip,2728,West Bengal,Kolkata,T30,26-35,Female,15.5,Mandate,Verified
INV002234,2024-12-23,119599,lumpsum,336271,Rajasthan,Jaipur,T30,26-35,Male,24.5,Cheque,Pending
INV001298,2024-12-23,101206,sip,910,Delhi,Gurugram,T30,26-35,Female,24.4,Mandate,Verified
INV001831,2024-12-23,120504,redemption,446783,Madhya Pradesh,Indore,T30,18-25,Female,4.3,UPI,Pending
INV002708,2024-12-23,119120,lumpsum,155378,Karnataka,Mysore,B30,26-35,Male,14.0,Net Banking,Verified
INV002186,2024-12-23,119598,lumpsum,236015,Haryana,Faridabad,B30,18-25,Female,7.9,Mandate,Verified
INV003309,2024-12-23,119552,sip,1171,Delhi,New Delhi,T30,26-35,Male,20.0,UPI,Verified
INV002583,2024-12-23,118633,redemption,492754,Gujarat,Ahmedabad,T30,46-55,Male,48.5,Net Banking,Verified
INV004528,2024-12-23,148569,sip,8480,Madhya Pradesh,Indore,T30,46-55,Male,82.5,UPI,Verified
INV001419,2024-12-23,102887,lumpsum,71286,Delhi,New Delhi,T30,26-35,Male,7.1,UPI,Verified
INV002861,2024-12-23,119120,sip,5596,Punjab,Amritsar,B30,56+,Female,79.7,Net Banking,Verified
INV001479,2024-12-23,119552,lumpsum,408221,Rajasthan,Udaipur,B30,26-35,Female,19.0,Net Banking,Verified
INV001746,2024-12-23,101206,redemption,89372,Rajasthan,Udaipur,B30,26-35,Male,11.2,Mandate,Verified
INV003145,2024-12-23,120842,sip,11031,Delhi,Noida,T30,26-35,Male,22.2,Mandate,Verified
INV000519,2024-12-23,119094,lumpsum,321145,Haryana,Faridabad,B30,26-35,Female,6.3,Net Banking,Pending
INV004752,2024-12-23,120507,sip,4035,Delhi,Gurugram,T30,36-45,Female,14.9,Mandate,Verified
INV002435,2024-12-23,102887,sip,2485,Maharashtra,Nashik,B30,56+,Female,58.6,UPI,Verified
INV002669,2024-12-23,120843,sip,8128,Madhya Pradesh,Indore,T30,46-55,Male,50.4,Mandate,Verified
INV000606,2024-12-23,119120,redemption,251635,Karnataka,Mysore,B30,18-25,Male,7.8,Cheque,Verified
INV004434,2024-12-23,148567,sip,16599,Gujarat,Surat,T30,46-55,Male,17.7,UPI,Verified
INV003938,2024-12-23,148567,lumpsum,250656,Delhi,Gurugram,T30,36-45,Female,15.3,Cheque,Verified
INV002759,2024-12-23,125497,sip,16738,Delhi,Noida,T30,36-45,Male,44.6,Mandate,Verified
INV003952,2024-12-23,119551,sip,43756,Tamil Nadu,Chennai,T30,36-45,Male,48.8,Mandate,Pending
INV002946,2024-12-23,119598,sip,2369,Haryana,Gurugram,T30,26-35,Male,22.8,Mandate,Verified
INV002784,2024-12-23,118634,redemption,275861,Karnataka,Mysore,B30,26-35,Male,17.7,Mandate,Verified
INV002923,2024-12-23,119094,sip,8780,Karnataka,Mysore,B30,26-35,Female,23.0,UPI,Verified
INV003121,2024-12-23,120504,lumpsum,389003,Telangana,Hyderabad,T30,36-45,Male,13.7,Cheque,Verified
INV004458,2024-12-23,120842,lumpsum,319614,Gujarat,Ahmedabad,T30,26-35,Female,12.3,Net Banking,Verified
INV000482,2024-12-23,118635,sip,59286,Maharashtra,Mumbai,T30,26-35,Male,7.6,Cheque,Verified
INV000387,2024-12-23,119551,lumpsum,386245,Gujarat,Surat,T30,36-45,Male,53.8,Net Banking,Verified
INV000619,2024-12-23,149324,sip,447,West Bengal,Kolkata,T30,26-35,Male,12.6,Mandate,Verified
INV004207,2024-12-23,120507,lumpsum,68531,Gujarat,Ahmedabad,T30,56+,Female,53.3,Mandate,Verified
INV003337,2024-12-23,118632,sip,51562,Tamil Nadu,Chennai,T30,26-35,Female,21.7,UPI,Verified
INV000619,2024-12-23,149322,lumpsum,260251,West Bengal,Kolkata,T30,26-35,Male,12.6,Mandate,Verified
INV001445,2024-12-23,101208,sip,466,Tamil Nadu,Chennai,T30,26-35,Female,9.5,UPI,Verified
INV003720,2024-12-24,148567,lumpsum,361899,Madhya Pradesh,Bhopal,B30,36-45,Female,49.4,Net Banking,Verified
INV002552,2024-12-24,119093,lumpsum,200334,Delhi,Gurugram,T30,36-45,Male,24.4,Cheque,Verified
INV000549,2024-12-24,120843,redemption,512004,Tamil Nadu,Coimbatore,B30,46-55,Female,59.6,UPI,Verified
INV004654,2024-12-24,149322,sip,42074,Haryana,Gurugram,T30,46-55,Female,95.0,Mandate,Pending
INV004739,2024-12-24,148568,redemption,8075,Delhi,Gurugram,T30,18-25,Male,3.2,Net Banking,Verified
INV003697,2024-12-24,148568,sip,8253,Maharashtra,Mumbai,T30,18-25,Male,6.3,Mandate,Verified
INV001223,2024-12-24,148567,lumpsum,201091,Punjab,Amritsar,B30,56+,Male,46.0,UPI,Verified
INV002847,2024-12-24,101208,sip,2128,Haryana,Faridabad,B30,26-35,Male,13.4,Net Banking,Verified
INV001722,2024-12-24,102887,sip,8045,Delhi,Noida,T30,36-45,Female,55.0,Net Banking,Verified
INV001019,2024-12-24,120841,sip,13262,Madhya Pradesh,Indore,T30,26-35,Male,10.6,UPI,Verified
INV000196,2024-12-24,119598,sip,10030,Tamil Nadu,Chennai,T30,26-35,Male,17.9,Cheque,Verified
INV001317,2024-12-24,148568,lumpsum,14291,Punjab,Chandigarh,T30,26-35,Female,8.9,UPI,Verified
INV003347,2024-12-24,120506,lumpsum,207791,Rajasthan,Udaipur,B30,18-25,Male,3.7,Mandate,Verified
INV001210,2024-12-24,102886,sip,489,Uttar Pradesh,Agra,B30,36-45,Male,25.5,Cheque,Verified
INV000615,2024-12-24,102887,sip,8179,Punjab,Amritsar,B30,36-45,Male,60.0,Mandate,Verified
INV001602,2024-12-24,100033,lumpsum,7125,West Bengal,Kolkata,T30,36-45,Male,27.0,Net Banking,Verified
INV004677,2024-12-24,119095,sip,10086,Punjab,Amritsar,B30,26-35,Male,6.2,UPI,Verified
INV000748,2024-12-24,119093,sip,5991,Uttar Pradesh,Agra,B30,26-35,Male,18.7,Mandate,Verified
INV001629,2024-12-24,120506,redemption,147248,Madhya Pradesh,Indore,T30,26-35,Male,15.0,Cheque,Verified
INV001829,2024-12-24,102886,sip,527,Punjab,Chandigarh,T30,26-35,Male,22.7,Mandate,Verified
INV004895,2024-12-24,100025,sip,2972,Delhi,Noida,T30,36-45,Male,43.2,Cheque,Verified
INV000744,2024-12-24,120506,lumpsum,347396,Uttar Pradesh,Kanpur,B30,56+,Female,49.8,Cheque,Verified
INV003815,2024-12-24,119093,lumpsum,296867,Gujarat,Surat,T30,36-45,Male,38.7,UPI,Verified
INV003036,2024-12-24,118633,redemption,248877,Telangana,Hyderabad,T30,26-35,Male,18.2,UPI,Verified
INV000987,2024-12-24,148568,lumpsum,232910,Punjab,Amritsar,B30,26-35,Male,18.7,UPI,Verified
INV004052,2024-12-24,119094,lumpsum,57399,Uttar Pradesh,Agra,B30,26-35,Female,15.5,UPI,Verified
INV003009,2024-12-24,118634,sip,950,Karnataka,Bangalore,T30,26-35,Male,20.1,Net Banking,Verified
INV002780,2024-12-24,120507,redemption,400579,Haryana,Faridabad,B30,36-45,Male,21.2,Mandate,Pending
INV004324,2024-12-24,118633,sip,2877,Madhya Pradesh,Indore,T30,36-45,Male,42.4,Cheque,Verified
INV001042,2024-12-24,102887,lumpsum,26991,Karnataka,Mysore,B30,26-35,Male,13.5,UPI,Verified
INV000691,2024-12-24,119551,sip,2925,Tamil Nadu,Chennai,T30,18-25,Female,7.8,UPI,Verified
INV001648,2024-12-24,102885,sip,5685,Telangana,Hyderabad,T30,46-55,Female,96.8,Net Banking,Verified
INV001645,2024-12-24,101206,sip,7601,Uttar Pradesh,Kanpur,B30,46-55,Male,77.5,UPI,Verified
INV001069,2024-12-24,149322,lumpsum,96641,Telangana,Hyderabad,T30,26-35,Male,19.1,UPI,Verified
INV004124,2024-12-24,148567,lumpsum,86330,Maharashtra,Nashik,B30,56+,Male,76.4,Net Banking,Verified
INV000459,2024-12-24,119598,sip,6322,West Bengal,Kolkata,T30,26-35,Female,21.5,UPI,Verified
INV003183,2024-12-24,148568,sip,27854,Punjab,Amritsar,B30,36-45,Female,54.2,Cheque,Verified
INV002770,2024-12-24,118632,sip,2361,West Bengal,Kolkata,T30,36-45,Female,21.5,Net Banking,Verified
INV000971,2024-12-24,102886,lumpsum,57033,Maharashtra,Mumbai,T30,36-45,Male,42.2,Mandate,Verified
INV003683,2024-12-24,102885,sip,7398,Telangana,Hyderabad,T30,26-35,Female,21.0,Mandate,Verified
INV001400,2024-12-24,118635,sip,11673,Tamil Nadu,Coimbatore,B30,36-45,Male,36.5,UPI,Verified
INV002300,2024-12-24,118633,redemption,119956,Punjab,Amritsar,B30,36-45,Female,21.1,Net Banking,Verified
INV004553,2024-12-24,119093,sip,1177,Tamil Nadu,Coimbatore,B30,26-35,Male,13.7,Net Banking,Verified
INV003740,2024-12-24,119598,redemption,441814,Karnataka,Bangalore,T30,56+,Female,16.2,Mandate,Verified
INV003109,2024-12-24,119598,sip,27127,Delhi,Gurugram,T30,26-35,Male,22.8,UPI,Verified
INV002900,2024-12-24,125498,sip,409,Haryana,Faridabad,B30,26-35,Female,14.2,Net Banking,Verified
INV003331,2024-12-24,118636,redemption,102546,Karnataka,Bangalore,T30,26-35,Female,7.1,Mandate,Verified
INV002140,2024-12-25,101206,redemption,444914,Tamil Nadu,Chennai,T30,26-35,Male,15.4,Mandate,Verified
INV002360,2024-12-25,148567,lumpsum,56483,Maharashtra,Mumbai,T30,26-35,Male,11.6,UPI,Verified
INV004826,2024-12-25,125498,lumpsum,276248,Tamil Nadu,Coimbatore,B30,26-35,Male,14.7,Mandate,Verified
INV003254,2024-12-25,120843,sip,22358,Uttar Pradesh,Lucknow,T30,26-35,Male,9.5,Net Banking,Verified
INV001640,2024-12-25,119551,sip,14778,Rajasthan,Jaipur,T30,36-45,Female,52.6,Net Banking,Verified
INV000741,2024-12-25,101208,sip,3382,Rajasthan,Udaipur,B30,26-35,Male,17.4,UPI,Verified
INV002403,2024-12-25,118636,lumpsum,54223,Maharashtra,Nashik,B30,18-25,Male,3.3,UPI,Verified
INV002021,2024-12-25,118633,lumpsum,405533,Maharashtra,Pune,T30,36-45,Male,38.6,Net Banking,Verified
INV002349,2024-12-25,118632,sip,1836,Punjab,Amritsar,B30,26-35,Female,9.6,Mandate,Verified
INV002202,2024-12-25,120507,sip,2701,Madhya Pradesh,Indore,T30,18-25,Female,7.1,Mandate,Verified
INV004333,2024-12-25,100033,redemption,353887,Telangana,Hyderabad,T30,36-45,Female,14.8,Net Banking,Verified
INV003221,2024-12-25,119120,redemption,434655,Karnataka,Mysore,B30,26-35,Male,15.8,Net Banking,Verified
INV000415,2024-12-25,119092,sip,11372,Maharashtra,Pune,T30,36-45,Female,20.3,Cheque,Verified
INV000041,2024-12-25,120506,lumpsum,351970,Karnataka,Mysore,B30,46-55,Male,25.0,Mandate,Verified
INV000982,2024-12-25,119093,sip,8367,Gujarat,Ahmedabad,T30,36-45,Male,46.9,Cheque,Verified
INV003055,2024-12-25,102887,sip,3334,Madhya Pradesh,Indore,T30,26-35,Female,18.0,Mandate,Verified
INV004461,2024-12-25,118635,sip,8052,Tamil Nadu,Chennai,T30,46-55,Male,80.3,Cheque,Verified
INV003632,2024-12-25,119094,sip,5298,Punjab,Chandigarh,T30,36-45,Female,43.2,Net Banking,Verified
INV002528,2024-12-25,102886,sip,1197,Gujarat,Ahmedabad,T30,46-55,Male,16.3,UPI,Verified
INV001811,2024-12-25,119094,redemption,210445,Punjab,Amritsar,B30,18-25,Male,7.8,Cheque,Pending
INV003058,2024-12-25,119093,sip,4491,Karnataka,Mysore,B30,36-45,Male,46.2,Net Banking,Verified
INV003099,2024-12-25,100025,lumpsum,56118,Gujarat,Surat,T30,36-45,Male,14.4,Mandate,Verified
INV002568,2024-12-25,100025,sip,11106,Uttar Pradesh,Lucknow,T30,26-35,Female,7.3,UPI,Verified
INV003950,2024-12-25,100025,lumpsum,48660,Madhya Pradesh,Bhopal,B30,26-35,Male,11.1,Net Banking,Verified
INV004605,2024-12-25,119120,redemption,128374,Maharashtra,Nashik,B30,36-45,Male,17.8,UPI,Verified
INV004370,2024-12-25,119095,redemption,380396,Rajasthan,Jaipur,T30,18-25,Male,5.7,UPI,Verified
INV000263,2024-12-25,125497,sip,26202,Madhya Pradesh,Bhopal,B30,56+,Male,21.8,Cheque,Pending
INV003903,2024-12-25,100016,sip,7172,Karnataka,Mysore,B30,18-25,Female,6.6,UPI,Verified
INV000971,2024-12-25,125497,lumpsum,54720,Maharashtra,Mumbai,T30,36-45,Male,42.2,UPI,Verified
INV002896,2024-12-25,120844,sip,9976,Maharashtra,Nashik,B30,26-35,Male,21.5,Cheque,Verified
INV003382,2024-12-25,125498,sip,9567,Karnataka,Bangalore,T30,26-35,Male,19.8,Mandate,Verified
INV004517,2024-12-25,118632,sip,2914,West Bengal,Kolkata,T30,46-55,Female,68.5,UPI,Verified
INV003779,2024-12-25,120505,sip,2827,Delhi,New Delhi,T30,26-35,Male,21.9,Cheque,Verified
INV002796,2024-12-25,102885,lumpsum,209636,Telangana,Hyderabad,T30,36-45,Male,48.8,Cheque,Verified
INV003287,2024-12-25,120506,lumpsum,12985,Delhi,New Delhi,T30,36-45,Male,54.9,Cheque,Verified
INV003191,2024-12-25,118636,sip,1035,Madhya Pradesh,Bhopal,B30,18-25,Female,6.8,UPI,Verified
INV000667,2024-12-25,118634,redemption,164346,Telangana,Hyderabad,T30,26-35,Male,7.5,Cheque,Verified
INV004505,2024-12-25,120504,lumpsum,256553,Punjab,Amritsar,B30,26-35,Male,7.8,Mandate,Verified
INV003385,2024-12-25,120504,lumpsum,25987,Punjab,Amritsar,B30,56+,Female,65.9,Cheque,Verified
INV001536,2024-12-25,119552,lumpsum,6781,Karnataka,Mysore,B30,26-35,Male,17.9,Net Banking,Verified
INV002153,2024-12-25,118632,redemption,307177,Maharashtra,Nashik,B30,18-25,Female,3.5,Net Banking,Verified
INV002132,2024-12-25,102886,sip,1069,Tamil Nadu,Coimbatore,B30,46-55,Female,31.0,UPI,Pending
INV001241,2024-12-25,125498,sip,46308,Tamil Nadu,Chennai,T30,36-45,Female,18.3,Cheque,Verified
INV001103,2024-12-25,120507,redemption,485403,Karnataka,Mysore,B30,26-35,Female,6.4,Net Banking,Verified
INV004635,2024-12-25,118632,sip,886,Punjab,Chandigarh,T30,18-25,Male,4.4,UPI,Verified
INV003320,2024-12-25,100033,redemption,218387,Tamil Nadu,Coimbatore,B30,56+,Male,73.7,UPI,Verified
INV004070,2024-12-25,120842,sip,4756,Maharashtra,Pune,T30,26-35,Male,13.8,Cheque,Verified
INV001623,2024-12-25,119551,sip,2398,Gujarat,Surat,T30,26-35,Female,17.3,Mandate,Verified
INV000914,2024-12-25,118633,sip,8688,Karnataka,Mysore,B30,18-25,Male,3.8,Net Banking,Verified
INV001136,2024-12-25,118635,redemption,48909,Gujarat,Ahmedabad,T30,26-35,Female,22.8,Mandate,Verified
INV004009,2024-12-25,119552,sip,10225,Gujarat,Ahmedabad,T30,18-25,Male,5.6,UPI,Verified
INV004497,2024-12-25,118632,sip,2275,Rajasthan,Jaipur,T30,26-35,Female,13.3,Mandate,Verified
INV000827,2024-12-25,118632,redemption,251445,Maharashtra,Pune,T30,36-45,Male,28.8,Mandate,Verified
INV001574,2024-12-25,120841,sip,473,Maharashtra,Mumbai,T30,36-45,Female,35.7,Mandate,Verified
INV003693,2024-12-25,119552,sip,27413,Madhya Pradesh,Bhopal,B30,36-45,Male,25.2,Mandate,Verified
INV002711,2024-12-25,102886,sip,3556,Haryana,Gurugram,T30,26-35,Male,12.4,Net Banking,Verified
INV004004,2024-12-25,149322,sip,6933,Delhi,Gurugram,T30,18-25,Male,3.1,Net Banking,Verified
INV000785,2024-12-26,101207,sip,5854,Tamil Nadu,Chennai,T30,36-45,Male,31.1,UPI,Verified
INV001299,2024-12-26,119092,lumpsum,311672,Haryana,Faridabad,B30,26-35,Male,19.9,Cheque,Verified
INV003862,2024-12-26,118633,sip,22149,Madhya Pradesh,Indore,T30,26-35,Male,17.0,Net Banking,Verified
INV004145,2024-12-26,120504,lumpsum,234593,Gujarat,Surat,T30,18-25,Male,4.9,UPI,Verified
INV002244,2024-12-26,101207,sip,50437,Maharashtra,Mumbai,T30,36-45,Male,49.4,Net Banking,Verified
INV004792,2024-12-26,120842,sip,48692,Tamil Nadu,Chennai,T30,26-35,Male,20.5,Mandate,Verified
INV000163,2024-12-26,102885,lumpsum,324874,Uttar Pradesh,Kanpur,B30,46-55,Male,70.4,Net Banking,Verified
INV001336,2024-12-26,119120,sip,8472,Tamil Nadu,Coimbatore,B30,18-25,Male,5.0,Net Banking,Verified
INV003776,2024-12-26,118635,lumpsum,344616,Punjab,Amritsar,B30,26-35,Male,22.7,Mandate,Verified
INV004666,2024-12-26,120841,redemption,346602,Rajasthan,Jaipur,T30,26-35,Male,24.1,Cheque,Verified
INV003633,2024-12-26,119599,sip,17278,Madhya Pradesh,Bhopal,B30,26-35,Male,11.8,Mandate,Verified
INV003620,2024-12-26,149323,sip,3252,Uttar Pradesh,Kanpur,B30,36-45,Female,15.7,Cheque,Verified
INV003638,2024-12-26,119093,sip,434,West Bengal,Kolkata,T30,56+,Male,27.1,Net Banking,Verified
INV002245,2024-12-26,118633,lumpsum,490054,Karnataka,Mysore,B30,26-35,Female,24.6,UPI,Verified
INV004857,2024-12-26,100016,sip,5983,Delhi,Noida,T30,26-35,Male,15.3,Mandate,Verified
INV004476,2024-12-26,102886,redemption,68680,Gujarat,Surat,T30,26-35,Male,9.3,Mandate,Verified
INV003061,2024-12-26,119092,sip,1190,Uttar Pradesh,Lucknow,T30,26-35,Female,11.9,Mandate,Verified
INV002373,2024-12-26,120505,sip,24978,Maharashtra,Pune,T30,36-45,Male,56.3,Cheque,Verified
INV003151,2024-12-26,120507,sip,2070,Tamil Nadu,Coimbatore,B30,56+,Female,69.5,Mandate,Verified
INV003987,2024-12-26,102886,sip,43777,Tamil Nadu,Coimbatore,B30,26-35,Female,24.1,Mandate,Verified
INV004479,2024-12-26,101208,sip,28600,Rajasthan,Jaipur,T30,36-45,Male,43.7,Cheque,Verified
INV001102,2024-12-26,120504,lumpsum,225252,West Bengal,Kolkata,T30,46-55,Male,22.2,Cheque,Verified
INV003609,2024-12-26,100025,redemption,451423,Karnataka,Mysore,B30,26-35,Male,9.2,Mandate,Verified
INV004715,2024-12-26,125498,sip,21368,Tamil Nadu,Chennai,T30,46-55,Male,56.9,Cheque,Verified
INV003464,2024-12-26,120506,sip,417,Uttar Pradesh,Kanpur,B30,18-25,Male,3.0,UPI,Verified
INV001290,2024-12-26,101206,sip,2489,Tamil Nadu,Chennai,T30,36-45,Female,26.4,Cheque,Verified
INV000223,2024-12-26,101207,sip,25849,West Bengal,Kolkata,T30,26-35,Male,6.3,Cheque,Verified
INV003338,2024-12-26,101208,lumpsum,393593,Haryana,Faridabad,B30,46-55,Male,69.2,Net Banking,Pending
INV003372,2024-12-26,119598,sip,2901,Karnataka,Mysore,B30,36-45,Female,38.1,UPI,Pending
INV001419,2024-12-26,119551,sip,26323,Delhi,New Delhi,T30,26-35,Male,7.1,UPI,Verified
INV002576,2024-12-26,120505,sip,20415,Telangana,Hyderabad,T30,26-35,Male,20.3,Cheque,Verified
INV000399,2024-12-26,148568,sip,14198,Karnataka,Bangalore,T30,26-35,Male,14.3,Cheque,Verified
INV000191,2024-12-26,120503,lumpsum,363572,Karnataka,Bangalore,T30,26-35,Male,23.1,Cheque,Verified
INV004673,2024-12-26,120842,sip,11098,Maharashtra,Pune,T30,36-45,Female,39.7,Net Banking,Verified
INV002794,2024-12-26,125497,sip,28319,Madhya Pradesh,Bhopal,B30,56+,Male,39.9,UPI,Verified
INV001409,2024-12-26,120844,lumpsum,530316,Haryana,Faridabad,B30,18-25,Male,4.5,Cheque,Verified
INV001625,2024-12-26,118636,sip,2669,Uttar Pradesh,Kanpur,B30,46-55,Female,78.2,Cheque,Verified
INV004312,2024-12-26,119552,sip,2618,Karnataka,Bangalore,T30,18-25,Female,4.3,Net Banking,Verified
INV000183,2024-12-26,102886,sip,6880,Tamil Nadu,Coimbatore,B30,26-35,Male,9.8,Cheque,Verified
INV002342,2024-12-26,149324,lumpsum,61476,Maharashtra,Mumbai,T30,26-35,Male,15.8,UPI,Verified
INV001924,2024-12-26,120506,sip,11332,Karnataka,Bangalore,T30,18-25,Male,4.9,Net Banking,Verified
INV002771,2024-12-26,101208,redemption,439885,West Bengal,Kolkata,T30,36-45,Female,45.1,Cheque,Verified
INV000009,2024-12-26,118635,lumpsum,131029,Haryana,Gurugram,T30,26-35,Male,17.1,Net Banking,Verified
INV000529,2024-12-26,118633,lumpsum,220711,Maharashtra,Mumbai,T30,18-25,Male,4.7,Mandate,Verified
INV003565,2024-12-26,102887,lumpsum,107049,Gujarat,Surat,T30,26-35,Male,12.0,Cheque,Verified
INV000110,2024-12-26,118636,sip,4191,Uttar Pradesh,Agra,B30,46-55,Female,85.3,Net Banking,Verified
INV002853,2024-12-26,149323,sip,3481,Gujarat,Ahmedabad,T30,26-35,Male,24.9,Cheque,Verified
INV004366,2024-12-26,119598,sip,3345,Delhi,New Delhi,T30,46-55,Female,81.1,Cheque,Pending
INV004754,2024-12-26,120506,lumpsum,205045,Telangana,Hyderabad,T30,36-45,Female,51.5,Net Banking,Pending
INV004889,2024-12-26,120504,redemption,78703,Rajasthan,Jaipur,T30,46-55,Male,34.5,Mandate,Verified
INV001442,2024-12-26,100025,sip,10761,Uttar Pradesh,Lucknow,T30,26-35,Male,16.2,Cheque,Verified
INV000799,2024-12-26,119094,sip,14244,Madhya Pradesh,Indore,T30,18-25,Male,4.6,Net Banking,Verified
INV003787,2024-12-26,101207,sip,8046,Karnataka,Mysore,B30,46-55,Male,29.3,UPI,Verified
INV004177,2024-12-26,119551,lumpsum,149622,Tamil Nadu,Coimbatore,B30,26-35,Male,14.7,UPI,Verified
INV003601,2024-12-26,149323,sip,577,Haryana,Faridabad,B30,26-35,Female,17.0,UPI,Verified
INV002982,2024-12-26,118632,sip,42606,Gujarat,Surat,T30,36-45,Male,22.1,Net Banking,Pending
INV000522,2024-12-26,125498,lumpsum,355475,Punjab,Chandigarh,T30,26-35,Female,10.8,Cheque,Verified
INV002945,2024-12-26,148568,sip,13378,Maharashtra,Nashik,B30,26-35,Male,15.6,Cheque,Verified
INV002772,2024-12-26,119598,lumpsum,71656,Haryana,Faridabad,B30,26-35,Male,14.7,UPI,Verified
INV001373,2024-12-26,125497,sip,481,Madhya Pradesh,Indore,T30,26-35,Female,22.6,Mandate,Verified
INV002799,2024-12-26,120505,sip,2305,Uttar Pradesh,Lucknow,T30,36-45,Male,50.5,Mandate,Verified
INV000777,2024-12-26,125497,sip,1078,Uttar Pradesh,Lucknow,T30,26-35,Male,15.7,UPI,Verified
INV001197,2024-12-27,120507,lumpsum,356113,West Bengal,Kolkata,T30,36-45,Female,29.6,Cheque,Verified
INV004811,2024-12-27,148568,sip,4078,Punjab,Amritsar,B30,26-35,Female,9.4,Mandate,Verified
INV002736,2024-12-27,120503,sip,1743,Karnataka,Mysore,B30,18-25,Female,6.2,Cheque,Verified
INV002016,2024-12-27,125498,sip,4656,Delhi,Noida,T30,46-55,Male,17.2,Cheque,Verified
INV004198,2024-12-27,148569,sip,1172,West Bengal,Kolkata,T30,26-35,Male,6.1,Cheque,Verified
INV003654,2024-12-27,102885,sip,29557,Delhi,New Delhi,T30,18-25,Male,6.6,UPI,Verified
INV002746,2024-12-27,118635,sip,422,Delhi,Noida,T30,26-35,Male,23.2,Cheque,Verified
INV004318,2024-12-27,119552,sip,26259,Tamil Nadu,Coimbatore,B30,56+,Female,54.7,Mandate,Verified
INV000931,2024-12-27,120843,redemption,329459,Tamil Nadu,Coimbatore,B30,26-35,Male,11.3,Cheque,Verified
INV000568,2024-12-27,120507,sip,49715,Delhi,New Delhi,T30,36-45,Male,48.4,Net Banking,Verified
INV003305,2024-12-27,102887,sip,51311,Telangana,Hyderabad,T30,46-55,Male,41.0,Mandate,Pending
INV003115,2024-12-27,120844,sip,1069,Gujarat,Surat,T30,26-35,Male,23.9,Cheque,Verified
INV001799,2024-12-27,148567,sip,2949,Rajasthan,Udaipur,B30,56+,Female,45.2,UPI,Verified
INV002950,2024-12-27,120506,redemption,376769,Madhya Pradesh,Indore,T30,46-55,Female,37.4,Mandate,Verified
INV002741,2024-12-27,118632,sip,2444,West Bengal,Kolkata,T30,26-35,Male,19.9,Net Banking,Verified
INV004996,2024-12-27,148569,sip,5824,Delhi,New Delhi,T30,46-55,Male,87.8,Mandate,Verified
INV001570,2024-12-27,118634,redemption,552707,Maharashtra,Pune,T30,26-35,Male,16.0,Mandate,Verified
INV002736,2024-12-27,118635,sip,8997,Karnataka,Mysore,B30,18-25,Female,6.2,Net Banking,Verified
INV002983,2024-12-27,120507,lumpsum,213666,Karnataka,Mysore,B30,18-25,Male,6.2,Mandate,Verified
INV004598,2024-12-27,102887,lumpsum,205365,Tamil Nadu,Chennai,T30,46-55,Male,60.5,UPI,Verified
INV001079,2024-12-27,148567,sip,27975,West Bengal,Kolkata,T30,26-35,Male,10.1,Net Banking,Verified
INV000850,2024-12-27,119552,sip,4158,Maharashtra,Pune,T30,36-45,Male,23.7,Cheque,Verified
INV000740,2024-12-27,120504,lumpsum,326497,Delhi,Gurugram,T30,36-45,Male,52.5,Cheque,Verified
INV004639,2024-12-27,102887,lumpsum,210674,Rajasthan,Jaipur,T30,18-25,Female,6.0,Net Banking,Verified
INV001128,2024-12-27,149324,redemption,375023,West Bengal,Kolkata,T30,36-45,Female,43.2,Mandate,Verified
INV004983,2024-12-27,148569,sip,2388,Madhya Pradesh,Bhopal,B30,26-35,Male,20.6,Net Banking,Pending
INV003333,2024-12-27,118632,sip,57698,Maharashtra,Nashik,B30,56+,Male,49.5,Mandate,Verified
INV001672,2024-12-27,149324,sip,2323,Maharashtra,Pune,T30,18-25,Male,5.4,Cheque,Verified
INV000173,2024-12-27,120507,sip,7156,Maharashtra,Mumbai,T30,26-35,Male,7.6,Mandate,Verified
INV002476,2024-12-27,119120,redemption,422607,Telangana,Hyderabad,T30,36-45,Female,58.6,Cheque,Verified
INV004421,2024-12-27,100025,lumpsum,171369,Punjab,Amritsar,B30,26-35,Male,20.5,Net Banking,Verified
INV002605,2024-12-27,118635,lumpsum,368075,Delhi,New Delhi,T30,46-55,Male,87.0,UPI,Verified
INV001670,2024-12-27,120844,lumpsum,514102,West Bengal,Kolkata,T30,26-35,Male,16.5,Net Banking,Verified
INV004358,2024-12-27,149323,lumpsum,460065,Tamil Nadu,Coimbatore,B30,26-35,Male,6.5,Cheque,Verified
INV002888,2024-12-27,119095,sip,10549,Rajasthan,Udaipur,B30,26-35,Male,9.2,Cheque,Verified
INV001728,2024-12-27,120507,lumpsum,244178,Karnataka,Bangalore,T30,26-35,Male,17.0,Net Banking,Verified
INV003671,2024-12-27,102886,lumpsum,319773,Haryana,Gurugram,T30,36-45,Female,22.9,Mandate,Verified
INV003087,2024-12-27,102885,sip,40008,Punjab,Amritsar,B30,18-25,Female,6.0,Net Banking,Verified
INV003713,2024-12-27,120507,sip,28835,West Bengal,Kolkata,T30,36-45,Female,29.9,Net Banking,Verified
INV001974,2024-12-27,119598,lumpsum,425480,Tamil Nadu,Chennai,T30,56+,Male,64.3,Mandate,Verified
INV000732,2024-12-27,118634,lumpsum,379039,Haryana,Faridabad,B30,46-55,Female,40.8,UPI,Verified
INV003147,2024-12-27,100025,sip,25876,West Bengal,Kolkata,T30,26-35,Male,18.9,Net Banking,Verified
INV003370,2024-12-27,119095,sip,4042,Karnataka,Mysore,B30,56+,Female,54.8,Net Banking,Verified
INV002822,2024-12-27,119599,sip,22192,Karnataka,Bangalore,T30,46-55,Male,79.5,Net Banking,Verified
INV003670,2024-12-27,101207,sip,4413,Punjab,Chandigarh,T30,36-45,Male,38.4,Mandate,Verified
INV000177,2024-12-27,118635,sip,3091,Rajasthan,Jaipur,T30,26-35,Male,17.6,UPI,Verified
INV001952,2024-12-27,118636,lumpsum,219422,Uttar Pradesh,Agra,B30,36-45,Male,22.1,Mandate,Verified
INV000024,2024-12-27,119093,sip,2215,Delhi,Gurugram,T30,36-45,Female,27.0,UPI,Verified
INV004372,2024-12-27,148568,lumpsum,126552,Haryana,Faridabad,B30,26-35,Female,22.9,Net Banking,Verified
INV002896,2024-12-27,148569,sip,2291,Maharashtra,Nashik,B30,26-35,Male,21.5,Net Banking,Verified
INV002997,2024-12-27,119094,sip,3440,West Bengal,Kolkata,T30,26-35,Male,23.7,UPI,Verified
INV000735,2024-12-27,120505,sip,23790,Maharashtra,Pune,T30,36-45,Male,57.7,Mandate,Verified
INV003088,2024-12-27,148569,sip,408,West Bengal,Kolkata,T30,26-35,Female,15.4,Mandate,Verified
INV003205,2024-12-27,119599,sip,8472,Punjab,Chandigarh,T30,26-35,Female,16.1,UPI,Verified
INV000766,2024-12-27,125497,sip,596,Uttar Pradesh,Agra,B30,46-55,Male,88.1,Cheque,Pending
INV003678,2024-12-27,120505,sip,9530,Gujarat,Ahmedabad,T30,26-35,Male,6.6,UPI,Pending
INV003424,2024-12-27,101206,sip,6560,Madhya Pradesh,Indore,T30,26-35,Female,19.7,Mandate,Verified
INV000628,2024-12-27,120844,sip,2790,Gujarat,Surat,T30,56+,Male,57.9,Mandate,Verified
INV004026,2024-12-27,119598,sip,7726,Haryana,Faridabad,B30,26-35,Female,8.3,Net Banking,Verified
INV002674,2024-12-27,118632,sip,8550,Karnataka,Mysore,B30,26-35,Female,7.4,Mandate,Verified
INV004511,2024-12-27,149324,sip,24077,Gujarat,Ahmedabad,T30,46-55,Female,43.6,Cheque,Verified
INV004589,2024-12-27,118632,sip,8272,Gujarat,Ahmedabad,T30,36-45,Male,14.4,UPI,Verified
INV002187,2024-12-27,149324,redemption,348604,Tamil Nadu,Chennai,T30,36-45,Male,15.0,Mandate,Verified
INV003238,2024-12-27,120506,redemption,300636,Telangana,Hyderabad,T30,26-35,Male,24.1,UPI,Verified
INV000688,2024-12-27,120841,redemption,332593,Madhya Pradesh,Bhopal,B30,36-45,Male,24.1,Net Banking,Verified
INV002055,2024-12-28,102885,lumpsum,79541,Punjab,Amritsar,B30,26-35,Male,18.7,Mandate,Verified
INV004573,2024-12-28,100025,sip,3465,Madhya Pradesh,Indore,T30,36-45,Female,36.8,UPI,Verified
INV002294,2024-12-28,100025,sip,43283,Haryana,Gurugram,T30,26-35,Male,22.3,UPI,Verified
INV001455,2024-12-28,125498,redemption,50894,Madhya Pradesh,Indore,T30,36-45,Male,26.8,UPI,Verified
INV002414,2024-12-28,118634,sip,4369,Gujarat,Surat,T30,26-35,Female,24.1,Cheque,Verified
INV000957,2024-12-28,119120,sip,918,Madhya Pradesh,Bhopal,B30,36-45,Male,38.2,UPI,Verified
INV000013,2024-12-28,148567,lumpsum,273559,Maharashtra,Nashik,B30,18-25,Male,5.2,UPI,Verified
INV004125,2024-12-28,120506,sip,24220,Gujarat,Surat,T30,26-35,Male,9.4,Net Banking,Verified
INV003525,2024-12-28,119093,redemption,133564,Karnataka,Mysore,B30,36-45,Male,36.1,UPI,Verified
INV000491,2024-12-28,148568,redemption,397917,Madhya Pradesh,Indore,T30,56+,Male,58.2,Net Banking,Verified
INV002167,2024-12-28,120841,sip,7736,Rajasthan,Jaipur,T30,26-35,Female,8.7,UPI,Verified
INV003173,2024-12-28,148568,lumpsum,24027,Gujarat,Surat,T30,18-25,Male,7.1,Cheque,Verified
INV004783,2024-12-28,120505,sip,2565,Tamil Nadu,Coimbatore,B30,36-45,Male,39.0,Cheque,Verified
INV004551,2024-12-28,119599,redemption,349387,Maharashtra,Nashik,B30,18-25,Male,6.0,UPI,Verified
INV001511,2024-12-28,120843,sip,51115,Uttar Pradesh,Agra,B30,26-35,Female,24.7,Cheque,Verified
INV000458,2024-12-28,148567,lumpsum,43915,Rajasthan,Udaipur,B30,56+,Male,18.9,Net Banking,Verified
INV002298,2024-12-28,125497,sip,1106,Maharashtra,Nashik,B30,56+,Male,45.3,Cheque,Pending
INV003877,2024-12-28,120505,redemption,447195,Rajasthan,Udaipur,B30,36-45,Female,25.4,UPI,Verified
INV002298,2024-12-28,119598,sip,2675,Maharashtra,Nashik,B30,56+,Male,45.3,Cheque,Verified
INV000592,2024-12-28,120841,sip,5695,Maharashtra,Mumbai,T30,26-35,Male,21.2,Cheque,Verified
INV003641,2024-12-28,149323,sip,2405,Telangana,Hyderabad,T30,26-35,Female,13.1,Net Banking,Verified
INV002212,2024-12-28,119599,lumpsum,341376,Telangana,Hyderabad,T30,36-45,Male,26.4,Mandate,Verified
INV000889,2024-12-28,149324,sip,9389,Maharashtra,Mumbai,T30,18-25,Male,6.2,UPI,Verified
INV003238,2024-12-28,120505,redemption,161804,Telangana,Hyderabad,T30,26-35,Male,24.1,Net Banking,Verified
INV004443,2024-12-28,118635,sip,2565,Maharashtra,Nashik,B30,26-35,Female,13.0,Cheque,Verified
INV004907,2024-12-28,119120,sip,6920,Gujarat,Ahmedabad,T30,26-35,Male,20.7,Net Banking,Verified
INV004346,2024-12-28,118632,sip,17199,Tamil Nadu,Coimbatore,B30,26-35,Male,19.4,Cheque,Pending
INV000731,2024-12-28,118633,lumpsum,192118,Rajasthan,Jaipur,T30,18-25,Male,7.1,Cheque,Verified
INV000718,2024-12-28,120504,sip,28595,Delhi,Gurugram,T30,26-35,Male,10.8,Net Banking,Verified
INV004360,2024-12-28,102885,lumpsum,79618,Madhya Pradesh,Bhopal,B30,26-35,Female,15.9,UPI,Verified
INV003342,2024-12-28,118634,sip,2566,Tamil Nadu,Chennai,T30,56+,Male,32.8,UPI,Verified
INV001392,2024-12-28,149322,lumpsum,309465,Rajasthan,Udaipur,B30,26-35,Male,18.5,Mandate,Verified
INV001969,2024-12-28,100033,sip,546,Uttar Pradesh,Kanpur,B30,26-35,Male,9.7,Net Banking,Verified
INV004767,2024-12-28,120844,lumpsum,147592,Uttar Pradesh,Kanpur,B30,26-35,Female,12.7,Net Banking,Verified
INV001164,2024-12-28,125497,lumpsum,198297,Punjab,Chandigarh,T30,36-45,Male,54.4,Mandate,Pending
INV004963,2024-12-28,149323,lumpsum,307651,Delhi,Noida,T30,36-45,Female,59.6,Cheque,Verified
INV004210,2024-12-28,120842,sip,17849,Madhya Pradesh,Bhopal,B30,56+,Male,23.9,Cheque,Verified
INV003221,2024-12-28,120506,sip,15992,Karnataka,Mysore,B30,26-35,Male,15.8,Mandate,Verified
INV000661,2024-12-28,118636,lumpsum,460331,Haryana,Faridabad,B30,36-45,Male,46.8,Cheque,Verified
INV004914,2024-12-28,148567,sip,5848,Karnataka,Mysore,B30,26-35,Female,13.4,Net Banking,Verified
INV000093,2024-12-28,120841,sip,29950,Maharashtra,Mumbai,T30,36-45,Female,59.0,Net Banking,Verified
INV002220,2024-12-28,120841,sip,10626,Punjab,Chandigarh,T30,46-55,Male,29.9,UPI,Verified
INV004163,2024-12-28,120506,lumpsum,180487,Uttar Pradesh,Agra,B30,46-55,Male,96.4,Cheque,Verified
INV003271,2024-12-28,119120,sip,27962,West Bengal,Kolkata,T30,18-25,Male,4.8,UPI,Verified
INV000271,2024-12-28,119093,redemption,295787,Tamil Nadu,Coimbatore,B30,26-35,Female,6.4,Cheque,Verified
INV004253,2024-12-28,101207,lumpsum,7772,Rajasthan,Udaipur,B30,36-45,Male,42.3,Cheque,Verified
INV002628,2024-12-28,120843,sip,464,Uttar Pradesh,Agra,B30,26-35,Male,16.4,Cheque,Verified
INV003723,2024-12-28,120505,sip,2137,Tamil Nadu,Chennai,T30,26-35,Female,10.9,Mandate,Verified
INV001652,2024-12-28,120505,lumpsum,104115,Tamil Nadu,Chennai,T30,26-35,Female,12.7,Cheque,Verified
INV001737,2024-12-28,120842,redemption,12814,Telangana,Hyderabad,T30,26-35,Female,10.1,UPI,Verified
INV004460,2024-12-28,102886,sip,8125,Haryana,Gurugram,T30,26-35,Male,24.7,Mandate,Verified
INV000693,2024-12-28,148567,redemption,44047,Haryana,Faridabad,B30,26-35,Male,11.0,Mandate,Verified
INV000649,2024-12-28,120843,sip,24134,Tamil Nadu,Chennai,T30,36-45,Male,27.3,UPI,Pending
INV003575,2024-12-29,118636,sip,29569,West Bengal,Kolkata,T30,18-25,Male,4.7,Net Banking,Verified
INV004985,2024-12-29,101208,sip,10530,Madhya Pradesh,Indore,T30,56+,Female,79.4,Mandate,Verified
INV003697,2024-12-29,101207,sip,20309,Maharashtra,Mumbai,T30,18-25,Male,6.3,Cheque,Verified
INV001713,2024-12-29,119552,sip,11567,Uttar Pradesh,Agra,B30,46-55,Male,61.5,Mandate,Verified
INV001407,2024-12-29,148569,redemption,320000,Rajasthan,Udaipur,B30,26-35,Female,22.2,UPI,Verified
INV004840,2024-12-29,100025,sip,571,Maharashtra,Pune,T30,18-25,Male,6.5,Cheque,Verified
INV002809,2024-12-29,120843,sip,6093,Uttar Pradesh,Agra,B30,36-45,Male,48.6,Cheque,Verified
INV004938,2024-12-29,119120,redemption,72691,Karnataka,Bangalore,T30,18-25,Male,6.3,UPI,Verified
INV001544,2024-12-29,118632,lumpsum,75117,Uttar Pradesh,Kanpur,B30,18-25,Female,5.9,Mandate,Verified
INV003490,2024-12-29,120506,lumpsum,149970,Punjab,Chandigarh,T30,26-35,Male,11.6,Cheque,Verified
INV004032,2024-12-29,100016,lumpsum,94987,West Bengal,Kolkata,T30,46-55,Male,55.5,Net Banking,Verified
INV000291,2024-12-29,149323,redemption,292929,Madhya Pradesh,Indore,T30,18-25,Female,6.2,UPI,Verified
INV004028,2024-12-29,119551,lumpsum,98298,Rajasthan,Jaipur,T30,18-25,Male,3.3,Cheque,Verified
INV004015,2024-12-29,118636,lumpsum,483515,Maharashtra,Mumbai,T30,18-25,Female,7.6,Net Banking,Verified
INV002063,2024-12-29,118635,sip,29491,Madhya Pradesh,Indore,T30,26-35,Female,21.3,Net Banking,Verified
INV000750,2024-12-29,120503,lumpsum,577249,Delhi,New Delhi,T30,26-35,Male,20.9,Cheque,Verified
INV001423,2024-12-29,120507,sip,1851,Madhya Pradesh,Bhopal,B30,18-25,Female,7.7,UPI,Verified
INV004629,2024-12-29,120844,redemption,379038,Karnataka,Bangalore,T30,18-25,Female,4.9,Mandate,Verified
INV001609,2024-12-29,120844,lumpsum,476366,Punjab,Chandigarh,T30,26-35,Female,14.0,Net Banking,Verified
INV004553,2024-12-29,120505,sip,59280,Tamil Nadu,Coimbatore,B30,26-35,Male,13.7,UPI,Verified
INV001903,2024-12-29,120503,lumpsum,303694,Delhi,New Delhi,T30,26-35,Female,8.8,Net Banking,Verified
INV003685,2024-12-29,119094,sip,52138,Gujarat,Ahmedabad,T30,26-35,Male,10.4,Mandate,Verified
INV004177,2024-12-29,118632,sip,2409,Tamil Nadu,Coimbatore,B30,26-35,Male,14.7,Mandate,Verified
INV003228,2024-12-29,120507,sip,576,Madhya Pradesh,Bhopal,B30,26-35,Male,20.0,Mandate,Verified
INV003144,2024-12-29,148567,sip,13394,Haryana,Gurugram,T30,36-45,Female,38.0,UPI,Verified
INV003398,2024-12-29,119120,sip,488,Karnataka,Bangalore,T30,36-45,Male,42.0,UPI,Verified
INV003948,2024-12-29,119120,sip,411,Madhya Pradesh,Indore,T30,18-25,Female,7.5,Cheque,Pending
INV001967,2024-12-29,118633,sip,2263,Rajasthan,Jaipur,T30,26-35,Male,17.9,Mandate,Verified
INV002131,2024-12-29,101207,sip,457,Madhya Pradesh,Bhopal,B30,46-55,Male,75.1,Cheque,Verified
INV001778,2024-12-29,118634,sip,9428,Maharashtra,Mumbai,T30,26-35,Male,9.7,Net Banking,Verified
INV004159,2024-12-29,101207,sip,1120,Delhi,Noida,T30,18-25,Male,6.3,Net Banking,Verified
INV004552,2024-12-29,119092,sip,16646,Telangana,Hyderabad,T30,36-45,Female,42.8,Net Banking,Pending
INV000363,2024-12-29,149322,redemption,295994,Madhya Pradesh,Bhopal,B30,26-35,Male,22.6,Net Banking,Verified
INV001885,2024-12-29,100016,redemption,100745,Karnataka,Bangalore,T30,26-35,Male,18.8,Cheque,Verified
INV002392,2024-12-29,148568,sip,11125,Madhya Pradesh,Indore,T30,56+,Female,68.4,UPI,Verified
INV003393,2024-12-29,148568,sip,531,Delhi,New Delhi,T30,26-35,Male,17.1,Cheque,Verified
INV003882,2024-12-29,148568,lumpsum,116857,Maharashtra,Nashik,B30,36-45,Male,51.6,Net Banking,Verified
INV003983,2024-12-29,120507,lumpsum,420857,Haryana,Faridabad,B30,26-35,Female,22.3,Mandate,Verified
INV000113,2024-12-29,120504,sip,872,Punjab,Chandigarh,T30,26-35,Female,7.3,Cheque,Verified
INV000316,2024-12-29,119552,sip,6545,Karnataka,Bangalore,T30,46-55,Female,39.5,Cheque,Verified
INV002211,2024-12-29,148568,sip,6918,Gujarat,Surat,T30,26-35,Male,11.3,UPI,Verified
INV000593,2024-12-29,100033,sip,2075,Telangana,Hyderabad,T30,56+,Male,50.2,Mandate,Verified
INV004981,2024-12-29,148569,redemption,20102,Haryana,Faridabad,B30,18-25,Male,3.5,Net Banking,Verified
INV002215,2024-12-29,102886,sip,42305,Madhya Pradesh,Bhopal,B30,18-25,Male,3.4,Net Banking,Verified
INV003075,2024-12-29,120506,lumpsum,426654,Delhi,Gurugram,T30,46-55,Male,83.5,UPI,Verified
INV001644,2024-12-29,148567,sip,10097,Madhya Pradesh,Bhopal,B30,18-25,Female,6.7,Net Banking,Verified
INV004083,2024-12-29,120842,lumpsum,133390,Maharashtra,Mumbai,T30,18-25,Male,7.8,Cheque,Verified
INV000638,2024-12-29,120843,lumpsum,447202,Rajasthan,Udaipur,B30,26-35,Male,12.7,Net Banking,Pending
INV004785,2024-12-29,100025,sip,8476,Punjab,Amritsar,B30,26-35,Female,14.5,UPI,Verified
INV004162,2024-12-29,119094,sip,8650,Haryana,Faridabad,B30,18-25,Male,5.1,Mandate,Verified
INV004084,2024-12-29,120505,redemption,98680,Telangana,Hyderabad,T30,26-35,Male,9.9,Cheque,Verified
INV004146,2024-12-29,101207,redemption,116110,Uttar Pradesh,Agra,B30,56+,Male,40.7,Mandate,Verified
INV001603,2024-12-29,100016,sip,20928,Uttar Pradesh,Agra,B30,46-55,Female,53.9,UPI,Verified
INV000774,2024-12-29,149322,sip,506,Telangana,Hyderabad,T30,36-45,Male,34.9,Cheque,Verified
INV004509,2024-12-29,118636,sip,2728,Uttar Pradesh,Lucknow,T30,26-35,Female,20.3,UPI,Verified
INV002786,2024-12-29,119552,sip,16827,Tamil Nadu,Coimbatore,B30,26-35,Female,13.3,UPI,Verified
INV004257,2024-12-29,120503,sip,6634,Telangana,Hyderabad,T30,36-45,Male,22.0,UPI,Verified
INV001552,2024-12-29,119120,sip,1102,Rajasthan,Jaipur,T30,46-55,Female,68.5,Mandate,Verified
INV004949,2024-12-29,119551,sip,921,Delhi,Gurugram,T30,26-35,Male,11.3,Mandate,Verified
INV004636,2024-12-29,119598,redemption,152772,Uttar Pradesh,Kanpur,B30,18-25,Female,5.0,UPI,Verified
INV002327,2024-12-29,120842,redemption,35061,Punjab,Amritsar,B30,26-35,Male,7.0,Mandate,Verified
INV000988,2024-12-29,118636,lumpsum,287505,Rajasthan,Jaipur,T30,36-45,Male,28.7,UPI,Verified
INV001788,2024-12-29,120506,sip,499,Tamil Nadu,Chennai,T30,18-25,Female,4.8,Mandate,Verified
INV004998,2024-12-29,102885,sip,17075,Gujarat,Ahmedabad,T30,36-45,Male,24.2,Cheque,Verified
INV000563,2024-12-29,101207,sip,14554,Uttar Pradesh,Lucknow,T30,26-35,Male,15.5,Cheque,Pending
INV004009,2024-12-30,120503,sip,3473,Gujarat,Ahmedabad,T30,18-25,Male,5.6,UPI,Verified
INV002160,2024-12-30,120843,lumpsum,486367,Rajasthan,Udaipur,B30,18-25,Male,6.9,Mandate,Verified
INV000396,2024-12-30,120842,lumpsum,263788,Rajasthan,Jaipur,T30,46-55,Male,38.5,Net Banking,Verified
INV001216,2024-12-30,149323,redemption,367410,Delhi,New Delhi,T30,18-25,Male,3.4,Cheque,Verified
INV003649,2024-12-30,118635,sip,580,Haryana,Gurugram,T30,46-55,Female,79.9,Net Banking,Pending
INV001079,2024-12-30,119092,sip,5908,West Bengal,Kolkata,T30,26-35,Male,10.1,Cheque,Verified
INV001704,2024-12-30,149324,lumpsum,336309,Punjab,Chandigarh,T30,26-35,Male,23.8,Net Banking,Verified
INV002572,2024-12-30,148567,sip,879,Rajasthan,Jaipur,T30,56+,Male,19.5,Cheque,Verified
INV001467,2024-12-30,125498,sip,2074,Punjab,Chandigarh,T30,36-45,Male,32.5,UPI,Verified
INV003343,2024-12-30,102885,lumpsum,330167,Telangana,Hyderabad,T30,36-45,Male,26.0,Mandate,Pending
INV000719,2024-12-30,120506,sip,22660,Tamil Nadu,Coimbatore,B30,18-25,Male,6.8,UPI,Verified
INV004905,2024-12-30,149324,sip,8074,Punjab,Amritsar,B30,56+,Male,40.4,UPI,Verified
INV004189,2024-12-30,118635,sip,1084,Tamil Nadu,Coimbatore,B30,26-35,Male,23.1,UPI,Verified
INV004069,2024-12-30,102887,sip,3307,Delhi,Noida,T30,26-35,Male,21.8,UPI,Verified
INV004993,2024-12-30,120503,redemption,455798,Karnataka,Bangalore,T30,36-45,Female,55.6,Mandate,Verified
INV003650,2024-12-30,118632,sip,2757,Telangana,Hyderabad,T30,46-55,Male,87.3,Mandate,Pending
INV003613,2024-12-30,118632,sip,11244,Punjab,Amritsar,B30,26-35,Male,13.5,UPI,Verified
INV001914,2024-12-30,119551,sip,2164,Delhi,Gurugram,T30,56+,Male,61.9,Cheque,Verified
INV000629,2024-12-30,119094,sip,512,West Bengal,Kolkata,T30,46-55,Male,96.4,UPI,Verified
INV004403,2024-12-30,149323,lumpsum,360494,West Bengal,Kolkata,T30,26-35,Male,17.6,Mandate,Verified
INV000034,2024-12-30,118634,lumpsum,240311,Punjab,Chandigarh,T30,26-35,Male,24.5,Cheque,Verified
INV001858,2024-12-30,119095,lumpsum,261413,Punjab,Amritsar,B30,36-45,Male,16.6,Cheque,Verified
INV004222,2024-12-30,101208,sip,464,Uttar Pradesh,Kanpur,B30,26-35,Male,10.9,Mandate,Verified
INV001334,2024-12-30,100016,redemption,404998,Punjab,Amritsar,B30,36-45,Male,38.6,Cheque,Verified
INV003389,2024-12-30,118636,lumpsum,433464,Telangana,Hyderabad,T30,26-35,Male,22.3,UPI,Verified
INV001113,2024-12-30,118635,lumpsum,244127,Rajasthan,Jaipur,T30,26-35,Female,11.7,Mandate,Verified
INV001367,2024-12-30,101208,sip,2703,Maharashtra,Nashik,B30,36-45,Male,32.2,Mandate,Verified
INV003519,2024-12-30,119120,sip,14798,Madhya Pradesh,Indore,T30,26-35,Male,9.8,Cheque,Verified
INV002926,2024-12-30,102887,redemption,332416,Telangana,Hyderabad,T30,26-35,Male,16.6,Net Banking,Verified
INV001092,2024-12-30,120506,sip,3161,Haryana,Gurugram,T30,26-35,Male,14.9,Mandate,Verified
INV003739,2024-12-30,118636,lumpsum,221024,Gujarat,Surat,T30,46-55,Female,81.0,Mandate,Verified
INV003681,2024-12-30,120842,redemption,345555,Telangana,Hyderabad,T30,26-35,Female,17.4,Net Banking,Verified
INV003582,2024-12-30,119551,sip,9423,Uttar Pradesh,Kanpur,B30,36-45,Male,43.1,UPI,Verified
INV002340,2024-12-30,100033,lumpsum,170793,Uttar Pradesh,Agra,B30,26-35,Female,7.3,Mandate,Verified
INV003022,2024-12-30,102887,sip,2387,Telangana,Hyderabad,T30,46-55,Male,60.2,Mandate,Verified
INV001034,2024-12-30,119095,redemption,230085,Maharashtra,Pune,T30,26-35,Male,20.4,Mandate,Verified
INV000958,2024-12-30,118636,lumpsum,252128,Delhi,Gurugram,T30,56+,Male,74.6,Mandate,Pending
INV001659,2024-12-30,120505,sip,26507,Uttar Pradesh,Lucknow,T30,36-45,Female,42.2,Cheque,Verified
INV000359,2024-12-30,120507,sip,428,Tamil Nadu,Chennai,T30,18-25,Male,3.1,UPI,Verified
INV003159,2024-12-30,120843,lumpsum,43034,Punjab,Amritsar,B30,36-45,Male,25.9,Net Banking,Verified
INV001986,2024-12-30,120841,sip,8622,Madhya Pradesh,Indore,T30,36-45,Female,17.4,Cheque,Pending
INV004664,2024-12-30,119552,lumpsum,32785,Karnataka,Bangalore,T30,26-35,Male,18.6,Net Banking,Verified
INV000604,2024-12-30,119093,lumpsum,365162,Karnataka,Bangalore,T30,26-35,Male,9.5,Mandate,Verified
INV004046,2024-12-30,119599,sip,21516,Madhya Pradesh,Indore,T30,36-45,Male,53.6,Cheque,Verified
INV004073,2024-12-30,120505,sip,10688,Gujarat,Surat,T30,46-55,Female,32.6,UPI,Verified
INV000693,2024-12-30,119095,lumpsum,395549,Haryana,Faridabad,B30,26-35,Male,11.0,Cheque,Verified
INV003480,2024-12-30,120842,sip,914,Madhya Pradesh,Bhopal,B30,26-35,Male,24.4,UPI,Verified
INV003273,2024-12-30,148569,sip,50475,Haryana,Faridabad,B30,36-45,Male,18.3,Net Banking,Pending
INV003382,2024-12-30,118635,lumpsum,488063,Karnataka,Bangalore,T30,26-35,Male,19.8,Mandate,Verified
INV000156,2024-12-30,120844,lumpsum,212424,Telangana,Hyderabad,T30,46-55,Male,29.1,Mandate,Verified
INV003917,2024-12-30,120843,sip,3111,Haryana,Faridabad,B30,26-35,Male,16.0,Mandate,Verified
INV003625,2024-12-30,100033,sip,56573,Telangana,Hyderabad,T30,26-35,Female,22.0,UPI,Verified
INV002720,2024-12-30,120504,sip,2639,Karnataka,Bangalore,T30,26-35,Male,19.2,Net Banking,Verified
INV002381,2024-12-30,118632,sip,57517,Karnataka,Mysore,B30,36-45,Male,23.1,UPI,Verified
INV004533,2024-12-30,119120,sip,596,Gujarat,Ahmedabad,T30,36-45,Male,51.5,UPI,Verified
INV003839,2024-12-30,118634,sip,8122,Gujarat,Surat,T30,26-35,Female,11.5,Mandate,Verified
INV004436,2024-12-30,125498,sip,11283,Delhi,New Delhi,T30,56+,Male,30.3,Net Banking,Verified
INV002235,2024-12-30,125497,sip,3122,Uttar Pradesh,Agra,B30,36-45,Female,32.1,Cheque,Verified
INV000487,2024-12-30,149323,sip,8200,Telangana,Hyderabad,T30,36-45,Male,41.7,UPI,Verified
INV004816,2024-12-31,101206,sip,481,Karnataka,Bangalore,T30,18-25,Male,4.1,UPI,Verified
INV000822,2024-12-31,120507,sip,2371,Punjab,Amritsar,B30,26-35,Male,9.2,Cheque,Verified
INV002339,2024-12-31,125498,sip,16895,Delhi,New Delhi,T30,36-45,Male,46.4,UPI,Verified
INV001433,2024-12-31,119093,sip,1033,West Bengal,Kolkata,T30,26-35,Male,10.9,Cheque,Verified
INV002658,2024-12-31,120507,sip,5973,Madhya Pradesh,Indore,T30,26-35,Female,16.8,Mandate,Pending
INV001868,2024-12-31,120505,sip,2048,Tamil Nadu,Coimbatore,B30,26-35,Male,17.3,Net Banking,Verified
INV003304,2024-12-31,148567,sip,12384,Telangana,Hyderabad,T30,18-25,Female,4.8,UPI,Verified
INV002096,2024-12-31,149322,redemption,223736,Delhi,New Delhi,T30,18-25,Female,6.9,UPI,Verified
INV002134,2024-12-31,120504,lumpsum,201960,Rajasthan,Udaipur,B30,26-35,Male,24.8,Net Banking,Verified
INV002689,2024-12-31,101208,lumpsum,593281,Madhya Pradesh,Bhopal,B30,26-35,Male,7.4,Cheque,Verified
INV000278,2024-12-31,120844,lumpsum,549906,Rajasthan,Jaipur,T30,26-35,Male,22.1,UPI,Verified
INV002252,2024-12-31,125497,lumpsum,135580,Maharashtra,Pune,T30,36-45,Female,46.4,Net Banking,Verified
INV001183,2024-12-31,119552,redemption,19236,West Bengal,Kolkata,T30,46-55,Male,79.9,UPI,Verified
INV003382,2024-12-31,118633,sip,2024,Karnataka,Bangalore,T30,26-35,Male,19.8,Cheque,Verified
INV000939,2024-12-31,120842,lumpsum,223279,Karnataka,Bangalore,T30,26-35,Male,19.6,UPI,Verified
INV003545,2024-12-31,119599,redemption,150701,Gujarat,Ahmedabad,T30,26-35,Female,15.7,Cheque,Pending
INV003918,2024-12-31,148568,lumpsum,529223,Madhya Pradesh,Indore,T30,56+,Male,51.2,Net Banking,Verified
INV004058,2024-12-31,102887,lumpsum,168526,Tamil Nadu,Chennai,T30,26-35,Male,22.5,Cheque,Verified
INV000778,2024-12-31,120505,sip,2721,Haryana,Faridabad,B30,26-35,Male,16.9,Mandate,Verified
INV001606,2024-12-31,149324,sip,5433,Punjab,Amritsar,B30,26-35,Female,23.4,Cheque,Pending
INV003051,2024-12-31,119095,redemption,264189,Haryana,Faridabad,B30,36-45,Male,40.2,Mandate,Verified
INV004358,2024-12-31,120842,sip,15911,Tamil Nadu,Coimbatore,B30,26-35,Male,6.5,Cheque,Verified
INV002971,2024-12-31,119552,redemption,254064,Tamil Nadu,Coimbatore,B30,36-45,Male,48.3,Net Banking,Verified
INV002349,2024-12-31,120842,redemption,86250,Punjab,Amritsar,B30,26-35,Female,9.6,Cheque,Verified
INV002215,2024-12-31,101207,sip,11523,Madhya Pradesh,Bhopal,B30,18-25,Male,3.4,UPI,Verified
INV000673,2024-12-31,101206,sip,8509,Maharashtra,Nashik,B30,36-45,Male,47.4,Cheque,Pending
INV000698,2024-12-31,119094,sip,9509,Madhya Pradesh,Bhopal,B30,18-25,Male,7.1,Mandate,Verified
INV003508,2024-12-31,120841,sip,1929,Punjab,Amritsar,B30,26-35,Female,19.5,UPI,Verified
INV002992,2024-12-31,149324,sip,13611,Tamil Nadu,Chennai,T30,26-35,Male,14.6,UPI,Verified
INV003373,2024-12-31,148568,lumpsum,224050,Gujarat,Surat,T30,56+,Male,62.9,Net Banking,Verified
INV000624,2024-12-31,120506,redemption,15671,West Bengal,Kolkata,T30,56+,Male,79.6,Net Banking,Verified
INV001945,2024-12-31,100025,sip,491,Gujarat,Ahmedabad,T30,26-35,Male,8.0,Net Banking,Verified
INV003478,2024-12-31,120506,sip,4700,Punjab,Chandigarh,T30,26-35,Male,21.2,Mandate,Verified
INV001804,2024-12-31,120844,sip,1137,Punjab,Amritsar,B30,26-35,Male,20.1,Cheque,Verified
INV004425,2024-12-31,120505,redemption,244124,Haryana,Faridabad,B30,26-35,Female,18.6,Net Banking,Verified
INV004733,2024-12-31,119599,lumpsum,115155,Telangana,Hyderabad,T30,18-25,Male,5.4,Net Banking,Verified
INV003370,2024-12-31,148567,sip,15419,Karnataka,Mysore,B30,56+,Female,54.8,Cheque,Verified
INV001968,2024-12-31,118636,sip,16588,Tamil Nadu,Chennai,T30,26-35,Female,24.9,Net Banking,Verified
INV003487,2024-12-31,102885,lumpsum,361162,Gujarat,Ahmedabad,T30,26-35,Female,12.0,Net Banking,Verified
INV004485,2024-12-31,100025,sip,8081,Haryana,Faridabad,B30,18-25,Male,6.6,Cheque,Verified
INV003756,2024-12-31,125497,sip,2936,Telangana,Hyderabad,T30,26-35,Male,6.9,UPI,Verified
INV002824,2024-12-31,148569,redemption,361822,Rajasthan,Jaipur,T30,56+,Male,42.5,Net Banking,Verified
INV001757,2024-12-31,118636,sip,547,Telangana,Hyderabad,T30,46-55,Male,87.3,Mandate,Verified
INV002374,2024-12-31,125498,sip,2163,Uttar Pradesh,Kanpur,B30,26-35,Female,8.6,Cheque,Verified
INV002363,2024-12-31,118635,sip,806,Punjab,Chandigarh,T30,26-35,Male,12.7,Mandate,Verified
INV003159,2024-12-31,119551,sip,1086,Punjab,Amritsar,B30,36-45,Male,25.9,UPI,Verified
INV002475,2024-12-31,118634,sip,12622,Delhi,New Delhi,T30,26-35,Male,14.4,UPI,Pending
INV003015,2024-12-31,125497,sip,5965,Madhya Pradesh,Indore,T30,18-25,Male,4.4,Net Banking,Verified
INV004697,2024-12-31,120841,lumpsum,42220,Uttar Pradesh,Lucknow,T30,18-25,Female,5.7,Net Banking,Verified
INV002625,2024-12-31,100025,sip,2567,Karnataka,Bangalore,T30,46-55,Female,99.3,Cheque,Verified
INV000568,2024-12-31,119092,sip,29789,Delhi,New Delhi,T30,36-45,Male,48.4,Cheque,Verified
INV000439,2024-12-31,119598,sip,6572,Rajasthan,Udaipur,B30,56+,Male,23.4,Cheque,Verified
INV000428,2024-12-31,149323,sip,10519,Delhi,Gurugram,T30,36-45,Male,27.2,UPI,Verified
INV002316,2024-12-31,120844,lumpsum,148671,Punjab,Amritsar,B30,26-35,Male,16.7,Cheque,Verified
INV000583,2024-12-31,119598,sip,4425,Punjab,Amritsar,B30,26-35,Male,8.7,Cheque,Verified
INV004737,2024-12-31,118635,sip,2549,Madhya Pradesh,Indore,T30,46-55,Male,98.4,UPI,Verified
INV000287,2024-12-31,118634,sip,48039,Uttar Pradesh,Kanpur,B30,56+,Female,15.9,UPI,Verified
INV004986,2024-12-31,101207,lumpsum,167805,Madhya Pradesh,Bhopal,B30,26-35,Male,12.3,Mandate,Verified
INV003972,2024-12-31,100016,sip,28344,Uttar Pradesh,Agra,B30,26-35,Male,10.2,Mandate,Verified
INV004186,2024-12-31,101208,sip,1705,Madhya Pradesh,Bhopal,B30,36-45,Female,41.9,Net Banking,Verified
INV002322,2024-12-31,119552,sip,29488,Tamil Nadu,Chennai,T30,18-25,Male,3.3,Net Banking,Pending
INV004804,2024-12-31,119120,redemption,41983,Maharashtra,Mumbai,T30,36-45,Male,44.1,Net Banking,Verified
INV003973,2024-12-31,148567,lumpsum,141207,Rajasthan,Jaipur,T30,26-35,Male,11.4,Mandate,Verified
INV002642,2024-12-31,118636,lumpsum,224503,Haryana,Gurugram,T30,46-55,Female,48.8,Cheque,Verified
INV000804,2024-12-31,119095,sip,27711,Karnataka,Mysore,B30,36-45,Male,39.7,Cheque,Verified
INV004263,2024-12-31,120842,sip,4116,Delhi,Gurugram,T30,26-35,Female,9.6,Net Banking,Verified
INV004190,2024-12-31,120841,sip,51597,Gujarat,Surat,T30,46-55,Male,38.9,Cheque,Verified
INV001204,2024-12-31,149322,sip,2657,Delhi,New Delhi,T30,36-45,Male,15.3,Mandate,Verified
INV003232,2024-12-31,149322,sip,1693,Maharashtra,Pune,T30,36-45,Female,30.9,Cheque,Verified
INV002308,2024-12-31,101207,sip,28430,Tamil Nadu,Chennai,T30,26-35,Male,19.0,Net Banking,Verified
INV001158,2024-12-31,119092,redemption,12271,Karnataka,Mysore,B30,18-25,Male,6.4,Net Banking,Verified
INV004501,2024-12-31,100016,sip,16641,Delhi,Noida,T30,26-35,Male,11.3,Mandate,Verified
INV003907,2025-01-01,120842,sip,4192,Gujarat,Surat,T30,46-55,Male,62.6,Net Banking,Verified
INV003583,2025-01-01,149322,sip,1129,Maharashtra,Nashik,B30,18-25,Male,4.9,Mandate,Verified
INV000598,2025-01-01,148569,sip,412,Karnataka,Bangalore,T30,26-35,Male,16.6,Net Banking,Verified
INV003635,2025-01-01,120503,sip,2966,West Bengal,Kolkata,T30,56+,Female,55.1,UPI,Verified
INV001770,2025-01-01,149323,lumpsum,112691,Telangana,Hyderabad,T30,18-25,Male,6.3,Net Banking,Verified
INV002095,2025-01-01,120505,lumpsum,237243,Punjab,Amritsar,B30,26-35,Male,9.2,UPI,Verified
INV001921,2025-01-01,119093,sip,23427,Gujarat,Surat,T30,26-35,Female,13.5,Net Banking,Verified
INV000944,2025-01-01,102887,sip,59841,Haryana,Faridabad,B30,36-45,Female,16.9,Mandate,Verified
INV000183,2025-01-01,120504,lumpsum,256898,Tamil Nadu,Coimbatore,B30,26-35,Male,9.8,Net Banking,Verified
INV004655,2025-01-01,118632,lumpsum,17764,Telangana,Hyderabad,T30,36-45,Male,19.7,Net Banking,Pending
INV001865,2025-01-01,149324,sip,4784,Telangana,Hyderabad,T30,18-25,Female,4.3,UPI,Verified
INV001215,2025-01-01,149324,sip,17804,Haryana,Gurugram,T30,36-45,Female,39.3,Net Banking,Verified
INV004822,2025-01-01,119092,sip,482,Rajasthan,Udaipur,B30,26-35,Male,14.8,Net Banking,Verified
INV004848,2025-01-01,102886,sip,2565,Haryana,Gurugram,T30,26-35,Male,15.6,Mandate,Pending
INV002726,2025-01-01,120841,lumpsum,450911,Gujarat,Ahmedabad,T30,36-45,Male,16.9,Cheque,Pending
INV003037,2025-01-01,120505,sip,1786,Telangana,Hyderabad,T30,18-25,Female,7.6,Mandate,Verified
INV000048,2025-01-01,101206,sip,6362,Rajasthan,Jaipur,T30,36-45,Female,15.0,Net Banking,Verified
INV000143,2025-01-01,118636,sip,17758,Haryana,Gurugram,T30,26-35,Male,23.8,Mandate,Verified
INV002425,2025-01-01,118636,sip,29930,Madhya Pradesh,Bhopal,B30,26-35,Male,18.1,Cheque,Verified
INV002932,2025-01-01,119599,lumpsum,386238,Haryana,Gurugram,T30,36-45,Female,28.4,UPI,Verified
INV001598,2025-01-01,120505,redemption,87653,Tamil Nadu,Coimbatore,B30,36-45,Male,48.2,UPI,Verified
INV003176,2025-01-01,102885,sip,2156,Haryana,Gurugram,T30,46-55,Male,51.6,Mandate,Verified
INV002012,2025-01-01,102886,sip,2906,Telangana,Hyderabad,T30,36-45,Male,38.4,Mandate,Verified
INV002125,2025-01-01,118634,sip,2247,Haryana,Faridabad,B30,26-35,Female,7.9,Mandate,Pending
INV004985,2025-01-01,101206,lumpsum,93316,Madhya Pradesh,Indore,T30,56+,Female,79.4,Cheque,Verified
INV004703,2025-01-01,149323,lumpsum,144222,Gujarat,Ahmedabad,T30,56+,Female,45.6,Net Banking,Verified
INV003391,2025-01-01,119092,sip,58941,West Bengal,Kolkata,T30,26-35,Male,20.2,UPI,Verified
INV002743,2025-01-01,118636,sip,15117,Haryana,Gurugram,T30,56+,Male,49.8,Cheque,Verified
INV001801,2025-01-01,120505,sip,2921,Delhi,New Delhi,T30,36-45,Male,44.3,Net Banking,Verified
INV003494,2025-01-01,100033,redemption,322906,Punjab,Chandigarh,T30,26-35,Female,18.6,Net Banking,Verified
INV000356,2025-01-01,101206,sip,51308,Haryana,Faridabad,B30,56+,Male,71.7,Net Banking,Verified
INV002454,2025-01-01,101208,lumpsum,83950,Uttar Pradesh,Agra,B30,36-45,Male,37.5,UPI,Verified
INV003024,2025-01-01,119598,sip,7305,Maharashtra,Pune,T30,36-45,Female,43.1,Mandate,Verified
INV004037,2025-01-01,101208,sip,7271,Gujarat,Ahmedabad,T30,26-35,Male,20.8,Net Banking,Verified
INV002660,2025-01-01,119095,lumpsum,567057,Uttar Pradesh,Lucknow,T30,36-45,Male,28.2,UPI,Verified
INV001094,2025-01-01,100016,sip,2650,Haryana,Gurugram,T30,26-35,Male,21.6,Mandate,Verified
INV004350,2025-01-01,102886,sip,10945,Delhi,Noida,T30,36-45,Male,13.0,Cheque,Verified
INV004389,2025-01-01,149323,lumpsum,249135,Karnataka,Mysore,B30,36-45,Male,53.3,UPI,Verified
INV004225,2025-01-01,120506,sip,895,Karnataka,Bangalore,T30,26-35,Male,24.8,Net Banking,Verified
INV004877,2025-01-01,119093,sip,962,Karnataka,Mysore,B30,26-35,Male,18.0,UPI,Verified
INV001505,2025-01-01,102886,sip,44335,Uttar Pradesh,Lucknow,T30,26-35,Female,17.0,Cheque,Verified
INV003903,2025-01-01,120506,sip,24198,Karnataka,Mysore,B30,18-25,Female,6.6,Cheque,Verified
INV001976,2025-01-01,118632,lumpsum,240900,Madhya Pradesh,Indore,T30,26-35,Female,6.1,Mandate,Verified
INV003448,2025-01-01,102886,sip,2359,Rajasthan,Udaipur,B30,26-35,Male,16.4,UPI,Verified
INV002424,2025-01-01,120843,lumpsum,488919,Telangana,Hyderabad,T30,56+,Female,51.2,UPI,Verified
INV003257,2025-01-01,119120,sip,13684,Rajasthan,Jaipur,T30,56+,Male,34.8,Net Banking,Verified
INV004372,2025-01-01,100016,lumpsum,60499,Haryana,Faridabad,B30,26-35,Female,22.9,Mandate,Verified
INV004243,2025-01-01,125498,lumpsum,158362,Punjab,Amritsar,B30,36-45,Female,38.7,Net Banking,Verified
INV003587,2025-01-01,119120,sip,2260,Telangana,Hyderabad,T30,26-35,Female,16.4,UPI,Verified
INV004278,2025-01-01,119092,sip,1667,Punjab,Chandigarh,T30,26-35,Male,21.8,Net Banking,Verified
INV001693,2025-01-01,101207,lumpsum,64605,Tamil Nadu,Coimbatore,B30,36-45,Male,49.0,Net Banking,Verified
INV004889,2025-01-01,148568,lumpsum,345706,Rajasthan,Jaipur,T30,46-55,Male,34.5,Cheque,Verified
INV002258,2025-01-01,149322,sip,50241,Madhya Pradesh,Bhopal,B30,36-45,Male,33.7,Net Banking,Verified
INV002388,2025-01-01,149323,sip,25911,Haryana,Faridabad,B30,18-25,Male,4.8,Net Banking,Verified
INV001780,2025-01-01,120503,redemption,67453,Punjab,Amritsar,B30,46-55,Male,84.1,Net Banking,Verified
INV004418,2025-01-01,100033,redemption,165316,Haryana,Faridabad,B30,26-35,Female,23.2,Cheque,Verified
INV002230,2025-01-01,119552,sip,2382,Delhi,Noida,T30,36-45,Male,21.7,Mandate,Verified
INV003041,2025-01-01,120505,lumpsum,354047,Madhya Pradesh,Bhopal,B30,36-45,Male,32.0,Cheque,Verified
INV000539,2025-01-01,100016,sip,11037,Haryana,Faridabad,B30,26-35,Female,13.4,UPI,Verified
INV002980,2025-01-01,119599,sip,2417,Maharashtra,Pune,T30,26-35,Male,22.4,Cheque,Pending
INV002096,2025-01-01,100033,lumpsum,118261,Delhi,New Delhi,T30,18-25,Female,6.9,Cheque,Verified
INV003401,2025-01-01,148569,lumpsum,66684,Rajasthan,Jaipur,T30,26-35,Female,18.1,Mandate,Verified
INV001261,2025-01-01,120503,sip,14576,Rajasthan,Jaipur,T30,46-55,Male,50.0,Mandate,Verified
INV004774,2025-01-01,148567,sip,17985,Tamil Nadu,Coimbatore,B30,36-45,Male,21.8,Cheque,Verified
INV001615,2025-01-01,120842,sip,12072,Tamil Nadu,Chennai,T30,26-35,Male,15.7,Cheque,Verified
INV004959,2025-01-01,102886,sip,6851,Delhi,New Delhi,T30,18-25,Female,5.8,UPI,Pending
INV003279,2025-01-01,120507,sip,17981,Rajasthan,Jaipur,T30,46-55,Female,19.4,Mandate,Verified
INV002491,2025-01-01,120507,sip,13240,Karnataka,Mysore,B30,18-25,Male,4.4,Mandate,Verified
INV001152,2025-01-01,118633,sip,6958,Punjab,Amritsar,B30,56+,Male,61.7,Mandate,Pending
INV004591,2025-01-01,120841,sip,2620,Tamil Nadu,Chennai,T30,26-35,Male,7.8,Net Banking,Verified
INV002621,2025-01-01,119599,sip,2369,Uttar Pradesh,Agra,B30,26-35,Female,22.6,UPI,Verified
INV000193,2025-01-01,101206,lumpsum,315962,Delhi,Gurugram,T30,26-35,Female,11.6,Cheque,Verified
INV000182,2025-01-01,148569,sip,2386,Tamil Nadu,Chennai,T30,36-45,Male,38.1,Net Banking,Verified
INV000906,2025-01-01,119598,sip,3017,Maharashtra,Mumbai,T30,26-35,Male,20.7,Mandate,Verified
INV001952,2025-01-01,149322,sip,10460,Uttar Pradesh,Agra,B30,36-45,Male,22.1,Cheque,Verified
INV004487,2025-01-01,120505,redemption,398662,Maharashtra,Nashik,B30,26-35,Female,24.4,Mandate,Verified
INV002401,2025-01-01,101207,sip,2242,West Bengal,Kolkata,T30,26-35,Male,20.9,Net Banking,Verified
INV003844,2025-01-02,119552,sip,25966,Maharashtra,Nashik,B30,26-35,Female,15.9,Mandate,Verified
INV002389,2025-01-02,118636,sip,5855,Haryana,Faridabad,B30,36-45,Male,50.8,Net Banking,Verified
INV003654,2025-01-02,119120,lumpsum,326887,Delhi,New Delhi,T30,18-25,Male,6.6,UPI,Verified
INV004574,2025-01-02,101207,lumpsum,344366,Maharashtra,Mumbai,T30,36-45,Male,54.3,Net Banking,Verified
INV003674,2025-01-02,102887,sip,2944,Uttar Pradesh,Kanpur,B30,36-45,Male,32.8,Cheque,Verified
INV003043,2025-01-02,120503,redemption,369450,Karnataka,Bangalore,T30,26-35,Male,21.2,UPI,Verified
INV000390,2025-01-02,125498,sip,5654,Karnataka,Bangalore,T30,26-35,Male,24.9,Mandate,Verified
INV004003,2025-01-02,125498,lumpsum,365784,West Bengal,Kolkata,T30,26-35,Male,9.5,Net Banking,Pending
INV001037,2025-01-02,120503,sip,22350,Haryana,Faridabad,B30,36-45,Female,41.8,Cheque,Pending
INV004061,2025-01-02,120505,sip,2760,Punjab,Chandigarh,T30,26-35,Male,22.2,UPI,Verified
INV002334,2025-01-02,101207,lumpsum,433686,Gujarat,Surat,T30,56+,Male,40.4,Cheque,Pending
INV000412,2025-01-02,102887,sip,16713,Rajasthan,Udaipur,B30,18-25,Male,7.4,Net Banking,Verified
INV000394,2025-01-02,120841,redemption,222864,Maharashtra,Mumbai,T30,26-35,Male,12.2,Net Banking,Verified
INV002155,2025-01-02,148568,lumpsum,357351,Telangana,Hyderabad,T30,56+,Male,26.2,UPI,Verified
INV003801,2025-01-02,149324,sip,1090,Punjab,Chandigarh,T30,26-35,Male,17.8,UPI,Verified
INV001446,2025-01-02,148567,sip,2231,Delhi,Noida,T30,26-35,Male,6.6,Net Banking,Verified
INV003666,2025-01-02,120507,sip,7614,Gujarat,Surat,T30,18-25,Male,4.3,UPI,Verified
INV004686,2025-01-02,120843,redemption,360465,Punjab,Amritsar,B30,36-45,Female,37.2,UPI,Verified
INV001000,2025-01-02,118636,redemption,53907,Delhi,Gurugram,T30,18-25,Male,5.5,UPI,Verified
INV000469,2025-01-02,149324,lumpsum,373576,Tamil Nadu,Coimbatore,B30,18-25,Male,4.7,Net Banking,Pending
INV002968,2025-01-02,119092,sip,2264,West Bengal,Kolkata,T30,36-45,Female,16.2,Cheque,Verified
INV003559,2025-01-02,119551,sip,1813,Uttar Pradesh,Kanpur,B30,26-35,Female,9.4,Cheque,Verified
INV003014,2025-01-02,120844,sip,4665,Karnataka,Bangalore,T30,26-35,Female,12.3,UPI,Verified
INV000467,2025-01-02,119095,sip,537,Karnataka,Bangalore,T30,18-25,Female,7.1,Net Banking,Verified
INV003592,2025-01-02,120504,sip,4198,Madhya Pradesh,Indore,T30,56+,Female,27.6,UPI,Verified
INV004692,2025-01-02,120507,lumpsum,85936,Madhya Pradesh,Bhopal,B30,26-35,Male,11.6,UPI,Verified
INV001489,2025-01-02,120506,sip,1856,Delhi,Gurugram,T30,36-45,Female,16.5,Mandate,Verified
INV001784,2025-01-02,118633,sip,9843,Madhya Pradesh,Bhopal,B30,26-35,Male,15.5,UPI,Verified
INV004138,2025-01-02,119094,lumpsum,248026,Madhya Pradesh,Indore,T30,36-45,Male,18.2,Mandate,Verified
INV001732,2025-01-02,125497,sip,23377,Gujarat,Surat,T30,18-25,Female,5.7,Net Banking,Verified
INV003232,2025-01-02,101206,lumpsum,395580,Maharashtra,Pune,T30,36-45,Female,30.9,Cheque,Verified
INV000057,2025-01-02,120507,lumpsum,378367,Tamil Nadu,Chennai,T30,36-45,Male,59.9,Mandate,Verified
INV004864,2025-01-02,125498,sip,4634,Punjab,Amritsar,B30,26-35,Female,10.5,Mandate,Verified
INV004531,2025-01-02,102886,sip,10837,Haryana,Gurugram,T30,26-35,Male,8.4,Net Banking,Verified
INV003294,2025-01-02,119552,sip,7369,Madhya Pradesh,Bhopal,B30,26-35,Female,11.1,Mandate,Verified
INV003292,2025-01-02,148567,redemption,144200,Uttar Pradesh,Kanpur,B30,56+,Female,55.0,Cheque,Pending
INV001242,2025-01-02,102886,sip,2222,Tamil Nadu,Chennai,T30,36-45,Male,57.8,Net Banking,Verified
INV001660,2025-01-02,125498,sip,2057,Karnataka,Bangalore,T30,18-25,Female,6.4,Mandate,Verified
INV000840,2025-01-02,101208,lumpsum,287107,Punjab,Chandigarh,T30,26-35,Male,15.3,UPI,Verified
INV004372,2025-01-02,101208,sip,2285,Haryana,Faridabad,B30,26-35,Female,22.9,Mandate,Verified
INV000201,2025-01-02,101207,sip,493,Madhya Pradesh,Indore,T30,46-55,Male,87.0,Cheque,Verified
INV004917,2025-01-02,119120,sip,1868,Uttar Pradesh,Kanpur,B30,26-35,Male,18.3,Net Banking,Verified
INV001629,2025-01-02,118635,sip,540,Madhya Pradesh,Indore,T30,26-35,Male,15.0,Net Banking,Pending
INV002726,2025-01-02,148567,sip,2114,Gujarat,Ahmedabad,T30,36-45,Male,16.9,Mandate,Verified
INV000654,2025-01-02,118634,sip,57906,Rajasthan,Udaipur,B30,18-25,Female,7.9,Mandate,Verified
INV001921,2025-01-02,101208,lumpsum,420793,Gujarat,Surat,T30,26-35,Female,13.5,Cheque,Verified
INV002776,2025-01-02,120841,lumpsum,213304,Tamil Nadu,Coimbatore,B30,18-25,Male,5.8,Net Banking,Verified
INV003376,2025-01-02,148569,sip,2349,Delhi,New Delhi,T30,36-45,Male,44.4,UPI,Verified
INV001174,2025-01-02,120842,lumpsum,76780,Maharashtra,Nashik,B30,36-45,Male,12.7,Mandate,Verified
INV000646,2025-01-02,102887,sip,1774,Uttar Pradesh,Lucknow,T30,26-35,Female,23.9,Cheque,Verified
INV003815,2025-01-02,120843,sip,7191,Gujarat,Surat,T30,36-45,Male,38.7,UPI,Verified
INV004400,2025-01-02,120505,sip,27902,Uttar Pradesh,Agra,B30,26-35,Male,19.5,Cheque,Verified
INV003225,2025-01-02,119094,sip,3098,West Bengal,Kolkata,T30,26-35,Male,9.2,Net Banking,Verified
INV000097,2025-01-02,148568,redemption,5884,Karnataka,Mysore,B30,18-25,Male,6.0,UPI,Verified
INV001875,2025-01-02,119120,lumpsum,76831,Karnataka,Mysore,B30,56+,Female,64.4,Net Banking,Verified
INV003091,2025-01-02,119093,sip,498,Delhi,New Delhi,T30,36-45,Female,36.4,Cheque,Verified
INV000625,2025-01-02,118635,lumpsum,138811,Rajasthan,Jaipur,T30,46-55,Female,19.7,Cheque,Verified
INV001599,2025-01-02,101206,lumpsum,500481,Haryana,Faridabad,B30,36-45,Female,31.0,Mandate,Verified
INV004148,2025-01-02,149323,lumpsum,375104,Madhya Pradesh,Bhopal,B30,18-25,Male,5.1,Mandate,Verified
INV004254,2025-01-02,118634,lumpsum,364142,Madhya Pradesh,Bhopal,B30,36-45,Male,58.3,Net Banking,Verified
INV003304,2025-01-02,120842,sip,50126,Telangana,Hyderabad,T30,18-25,Female,4.8,UPI,Verified
INV002021,2025-01-02,120843,lumpsum,90540,Maharashtra,Pune,T30,36-45,Male,38.6,Mandate,Verified
INV003824,2025-01-02,120842,sip,27809,Telangana,Hyderabad,T30,26-35,Male,9.4,UPI,Verified
INV003741,2025-01-02,100033,sip,481,Madhya Pradesh,Bhopal,B30,36-45,Male,30.3,Mandate,Verified
INV002642,2025-01-02,120505,sip,26253,Haryana,Gurugram,T30,46-55,Female,48.8,UPI,Verified
INV003791,2025-01-02,119094,lumpsum,264085,Tamil Nadu,Coimbatore,B30,46-55,Male,77.4,Net Banking,Verified
INV000040,2025-01-02,125498,sip,10477,Karnataka,Mysore,B30,26-35,Male,14.7,UPI,Verified
INV002654,2025-01-02,148568,redemption,212372,Delhi,New Delhi,T30,36-45,Female,38.2,Mandate,Verified
INV003500,2025-01-02,120506,sip,57795,Maharashtra,Mumbai,T30,26-35,Male,15.5,Cheque,Verified
INV003900,2025-01-02,100033,sip,2773,Gujarat,Ahmedabad,T30,36-45,Male,27.7,Net Banking,Verified
INV000050,2025-01-02,120504,sip,23180,Maharashtra,Pune,T30,36-45,Male,13.4,UPI,Verified
INV001869,2025-01-02,118636,sip,59835,Uttar Pradesh,Lucknow,T30,46-55,Male,30.6,Mandate,Verified
INV000563,2025-01-02,101207,redemption,434722,Uttar Pradesh,Lucknow,T30,26-35,Male,15.5,Cheque,Verified
INV003858,2025-01-02,118634,lumpsum,337018,Rajasthan,Jaipur,T30,36-45,Male,21.6,Net Banking,Verified
INV000032,2025-01-02,148568,sip,2856,Delhi,Noida,T30,36-45,Male,21.8,Mandate,Verified
INV004851,2025-01-03,118632,lumpsum,291357,Uttar Pradesh,Lucknow,T30,26-35,Male,9.3,Cheque,Verified
INV003512,2025-01-03,119095,lumpsum,276049,Delhi,Gurugram,T30,56+,Female,31.5,UPI,Verified
INV002196,2025-01-03,119120,sip,1159,Delhi,Gurugram,T30,26-35,Female,23.6,Net Banking,Verified
INV004074,2025-01-03,119599,sip,1812,Gujarat,Ahmedabad,T30,46-55,Female,85.0,UPI,Verified
INV003661,2025-01-03,102886,sip,2397,Delhi,Noida,T30,18-25,Female,6.4,Cheque,Verified
INV000248,2025-01-03,101207,sip,1963,Madhya Pradesh,Indore,T30,36-45,Female,28.6,Net Banking,Verified
INV000144,2025-01-03,100033,sip,8777,Delhi,Noida,T30,26-35,Male,19.1,UPI,Pending
INV004466,2025-01-03,119120,sip,7220,Gujarat,Surat,T30,18-25,Female,3.7,UPI,Verified
INV000888,2025-01-03,102885,sip,7326,Gujarat,Ahmedabad,T30,26-35,Male,21.9,Cheque,Verified
INV002600,2025-01-03,119599,lumpsum,267253,Madhya Pradesh,Bhopal,B30,36-45,Female,54.1,Cheque,Pending
INV004602,2025-01-03,120842,sip,6902,Delhi,Noida,T30,26-35,Female,9.4,UPI,Verified
INV001397,2025-01-03,118633,lumpsum,171271,Delhi,New Delhi,T30,26-35,Male,20.8,Net Banking,Verified
INV001102,2025-01-03,120842,sip,22101,West Bengal,Kolkata,T30,46-55,Male,22.2,Net Banking,Verified
INV003023,2025-01-03,120843,sip,472,Gujarat,Ahmedabad,T30,26-35,Female,13.6,Net Banking,Verified
INV001178,2025-01-03,119095,sip,3515,West Bengal,Kolkata,T30,26-35,Female,10.3,Net Banking,Verified
INV003663,2025-01-03,119551,lumpsum,447144,Delhi,Gurugram,T30,26-35,Female,19.0,UPI,Verified
INV002847,2025-01-03,119120,sip,8485,Haryana,Faridabad,B30,26-35,Male,13.4,Net Banking,Verified
INV000259,2025-01-03,125497,sip,2091,Tamil Nadu,Coimbatore,B30,36-45,Male,17.2,Mandate,Verified
INV004738,2025-01-03,102886,sip,2873,Uttar Pradesh,Kanpur,B30,56+,Female,52.6,UPI,Verified
INV000334,2025-01-03,101206,redemption,307074,Uttar Pradesh,Lucknow,T30,56+,Male,22.6,Cheque,Verified
INV003354,2025-01-03,120507,lumpsum,68361,Punjab,Chandigarh,T30,46-55,Male,48.5,Cheque,Pending
INV003410,2025-01-03,119094,sip,513,Madhya Pradesh,Indore,T30,26-35,Male,7.7,Cheque,Verified
INV002635,2025-01-03,100016,sip,417,Telangana,Hyderabad,T30,18-25,Male,3.8,Net Banking,Verified
INV001832,2025-01-03,148569,lumpsum,399640,Punjab,Chandigarh,T30,18-25,Male,3.8,UPI,Verified
INV004326,2025-01-03,125498,sip,8164,Delhi,Gurugram,T30,26-35,Male,7.5,Mandate,Verified
INV000328,2025-01-03,120504,sip,3500,Madhya Pradesh,Bhopal,B30,26-35,Male,19.6,Mandate,Verified
INV001843,2025-01-03,119599,sip,495,West Bengal,Kolkata,T30,46-55,Male,51.9,Net Banking,Pending
INV004962,2025-01-03,120503,redemption,439134,Uttar Pradesh,Agra,B30,18-25,Male,6.7,Mandate,Pending
INV001855,2025-01-03,119551,sip,10685,Uttar Pradesh,Lucknow,T30,26-35,Male,22.2,Cheque,Verified
INV003643,2025-01-03,119120,lumpsum,38020,Telangana,Hyderabad,T30,36-45,Male,48.4,Cheque,Pending
INV002357,2025-01-03,125498,redemption,253224,Delhi,Gurugram,T30,26-35,Male,7.8,UPI,Verified
INV002872,2025-01-03,148567,sip,2090,West Bengal,Kolkata,T30,36-45,Male,47.5,Net Banking,Verified
INV004226,2025-01-03,148569,redemption,414007,Punjab,Chandigarh,T30,18-25,Male,3.9,Mandate,Verified
INV001880,2025-01-03,119599,lumpsum,266314,Madhya Pradesh,Bhopal,B30,26-35,Male,23.0,UPI,Verified
INV001728,2025-01-03,118636,sip,6795,Karnataka,Bangalore,T30,26-35,Male,17.0,Net Banking,Verified
INV001141,2025-01-03,119094,sip,10795,West Bengal,Kolkata,T30,18-25,Female,3.0,Cheque,Verified
INV000665,2025-01-03,148568,lumpsum,357468,Rajasthan,Udaipur,B30,26-35,Female,6.6,Mandate,Verified
INV000999,2025-01-03,120843,lumpsum,13015,Telangana,Hyderabad,T30,26-35,Male,15.6,Cheque,Verified
INV001130,2025-01-03,148569,sip,1676,Rajasthan,Jaipur,T30,18-25,Female,3.2,Net Banking,Verified
INV004990,2025-01-03,100016,sip,7908,Maharashtra,Nashik,B30,26-35,Female,9.5,UPI,Verified
INV002285,2025-01-03,120503,sip,27205,Telangana,Hyderabad,T30,18-25,Male,6.6,Net Banking,Verified
INV003250,2025-01-03,119552,lumpsum,49073,Gujarat,Ahmedabad,T30,26-35,Male,11.3,Net Banking,Verified
INV004901,2025-01-03,120504,sip,488,Haryana,Gurugram,T30,26-35,Female,10.8,Cheque,Verified
INV003592,2025-01-03,119598,sip,52998,Madhya Pradesh,Indore,T30,56+,Female,27.6,UPI,Verified
INV002556,2025-01-03,120506,sip,436,Delhi,Noida,T30,26-35,Male,8.1,Cheque,Verified
INV003940,2025-01-03,118632,sip,8533,West Bengal,Kolkata,T30,36-45,Male,21.6,Mandate,Verified
INV001514,2025-01-03,101208,sip,55657,Delhi,Gurugram,T30,46-55,Male,75.8,Net Banking,Verified
INV000466,2025-01-03,119095,sip,54004,Haryana,Faridabad,B30,18-25,Male,4.4,Cheque,Verified
INV003556,2025-01-03,102885,sip,1070,Karnataka,Mysore,B30,18-25,Male,3.7,UPI,Verified
INV004529,2025-01-03,118635,lumpsum,6016,Uttar Pradesh,Kanpur,B30,18-25,Male,6.3,Cheque,Verified
INV001075,2025-01-03,118634,sip,24394,Punjab,Chandigarh,T30,26-35,Female,24.5,UPI,Verified
INV000958,2025-01-03,100025,sip,2153,Delhi,Gurugram,T30,56+,Male,74.6,Cheque,Verified
INV003097,2025-01-03,118635,lumpsum,544849,Punjab,Chandigarh,T30,26-35,Male,21.5,Mandate,Verified
INV000201,2025-01-03,118635,sip,5213,Madhya Pradesh,Indore,T30,46-55,Male,87.0,Mandate,Pending
INV000925,2025-01-03,118636,sip,1748,Karnataka,Mysore,B30,18-25,Male,3.6,Mandate,Verified
INV004124,2025-01-03,120843,sip,49187,Maharashtra,Nashik,B30,56+,Male,76.4,Cheque,Verified
INV004128,2025-01-03,118635,sip,14353,Haryana,Faridabad,B30,18-25,Male,3.3,Cheque,Verified
INV003051,2025-01-03,120842,lumpsum,316361,Haryana,Faridabad,B30,36-45,Male,40.2,Net Banking,Verified
INV004100,2025-01-03,125497,redemption,45830,Delhi,Gurugram,T30,26-35,Male,20.7,Net Banking,Verified
INV000768,2025-01-03,148568,sip,8975,Delhi,Noida,T30,56+,Male,12.2,Mandate,Verified
INV000946,2025-01-03,120506,sip,23131,Karnataka,Bangalore,T30,46-55,Female,37.3,Mandate,Verified
INV000538,2025-01-03,119599,sip,28910,West Bengal,Kolkata,T30,36-45,Male,26.5,Mandate,Verified
INV001718,2025-01-04,120503,lumpsum,85350,Gujarat,Ahmedabad,T30,26-35,Male,11.3,Mandate,Verified
INV004282,2025-01-04,148567,sip,1135,Punjab,Amritsar,B30,26-35,Male,20.8,Mandate,Verified
INV002469,2025-01-04,119551,redemption,500933,Tamil Nadu,Chennai,T30,26-35,Female,12.3,Cheque,Verified
INV001222,2025-01-04,102885,lumpsum,117016,Delhi,Noida,T30,26-35,Female,14.9,Cheque,Verified
INV000108,2025-01-04,120841,lumpsum,321657,Uttar Pradesh,Agra,B30,36-45,Male,26.2,Cheque,Verified
INV001624,2025-01-04,102887,sip,4880,Uttar Pradesh,Lucknow,T30,26-35,Female,18.4,Cheque,Verified
INV002736,2025-01-04,120506,sip,519,Karnataka,Mysore,B30,18-25,Female,6.2,UPI,Verified
INV003188,2025-01-04,118633,sip,8333,Tamil Nadu,Coimbatore,B30,26-35,Male,11.0,Cheque,Verified
INV002180,2025-01-04,118635,sip,46305,Delhi,Gurugram,T30,18-25,Male,5.1,Cheque,Verified
INV000676,2025-01-04,102885,sip,47732,Rajasthan,Udaipur,B30,56+,Male,71.7,Cheque,Verified
INV002137,2025-01-04,119599,lumpsum,205095,Tamil Nadu,Coimbatore,B30,36-45,Male,17.6,Cheque,Verified
INV000615,2025-01-04,102885,sip,5135,Punjab,Amritsar,B30,36-45,Male,60.0,Cheque,Verified
INV000453,2025-01-04,118632,redemption,35733,Rajasthan,Udaipur,B30,46-55,Male,40.4,Mandate,Verified
INV001503,2025-01-04,120843,lumpsum,193010,Telangana,Hyderabad,T30,18-25,Male,6.4,Net Banking,Verified
INV003937,2025-01-04,120842,sip,9182,Maharashtra,Nashik,B30,56+,Male,31.8,UPI,Verified
INV001543,2025-01-04,149324,sip,478,Delhi,New Delhi,T30,26-35,Male,21.1,UPI,Verified
INV001920,2025-01-04,149324,sip,524,Madhya Pradesh,Indore,T30,36-45,Female,24.5,Mandate,Pending
INV002518,2025-01-04,102886,redemption,385422,Karnataka,Bangalore,T30,36-45,Male,39.4,Net Banking,Verified
INV000927,2025-01-04,101207,redemption,446527,West Bengal,Kolkata,T30,46-55,Male,80.9,Mandate,Verified
INV003948,2025-01-04,119598,sip,2231,Madhya Pradesh,Indore,T30,18-25,Female,7.5,Mandate,Pending
INV001690,2025-01-04,119095,sip,9146,Rajasthan,Jaipur,T30,36-45,Male,27.6,Net Banking,Verified
INV001462,2025-01-04,100016,sip,1183,Gujarat,Surat,T30,26-35,Male,19.4,Cheque,Verified
INV002993,2025-01-04,148569,sip,10292,Maharashtra,Pune,T30,46-55,Male,36.0,Mandate,Verified
INV003247,2025-01-04,119092,sip,42616,Madhya Pradesh,Indore,T30,46-55,Female,93.1,Mandate,Verified
INV000994,2025-01-04,118636,sip,8614,Maharashtra,Pune,T30,26-35,Female,6.1,UPI,Verified
INV003945,2025-01-04,120504,sip,28295,Gujarat,Ahmedabad,T30,46-55,Female,48.3,UPI,Verified
INV000413,2025-01-04,120842,lumpsum,38618,Haryana,Gurugram,T30,36-45,Female,49.8,Cheque,Verified
INV003452,2025-01-04,149324,sip,1966,Haryana,Faridabad,B30,18-25,Male,4.5,Cheque,Verified
INV000994,2025-01-04,120843,lumpsum,444484,Maharashtra,Pune,T30,26-35,Female,6.1,Mandate,Verified
INV001460,2025-01-04,149323,lumpsum,395507,Uttar Pradesh,Kanpur,B30,36-45,Male,45.4,Cheque,Verified
INV001259,2025-01-04,120507,redemption,133234,Telangana,Hyderabad,T30,26-35,Female,10.6,Cheque,Verified
INV001701,2025-01-04,120842,redemption,105154,Karnataka,Mysore,B30,26-35,Female,24.4,Mandate,Verified
INV002987,2025-01-04,118635,redemption,557964,West Bengal,Kolkata,T30,18-25,Male,4.4,Cheque,Verified
INV003598,2025-01-04,148569,sip,3351,Delhi,Gurugram,T30,26-35,Female,12.7,Net Banking,Pending
INV004761,2025-01-04,100033,sip,1927,Madhya Pradesh,Indore,T30,26-35,Male,21.4,Cheque,Verified
INV001460,2025-01-04,120841,lumpsum,411504,Uttar Pradesh,Kanpur,B30,36-45,Male,45.4,Cheque,Verified
INV003205,2025-01-04,125498,lumpsum,376043,Punjab,Chandigarh,T30,26-35,Female,16.1,Cheque,Verified
INV003095,2025-01-04,148568,lumpsum,31817,Madhya Pradesh,Bhopal,B30,18-25,Male,5.1,Net Banking,Verified
INV004199,2025-01-04,119598,sip,541,Tamil Nadu,Chennai,T30,56+,Male,76.5,Net Banking,Verified
INV004826,2025-01-04,102887,lumpsum,278351,Tamil Nadu,Coimbatore,B30,26-35,Male,14.7,Cheque,Verified
INV001885,2025-01-04,149322,redemption,97188,Karnataka,Bangalore,T30,26-35,Male,18.8,Mandate,Verified
INV004820,2025-01-04,120505,sip,40283,Punjab,Chandigarh,T30,26-35,Male,10.4,Cheque,Verified
INV002327,2025-01-04,118634,sip,920,Punjab,Amritsar,B30,26-35,Male,7.0,Cheque,Verified
INV004481,2025-01-04,120503,lumpsum,386174,Rajasthan,Jaipur,T30,46-55,Male,60.1,Mandate,Verified
INV002641,2025-01-04,102887,sip,2063,Maharashtra,Nashik,B30,56+,Male,27.1,Mandate,Verified
INV000950,2025-01-04,118636,redemption,304303,Punjab,Amritsar,B30,36-45,Male,33.1,Cheque,Verified
INV002374,2025-01-04,120505,redemption,358620,Uttar Pradesh,Kanpur,B30,26-35,Female,8.6,Mandate,Verified
INV000714,2025-01-04,149322,sip,1164,Uttar Pradesh,Kanpur,B30,26-35,Female,23.8,Mandate,Verified
INV002562,2025-01-04,120503,sip,43246,Telangana,Hyderabad,T30,26-35,Male,8.7,UPI,Verified
INV001641,2025-01-04,119095,sip,4294,Haryana,Faridabad,B30,26-35,Male,15.4,Net Banking,Verified
INV003525,2025-01-04,120505,sip,1024,Karnataka,Mysore,B30,36-45,Male,36.1,Net Banking,Verified
INV004038,2025-01-04,120843,sip,462,Gujarat,Surat,T30,26-35,Female,24.6,Mandate,Verified
INV002034,2025-01-04,120503,sip,866,Uttar Pradesh,Lucknow,T30,26-35,Male,10.0,UPI,Verified
INV003405,2025-01-04,118636,sip,2315,Rajasthan,Jaipur,T30,26-35,Male,11.5,Mandate,Pending
INV001603,2025-01-04,119552,redemption,223622,Uttar Pradesh,Agra,B30,46-55,Female,53.9,Cheque,Verified
INV002338,2025-01-04,148568,sip,48511,Delhi,New Delhi,T30,26-35,Male,23.6,Net Banking,Verified
INV002267,2025-01-04,118633,redemption,335804,Haryana,Faridabad,B30,18-25,Male,4.7,Net Banking,Verified
INV003317,2025-01-04,119092,sip,26620,Delhi,New Delhi,T30,18-25,Male,6.6,UPI,Verified
INV002125,2025-01-04,101206,lumpsum,155914,Haryana,Faridabad,B30,26-35,Female,7.9,Mandate,Verified
INV001227,2025-01-04,102886,redemption,151245,Tamil Nadu,Coimbatore,B30,36-45,Male,58.3,Net Banking,Verified
INV004694,2025-01-04,119093,lumpsum,95871,Gujarat,Surat,T30,26-35,Male,9.9,Mandate,Verified
INV000304,2025-01-04,118634,redemption,408619,West Bengal,Kolkata,T30,36-45,Male,25.6,Cheque,Verified
INV004252,2025-01-04,120504,redemption,41800,Haryana,Faridabad,B30,36-45,Male,58.7,Mandate,Verified
INV002630,2025-01-04,125498,sip,1100,Punjab,Amritsar,B30,36-45,Male,19.6,Mandate,Verified
INV000795,2025-01-04,119094,redemption,41659,Uttar Pradesh,Kanpur,B30,36-45,Male,37.2,Cheque,Verified
INV000688,2025-01-04,102887,sip,11135,Madhya Pradesh,Bhopal,B30,36-45,Male,24.1,Cheque,Verified
INV001583,2025-01-04,119092,lumpsum,398895,Delhi,Gurugram,T30,18-25,Male,3.1,Mandate,Verified
INV004298,2025-01-04,119551,redemption,103034,Gujarat,Ahmedabad,T30,36-45,Female,55.5,Mandate,Verified
INV000029,2025-01-05,149323,redemption,48411,Rajasthan,Udaipur,B30,26-35,Female,7.6,UPI,Verified
INV001926,2025-01-05,120841,lumpsum,33161,Uttar Pradesh,Agra,B30,46-55,Female,26.9,Net Banking,Verified
INV000328,2025-01-05,119599,lumpsum,129964,Madhya Pradesh,Bhopal,B30,26-35,Male,19.6,UPI,Verified
INV004392,2025-01-05,119552,lumpsum,85603,West Bengal,Kolkata,T30,18-25,Male,6.7,UPI,Pending
INV002704,2025-01-05,118633,sip,4844,Delhi,Noida,T30,36-45,Female,47.8,Cheque,Verified
INV001308,2025-01-05,120505,sip,7535,Rajasthan,Jaipur,T30,36-45,Male,19.3,Net Banking,Pending
INV004636,2025-01-05,102887,sip,2176,Uttar Pradesh,Kanpur,B30,18-25,Female,5.0,Mandate,Verified
INV001827,2025-01-05,120842,redemption,115624,Haryana,Faridabad,B30,36-45,Female,54.3,UPI,Verified
INV002634,2025-01-05,119092,sip,42822,Madhya Pradesh,Bhopal,B30,26-35,Male,10.7,Cheque,Verified
INV000851,2025-01-05,119120,sip,14592,Tamil Nadu,Chennai,T30,36-45,Male,39.2,Mandate,Verified
INV001753,2025-01-05,120843,sip,10766,Rajasthan,Jaipur,T30,26-35,Male,10.0,UPI,Verified
INV002582,2025-01-05,119598,sip,2042,Telangana,Hyderabad,T30,26-35,Female,11.1,Mandate,Verified
INV003236,2025-01-05,120504,sip,14715,Madhya Pradesh,Bhopal,B30,18-25,Male,3.4,Mandate,Verified
INV004254,2025-01-05,102886,lumpsum,428090,Madhya Pradesh,Bhopal,B30,36-45,Male,58.3,Mandate,Verified
INV002935,2025-01-05,119599,sip,3500,Madhya Pradesh,Indore,T30,18-25,Male,5.6,UPI,Pending
INV000109,2025-01-05,118634,sip,1039,Karnataka,Bangalore,T30,26-35,Female,15.0,Cheque,Verified
INV000015,2025-01-05,102887,sip,48468,Gujarat,Surat,T30,36-45,Male,27.8,UPI,Verified
INV002637,2025-01-05,118633,redemption,113686,Telangana,Hyderabad,T30,26-35,Male,14.4,Net Banking,Verified
INV000847,2025-01-05,120506,sip,7108,West Bengal,Kolkata,T30,26-35,Female,17.8,Mandate,Verified
INV001809,2025-01-05,101208,sip,1116,Telangana,Hyderabad,T30,46-55,Male,80.5,Cheque,Verified
INV002879,2025-01-05,120844,sip,28997,Tamil Nadu,Coimbatore,B30,46-55,Male,26.0,Net Banking,Verified
INV002340,2025-01-05,118632,redemption,521481,Uttar Pradesh,Agra,B30,26-35,Female,7.3,Mandate,Verified
INV003645,2025-01-05,102886,sip,579,Punjab,Amritsar,B30,26-35,Male,13.4,Net Banking,Verified
INV002591,2025-01-05,125498,sip,2091,Gujarat,Ahmedabad,T30,18-25,Male,3.7,Cheque,Verified
INV002239,2025-01-05,149322,redemption,162899,Gujarat,Surat,T30,26-35,Male,8.9,Net Banking,Verified
INV000744,2025-01-05,102886,lumpsum,389237,Uttar Pradesh,Kanpur,B30,56+,Female,49.8,Cheque,Verified
INV000939,2025-01-05,149324,sip,1788,Karnataka,Bangalore,T30,26-35,Male,19.6,Mandate,Verified
INV000944,2025-01-05,101206,redemption,120506,Haryana,Faridabad,B30,36-45,Female,16.9,Cheque,Verified
INV004016,2025-01-05,120504,lumpsum,283080,Delhi,New Delhi,T30,36-45,Male,21.0,Mandate,Verified
INV004542,2025-01-05,119552,lumpsum,365044,Maharashtra,Pune,T30,36-45,Male,53.7,Cheque,Verified
INV003920,2025-01-05,118635,sip,8063,Punjab,Chandigarh,T30,26-35,Male,20.3,Net Banking,Verified
INV000291,2025-01-05,118632,sip,46829,Madhya Pradesh,Indore,T30,18-25,Female,6.2,Mandate,Verified
INV000209,2025-01-05,148568,sip,503,Haryana,Faridabad,B30,18-25,Female,5.7,Net Banking,Pending
INV000667,2025-01-05,102885,sip,2604,Telangana,Hyderabad,T30,26-35,Male,7.5,Net Banking,Verified
INV002619,2025-01-05,119598,redemption,245275,Gujarat,Ahmedabad,T30,18-25,Male,3.4,Cheque,Verified
INV000267,2025-01-05,125498,lumpsum,335883,Telangana,Hyderabad,T30,26-35,Male,17.7,Mandate,Verified
INV003062,2025-01-05,119598,lumpsum,197421,Haryana,Faridabad,B30,46-55,Male,96.3,Net Banking,Verified
INV002786,2025-01-05,119120,sip,53361,Tamil Nadu,Coimbatore,B30,26-35,Female,13.3,Cheque,Verified
INV000515,2025-01-05,118632,lumpsum,372699,Delhi,Noida,T30,18-25,Male,5.1,Cheque,Verified
INV000494,2025-01-05,118632,sip,2559,Punjab,Amritsar,B30,56+,Male,30.4,Mandate,Verified
INV000769,2025-01-05,120504,sip,4520,West Bengal,Kolkata,T30,36-45,Male,41.1,UPI,Pending
INV000491,2025-01-05,119092,sip,11155,Madhya Pradesh,Indore,T30,56+,Male,58.2,Mandate,Verified
INV002974,2025-01-05,100025,sip,23197,Telangana,Hyderabad,T30,26-35,Female,21.9,UPI,Verified
INV004203,2025-01-05,100033,redemption,30755,Madhya Pradesh,Indore,T30,18-25,Male,7.9,Cheque,Verified
INV001521,2025-01-05,119093,sip,490,Haryana,Faridabad,B30,18-25,Male,4.9,Mandate,Verified
INV000931,2025-01-05,101207,redemption,240341,Tamil Nadu,Coimbatore,B30,26-35,Male,11.3,Cheque,Verified
INV000823,2025-01-05,120507,lumpsum,326698,Madhya Pradesh,Bhopal,B30,46-55,Male,41.5,Cheque,Verified
INV003783,2025-01-05,100033,sip,6416,Madhya Pradesh,Indore,T30,18-25,Male,3.5,Net Banking,Verified
INV001423,2025-01-05,120504,sip,3467,Madhya Pradesh,Bhopal,B30,18-25,Female,7.7,Cheque,Verified
INV000838,2025-01-05,101208,sip,11556,Madhya Pradesh,Bhopal,B30,26-35,Male,21.9,Net Banking,Verified
INV001465,2025-01-05,120844,sip,5150,Punjab,Amritsar,B30,26-35,Male,21.0,UPI,Verified
INV003105,2025-01-05,101208,lumpsum,33438,Rajasthan,Jaipur,T30,18-25,Female,6.0,Mandate,Verified
INV002607,2025-01-05,101206,redemption,481766,Rajasthan,Udaipur,B30,36-45,Male,57.5,UPI,Verified
INV002821,2025-01-05,149324,redemption,92740,Gujarat,Ahmedabad,T30,36-45,Male,49.9,Net Banking,Verified
INV004466,2025-01-05,120503,lumpsum,455178,Gujarat,Surat,T30,18-25,Female,3.7,Cheque,Pending
INV003209,2025-01-05,120844,sip,1040,Delhi,Gurugram,T30,46-55,Male,76.0,Net Banking,Verified
INV001788,2025-01-05,119598,sip,55583,Tamil Nadu,Chennai,T30,18-25,Female,4.8,Mandate,Verified
INV004997,2025-01-05,120844,sip,40521,Tamil Nadu,Coimbatore,B30,36-45,Female,54.3,UPI,Verified
INV001397,2025-01-05,125497,sip,5105,Delhi,New Delhi,T30,26-35,Male,20.8,Cheque,Verified
INV002195,2025-01-05,101208,sip,9570,Telangana,Hyderabad,T30,26-35,Male,24.5,Net Banking,Verified
INV003015,2025-01-05,125497,sip,3333,Madhya Pradesh,Indore,T30,18-25,Male,4.4,Net Banking,Verified
INV000130,2025-01-05,120503,lumpsum,407190,Madhya Pradesh,Indore,T30,56+,Female,69.4,Net Banking,Verified
INV001777,2025-01-05,100016,sip,1114,West Bengal,Kolkata,T30,18-25,Female,7.6,Cheque,Pending
INV000131,2025-01-05,119095,sip,8694,Telangana,Hyderabad,T30,36-45,Female,16.8,UPI,Verified
INV002192,2025-01-05,100033,sip,1824,Uttar Pradesh,Lucknow,T30,18-25,Male,6.9,UPI,Verified
INV000559,2025-01-05,119093,sip,29648,Madhya Pradesh,Indore,T30,26-35,Male,6.1,Mandate,Verified
INV004995,2025-01-05,125498,sip,10017,West Bengal,Kolkata,T30,36-45,Male,53.0,Mandate,Verified
INV004093,2025-01-05,101207,sip,21073,Punjab,Amritsar,B30,36-45,Male,23.6,Cheque,Verified
INV004135,2025-01-05,119092,sip,1144,Tamil Nadu,Coimbatore,B30,26-35,Female,18.7,UPI,Verified
INV003533,2025-01-05,120507,lumpsum,8301,Telangana,Hyderabad,T30,56+,Female,11.4,UPI,Verified
INV003139,2025-01-05,120841,redemption,444108,Karnataka,Mysore,B30,36-45,Male,39.4,Cheque,Verified
INV004770,2025-01-05,119093,sip,2681,Gujarat,Surat,T30,18-25,Female,5.2,Net Banking,Verified
INV001051,2025-01-05,120841,sip,2731,Haryana,Gurugram,T30,26-35,Male,8.2,Net Banking,Verified
INV002071,2025-01-05,120506,lumpsum,416117,Punjab,Chandigarh,T30,56+,Male,61.1,UPI,Verified
INV004272,2025-01-05,120506,redemption,484878,Madhya Pradesh,Bhopal,B30,46-55,Female,25.5,Net Banking,Pending
INV002810,2025-01-05,101207,sip,2039,Punjab,Amritsar,B30,36-45,Male,33.2,Net Banking,Verified
INV004098,2025-01-05,119599,lumpsum,430240,Delhi,Noida,T30,26-35,Male,11.3,Cheque,Verified
INV000576,2025-01-05,119599,lumpsum,271099,Delhi,New Delhi,T30,46-55,Male,79.7,UPI,Verified
INV003958,2025-01-05,149324,sip,2606,Haryana,Faridabad,B30,18-25,Male,6.6,Net Banking,Verified
INV000757,2025-01-06,125497,lumpsum,51168,Madhya Pradesh,Indore,T30,36-45,Male,25.4,UPI,Verified
INV002917,2025-01-06,119599,lumpsum,65969,Maharashtra,Pune,T30,18-25,Male,6.4,Mandate,Verified
INV002366,2025-01-06,118636,lumpsum,560419,Telangana,Hyderabad,T30,26-35,Female,20.4,UPI,Verified
INV000814,2025-01-06,125497,sip,16576,Delhi,New Delhi,T30,26-35,Male,17.8,Mandate,Verified
INV003366,2025-01-06,120505,sip,6916,Madhya Pradesh,Bhopal,B30,18-25,Male,3.3,Net Banking,Verified
INV001894,2025-01-06,100033,lumpsum,235087,Delhi,New Delhi,T30,26-35,Male,21.1,UPI,Pending
INV004443,2025-01-06,149324,lumpsum,33500,Maharashtra,Nashik,B30,26-35,Female,13.0,Net Banking,Verified
INV003757,2025-01-06,149324,redemption,42454,Uttar Pradesh,Agra,B30,18-25,Male,3.7,UPI,Verified
INV000600,2025-01-06,149322,lumpsum,267369,Maharashtra,Mumbai,T30,26-35,Male,17.3,UPI,Verified
INV002698,2025-01-06,101207,redemption,283801,Maharashtra,Pune,T30,26-35,Male,20.9,UPI,Verified
INV004472,2025-01-06,102887,sip,10912,West Bengal,Kolkata,T30,26-35,Female,19.1,Cheque,Verified
INV002864,2025-01-06,100016,redemption,92968,Madhya Pradesh,Bhopal,B30,26-35,Male,6.8,Mandate,Verified
INV004364,2025-01-06,119120,sip,2609,West Bengal,Kolkata,T30,36-45,Male,30.6,Net Banking,Verified
INV002682,2025-01-06,120506,sip,12895,Karnataka,Mysore,B30,26-35,Male,17.9,UPI,Verified
INV002664,2025-01-06,125497,sip,7551,Karnataka,Bangalore,T30,26-35,Male,17.3,Net Banking,Pending
INV000309,2025-01-06,101208,sip,3296,Delhi,Gurugram,T30,26-35,Male,18.1,Mandate,Verified
INV001564,2025-01-06,102885,redemption,188778,Haryana,Faridabad,B30,46-55,Male,43.2,Mandate,Verified
INV001378,2025-01-06,101207,lumpsum,267607,Delhi,Noida,T30,36-45,Male,21.1,Cheque,Verified
INV004912,2025-01-06,125498,sip,1971,West Bengal,Kolkata,T30,18-25,Male,6.4,Net Banking,Verified
INV001797,2025-01-06,100025,sip,11520,Punjab,Amritsar,B30,26-35,Female,6.8,Mandate,Verified
INV003711,2025-01-06,102887,lumpsum,475319,Telangana,Hyderabad,T30,36-45,Female,13.1,Net Banking,Verified
INV003082,2025-01-06,118633,sip,4905,Telangana,Hyderabad,T30,26-35,Male,18.7,Mandate,Verified
INV002101,2025-01-06,101206,sip,985,Uttar Pradesh,Lucknow,T30,26-35,Male,14.7,UPI,Verified
INV004526,2025-01-06,118634,lumpsum,100035,West Bengal,Kolkata,T30,36-45,Male,19.9,Net Banking,Verified
INV003673,2025-01-06,119094,sip,15026,Maharashtra,Mumbai,T30,26-35,Male,23.5,Mandate,Verified
INV004374,2025-01-06,119095,sip,21730,Maharashtra,Nashik,B30,36-45,Female,16.5,UPI,Verified
INV002019,2025-01-06,102886,sip,25049,Delhi,New Delhi,T30,36-45,Male,19.8,Mandate,Verified
INV003265,2025-01-06,100025,sip,433,Rajasthan,Jaipur,T30,36-45,Female,46.8,UPI,Verified
INV000877,2025-01-06,118632,lumpsum,327466,Telangana,Hyderabad,T30,36-45,Female,15.8,UPI,Verified
INV003546,2025-01-06,119551,sip,404,West Bengal,Kolkata,T30,36-45,Male,16.2,Mandate,Verified
INV000675,2025-01-06,101206,sip,2567,Uttar Pradesh,Kanpur,B30,36-45,Male,27.9,Mandate,Verified
INV000950,2025-01-06,118636,sip,8081,Punjab,Amritsar,B30,36-45,Male,33.1,Cheque,Verified
INV002427,2025-01-06,119551,redemption,427973,Karnataka,Mysore,B30,18-25,Female,6.5,UPI,Verified
INV000120,2025-01-06,118632,sip,6927,Tamil Nadu,Chennai,T30,26-35,Male,24.4,UPI,Verified
INV003230,2025-01-06,148569,sip,42392,Punjab,Amritsar,B30,18-25,Female,3.2,UPI,Verified
INV000732,2025-01-06,120506,lumpsum,286585,Haryana,Faridabad,B30,46-55,Female,40.8,Cheque,Verified
INV003569,2025-01-06,120505,sip,10709,Delhi,Gurugram,T30,46-55,Male,65.1,Net Banking,Pending
INV003762,2025-01-06,118633,sip,43917,Telangana,Hyderabad,T30,36-45,Male,39.4,Mandate,Verified
INV000638,2025-01-06,119120,redemption,342186,Rajasthan,Udaipur,B30,26-35,Male,12.7,UPI,Verified
INV002270,2025-01-06,100025,redemption,276870,Madhya Pradesh,Indore,T30,46-55,Female,23.9,Mandate,Verified
INV004285,2025-01-06,120507,sip,1720,Punjab,Chandigarh,T30,26-35,Male,8.0,UPI,Verified
INV004195,2025-01-06,120503,sip,2466,Tamil Nadu,Coimbatore,B30,26-35,Male,9.1,Net Banking,Verified
INV001067,2025-01-06,102886,lumpsum,440047,Haryana,Gurugram,T30,26-35,Male,16.6,Cheque,Verified
INV000762,2025-01-06,119095,sip,4312,Delhi,Gurugram,T30,36-45,Female,29.8,Net Banking,Verified
INV004522,2025-01-06,120503,lumpsum,429229,Punjab,Chandigarh,T30,46-55,Female,69.1,Cheque,Verified
INV001598,2025-01-06,120505,redemption,369677,Tamil Nadu,Coimbatore,B30,36-45,Male,48.2,Cheque,Verified
INV004296,2025-01-06,120505,sip,4986,Telangana,Hyderabad,T30,26-35,Male,18.2,Mandate,Verified
INV003356,2025-01-06,119552,redemption,247511,Uttar Pradesh,Agra,B30,26-35,Female,11.0,Mandate,Verified
INV001955,2025-01-06,119599,sip,4046,Madhya Pradesh,Bhopal,B30,26-35,Female,16.4,Cheque,Verified
INV000981,2025-01-06,118636,sip,51527,West Bengal,Kolkata,T30,36-45,Female,59.7,Net Banking,Pending
INV002351,2025-01-06,149324,redemption,402324,Gujarat,Ahmedabad,T30,36-45,Male,18.9,Cheque,Verified
INV004279,2025-01-06,119551,redemption,338402,Gujarat,Ahmedabad,T30,36-45,Male,35.7,Mandate,Verified
INV004560,2025-01-06,119552,sip,8509,Tamil Nadu,Coimbatore,B30,36-45,Male,42.7,Cheque,Verified
INV002914,2025-01-06,100025,sip,56512,Rajasthan,Udaipur,B30,18-25,Male,7.4,UPI,Verified
INV004159,2025-01-07,101207,lumpsum,138427,Delhi,Noida,T30,18-25,Male,6.3,UPI,Verified
INV003357,2025-01-07,101206,redemption,184856,Madhya Pradesh,Bhopal,B30,26-35,Female,15.3,Cheque,Verified
INV004752,2025-01-07,119552,sip,17728,Delhi,Gurugram,T30,36-45,Female,14.9,UPI,Verified
INV004655,2025-01-07,125498,redemption,143226,Telangana,Hyderabad,T30,36-45,Male,19.7,Mandate,Verified
INV003404,2025-01-07,119092,lumpsum,161613,Tamil Nadu,Chennai,T30,36-45,Male,26.8,Mandate,Verified
INV000283,2025-01-07,100025,sip,8943,West Bengal,Kolkata,T30,46-55,Male,18.1,UPI,Verified
INV002160,2025-01-07,120843,lumpsum,231105,Rajasthan,Udaipur,B30,18-25,Male,6.9,Net Banking,Verified
INV001284,2025-01-07,119552,redemption,415468,West Bengal,Kolkata,T30,36-45,Male,49.0,Mandate,Verified
INV002270,2025-01-07,118635,sip,42946,Madhya Pradesh,Indore,T30,46-55,Female,23.9,Mandate,Verified
INV003694,2025-01-07,119599,sip,1001,Madhya Pradesh,Bhopal,B30,26-35,Female,24.1,Net Banking,Verified
INV004699,2025-01-07,118635,redemption,495280,Delhi,Gurugram,T30,46-55,Female,69.7,UPI,Verified
INV003408,2025-01-07,149324,sip,1661,West Bengal,Kolkata,T30,18-25,Male,6.1,Net Banking,Verified
INV003531,2025-01-07,148568,sip,5932,Delhi,Gurugram,T30,36-45,Male,41.9,Mandate,Verified
INV002124,2025-01-07,101208,sip,20269,Tamil Nadu,Coimbatore,B30,18-25,Male,5.0,UPI,Verified
INV002008,2025-01-07,125497,sip,2071,Haryana,Gurugram,T30,46-55,Male,83.3,Cheque,Verified
INV003894,2025-01-07,120504,lumpsum,21947,Tamil Nadu,Coimbatore,B30,26-35,Male,14.9,UPI,Verified
INV001629,2025-01-07,119551,lumpsum,152791,Madhya Pradesh,Indore,T30,26-35,Male,15.0,Net Banking,Verified
INV002036,2025-01-07,149322,lumpsum,200110,Madhya Pradesh,Indore,T30,26-35,Male,23.2,Net Banking,Verified
INV004672,2025-01-07,148569,sip,3113,Rajasthan,Jaipur,T30,26-35,Male,23.9,UPI,Verified
INV003666,2025-01-07,119598,lumpsum,242127,Gujarat,Surat,T30,18-25,Male,4.3,UPI,Verified
INV000169,2025-01-07,125497,sip,3537,Rajasthan,Jaipur,T30,26-35,Male,6.9,Mandate,Verified
INV000168,2025-01-07,119095,lumpsum,138871,Rajasthan,Jaipur,T30,26-35,Male,9.7,Mandate,Pending
INV004295,2025-01-07,118636,sip,20702,Karnataka,Bangalore,T30,36-45,Male,50.6,UPI,Pending
INV003168,2025-01-07,100033,sip,9929,Uttar Pradesh,Lucknow,T30,18-25,Male,5.1,Cheque,Pending
INV003419,2025-01-07,119120,lumpsum,313703,Maharashtra,Pune,T30,18-25,Male,5.3,UPI,Verified
INV000163,2025-01-07,119598,sip,1002,Uttar Pradesh,Kanpur,B30,46-55,Male,70.4,Net Banking,Verified
INV003553,2025-01-07,148569,redemption,321749,Punjab,Amritsar,B30,36-45,Male,33.0,Cheque,Verified
INV001206,2025-01-07,118633,sip,2637,Delhi,Noida,T30,26-35,Male,11.7,Cheque,Verified
INV001448,2025-01-07,102887,sip,4297,Telangana,Hyderabad,T30,26-35,Female,14.2,Net Banking,Verified
INV003304,2025-01-07,119599,sip,49906,Telangana,Hyderabad,T30,18-25,Female,4.8,Mandate,Verified
INV000310,2025-01-07,148568,sip,1860,Delhi,Noida,T30,36-45,Male,58.4,Net Banking,Verified
INV003151,2025-01-07,148567,redemption,37532,Tamil Nadu,Coimbatore,B30,56+,Female,69.5,Cheque,Verified
INV004040,2025-01-07,120506,sip,534,Gujarat,Ahmedabad,T30,36-45,Male,54.3,Mandate,Verified
INV003412,2025-01-07,118632,lumpsum,91112,Rajasthan,Jaipur,T30,18-25,Male,7.8,Net Banking,Verified
INV002252,2025-01-07,100033,redemption,330683,Maharashtra,Pune,T30,36-45,Female,46.4,Cheque,Verified
INV003779,2025-01-07,148569,sip,550,Delhi,New Delhi,T30,26-35,Male,21.9,Mandate,Verified
INV004048,2025-01-07,120507,sip,8723,Delhi,New Delhi,T30,26-35,Male,13.0,Mandate,Verified
INV000617,2025-01-07,120844,lumpsum,211092,Delhi,Gurugram,T30,26-35,Female,11.8,Mandate,Verified
INV001391,2025-01-07,119120,sip,45464,Madhya Pradesh,Bhopal,B30,36-45,Male,18.5,Cheque,Verified
INV002422,2025-01-07,149323,sip,1136,Tamil Nadu,Chennai,T30,36-45,Male,20.5,Cheque,Verified
INV004428,2025-01-07,100016,redemption,153024,Rajasthan,Udaipur,B30,26-35,Female,6.7,Net Banking,Verified
INV001916,2025-01-07,102886,sip,403,Haryana,Gurugram,T30,26-35,Male,11.0,Mandate,Verified
INV000746,2025-01-07,119599,lumpsum,144178,Madhya Pradesh,Bhopal,B30,36-45,Male,49.8,UPI,Verified
INV002198,2025-01-07,100016,sip,4997,Delhi,Gurugram,T30,36-45,Female,43.3,UPI,Verified
INV000626,2025-01-07,119599,lumpsum,431981,Haryana,Gurugram,T30,26-35,Female,12.3,Mandate,Verified
INV002510,2025-01-07,120506,sip,3031,Karnataka,Mysore,B30,36-45,Male,32.6,Mandate,Pending
INV003230,2025-01-07,119094,sip,2466,Punjab,Amritsar,B30,18-25,Female,3.2,Net Banking,Verified
INV004804,2025-01-07,100016,sip,10955,Maharashtra,Mumbai,T30,36-45,Male,44.1,Net Banking,Verified
INV000306,2025-01-07,118632,sip,417,Maharashtra,Mumbai,T30,26-35,Female,19.4,Net Banking,Verified
INV001274,2025-01-07,148568,sip,10309,Maharashtra,Mumbai,T30,36-45,Female,55.7,Net Banking,Verified
INV004639,2025-01-07,100016,sip,2511,Rajasthan,Jaipur,T30,18-25,Female,6.0,UPI,Pending
INV003102,2025-01-07,119552,sip,47454,Maharashtra,Pune,T30,18-25,Male,4.3,Cheque,Verified
INV001921,2025-01-07,119551,sip,2759,Gujarat,Surat,T30,26-35,Female,13.5,Cheque,Verified
INV000847,2025-01-07,120504,redemption,505170,West Bengal,Kolkata,T30,26-35,Female,17.8,UPI,Verified
INV001288,2025-01-07,149324,sip,6394,Telangana,Hyderabad,T30,26-35,Male,21.8,Net Banking,Verified
INV000416,2025-01-07,148568,sip,3571,Maharashtra,Nashik,B30,26-35,Male,6.8,Cheque,Verified
INV001937,2025-01-07,119120,sip,11837,Haryana,Gurugram,T30,18-25,Male,7.8,UPI,Verified
INV004193,2025-01-07,148569,lumpsum,363551,Telangana,Hyderabad,T30,26-35,Male,17.1,Net Banking,Verified
INV003210,2025-01-07,148567,sip,482,Haryana,Faridabad,B30,36-45,Female,23.1,Net Banking,Verified
INV000865,2025-01-07,100033,sip,48817,Tamil Nadu,Coimbatore,B30,26-35,Male,24.2,Mandate,Verified
INV003901,2025-01-07,125497,sip,4655,Delhi,Gurugram,T30,46-55,Male,45.4,UPI,Verified
INV003289,2025-01-07,120504,sip,29618,Uttar Pradesh,Lucknow,T30,26-35,Male,11.2,UPI,Verified
INV001168,2025-01-07,119552,sip,2857,West Bengal,Kolkata,T30,46-55,Male,50.9,UPI,Verified
INV003220,2025-01-07,119095,redemption,347908,Madhya Pradesh,Bhopal,B30,26-35,Male,7.6,Cheque,Verified
INV001890,2025-01-07,101207,sip,820,Madhya Pradesh,Bhopal,B30,26-35,Male,21.9,UPI,Verified
INV003286,2025-01-07,118634,lumpsum,301979,Tamil Nadu,Chennai,T30,36-45,Female,41.2,Net Banking,Verified
INV002540,2025-01-07,125498,sip,570,Uttar Pradesh,Agra,B30,26-35,Male,10.8,UPI,Verified
INV003478,2025-01-07,119552,sip,5311,Punjab,Chandigarh,T30,26-35,Male,21.2,UPI,Verified
INV002186,2025-01-07,120843,lumpsum,51232,Haryana,Faridabad,B30,18-25,Female,7.9,Net Banking,Verified
INV003795,2025-01-07,118632,lumpsum,420460,West Bengal,Kolkata,T30,18-25,Male,7.6,Net Banking,Verified
INV001251,2025-01-07,118636,redemption,344652,Punjab,Chandigarh,T30,26-35,Female,11.7,Cheque,Verified
INV004182,2025-01-07,119551,sip,14626,Delhi,New Delhi,T30,26-35,Male,10.8,Net Banking,Verified
INV000645,2025-01-07,102886,sip,14346,Karnataka,Bangalore,T30,18-25,Male,3.9,Mandate,Verified
INV000085,2025-01-07,102886,sip,2306,Gujarat,Surat,T30,26-35,Female,14.6,Net Banking,Verified
INV000249,2025-01-07,120505,sip,55682,Punjab,Amritsar,B30,26-35,Male,13.4,Cheque,Verified
INV004807,2025-01-07,118634,sip,2137,Maharashtra,Mumbai,T30,36-45,Male,31.4,Cheque,Verified
INV001507,2025-01-07,101207,sip,5674,Uttar Pradesh,Lucknow,T30,26-35,Male,20.4,Cheque,Verified
INV001771,2025-01-07,102887,lumpsum,239653,Gujarat,Surat,T30,46-55,Male,85.9,Cheque,Verified
INV004805,2025-01-07,102887,sip,25450,Madhya Pradesh,Indore,T30,26-35,Female,7.6,Net Banking,Verified
INV003234,2025-01-07,101207,sip,4534,Telangana,Hyderabad,T30,26-35,Male,13.5,Cheque,Verified
INV003146,2025-01-08,119599,sip,8628,Rajasthan,Udaipur,B30,26-35,Male,20.2,Cheque,Verified
INV001620,2025-01-08,100016,sip,8874,Punjab,Amritsar,B30,26-35,Male,8.1,Mandate,Verified
INV003697,2025-01-08,148569,lumpsum,83388,Maharashtra,Mumbai,T30,18-25,Male,6.3,Mandate,Verified
INV002639,2025-01-08,120506,sip,2854,Gujarat,Ahmedabad,T30,36-45,Male,20.7,Cheque,Verified
INV001937,2025-01-08,100016,sip,3035,Haryana,Gurugram,T30,18-25,Male,7.8,Net Banking,Verified
INV004884,2025-01-08,119120,sip,2855,Karnataka,Bangalore,T30,18-25,Male,4.7,Mandate,Verified
INV003762,2025-01-08,149323,sip,2776,Telangana,Hyderabad,T30,36-45,Male,39.4,UPI,Verified
INV003899,2025-01-08,120842,sip,5789,Haryana,Gurugram,T30,36-45,Female,21.3,Mandate,Verified
INV003111,2025-01-08,148567,sip,2184,Delhi,Gurugram,T30,18-25,Female,5.9,Cheque,Verified
INV001801,2025-01-08,148568,sip,10520,Delhi,New Delhi,T30,36-45,Male,44.3,Mandate,Verified
INV000482,2025-01-08,118635,redemption,341379,Maharashtra,Mumbai,T30,26-35,Male,7.6,Net Banking,Verified
INV001553,2025-01-08,149323,sip,28082,Delhi,Noida,T30,26-35,Male,23.5,UPI,Verified
INV000400,2025-01-08,125497,sip,950,Punjab,Chandigarh,T30,26-35,Male,22.1,Cheque,Verified
INV001820,2025-01-08,118636,lumpsum,192847,Maharashtra,Mumbai,T30,36-45,Female,39.3,Net Banking,Verified
INV003387,2025-01-08,118635,sip,7640,Gujarat,Ahmedabad,T30,36-45,Male,15.4,Net Banking,Verified
INV004516,2025-01-08,149322,sip,24125,Haryana,Gurugram,T30,36-45,Male,14.4,UPI,Verified
INV003695,2025-01-08,120506,sip,7699,Karnataka,Bangalore,T30,36-45,Male,31.0,UPI,Verified
INV000859,2025-01-08,148567,sip,532,Gujarat,Surat,T30,18-25,Female,7.1,Net Banking,Verified
INV000987,2025-01-08,100025,sip,480,Punjab,Amritsar,B30,26-35,Male,18.7,Cheque,Verified
INV001303,2025-01-08,100033,redemption,354420,Delhi,Noida,T30,56+,Male,52.6,Net Banking,Verified
INV001265,2025-01-08,119599,sip,5943,Tamil Nadu,Coimbatore,B30,26-35,Male,20.3,Cheque,Verified
INV003627,2025-01-08,118632,redemption,57488,Telangana,Hyderabad,T30,36-45,Male,39.9,Net Banking,Verified
INV000733,2025-01-08,148569,sip,8892,Uttar Pradesh,Lucknow,T30,18-25,Male,3.9,Net Banking,Verified
INV002049,2025-01-08,118635,lumpsum,427294,Tamil Nadu,Coimbatore,B30,36-45,Female,36.8,Cheque,Verified
INV003908,2025-01-08,119551,sip,563,Tamil Nadu,Coimbatore,B30,26-35,Female,13.8,Net Banking,Verified
INV004841,2025-01-08,120841,sip,2173,West Bengal,Kolkata,T30,26-35,Male,21.4,Mandate,Verified
INV001941,2025-01-08,125498,lumpsum,82922,Uttar Pradesh,Lucknow,T30,56+,Male,32.7,Net Banking,Verified
INV000995,2025-01-08,120504,sip,3159,Delhi,New Delhi,T30,56+,Male,34.6,Cheque,Verified
INV000931,2025-01-08,118636,sip,5071,Tamil Nadu,Coimbatore,B30,26-35,Male,11.3,UPI,Verified
INV003575,2025-01-08,120843,lumpsum,393325,West Bengal,Kolkata,T30,18-25,Male,4.7,Net Banking,Verified
INV001476,2025-01-08,120841,sip,6000,Rajasthan,Jaipur,T30,36-45,Male,38.1,Cheque,Verified
INV003684,2025-01-08,118636,lumpsum,226621,Karnataka,Bangalore,T30,36-45,Male,42.9,UPI,Verified
INV000540,2025-01-08,101206,sip,3564,Tamil Nadu,Coimbatore,B30,26-35,Female,10.4,Mandate,Verified
INV003811,2025-01-08,119092,sip,8770,Gujarat,Surat,T30,46-55,Female,83.6,Cheque,Verified
INV003600,2025-01-08,118633,sip,2159,West Bengal,Kolkata,T30,56+,Female,19.3,Net Banking,Verified
INV003510,2025-01-08,119093,sip,2816,Uttar Pradesh,Kanpur,B30,46-55,Male,72.7,Net Banking,Verified
INV000480,2025-01-08,101206,lumpsum,275788,Maharashtra,Mumbai,T30,18-25,Male,6.2,Net Banking,Pending
INV000427,2025-01-08,125498,redemption,49136,Punjab,Amritsar,B30,56+,Female,18.6,Net Banking,Verified
INV001423,2025-01-08,119552,sip,5228,Madhya Pradesh,Bhopal,B30,18-25,Female,7.7,Mandate,Verified
INV003706,2025-01-08,149323,sip,9617,Punjab,Amritsar,B30,36-45,Female,27.2,Mandate,Verified
INV000241,2025-01-08,120844,lumpsum,139245,Telangana,Hyderabad,T30,26-35,Female,16.5,Net Banking,Verified
INV004657,2025-01-08,118635,sip,7624,Madhya Pradesh,Indore,T30,26-35,Female,23.0,Cheque,Verified
INV002283,2025-01-08,119092,sip,47241,Karnataka,Bangalore,T30,26-35,Female,14.5,Net Banking,Verified
INV004258,2025-01-08,120841,lumpsum,112804,Gujarat,Ahmedabad,T30,36-45,Male,56.6,UPI,Verified
INV003851,2025-01-08,101208,lumpsum,238164,Karnataka,Bangalore,T30,46-55,Male,60.6,Mandate,Verified
INV002152,2025-01-08,118635,redemption,179064,Tamil Nadu,Coimbatore,B30,46-55,Male,69.8,UPI,Verified
INV000051,2025-01-08,100025,lumpsum,453519,Haryana,Gurugram,T30,36-45,Male,21.0,UPI,Verified
INV002159,2025-01-08,120504,lumpsum,239885,Haryana,Gurugram,T30,26-35,Male,7.0,Net Banking,Verified
INV002951,2025-01-08,149322,sip,11498,Karnataka,Bangalore,T30,36-45,Male,58.6,Mandate,Verified
INV001060,2025-01-08,148567,sip,2085,Telangana,Hyderabad,T30,36-45,Male,29.0,Cheque,Verified
INV004821,2025-01-08,149322,redemption,24480,Tamil Nadu,Coimbatore,B30,26-35,Female,21.6,Mandate,Verified
INV002258,2025-01-08,119552,sip,13593,Madhya Pradesh,Bhopal,B30,36-45,Male,33.7,Cheque,Verified
INV002545,2025-01-08,100025,redemption,411048,Haryana,Faridabad,B30,36-45,Male,31.5,UPI,Verified
INV004962,2025-01-08,119093,sip,3168,Uttar Pradesh,Agra,B30,18-25,Male,6.7,Net Banking,Verified
INV003982,2025-01-08,119551,redemption,77962,Tamil Nadu,Coimbatore,B30,36-45,Female,34.4,Cheque,Verified
INV004850,2025-01-08,119094,redemption,357722,Madhya Pradesh,Bhopal,B30,56+,Male,34.8,Net Banking,Verified
INV000563,2025-01-08,101207,redemption,50115,Uttar Pradesh,Lucknow,T30,26-35,Male,15.5,Mandate,Verified
INV002444,2025-01-08,149324,lumpsum,395989,Uttar Pradesh,Lucknow,T30,18-25,Female,3.8,Mandate,Verified
INV003457,2025-01-08,148568,sip,24127,Karnataka,Bangalore,T30,36-45,Male,48.6,Net Banking,Verified
INV000707,2025-01-08,101206,sip,2356,Karnataka,Mysore,B30,36-45,Female,46.6,Net Banking,Verified
INV003457,2025-01-08,149322,lumpsum,232784,Karnataka,Bangalore,T30,36-45,Male,48.6,Cheque,Verified
INV002066,2025-01-08,120503,sip,22119,West Bengal,Kolkata,T30,26-35,Female,23.3,UPI,Verified
INV003456,2025-01-08,100033,sip,12400,Telangana,Hyderabad,T30,26-35,Male,7.5,Net Banking,Verified
INV004544,2025-01-08,119095,lumpsum,121603,Maharashtra,Mumbai,T30,36-45,Male,52.1,UPI,Verified
INV000166,2025-01-08,118633,sip,7122,Telangana,Hyderabad,T30,26-35,Male,24.4,Cheque,Verified
INV002285,2025-01-09,102885,sip,2803,Telangana,Hyderabad,T30,18-25,Male,6.6,Net Banking,Verified
INV001798,2025-01-09,118632,lumpsum,363615,Tamil Nadu,Chennai,T30,36-45,Female,21.3,Mandate,Verified
INV000754,2025-01-09,100033,redemption,121469,West Bengal,Kolkata,T30,26-35,Male,8.0,Net Banking,Verified
INV001762,2025-01-09,102885,lumpsum,390732,Punjab,Amritsar,B30,18-25,Female,7.5,Net Banking,Verified
INV001022,2025-01-09,119599,lumpsum,163538,Karnataka,Mysore,B30,36-45,Male,19.6,Cheque,Verified
INV002602,2025-01-09,120507,sip,2265,Gujarat,Surat,T30,56+,Female,45.7,Net Banking,Verified
INV004145,2025-01-09,119093,sip,6133,Gujarat,Surat,T30,18-25,Male,4.9,Mandate,Verified
INV000605,2025-01-09,148568,redemption,472321,Uttar Pradesh,Agra,B30,36-45,Male,35.6,UPI,Verified
INV000105,2025-01-09,100033,sip,10476,Punjab,Chandigarh,T30,56+,Male,41.4,Mandate,Verified
INV004067,2025-01-09,120842,lumpsum,25342,Delhi,Gurugram,T30,26-35,Male,8.5,UPI,Verified
INV001291,2025-01-09,120842,sip,29078,Uttar Pradesh,Lucknow,T30,46-55,Male,89.1,Mandate,Verified
INV003220,2025-01-09,118635,redemption,372262,Madhya Pradesh,Bhopal,B30,26-35,Male,7.6,Mandate,Pending
INV000611,2025-01-09,120842,sip,2251,Uttar Pradesh,Agra,B30,26-35,Male,11.4,Net Banking,Verified
INV002762,2025-01-09,120843,sip,22099,Rajasthan,Udaipur,B30,26-35,Female,21.9,Cheque,Verified
INV004298,2025-01-09,118635,sip,14928,Gujarat,Ahmedabad,T30,36-45,Female,55.5,Cheque,Verified
INV003849,2025-01-09,118634,sip,25650,Karnataka,Mysore,B30,26-35,Male,7.6,UPI,Verified
INV000243,2025-01-09,100033,lumpsum,36778,Punjab,Chandigarh,T30,26-35,Male,21.5,Net Banking,Verified
INV002472,2025-01-09,100033,lumpsum,515536,Maharashtra,Mumbai,T30,26-35,Female,19.1,UPI,Verified
INV004848,2025-01-09,119094,redemption,354966,Haryana,Gurugram,T30,26-35,Male,15.6,Net Banking,Verified
INV004613,2025-01-09,119599,lumpsum,224955,Maharashtra,Pune,T30,36-45,Male,27.2,Mandate,Verified
INV001398,2025-01-09,119095,redemption,324411,Madhya Pradesh,Indore,T30,26-35,Female,18.4,Net Banking,Verified
INV003193,2025-01-09,119092,redemption,432969,Rajasthan,Jaipur,T30,36-45,Male,40.4,Net Banking,Verified
INV003189,2025-01-09,120505,lumpsum,122799,Tamil Nadu,Chennai,T30,36-45,Female,44.6,Cheque,Verified
INV004863,2025-01-09,149322,sip,11106,Maharashtra,Mumbai,T30,26-35,Male,21.1,UPI,Verified
INV001091,2025-01-09,118634,redemption,400373,Telangana,Hyderabad,T30,18-25,Male,7.5,Mandate,Verified
INV003511,2025-01-09,148567,sip,16320,Haryana,Gurugram,T30,46-55,Male,36.8,Mandate,Verified
INV004596,2025-01-09,118632,sip,434,Rajasthan,Udaipur,B30,26-35,Male,22.8,UPI,Verified
INV004468,2025-01-09,120844,lumpsum,335534,Telangana,Hyderabad,T30,46-55,Female,20.8,UPI,Verified
INV001321,2025-01-09,101206,redemption,112409,Telangana,Hyderabad,T30,46-55,Male,74.1,Cheque,Verified
INV003816,2025-01-09,120843,redemption,457932,West Bengal,Kolkata,T30,26-35,Female,17.0,Cheque,Verified
INV002838,2025-01-09,119599,sip,3193,West Bengal,Kolkata,T30,56+,Female,71.9,Cheque,Verified
INV002424,2025-01-09,119092,sip,506,Telangana,Hyderabad,T30,56+,Female,51.2,Mandate,Verified
INV002765,2025-01-09,149324,sip,2910,Uttar Pradesh,Lucknow,T30,36-45,Male,57.6,Net Banking,Verified
INV001544,2025-01-09,100016,sip,9251,Uttar Pradesh,Kanpur,B30,18-25,Female,5.9,UPI,Verified
INV002587,2025-01-09,118636,redemption,154204,West Bengal,Kolkata,T30,18-25,Male,7.2,Mandate,Verified
INV001820,2025-01-09,101208,lumpsum,124803,Maharashtra,Mumbai,T30,36-45,Female,39.3,Net Banking,Verified
INV001344,2025-01-09,119551,redemption,126043,Rajasthan,Jaipur,T30,26-35,Male,10.0,Net Banking,Verified
INV003619,2025-01-09,149324,sip,984,West Bengal,Kolkata,T30,18-25,Female,3.3,UPI,Verified
INV003907,2025-01-09,148569,sip,2612,Gujarat,Surat,T30,46-55,Male,62.6,Net Banking,Verified
INV002323,2025-01-09,149322,sip,25409,West Bengal,Kolkata,T30,36-45,Female,33.7,Net Banking,Verified
INV002942,2025-01-09,100016,sip,872,Delhi,Noida,T30,36-45,Male,27.8,UPI,Verified
INV002943,2025-01-09,125497,lumpsum,300575,Karnataka,Bangalore,T30,26-35,Female,7.6,UPI,Verified
INV000813,2025-01-09,119551,sip,439,Telangana,Hyderabad,T30,46-55,Male,38.7,UPI,Verified
INV002873,2025-01-09,118632,lumpsum,215393,Haryana,Gurugram,T30,18-25,Male,5.9,Net Banking,Verified
INV001083,2025-01-09,120507,sip,7386,Gujarat,Ahmedabad,T30,46-55,Male,16.4,Cheque,Verified
INV003920,2025-01-09,119092,lumpsum,408719,Punjab,Chandigarh,T30,26-35,Male,20.3,UPI,Verified
INV003736,2025-01-09,148568,redemption,136024,Karnataka,Mysore,B30,18-25,Male,4.9,UPI,Pending
INV001144,2025-01-09,118636,sip,2008,Tamil Nadu,Coimbatore,B30,36-45,Male,16.7,Mandate,Verified
INV002548,2025-01-09,120841,sip,1140,Haryana,Gurugram,T30,26-35,Male,21.3,Net Banking,Verified
INV001142,2025-01-09,149323,sip,8298,Uttar Pradesh,Lucknow,T30,26-35,Male,16.8,Cheque,Verified
INV001621,2025-01-09,100016,sip,2571,Karnataka,Bangalore,T30,26-35,Female,10.0,UPI,Verified
INV003280,2025-01-09,120843,sip,8885,Haryana,Faridabad,B30,26-35,Female,9.0,UPI,Verified
INV004576,2025-01-09,118636,sip,2685,Rajasthan,Jaipur,T30,46-55,Male,54.5,Net Banking,Pending
INV004143,2025-01-09,100016,lumpsum,141498,Gujarat,Ahmedabad,T30,18-25,Male,7.4,Net Banking,Verified
INV001409,2025-01-10,148567,lumpsum,524319,Haryana,Faridabad,B30,18-25,Male,4.5,Cheque,Verified
INV000215,2025-01-10,120841,redemption,108925,Maharashtra,Nashik,B30,26-35,Female,18.3,UPI,Pending
INV004844,2025-01-10,119552,sip,8012,Maharashtra,Pune,T30,26-35,Male,15.7,Mandate,Verified
INV002769,2025-01-10,101208,lumpsum,172193,Maharashtra,Pune,T30,18-25,Female,4.5,Mandate,Verified
INV003673,2025-01-10,118632,sip,9000,Maharashtra,Mumbai,T30,26-35,Male,23.5,Cheque,Verified
INV004840,2025-01-10,120841,sip,2370,Maharashtra,Pune,T30,18-25,Male,6.5,Net Banking,Verified
INV004836,2025-01-10,120844,redemption,409425,West Bengal,Kolkata,T30,26-35,Male,8.3,UPI,Verified
INV004024,2025-01-10,148568,redemption,44336,Telangana,Hyderabad,T30,36-45,Male,23.1,Cheque,Verified
INV001457,2025-01-10,102887,lumpsum,356562,Gujarat,Ahmedabad,T30,26-35,Male,17.7,Cheque,Verified
INV004994,2025-01-10,125498,sip,2133,Delhi,New Delhi,T30,36-45,Male,31.9,Cheque,Verified
INV003892,2025-01-10,119599,sip,13209,Punjab,Amritsar,B30,46-55,Male,24.4,Cheque,Verified
INV002350,2025-01-10,100016,redemption,495452,Tamil Nadu,Chennai,T30,26-35,Male,23.0,Cheque,Verified
INV004907,2025-01-10,118635,sip,2946,Gujarat,Ahmedabad,T30,26-35,Male,20.7,Mandate,Verified
INV002860,2025-01-10,120505,sip,1688,Madhya Pradesh,Indore,T30,46-55,Male,18.9,UPI,Verified
INV004757,2025-01-10,118633,sip,1189,Gujarat,Ahmedabad,T30,26-35,Female,18.5,Mandate,Verified
INV004014,2025-01-10,118636,sip,15314,Telangana,Hyderabad,T30,56+,Female,27.2,Cheque,Verified
INV002681,2025-01-10,101207,sip,43238,Maharashtra,Nashik,B30,18-25,Female,7.2,Net Banking,Verified
INV001040,2025-01-10,120505,lumpsum,45742,Punjab,Chandigarh,T30,56+,Female,43.4,Mandate,Verified
INV003735,2025-01-10,101206,sip,2473,Gujarat,Ahmedabad,T30,36-45,Female,13.9,Net Banking,Verified
INV001487,2025-01-10,120843,sip,25132,Telangana,Hyderabad,T30,36-45,Male,59.8,Cheque,Verified
INV002882,2025-01-10,119095,sip,6581,Gujarat,Ahmedabad,T30,36-45,Male,52.7,Cheque,Verified
INV002459,2025-01-10,102885,redemption,355822,Rajasthan,Udaipur,B30,18-25,Female,5.2,Cheque,Verified
INV002787,2025-01-10,120842,sip,1048,Uttar Pradesh,Kanpur,B30,18-25,Male,4.8,UPI,Verified
INV003012,2025-01-10,118636,sip,8133,Madhya Pradesh,Indore,T30,36-45,Male,41.8,Cheque,Verified
INV003040,2025-01-10,125498,sip,4574,Karnataka,Bangalore,T30,26-35,Female,15.3,Cheque,Pending
INV000960,2025-01-10,148568,lumpsum,185355,West Bengal,Kolkata,T30,46-55,Male,90.6,Net Banking,Verified
INV004296,2025-01-10,118634,sip,57912,Telangana,Hyderabad,T30,26-35,Male,18.2,Mandate,Verified
INV003168,2025-01-10,120842,lumpsum,66348,Uttar Pradesh,Lucknow,T30,18-25,Male,5.1,Mandate,Verified
INV000788,2025-01-10,120506,lumpsum,240512,Haryana,Gurugram,T30,26-35,Male,20.7,Cheque,Verified
INV001310,2025-01-10,148568,sip,6599,Telangana,Hyderabad,T30,46-55,Male,83.6,Mandate,Verified
INV003617,2025-01-10,119093,sip,3519,Maharashtra,Pune,T30,36-45,Male,39.0,Net Banking,Verified
INV003408,2025-01-10,118635,redemption,158207,West Bengal,Kolkata,T30,18-25,Male,6.1,Cheque,Verified
INV004064,2025-01-10,149322,redemption,379072,Uttar Pradesh,Lucknow,T30,26-35,Male,16.1,UPI,Verified
INV001990,2025-01-10,125497,sip,6211,Punjab,Amritsar,B30,26-35,Male,9.3,Mandate,Verified
INV004308,2025-01-10,125497,sip,20826,Gujarat,Surat,T30,26-35,Female,11.1,Net Banking,Verified
INV003345,2025-01-10,100025,redemption,259045,Maharashtra,Pune,T30,26-35,Female,17.7,UPI,Verified
INV003847,2025-01-10,125497,sip,4104,Telangana,Hyderabad,T30,26-35,Male,19.7,Cheque,Verified
INV004049,2025-01-10,118632,sip,2804,Gujarat,Ahmedabad,T30,36-45,Male,31.1,Cheque,Verified
INV003576,2025-01-10,119598,sip,2131,Karnataka,Mysore,B30,26-35,Female,19.6,Net Banking,Verified
INV001752,2025-01-10,148569,sip,4181,Rajasthan,Udaipur,B30,26-35,Female,13.4,Cheque,Verified
INV003342,2025-01-10,119120,redemption,341316,Tamil Nadu,Chennai,T30,56+,Male,32.8,Cheque,Verified
INV000722,2025-01-10,148568,lumpsum,455643,Punjab,Chandigarh,T30,26-35,Female,8.1,Net Banking,Verified
INV000720,2025-01-10,149324,lumpsum,172630,Gujarat,Ahmedabad,T30,18-25,Female,5.8,Net Banking,Verified
INV000360,2025-01-10,119599,sip,16763,Maharashtra,Mumbai,T30,36-45,Female,55.3,UPI,Verified
INV004611,2025-01-10,102886,lumpsum,267639,Madhya Pradesh,Bhopal,B30,18-25,Female,6.1,Net Banking,Verified
INV003230,2025-01-10,118635,sip,487,Punjab,Amritsar,B30,18-25,Female,3.2,Cheque,Verified
INV000634,2025-01-10,119551,lumpsum,279935,Karnataka,Bangalore,T30,26-35,Female,22.7,UPI,Verified
INV002198,2025-01-10,120506,lumpsum,117824,Delhi,Gurugram,T30,36-45,Female,43.3,UPI,Verified
INV004396,2025-01-10,101207,lumpsum,242810,Rajasthan,Udaipur,B30,26-35,Female,15.0,Mandate,Verified
INV003458,2025-01-10,101208,sip,5965,Gujarat,Surat,T30,36-45,Male,21.3,UPI,Verified
INV002968,2025-01-10,119092,sip,14259,West Bengal,Kolkata,T30,36-45,Female,16.2,UPI,Verified
INV004364,2025-01-10,119120,redemption,350352,West Bengal,Kolkata,T30,36-45,Male,30.6,UPI,Verified
INV001636,2025-01-10,120841,sip,1923,Rajasthan,Udaipur,B30,18-25,Male,6.0,Mandate,Verified
INV002924,2025-01-10,120843,sip,49524,Tamil Nadu,Chennai,T30,26-35,Female,14.5,Mandate,Verified
INV000676,2025-01-10,102885,sip,1127,Rajasthan,Udaipur,B30,56+,Male,71.7,UPI,Verified
INV004520,2025-01-10,148568,sip,1613,Uttar Pradesh,Lucknow,T30,26-35,Female,15.7,Net Banking,Verified
INV002122,2025-01-10,119551,sip,2287,Gujarat,Ahmedabad,T30,46-55,Male,46.3,Mandate,Verified
INV004287,2025-01-10,119094,sip,13381,Gujarat,Surat,T30,26-35,Female,18.1,UPI,Verified
INV002085,2025-01-10,119093,sip,474,Telangana,Hyderabad,T30,56+,Female,12.5,Cheque,Verified
INV004138,2025-01-10,119599,sip,2216,Madhya Pradesh,Indore,T30,36-45,Male,18.2,Net Banking,Verified
INV001508,2025-01-10,120503,sip,9486,Tamil Nadu,Coimbatore,B30,46-55,Male,63.3,Mandate,Verified
INV000920,2025-01-10,119120,sip,28573,Delhi,Gurugram,T30,56+,Male,19.8,Mandate,Verified
INV002914,2025-01-10,149323,sip,6809,Rajasthan,Udaipur,B30,18-25,Male,7.4,Net Banking,Verified
INV002109,2025-01-10,101206,redemption,11981,Tamil Nadu,Coimbatore,B30,26-35,Male,14.4,Mandate,Verified
INV003091,2025-01-10,118633,sip,5878,Delhi,New Delhi,T30,36-45,Female,36.4,Net Banking,Verified
INV002575,2025-01-11,118632,sip,10743,West Bengal,Kolkata,T30,18-25,Male,7.9,Cheque,Verified
INV003969,2025-01-11,102886,sip,7605,Karnataka,Bangalore,T30,46-55,Male,76.3,Net Banking,Verified
INV003491,2025-01-11,118636,sip,2014,Delhi,Noida,T30,46-55,Male,92.5,Mandate,Verified
INV003625,2025-01-11,125498,lumpsum,207917,Telangana,Hyderabad,T30,26-35,Female,22.0,UPI,Verified
INV004993,2025-01-11,125498,sip,967,Karnataka,Bangalore,T30,36-45,Female,55.6,Mandate,Verified
INV000261,2025-01-11,119092,lumpsum,74340,Gujarat,Ahmedabad,T30,18-25,Male,3.5,Net Banking,Verified
INV000657,2025-01-11,120844,sip,866,Tamil Nadu,Coimbatore,B30,26-35,Female,11.4,UPI,Verified
INV003627,2025-01-11,100016,sip,2223,Telangana,Hyderabad,T30,36-45,Male,39.9,Mandate,Verified
INV002582,2025-01-11,118634,redemption,179916,Telangana,Hyderabad,T30,26-35,Female,11.1,Net Banking,Verified
INV003257,2025-01-11,118635,sip,15906,Rajasthan,Jaipur,T30,56+,Male,34.8,Cheque,Verified
INV000146,2025-01-11,120842,sip,9730,Delhi,Gurugram,T30,26-35,Male,14.1,Cheque,Verified
INV000535,2025-01-11,102886,sip,22319,Tamil Nadu,Coimbatore,B30,36-45,Male,18.7,Net Banking,Verified
INV003716,2025-01-11,118632,sip,15428,Uttar Pradesh,Kanpur,B30,36-45,Male,37.7,Mandate,Verified
INV001624,2025-01-11,102885,lumpsum,190978,Uttar Pradesh,Lucknow,T30,26-35,Female,18.4,Net Banking,Pending
INV004085,2025-01-11,148568,sip,27076,Maharashtra,Pune,T30,36-45,Female,34.5,Net Banking,Verified
INV000984,2025-01-11,120844,redemption,437719,Telangana,Hyderabad,T30,26-35,Male,20.9,Mandate,Verified
INV004607,2025-01-11,119599,sip,14382,Telangana,Hyderabad,T30,26-35,Female,7.0,UPI,Verified
INV001746,2025-01-11,120507,redemption,445441,Rajasthan,Udaipur,B30,26-35,Male,11.2,UPI,Verified
INV004418,2025-01-11,119094,sip,25787,Haryana,Faridabad,B30,26-35,Female,23.2,Net Banking,Verified
INV001354,2025-01-11,125498,redemption,333445,Tamil Nadu,Coimbatore,B30,18-25,Male,7.0,Mandate,Verified
INV004829,2025-01-11,101207,sip,2201,Madhya Pradesh,Indore,T30,26-35,Male,21.8,UPI,Verified
INV002610,2025-01-11,120503,lumpsum,195996,Tamil Nadu,Coimbatore,B30,36-45,Female,31.7,Net Banking,Verified
INV000044,2025-01-11,119092,sip,841,Karnataka,Mysore,B30,36-45,Male,34.9,Mandate,Verified
INV002163,2025-01-11,100016,sip,8514,Tamil Nadu,Coimbatore,B30,26-35,Female,10.5,UPI,Verified
INV003500,2025-01-11,119552,lumpsum,244638,Maharashtra,Mumbai,T30,26-35,Male,15.5,UPI,Verified
INV002035,2025-01-11,118634,lumpsum,372626,Tamil Nadu,Chennai,T30,36-45,Male,12.2,Mandate,Verified
INV000783,2025-01-11,148568,sip,13703,Gujarat,Ahmedabad,T30,46-55,Male,92.0,Mandate,Verified
INV001720,2025-01-11,148569,sip,11793,Karnataka,Mysore,B30,36-45,Male,43.6,Mandate,Verified
INV003931,2025-01-11,119599,redemption,41444,Madhya Pradesh,Indore,T30,26-35,Male,17.7,Cheque,Verified
INV003103,2025-01-11,120507,sip,2191,Tamil Nadu,Coimbatore,B30,36-45,Female,55.8,Cheque,Verified
INV001591,2025-01-11,149323,redemption,175990,Rajasthan,Jaipur,T30,56+,Male,28.1,Mandate,Pending
INV004473,2025-01-11,102887,lumpsum,160004,Karnataka,Mysore,B30,18-25,Male,5.6,Net Banking,Verified
INV003675,2025-01-11,101206,redemption,313246,West Bengal,Kolkata,T30,56+,Male,63.9,Net Banking,Verified
INV000473,2025-01-11,119092,lumpsum,300295,Karnataka,Mysore,B30,36-45,Male,15.4,Cheque,Verified
INV001065,2025-01-11,120842,sip,2612,Haryana,Gurugram,T30,56+,Female,37.2,Cheque,Verified
INV002219,2025-01-11,102886,sip,9384,Karnataka,Mysore,B30,26-35,Male,6.9,Mandate,Verified
INV003697,2025-01-11,100025,sip,27079,Maharashtra,Mumbai,T30,18-25,Male,6.3,Cheque,Verified
INV002893,2025-01-11,118635,sip,10826,Telangana,Hyderabad,T30,56+,Male,69.4,Net Banking,Verified
INV003876,2025-01-11,125497,redemption,254072,Rajasthan,Udaipur,B30,18-25,Male,5.6,Mandate,Verified
INV002135,2025-01-11,125497,redemption,190147,Gujarat,Ahmedabad,T30,56+,Male,18.3,Net Banking,Verified
INV004470,2025-01-11,101208,lumpsum,108088,Telangana,Hyderabad,T30,26-35,Male,24.6,Cheque,Verified
INV004547,2025-01-11,120844,sip,9038,Madhya Pradesh,Bhopal,B30,36-45,Female,42.8,Net Banking,Verified
INV001046,2025-01-11,101206,sip,2644,Delhi,Noida,T30,26-35,Male,14.9,Mandate,Verified
INV000585,2025-01-11,120841,redemption,205305,Telangana,Hyderabad,T30,46-55,Female,47.0,Cheque,Verified
INV003708,2025-01-11,119551,redemption,394539,Punjab,Amritsar,B30,46-55,Male,38.6,Net Banking,Verified
INV002227,2025-01-11,120503,sip,15639,Uttar Pradesh,Lucknow,T30,26-35,Female,12.5,UPI,Verified
INV003671,2025-01-11,119093,lumpsum,86076,Haryana,Gurugram,T30,36-45,Female,22.9,UPI,Verified
INV000348,2025-01-11,101206,redemption,30747,Madhya Pradesh,Bhopal,B30,46-55,Female,94.4,Mandate,Verified
INV000069,2025-01-11,101206,lumpsum,508722,Gujarat,Ahmedabad,T30,56+,Female,35.9,Net Banking,Verified
INV003720,2025-01-11,118632,lumpsum,305510,Madhya Pradesh,Bhopal,B30,36-45,Female,49.4,UPI,Verified
INV002631,2025-01-11,119093,sip,942,Uttar Pradesh,Kanpur,B30,46-55,Female,93.8,Mandate,Verified
INV003822,2025-01-11,148568,sip,5577,Rajasthan,Jaipur,T30,26-35,Male,12.9,Cheque,Verified
INV000909,2025-01-11,100016,sip,23572,Haryana,Gurugram,T30,46-55,Female,92.6,Net Banking,Verified
INV000020,2025-01-11,119599,redemption,162784,Delhi,Noida,T30,36-45,Female,17.0,Cheque,Verified
INV001584,2025-01-11,148569,sip,543,Maharashtra,Nashik,B30,26-35,Male,10.0,Cheque,Pending
INV001616,2025-01-12,120503,lumpsum,388371,Tamil Nadu,Chennai,T30,26-35,Male,23.2,Mandate,Verified
INV000259,2025-01-12,119552,sip,5105,Tamil Nadu,Coimbatore,B30,36-45,Male,17.2,Net Banking,Verified
INV003942,2025-01-12,119092,sip,6379,Haryana,Faridabad,B30,26-35,Female,23.3,Mandate,Verified
INV000098,2025-01-12,148569,sip,513,Telangana,Hyderabad,T30,36-45,Male,33.8,UPI,Verified
INV003942,2025-01-12,125498,sip,5048,Haryana,Faridabad,B30,26-35,Female,23.3,Net Banking,Verified
INV004504,2025-01-12,100033,lumpsum,401659,Telangana,Hyderabad,T30,46-55,Male,46.3,UPI,Pending
INV002712,2025-01-12,120844,sip,2249,Karnataka,Bangalore,T30,46-55,Male,24.8,Cheque,Verified
INV003697,2025-01-12,120841,sip,941,Maharashtra,Mumbai,T30,18-25,Male,6.3,Mandate,Verified
INV002436,2025-01-12,102886,sip,2554,Gujarat,Surat,T30,46-55,Male,28.8,Net Banking,Verified
INV002123,2025-01-12,102885,redemption,35371,West Bengal,Kolkata,T30,26-35,Male,14.7,Mandate,Verified
INV002148,2025-01-12,148569,sip,802,Uttar Pradesh,Lucknow,T30,26-35,Male,9.8,Cheque,Verified
INV004802,2025-01-12,120503,redemption,433281,Uttar Pradesh,Kanpur,B30,26-35,Male,20.9,Mandate,Pending
INV001654,2025-01-12,120503,sip,4330,Uttar Pradesh,Lucknow,T30,36-45,Female,28.1,Net Banking,Verified
INV000912,2025-01-12,119599,redemption,223918,Haryana,Faridabad,B30,36-45,Male,26.7,Cheque,Verified
INV002114,2025-01-12,118632,lumpsum,27886,Rajasthan,Udaipur,B30,18-25,Female,5.5,UPI,Verified
INV000968,2025-01-12,119094,lumpsum,406321,Tamil Nadu,Chennai,T30,36-45,Female,37.1,Mandate,Verified
INV000968,2025-01-12,149323,sip,47285,Tamil Nadu,Chennai,T30,36-45,Female,37.1,Cheque,Verified
INV003494,2025-01-12,101207,sip,2879,Punjab,Chandigarh,T30,26-35,Female,18.6,UPI,Pending
INV002824,2025-01-12,102887,sip,1126,Rajasthan,Jaipur,T30,56+,Male,42.5,Cheque,Pending
INV000151,2025-01-12,101207,sip,56301,Delhi,New Delhi,T30,18-25,Male,5.1,UPI,Verified
INV001072,2025-01-12,100033,sip,8415,Rajasthan,Udaipur,B30,26-35,Female,7.3,Mandate,Pending
INV004785,2025-01-12,118632,sip,13967,Punjab,Amritsar,B30,26-35,Female,14.5,Mandate,Verified
INV001605,2025-01-12,100033,sip,823,Uttar Pradesh,Kanpur,B30,26-35,Female,12.4,Mandate,Verified
INV004091,2025-01-12,120507,sip,549,Tamil Nadu,Chennai,T30,26-35,Male,7.2,UPI,Verified
INV003214,2025-01-12,119092,sip,2941,Punjab,Chandigarh,T30,36-45,Male,18.2,Mandate,Verified
INV004778,2025-01-12,125497,lumpsum,328352,Telangana,Hyderabad,T30,26-35,Female,14.4,UPI,Verified
INV001967,2025-01-12,149322,sip,6148,Rajasthan,Jaipur,T30,26-35,Male,17.9,Net Banking,Verified
INV004131,2025-01-12,125498,lumpsum,70907,Uttar Pradesh,Kanpur,B30,26-35,Male,10.3,Cheque,Verified
INV001080,2025-01-12,101207,sip,2975,Tamil Nadu,Chennai,T30,18-25,Female,7.3,UPI,Verified
INV001507,2025-01-12,119598,redemption,324276,Uttar Pradesh,Lucknow,T30,26-35,Male,20.4,Mandate,Verified
INV003794,2025-01-12,149322,sip,2556,Gujarat,Ahmedabad,T30,26-35,Male,22.1,Net Banking,Verified
INV004123,2025-01-12,119095,sip,12909,Haryana,Gurugram,T30,36-45,Male,53.8,Net Banking,Verified
INV002931,2025-01-12,119095,lumpsum,473782,Tamil Nadu,Coimbatore,B30,56+,Female,32.4,Mandate,Verified
INV000010,2025-01-12,119093,sip,12741,Maharashtra,Pune,T30,36-45,Male,13.6,Mandate,Verified
INV001168,2025-01-12,118635,lumpsum,423792,West Bengal,Kolkata,T30,46-55,Male,50.9,Cheque,Verified
INV000331,2025-01-12,100016,sip,552,Madhya Pradesh,Indore,T30,36-45,Male,15.5,Net Banking,Pending
INV000285,2025-01-12,100025,lumpsum,354054,Madhya Pradesh,Indore,T30,18-25,Female,3.6,Mandate,Pending
INV001738,2025-01-12,148567,sip,2215,Karnataka,Bangalore,T30,36-45,Female,41.2,Cheque,Verified
INV003373,2025-01-12,119598,sip,5036,Gujarat,Surat,T30,56+,Male,62.9,Net Banking,Verified
INV002659,2025-01-12,119093,sip,2777,Madhya Pradesh,Bhopal,B30,36-45,Female,56.5,Net Banking,Verified
INV000782,2025-01-12,118636,sip,953,Telangana,Hyderabad,T30,18-25,Male,4.4,UPI,Pending
INV001811,2025-01-12,120504,lumpsum,206965,Punjab,Amritsar,B30,18-25,Male,7.8,Net Banking,Verified
INV001870,2025-01-12,120844,sip,869,Madhya Pradesh,Indore,T30,26-35,Male,19.3,Mandate,Verified
INV000745,2025-01-12,120505,sip,2876,Punjab,Chandigarh,T30,26-35,Female,13.2,Cheque,Verified
INV000366,2025-01-12,100025,lumpsum,60963,Telangana,Hyderabad,T30,36-45,Male,55.4,Net Banking,Verified
INV002927,2025-01-12,102885,sip,7043,Punjab,Amritsar,B30,56+,Male,29.1,Cheque,Verified
INV000014,2025-01-12,119120,sip,8150,Tamil Nadu,Chennai,T30,18-25,Male,4.3,Mandate,Verified
INV001769,2025-01-12,119093,sip,7232,Punjab,Chandigarh,T30,18-25,Male,7.4,Mandate,Verified
INV002890,2025-01-12,102885,redemption,380348,Rajasthan,Jaipur,T30,36-45,Female,49.2,UPI,Verified
INV000758,2025-01-12,120503,lumpsum,116726,Delhi,New Delhi,T30,56+,Male,61.5,UPI,Verified
INV000751,2025-01-12,119094,lumpsum,168990,Uttar Pradesh,Kanpur,B30,36-45,Male,17.7,Mandate,Verified
INV001853,2025-01-12,119598,lumpsum,559883,Delhi,Noida,T30,18-25,Male,6.1,Mandate,Verified
INV003631,2025-01-12,101206,sip,8492,Rajasthan,Jaipur,T30,36-45,Male,26.3,Cheque,Verified
INV000732,2025-01-12,118636,redemption,24119,Haryana,Faridabad,B30,46-55,Female,40.8,Mandate,Verified
INV000676,2025-01-12,118633,sip,11671,Rajasthan,Udaipur,B30,56+,Male,71.7,Net Banking,Verified
INV004997,2025-01-12,118635,lumpsum,413275,Tamil Nadu,Coimbatore,B30,36-45,Female,54.3,Mandate,Verified
INV000265,2025-01-12,119095,sip,17386,Madhya Pradesh,Bhopal,B30,36-45,Male,14.1,UPI,Verified
INV003792,2025-01-12,119095,sip,17917,Maharashtra,Pune,T30,46-55,Male,17.9,Net Banking,Verified
INV001208,2025-01-12,125497,sip,23567,Gujarat,Ahmedabad,T30,56+,Male,18.7,Net Banking,Verified
INV002827,2025-01-13,125497,lumpsum,216816,Karnataka,Mysore,B30,36-45,Female,58.1,UPI,Pending
INV002839,2025-01-13,119599,sip,11763,Punjab,Amritsar,B30,26-35,Male,14.8,Net Banking,Pending
INV001944,2025-01-13,119120,sip,48083,Telangana,Hyderabad,T30,18-25,Male,4.4,Mandate,Verified
INV002475,2025-01-13,120504,sip,474,Delhi,New Delhi,T30,26-35,Male,14.4,Mandate,Verified
INV004448,2025-01-13,100025,redemption,109457,Karnataka,Mysore,B30,26-35,Male,20.3,Mandate,Verified
INV000876,2025-01-13,120504,sip,1801,Tamil Nadu,Chennai,T30,26-35,Male,17.4,Cheque,Verified
INV004427,2025-01-13,120841,sip,2782,Punjab,Amritsar,B30,36-45,Female,54.2,Net Banking,Verified
INV001256,2025-01-13,102886,sip,2386,West Bengal,Kolkata,T30,18-25,Male,7.0,Cheque,Verified
INV003561,2025-01-13,120844,sip,2155,West Bengal,Kolkata,T30,26-35,Male,22.0,Cheque,Verified
INV002926,2025-01-13,100016,sip,24006,Telangana,Hyderabad,T30,26-35,Male,16.6,UPI,Verified
INV000959,2025-01-13,102886,sip,16309,Haryana,Faridabad,B30,46-55,Male,33.9,Mandate,Pending
INV001354,2025-01-13,102887,sip,16644,Tamil Nadu,Coimbatore,B30,18-25,Male,7.0,Mandate,Verified
INV000424,2025-01-13,148569,sip,8995,Punjab,Amritsar,B30,36-45,Male,49.4,Mandate,Pending
INV004414,2025-01-13,120507,sip,2890,Uttar Pradesh,Lucknow,T30,26-35,Male,6.6,Net Banking,Verified
INV004673,2025-01-13,118634,redemption,211308,Maharashtra,Pune,T30,36-45,Female,39.7,Cheque,Verified
INV002319,2025-01-13,148567,sip,10646,Karnataka,Mysore,B30,26-35,Male,8.7,Net Banking,Verified
INV003153,2025-01-13,120504,lumpsum,273290,Madhya Pradesh,Indore,T30,36-45,Female,20.5,Mandate,Verified
INV004172,2025-01-13,102886,sip,16218,Madhya Pradesh,Indore,T30,26-35,Male,18.5,UPI,Verified
INV004598,2025-01-13,102885,lumpsum,248140,Tamil Nadu,Chennai,T30,46-55,Male,60.5,Mandate,Verified
INV002245,2025-01-13,149323,sip,11751,Karnataka,Mysore,B30,26-35,Female,24.6,Mandate,Verified
INV000132,2025-01-13,101207,sip,2355,Karnataka,Bangalore,T30,46-55,Female,37.1,UPI,Verified
INV003578,2025-01-13,148567,sip,10703,Uttar Pradesh,Lucknow,T30,36-45,Female,36.5,Net Banking,Verified
INV002388,2025-01-13,100025,sip,22882,Haryana,Faridabad,B30,18-25,Male,4.8,Net Banking,Verified
INV001570,2025-01-13,125497,sip,4021,Maharashtra,Pune,T30,26-35,Male,16.0,Net Banking,Verified
INV003905,2025-01-13,120843,sip,1825,Maharashtra,Mumbai,T30,26-35,Male,24.3,Cheque,Verified
INV000344,2025-01-13,118634,sip,1874,Madhya Pradesh,Bhopal,B30,36-45,Male,56.7,UPI,Verified
INV003952,2025-01-13,120842,redemption,240535,Tamil Nadu,Chennai,T30,36-45,Male,48.8,Mandate,Verified
INV004162,2025-01-13,119599,sip,16200,Haryana,Faridabad,B30,18-25,Male,5.1,UPI,Verified
INV002192,2025-01-13,119598,redemption,422922,Uttar Pradesh,Lucknow,T30,18-25,Male,6.9,UPI,Verified
INV004441,2025-01-13,119092,sip,432,Uttar Pradesh,Lucknow,T30,26-35,Male,24.0,UPI,Verified
INV004855,2025-01-13,120844,lumpsum,27856,Madhya Pradesh,Bhopal,B30,36-45,Female,49.4,Cheque,Verified
INV001518,2025-01-13,120504,sip,56300,Karnataka,Mysore,B30,18-25,Male,3.9,Cheque,Verified
INV004099,2025-01-13,102885,lumpsum,69920,West Bengal,Kolkata,T30,26-35,Male,22.6,UPI,Verified
INV002393,2025-01-13,101208,sip,448,Madhya Pradesh,Bhopal,B30,26-35,Female,15.2,UPI,Verified
INV002835,2025-01-13,101208,sip,23856,Haryana,Faridabad,B30,26-35,Male,11.2,Mandate,Verified
INV001400,2025-01-13,118636,redemption,218138,Tamil Nadu,Coimbatore,B30,36-45,Male,36.5,Cheque,Verified
INV000440,2025-01-13,120505,lumpsum,143109,Uttar Pradesh,Agra,B30,18-25,Male,6.7,Cheque,Verified
INV003909,2025-01-13,119599,redemption,154928,Haryana,Gurugram,T30,46-55,Male,29.1,Mandate,Verified
INV002374,2025-01-13,120841,sip,43099,Uttar Pradesh,Kanpur,B30,26-35,Female,8.6,Cheque,Verified
INV002426,2025-01-13,120505,sip,910,Haryana,Faridabad,B30,26-35,Male,10.9,Mandate,Verified
INV001503,2025-01-13,119552,sip,1064,Telangana,Hyderabad,T30,18-25,Male,6.4,Mandate,Pending
INV000393,2025-01-13,102887,redemption,143879,Maharashtra,Mumbai,T30,36-45,Male,53.1,Mandate,Verified
INV003728,2025-01-13,119551,lumpsum,136282,West Bengal,Kolkata,T30,26-35,Male,16.2,Net Banking,Pending
INV004505,2025-01-13,120503,lumpsum,334656,Punjab,Amritsar,B30,26-35,Male,7.8,Net Banking,Verified
INV003824,2025-01-13,118634,sip,15650,Telangana,Hyderabad,T30,26-35,Male,9.4,UPI,Verified
INV000677,2025-01-13,120505,lumpsum,96090,Telangana,Hyderabad,T30,26-35,Male,16.6,UPI,Verified
INV003653,2025-01-13,120842,lumpsum,182493,Punjab,Amritsar,B30,18-25,Female,3.8,UPI,Verified
INV000318,2025-01-13,148567,redemption,353396,Madhya Pradesh,Bhopal,B30,46-55,Female,47.5,Cheque,Verified
INV004009,2025-01-13,120844,lumpsum,301469,Gujarat,Ahmedabad,T30,18-25,Male,5.6,UPI,Verified
INV002422,2025-01-13,125498,sip,8838,Tamil Nadu,Chennai,T30,36-45,Male,20.5,Cheque,Verified
INV002421,2025-01-13,119598,sip,26163,Delhi,New Delhi,T30,26-35,Male,6.8,UPI,Verified
INV002420,2025-01-13,119598,sip,2538,Karnataka,Mysore,B30,26-35,Female,6.4,Net Banking,Verified
INV000305,2025-01-13,120507,redemption,113916,Rajasthan,Udaipur,B30,36-45,Male,21.4,UPI,Verified
INV003650,2025-01-13,102886,sip,8248,Telangana,Hyderabad,T30,46-55,Male,87.3,UPI,Verified
INV004213,2025-01-13,101208,sip,2768,Madhya Pradesh,Indore,T30,18-25,Male,4.5,Cheque,Verified
INV004934,2025-01-13,120505,sip,8191,West Bengal,Kolkata,T30,26-35,Female,22.0,Cheque,Verified
INV002096,2025-01-13,119094,sip,8714,Delhi,New Delhi,T30,18-25,Female,6.9,Net Banking,Verified
INV003292,2025-01-13,118634,sip,1916,Uttar Pradesh,Kanpur,B30,56+,Female,55.0,Net Banking,Verified
INV001708,2025-01-13,102885,sip,13574,Haryana,Faridabad,B30,18-25,Male,7.7,UPI,Pending
INV001605,2025-01-13,101207,sip,13935,Uttar Pradesh,Kanpur,B30,26-35,Female,12.4,UPI,Pending
INV000323,2025-01-13,149323,sip,1794,Telangana,Hyderabad,T30,26-35,Female,23.0,Mandate,Verified
INV000953,2025-01-13,100016,sip,3360,Haryana,Faridabad,B30,56+,Male,23.1,UPI,Verified
INV002212,2025-01-13,120504,lumpsum,163422,Telangana,Hyderabad,T30,36-45,Male,26.4,Cheque,Verified
INV004491,2025-01-13,120842,sip,576,Punjab,Chandigarh,T30,46-55,Male,83.6,Mandate,Verified
INV000488,2025-01-13,119552,sip,2912,Karnataka,Mysore,B30,56+,Male,31.4,UPI,Verified
INV000944,2025-01-13,100033,lumpsum,269739,Haryana,Faridabad,B30,36-45,Female,16.9,Cheque,Verified
INV000905,2025-01-13,125497,sip,51314,West Bengal,Kolkata,T30,36-45,Male,44.3,Net Banking,Verified
INV004007,2025-01-13,119095,redemption,120576,Delhi,New Delhi,T30,18-25,Female,4.5,Mandate,Verified
INV002345,2025-01-13,120507,lumpsum,543115,Uttar Pradesh,Agra,B30,36-45,Male,38.3,Mandate,Verified
INV000054,2025-01-13,148567,sip,5770,Telangana,Hyderabad,T30,46-55,Female,37.5,Net Banking,Verified
INV002706,2025-01-13,120841,sip,503,Haryana,Faridabad,B30,46-55,Female,22.8,Net Banking,Verified
INV001128,2025-01-13,148569,redemption,83497,West Bengal,Kolkata,T30,36-45,Female,43.2,UPI,Verified
INV002994,2025-01-13,148569,sip,11269,Karnataka,Mysore,B30,18-25,Male,8.0,UPI,Verified
INV000643,2025-01-13,102885,sip,2299,Haryana,Faridabad,B30,26-35,Female,23.5,Cheque,Verified
INV000251,2025-01-13,148569,sip,5975,Haryana,Faridabad,B30,26-35,Male,19.4,UPI,Verified
INV002757,2025-01-14,119092,sip,2681,Madhya Pradesh,Indore,T30,18-25,Male,5.0,Mandate,Verified
INV000001,2025-01-14,148569,lumpsum,189483,Haryana,Gurugram,T30,36-45,Male,19.9,UPI,Verified
INV003405,2025-01-14,119599,sip,53126,Rajasthan,Jaipur,T30,26-35,Male,11.5,Net Banking,Verified
INV000968,2025-01-14,149323,lumpsum,344765,Tamil Nadu,Chennai,T30,36-45,Female,37.1,UPI,Verified
INV004591,2025-01-14,149322,sip,1918,Tamil Nadu,Chennai,T30,26-35,Male,7.8,UPI,Verified
INV001791,2025-01-14,125498,sip,42896,Delhi,New Delhi,T30,26-35,Male,13.3,Cheque,Verified
INV002673,2025-01-14,100025,sip,57808,Maharashtra,Mumbai,T30,26-35,Male,14.2,Cheque,Verified
INV003194,2025-01-14,118636,sip,11344,Haryana,Faridabad,B30,26-35,Female,19.5,Net Banking,Verified
INV001641,2025-01-14,119599,redemption,7368,Haryana,Faridabad,B30,26-35,Male,15.4,Net Banking,Verified
INV003060,2025-01-14,148569,sip,24406,Rajasthan,Jaipur,T30,56+,Female,16.6,Mandate,Verified
INV004513,2025-01-14,149323,sip,2394,Karnataka,Mysore,B30,36-45,Female,16.9,UPI,Verified
INV002006,2025-01-14,120844,sip,440,Punjab,Chandigarh,T30,26-35,Male,15.3,Net Banking,Pending
INV001260,2025-01-14,118636,sip,2068,Delhi,Gurugram,T30,26-35,Male,23.4,Net Banking,Pending
INV002070,2025-01-14,102885,sip,2638,Telangana,Hyderabad,T30,36-45,Male,40.3,Net Banking,Verified
INV000558,2025-01-14,149322,sip,2934,Punjab,Chandigarh,T30,56+,Female,22.1,Mandate,Verified
INV003705,2025-01-14,120504,sip,6690,Telangana,Hyderabad,T30,26-35,Male,8.0,Mandate,Verified
INV002794,2025-01-14,118634,sip,2022,Madhya Pradesh,Bhopal,B30,56+,Male,39.9,Mandate,Verified
INV002064,2025-01-14,120841,redemption,23546,Uttar Pradesh,Lucknow,T30,18-25,Male,3.5,Net Banking,Verified
INV003553,2025-01-14,125498,sip,2090,Punjab,Amritsar,B30,36-45,Male,33.0,Mandate,Verified
INV002055,2025-01-14,118634,sip,516,Punjab,Amritsar,B30,26-35,Male,18.7,Mandate,Verified
INV004472,2025-01-14,119095,sip,917,West Bengal,Kolkata,T30,26-35,Female,19.1,Cheque,Verified
INV001998,2025-01-14,125498,sip,22822,Haryana,Faridabad,B30,26-35,Male,19.2,UPI,Verified
INV004561,2025-01-14,148569,sip,2583,Haryana,Faridabad,B30,26-35,Male,18.8,UPI,Verified
INV003437,2025-01-14,101207,sip,2877,Punjab,Amritsar,B30,46-55,Female,51.0,Cheque,Verified
INV000873,2025-01-14,118635,sip,2947,Uttar Pradesh,Lucknow,T30,26-35,Male,8.9,UPI,Verified
INV003726,2025-01-14,125498,sip,2576,Tamil Nadu,Coimbatore,B30,26-35,Male,24.1,UPI,Verified
INV004232,2025-01-14,102885,sip,3221,Tamil Nadu,Chennai,T30,26-35,Male,19.0,UPI,Verified
INV001737,2025-01-14,100033,sip,557,Telangana,Hyderabad,T30,26-35,Female,10.1,Cheque,Verified
INV004625,2025-01-14,119551,sip,8265,Tamil Nadu,Coimbatore,B30,18-25,Male,6.6,Cheque,Verified
INV002864,2025-01-14,101207,sip,1099,Madhya Pradesh,Bhopal,B30,26-35,Male,6.8,UPI,Verified
INV001553,2025-01-14,118636,redemption,475750,Delhi,Noida,T30,26-35,Male,23.5,Cheque,Verified
INV002245,2025-01-14,120503,lumpsum,104184,Karnataka,Mysore,B30,26-35,Female,24.6,UPI,Verified
INV000356,2025-01-14,119092,sip,2049,Haryana,Faridabad,B30,56+,Male,71.7,Cheque,Verified
INV002719,2025-01-14,149323,sip,2057,Rajasthan,Jaipur,T30,18-25,Female,4.8,Mandate,Verified
INV000649,2025-01-14,120843,sip,1730,Tamil Nadu,Chennai,T30,36-45,Male,27.3,Mandate,Verified
INV000433,2025-01-14,119093,sip,2077,Punjab,Amritsar,B30,36-45,Male,56.4,Net Banking,Verified
INV003587,2025-01-14,102885,sip,25152,Telangana,Hyderabad,T30,26-35,Female,16.4,UPI,Pending
INV004900,2025-01-14,101206,sip,2494,Delhi,Noida,T30,36-45,Male,32.1,Net Banking,Verified
INV000606,2025-01-14,119599,redemption,377972,Karnataka,Mysore,B30,18-25,Male,7.8,UPI,Verified
INV002510,2025-01-14,120503,sip,1863,Karnataka,Mysore,B30,36-45,Male,32.6,Mandate,Verified
INV000803,2025-01-14,120844,redemption,192595,Karnataka,Mysore,B30,26-35,Female,20.6,UPI,Verified
INV002352,2025-01-14,119551,lumpsum,256056,Uttar Pradesh,Lucknow,T30,56+,Male,28.1,UPI,Verified
INV002651,2025-01-14,125498,lumpsum,61481,Haryana,Faridabad,B30,26-35,Male,12.5,UPI,Verified
INV001476,2025-01-14,118634,sip,542,Rajasthan,Jaipur,T30,36-45,Male,38.1,UPI,Verified
INV001548,2025-01-14,118634,sip,2291,Delhi,New Delhi,T30,26-35,Male,24.8,UPI,Verified
INV003010,2025-01-14,120503,sip,1778,Delhi,Gurugram,T30,36-45,Male,13.7,Mandate,Verified
INV004335,2025-01-14,118636,sip,406,Gujarat,Ahmedabad,T30,26-35,Female,6.6,Mandate,Pending
INV003277,2025-01-14,118634,sip,1105,Rajasthan,Jaipur,T30,18-25,Male,3.3,Mandate,Verified
INV004608,2025-01-14,120844,sip,450,Karnataka,Bangalore,T30,26-35,Female,23.3,Mandate,Verified
INV002986,2025-01-14,119599,lumpsum,353185,Punjab,Amritsar,B30,26-35,Male,11.9,Net Banking,Verified
INV002689,2025-01-14,148568,sip,1753,Madhya Pradesh,Bhopal,B30,26-35,Male,7.4,Cheque,Verified
INV003036,2025-01-14,120843,sip,58927,Telangana,Hyderabad,T30,26-35,Male,18.2,Cheque,Verified
INV000622,2025-01-15,118633,sip,4894,Haryana,Faridabad,B30,26-35,Male,18.0,Mandate,Verified
INV004818,2025-01-15,120842,redemption,80974,Maharashtra,Pune,T30,26-35,Male,23.5,Cheque,Verified
INV000175,2025-01-15,119093,lumpsum,75131,Karnataka,Bangalore,T30,26-35,Male,17.3,Cheque,Verified
INV000624,2025-01-15,120504,redemption,22303,West Bengal,Kolkata,T30,56+,Male,79.6,Cheque,Verified
INV003711,2025-01-15,120842,lumpsum,235135,Telangana,Hyderabad,T30,36-45,Female,13.1,Net Banking,Verified
INV001299,2025-01-15,120507,sip,6500,Haryana,Faridabad,B30,26-35,Male,19.9,Mandate,Verified
INV002906,2025-01-15,149322,sip,23054,Telangana,Hyderabad,T30,26-35,Male,19.9,UPI,Verified
INV003242,2025-01-15,101208,sip,16376,Punjab,Chandigarh,T30,26-35,Female,18.1,UPI,Verified
INV003524,2025-01-15,102887,lumpsum,437476,Telangana,Hyderabad,T30,36-45,Male,12.5,Mandate,Verified
INV002879,2025-01-15,100016,redemption,266147,Tamil Nadu,Coimbatore,B30,46-55,Male,26.0,Cheque,Verified
INV003070,2025-01-15,148568,lumpsum,462893,West Bengal,Kolkata,T30,26-35,Male,23.7,Mandate,Verified
INV004647,2025-01-15,119092,sip,1731,Madhya Pradesh,Indore,T30,36-45,Female,25.3,Mandate,Verified
INV004372,2025-01-15,148569,lumpsum,10695,Haryana,Faridabad,B30,26-35,Female,22.9,Cheque,Verified
INV000388,2025-01-15,118634,sip,2159,Maharashtra,Nashik,B30,36-45,Male,33.6,Net Banking,Verified
INV004266,2025-01-15,119095,sip,8866,Delhi,New Delhi,T30,36-45,Male,35.9,Cheque,Verified
INV001778,2025-01-15,120507,sip,6679,Maharashtra,Mumbai,T30,26-35,Male,9.7,Net Banking,Verified
INV003379,2025-01-15,101206,sip,5624,Uttar Pradesh,Lucknow,T30,36-45,Male,43.2,Mandate,Verified
INV001712,2025-01-15,149324,redemption,48853,West Bengal,Kolkata,T30,18-25,Male,6.2,Cheque,Verified
INV001384,2025-01-15,149323,sip,2720,Maharashtra,Mumbai,T30,26-35,Female,16.0,Net Banking,Pending
INV004283,2025-01-15,100033,redemption,380303,Telangana,Hyderabad,T30,26-35,Male,9.6,UPI,Verified
INV003528,2025-01-15,125498,sip,12399,Madhya Pradesh,Bhopal,B30,18-25,Female,3.6,Mandate,Verified
INV003139,2025-01-15,119551,sip,52178,Karnataka,Mysore,B30,36-45,Male,39.4,Cheque,Verified
INV002515,2025-01-15,102885,sip,2047,West Bengal,Kolkata,T30,56+,Female,73.9,Mandate,Verified
INV002121,2025-01-15,101206,sip,13406,Madhya Pradesh,Bhopal,B30,18-25,Female,3.5,UPI,Verified
INV000549,2025-01-15,102887,lumpsum,327211,Tamil Nadu,Coimbatore,B30,46-55,Female,59.6,UPI,Verified
INV003757,2025-01-15,120842,sip,2885,Uttar Pradesh,Agra,B30,18-25,Male,3.7,Net Banking,Verified
INV004196,2025-01-15,100025,sip,8227,West Bengal,Kolkata,T30,46-55,Male,44.4,Mandate,Verified
INV001549,2025-01-15,101208,lumpsum,179074,Haryana,Gurugram,T30,36-45,Male,19.5,Cheque,Verified
INV000467,2025-01-15,101207,sip,11024,Karnataka,Bangalore,T30,18-25,Female,7.1,Cheque,Verified
INV003423,2025-01-15,118634,sip,1055,Delhi,Noida,T30,18-25,Female,3.2,Cheque,Verified
INV001190,2025-01-15,102887,sip,6797,Maharashtra,Mumbai,T30,26-35,Male,15.6,Net Banking,Verified
INV002816,2025-01-15,118634,sip,585,Uttar Pradesh,Agra,B30,26-35,Male,22.8,UPI,Verified
INV002372,2025-01-15,120841,sip,916,Maharashtra,Pune,T30,36-45,Female,28.6,UPI,Verified
INV004781,2025-01-15,102885,lumpsum,68021,Haryana,Faridabad,B30,18-25,Female,5.7,UPI,Verified
INV000578,2025-01-15,100016,lumpsum,40469,Maharashtra,Nashik,B30,26-35,Male,10.9,UPI,Pending
INV003997,2025-01-15,100033,sip,961,Telangana,Hyderabad,T30,36-45,Male,48.3,UPI,Verified
INV004247,2025-01-15,120842,redemption,400888,Tamil Nadu,Chennai,T30,18-25,Male,4.9,Cheque,Verified
INV003713,2025-01-15,120503,redemption,219506,West Bengal,Kolkata,T30,36-45,Female,29.9,UPI,Verified
INV004247,2025-01-15,120842,lumpsum,109259,Tamil Nadu,Chennai,T30,18-25,Male,4.9,Cheque,Verified
INV000970,2025-01-15,101208,sip,5600,Tamil Nadu,Coimbatore,B30,46-55,Male,28.8,Net Banking,Verified
INV001259,2025-01-15,120842,sip,17114,Telangana,Hyderabad,T30,26-35,Female,10.6,Cheque,Verified
INV001455,2025-01-15,119094,lumpsum,114760,Madhya Pradesh,Indore,T30,36-45,Male,26.8,UPI,Verified
INV004450,2025-01-15,119093,lumpsum,460998,Tamil Nadu,Coimbatore,B30,36-45,Male,16.7,UPI,Verified
INV004747,2025-01-15,149324,sip,14317,Punjab,Amritsar,B30,36-45,Male,23.4,Mandate,Verified
INV004246,2025-01-15,120503,redemption,280117,West Bengal,Kolkata,T30,36-45,Female,12.2,Net Banking,Pending
INV004442,2025-01-15,120843,lumpsum,287768,Haryana,Faridabad,B30,18-25,Male,5.8,Mandate,Verified
INV003351,2025-01-15,102887,sip,7356,Delhi,New Delhi,T30,26-35,Male,9.5,Mandate,Verified
INV001993,2025-01-15,119093,lumpsum,20536,Uttar Pradesh,Agra,B30,36-45,Female,44.2,Mandate,Verified
INV000599,2025-01-15,101206,sip,16805,Gujarat,Ahmedabad,T30,36-45,Male,24.0,UPI,Verified
INV003830,2025-01-15,101207,sip,9681,Punjab,Amritsar,B30,26-35,Male,17.6,Net Banking,Verified
INV003043,2025-01-15,119093,sip,1093,Karnataka,Bangalore,T30,26-35,Male,21.2,Cheque,Verified
INV003360,2025-01-15,120844,sip,3535,Madhya Pradesh,Indore,T30,26-35,Female,19.5,Cheque,Verified
INV003222,2025-01-15,148567,sip,17934,Punjab,Amritsar,B30,56+,Female,11.7,UPI,Verified
INV002799,2025-01-15,125497,sip,1092,Uttar Pradesh,Lucknow,T30,36-45,Male,50.5,UPI,Verified
INV003338,2025-01-15,125497,sip,27252,Haryana,Faridabad,B30,46-55,Male,69.2,Mandate,Verified
INV003855,2025-01-15,118633,sip,499,Haryana,Faridabad,B30,56+,Male,58.1,UPI,Verified
INV003170,2025-01-15,125498,lumpsum,58028,Tamil Nadu,Chennai,T30,26-35,Female,10.6,Cheque,Verified
INV002241,2025-01-15,120504,sip,1695,Punjab,Amritsar,B30,36-45,Female,41.4,Net Banking,Verified
INV003037,2025-01-15,120843,lumpsum,378955,Telangana,Hyderabad,T30,18-25,Female,7.6,UPI,Verified
INV002039,2025-01-15,120506,redemption,50107,Madhya Pradesh,Bhopal,B30,46-55,Male,17.3,UPI,Verified
INV000169,2025-01-15,120844,lumpsum,317381,Rajasthan,Jaipur,T30,26-35,Male,6.9,Net Banking,Verified
INV004175,2025-01-15,100016,sip,462,Tamil Nadu,Coimbatore,B30,36-45,Female,51.8,Net Banking,Pending
INV001814,2025-01-15,120503,lumpsum,27691,West Bengal,Kolkata,T30,26-35,Female,6.9,UPI,Verified
INV002384,2025-01-15,102887,sip,11023,Karnataka,Mysore,B30,26-35,Male,24.3,Net Banking,Verified
INV000079,2025-01-16,102885,sip,8102,Gujarat,Surat,T30,26-35,Male,17.0,Mandate,Verified
INV004241,2025-01-16,119598,sip,8701,Maharashtra,Mumbai,T30,36-45,Male,18.9,Net Banking,Verified
INV002539,2025-01-16,148569,sip,8860,Gujarat,Ahmedabad,T30,18-25,Male,6.4,Net Banking,Verified
INV004446,2025-01-16,148567,lumpsum,13998,West Bengal,Kolkata,T30,26-35,Male,14.8,Cheque,Verified
INV001752,2025-01-16,100016,sip,11716,Rajasthan,Udaipur,B30,26-35,Female,13.4,Cheque,Verified
INV004515,2025-01-16,119599,redemption,100317,Rajasthan,Udaipur,B30,18-25,Female,5.2,Net Banking,Verified
INV003730,2025-01-16,119094,sip,6740,Madhya Pradesh,Bhopal,B30,26-35,Male,23.1,Mandate,Verified
INV001881,2025-01-16,100025,redemption,461758,Telangana,Hyderabad,T30,26-35,Male,11.2,Cheque,Verified
INV004362,2025-01-16,120842,sip,2466,West Bengal,Kolkata,T30,26-35,Female,12.1,Cheque,Verified
INV003267,2025-01-16,125497,sip,2405,Rajasthan,Udaipur,B30,36-45,Male,29.9,Mandate,Verified
INV003710,2025-01-16,119093,redemption,67540,Rajasthan,Udaipur,B30,26-35,Male,19.6,Mandate,Verified
INV000529,2025-01-16,120841,sip,2029,Maharashtra,Mumbai,T30,18-25,Male,4.7,Mandate,Verified
INV000675,2025-01-16,149323,redemption,105428,Uttar Pradesh,Kanpur,B30,36-45,Male,27.9,Net Banking,Verified
INV000841,2025-01-16,118634,lumpsum,96443,Maharashtra,Mumbai,T30,36-45,Male,56.5,Net Banking,Verified
INV003410,2025-01-16,120503,redemption,367416,Madhya Pradesh,Indore,T30,26-35,Male,7.7,Net Banking,Verified
INV004986,2025-01-16,101208,sip,2492,Madhya Pradesh,Bhopal,B30,26-35,Male,12.3,UPI,Verified
INV004497,2025-01-16,119551,sip,2601,Rajasthan,Jaipur,T30,26-35,Female,13.3,Cheque,Verified
INV002042,2025-01-16,119092,sip,10570,Tamil Nadu,Chennai,T30,26-35,Female,10.0,Cheque,Verified
INV004326,2025-01-16,120506,sip,583,Delhi,Gurugram,T30,26-35,Male,7.5,Mandate,Verified
INV004969,2025-01-16,148568,lumpsum,119201,Karnataka,Bangalore,T30,36-45,Male,40.2,Mandate,Verified
INV000629,2025-01-16,148568,redemption,312622,West Bengal,Kolkata,T30,46-55,Male,96.4,Cheque,Verified
INV001213,2025-01-16,149324,redemption,113711,Punjab,Amritsar,B30,36-45,Male,57.7,UPI,Verified
INV003364,2025-01-16,120841,sip,42018,West Bengal,Kolkata,T30,26-35,Male,23.4,Cheque,Pending
INV001673,2025-01-16,125498,sip,8072,West Bengal,Kolkata,T30,26-35,Male,23.0,Net Banking,Verified
INV000727,2025-01-16,148568,sip,4664,Karnataka,Bangalore,T30,26-35,Female,21.3,Net Banking,Verified
INV004983,2025-01-16,125497,redemption,180289,Madhya Pradesh,Bhopal,B30,26-35,Male,20.6,UPI,Verified
INV000576,2025-01-16,118635,sip,2224,Delhi,New Delhi,T30,46-55,Male,79.7,Cheque,Verified
INV002017,2025-01-16,101207,sip,2205,Karnataka,Mysore,B30,26-35,Female,15.0,UPI,Verified
INV003918,2025-01-16,120507,redemption,460890,Madhya Pradesh,Indore,T30,56+,Male,51.2,Cheque,Verified
INV004395,2025-01-16,100016,redemption,145552,Telangana,Hyderabad,T30,36-45,Female,58.3,UPI,Verified
INV003211,2025-01-16,119095,sip,8119,Uttar Pradesh,Lucknow,T30,36-45,Male,55.1,Cheque,Verified
INV000012,2025-01-16,100016,sip,1097,Uttar Pradesh,Kanpur,B30,46-55,Male,51.6,Net Banking,Verified
INV002055,2025-01-16,118633,sip,471,Punjab,Amritsar,B30,26-35,Male,18.7,Mandate,Verified
INV001238,2025-01-16,100033,sip,2195,Haryana,Gurugram,T30,26-35,Male,17.9,UPI,Verified
INV004495,2025-01-16,119552,sip,5414,Punjab,Amritsar,B30,36-45,Female,24.4,UPI,Verified
INV001919,2025-01-16,102886,sip,57159,Gujarat,Ahmedabad,T30,26-35,Male,17.3,Mandate,Verified
INV001879,2025-01-16,101207,sip,5713,Uttar Pradesh,Lucknow,T30,18-25,Female,6.3,Mandate,Verified
INV004302,2025-01-16,118633,sip,10807,Karnataka,Mysore,B30,46-55,Male,63.4,Mandate,Verified
INV001636,2025-01-16,125497,sip,2659,Rajasthan,Udaipur,B30,18-25,Male,6.0,UPI,Verified
INV002810,2025-01-16,148568,sip,3531,Punjab,Amritsar,B30,36-45,Male,33.2,Net Banking,Verified
INV001574,2025-01-16,120504,sip,23292,Maharashtra,Mumbai,T30,36-45,Female,35.7,Cheque,Pending
INV002893,2025-01-16,102885,sip,9612,Telangana,Hyderabad,T30,56+,Male,69.4,Net Banking,Verified
INV004092,2025-01-16,148567,sip,6305,Maharashtra,Nashik,B30,18-25,Female,4.4,Net Banking,Verified
INV002230,2025-01-16,119551,sip,11578,Delhi,Noida,T30,36-45,Male,21.7,Mandate,Pending
INV003883,2025-01-16,119599,redemption,387502,West Bengal,Kolkata,T30,26-35,Male,6.7,Cheque,Verified
INV002784,2025-01-16,102885,sip,21656,Karnataka,Mysore,B30,26-35,Male,17.7,UPI,Verified
INV002966,2025-01-16,119120,lumpsum,481027,Gujarat,Ahmedabad,T30,26-35,Female,18.4,Cheque,Pending
INV004651,2025-01-16,149322,lumpsum,125432,Rajasthan,Udaipur,B30,46-55,Male,39.1,UPI,Verified
INV002966,2025-01-16,102886,sip,439,Gujarat,Ahmedabad,T30,26-35,Female,18.4,UPI,Verified
INV004096,2025-01-16,102887,lumpsum,349745,Tamil Nadu,Coimbatore,B30,36-45,Male,57.1,Net Banking,Verified
INV000449,2025-01-16,120507,sip,2508,Haryana,Faridabad,B30,18-25,Male,6.8,UPI,Verified
INV000495,2025-01-16,120505,lumpsum,131933,Gujarat,Surat,T30,26-35,Female,7.6,Net Banking,Verified
INV004700,2025-01-16,118635,sip,23859,Gujarat,Ahmedabad,T30,26-35,Male,15.9,UPI,Verified
INV002787,2025-01-16,120842,lumpsum,146032,Uttar Pradesh,Kanpur,B30,18-25,Male,4.8,UPI,Verified
INV002342,2025-01-16,119092,sip,488,Maharashtra,Mumbai,T30,26-35,Male,15.8,Cheque,Verified
INV002150,2025-01-16,120843,sip,28231,Uttar Pradesh,Kanpur,B30,26-35,Female,21.5,Net Banking,Verified
INV002930,2025-01-16,119598,sip,1964,West Bengal,Kolkata,T30,36-45,Male,54.0,Cheque,Verified
INV004023,2025-01-16,119598,sip,3214,Tamil Nadu,Chennai,T30,46-55,Male,69.6,Mandate,Verified
INV003641,2025-01-16,119551,sip,9498,Telangana,Hyderabad,T30,26-35,Female,13.1,Net Banking,Verified
INV002126,2025-01-16,118633,sip,6198,Delhi,New Delhi,T30,26-35,Female,22.0,Cheque,Verified
INV002950,2025-01-16,149323,sip,11680,Madhya Pradesh,Indore,T30,46-55,Female,37.4,Cheque,Verified
INV002265,2025-01-16,149322,lumpsum,162719,Rajasthan,Jaipur,T30,18-25,Female,3.8,UPI,Verified
INV002800,2025-01-16,125498,sip,2939,West Bengal,Kolkata,T30,36-45,Male,51.9,UPI,Verified
INV000283,2025-01-16,119551,sip,597,West Bengal,Kolkata,T30,46-55,Male,18.1,Mandate,Verified
INV000467,2025-01-16,120842,sip,5829,Karnataka,Bangalore,T30,18-25,Female,7.1,Mandate,Verified
INV002403,2025-01-16,119598,sip,43953,Maharashtra,Nashik,B30,18-25,Male,3.3,UPI,Verified
INV002809,2025-01-16,148568,sip,5659,Uttar Pradesh,Agra,B30,36-45,Male,48.6,Mandate,Verified
INV002828,2025-01-16,102886,sip,8737,West Bengal,Kolkata,T30,26-35,Male,21.8,Cheque,Verified
INV003681,2025-01-16,100033,sip,3032,Telangana,Hyderabad,T30,26-35,Female,17.4,UPI,Verified
INV003010,2025-01-16,149324,sip,5596,Delhi,Gurugram,T30,36-45,Male,13.7,Net Banking,Verified
INV004006,2025-01-16,119551,sip,46904,Tamil Nadu,Coimbatore,B30,56+,Male,59.1,UPI,Verified
INV004761,2025-01-16,120503,lumpsum,178736,Madhya Pradesh,Indore,T30,26-35,Male,21.4,UPI,Verified
INV001026,2025-01-16,119094,sip,519,Haryana,Gurugram,T30,26-35,Male,12.1,UPI,Verified
INV000772,2025-01-16,125497,lumpsum,194214,Karnataka,Bangalore,T30,56+,Female,16.1,UPI,Verified
INV003008,2025-01-16,101208,redemption,413951,Rajasthan,Jaipur,T30,36-45,Female,37.4,Net Banking,Verified
INV003091,2025-01-16,149322,redemption,128072,Delhi,New Delhi,T30,36-45,Female,36.4,Cheque,Verified
INV003335,2025-01-17,101207,sip,8346,Maharashtra,Pune,T30,18-25,Male,4.1,Mandate,Verified
INV002023,2025-01-17,102885,sip,8045,Madhya Pradesh,Indore,T30,36-45,Female,50.5,Net Banking,Verified
INV000262,2025-01-17,120842,sip,5463,Telangana,Hyderabad,T30,36-45,Male,47.6,Cheque,Verified
INV003166,2025-01-17,120507,lumpsum,243761,Karnataka,Bangalore,T30,26-35,Female,7.1,Mandate,Verified
INV000642,2025-01-17,118634,sip,2380,Gujarat,Surat,T30,26-35,Male,15.6,Cheque,Verified
INV002450,2025-01-17,120842,redemption,288568,West Bengal,Kolkata,T30,36-45,Female,14.5,UPI,Verified
INV002350,2025-01-17,120841,sip,16787,Tamil Nadu,Chennai,T30,26-35,Male,23.0,UPI,Verified
INV000727,2025-01-17,119551,sip,2098,Karnataka,Bangalore,T30,26-35,Female,21.3,UPI,Verified
INV001641,2025-01-17,102885,sip,8796,Haryana,Faridabad,B30,26-35,Male,15.4,Mandate,Verified
INV003874,2025-01-17,102887,lumpsum,524833,Punjab,Amritsar,B30,26-35,Female,16.5,UPI,Verified
INV000984,2025-01-17,119094,sip,2692,Telangana,Hyderabad,T30,26-35,Male,20.9,UPI,Verified
INV002947,2025-01-17,102886,sip,8613,Maharashtra,Nashik,B30,46-55,Male,73.3,Cheque,Verified
INV001273,2025-01-17,100025,redemption,428499,West Bengal,Kolkata,T30,36-45,Male,18.7,Net Banking,Verified
INV002704,2025-01-17,148567,sip,948,Delhi,Noida,T30,36-45,Female,47.8,Net Banking,Verified
INV000990,2025-01-17,120505,lumpsum,422390,West Bengal,Kolkata,T30,56+,Male,32.4,UPI,Verified
INV004392,2025-01-17,119093,lumpsum,28444,West Bengal,Kolkata,T30,18-25,Male,6.7,UPI,Verified
INV001181,2025-01-17,101207,lumpsum,42854,West Bengal,Kolkata,T30,26-35,Male,21.0,Net Banking,Verified
INV004901,2025-01-17,148569,sip,58521,Haryana,Gurugram,T30,26-35,Female,10.8,Mandate,Verified
INV000193,2025-01-17,125498,lumpsum,182289,Delhi,Gurugram,T30,26-35,Female,11.6,Net Banking,Verified
INV004051,2025-01-17,119120,sip,2594,Rajasthan,Udaipur,B30,36-45,Female,28.8,Cheque,Verified
INV001321,2025-01-17,100033,sip,12662,Telangana,Hyderabad,T30,46-55,Male,74.1,Cheque,Verified
INV001455,2025-01-17,119598,sip,8744,Madhya Pradesh,Indore,T30,36-45,Male,26.8,Net Banking,Verified
INV001585,2025-01-17,120506,sip,2346,Telangana,Hyderabad,T30,36-45,Male,28.3,Mandate,Verified
INV001971,2025-01-17,119094,sip,5070,Gujarat,Ahmedabad,T30,26-35,Male,21.0,Mandate,Verified
INV003491,2025-01-17,101206,sip,25028,Delhi,Noida,T30,46-55,Male,92.5,Net Banking,Verified
INV000265,2025-01-17,100016,sip,43930,Madhya Pradesh,Bhopal,B30,36-45,Male,14.1,Mandate,Verified
INV002861,2025-01-17,118632,sip,6715,Punjab,Amritsar,B30,56+,Female,79.7,Cheque,Verified
INV000055,2025-01-17,120506,redemption,239530,Karnataka,Bangalore,T30,26-35,Male,13.5,UPI,Verified
INV002555,2025-01-17,120506,sip,3248,Gujarat,Ahmedabad,T30,36-45,Male,24.5,Net Banking,Verified
INV000125,2025-01-17,119552,sip,42439,Tamil Nadu,Coimbatore,B30,36-45,Male,35.6,UPI,Verified
INV000980,2025-01-17,120503,sip,11990,West Bengal,Kolkata,T30,18-25,Female,7.3,UPI,Pending
INV004363,2025-01-17,120843,sip,1717,Delhi,Noida,T30,26-35,Male,20.5,Cheque,Verified
INV000229,2025-01-17,120505,sip,2753,Punjab,Amritsar,B30,26-35,Male,11.0,UPI,Verified
INV000349,2025-01-17,102885,lumpsum,157747,Maharashtra,Mumbai,T30,18-25,Female,3.8,Mandate,Verified
INV001689,2025-01-17,120505,sip,907,Haryana,Faridabad,B30,36-45,Male,40.4,Net Banking,Verified
INV001739,2025-01-17,102887,sip,7092,West Bengal,Kolkata,T30,36-45,Female,45.5,Mandate,Verified
INV000385,2025-01-17,118636,sip,2451,Karnataka,Mysore,B30,18-25,Female,7.5,UPI,Verified
INV000589,2025-01-17,120841,redemption,478823,Uttar Pradesh,Kanpur,B30,18-25,Female,6.3,Mandate,Verified
INV002813,2025-01-17,118632,sip,2548,Punjab,Chandigarh,T30,26-35,Male,13.5,UPI,Pending
INV002859,2025-01-17,148568,lumpsum,499140,Madhya Pradesh,Indore,T30,26-35,Male,20.1,UPI,Verified
INV001853,2025-01-17,120503,sip,7325,Delhi,Noida,T30,18-25,Male,6.1,Mandate,Verified
INV004641,2025-01-17,118633,sip,2352,Haryana,Faridabad,B30,56+,Male,42.4,UPI,Verified
INV004861,2025-01-17,120504,lumpsum,280593,Telangana,Hyderabad,T30,18-25,Male,3.6,Net Banking,Verified
INV003740,2025-01-17,119598,sip,7468,Karnataka,Bangalore,T30,56+,Female,16.2,Cheque,Verified
INV000576,2025-01-17,125498,sip,4476,Delhi,New Delhi,T30,46-55,Male,79.7,Mandate,Verified
INV001754,2025-01-17,148569,sip,542,Maharashtra,Nashik,B30,46-55,Female,56.1,Mandate,Verified
INV004631,2025-01-17,125497,redemption,200411,Tamil Nadu,Chennai,T30,36-45,Female,20.2,Net Banking,Verified
INV000797,2025-01-17,120505,sip,8975,Rajasthan,Jaipur,T30,36-45,Female,53.7,Cheque,Verified
INV003362,2025-01-17,119551,sip,28562,Karnataka,Bangalore,T30,36-45,Female,22.6,Net Banking,Verified
INV000509,2025-01-17,119552,sip,4326,Madhya Pradesh,Bhopal,B30,56+,Male,26.5,Mandate,Verified
INV004982,2025-01-17,120504,redemption,322616,Haryana,Faridabad,B30,18-25,Female,7.9,UPI,Pending
INV002757,2025-01-17,101206,redemption,300695,Madhya Pradesh,Indore,T30,18-25,Male,5.0,UPI,Pending
INV003141,2025-01-17,102887,lumpsum,445219,Maharashtra,Pune,T30,36-45,Female,40.1,Cheque,Verified
INV000332,2025-01-17,125498,redemption,41102,Telangana,Hyderabad,T30,36-45,Female,12.9,UPI,Verified
INV004487,2025-01-17,102887,redemption,384396,Maharashtra,Nashik,B30,26-35,Female,24.4,Cheque,Verified
INV002913,2025-01-17,118633,sip,7139,Delhi,New Delhi,T30,56+,Male,28.5,Mandate,Verified
INV002412,2025-01-17,125498,sip,581,Karnataka,Bangalore,T30,26-35,Male,11.4,UPI,Pending
INV001222,2025-01-17,119094,sip,2130,Delhi,Noida,T30,26-35,Female,14.9,Mandate,Verified
INV000319,2025-01-17,120507,sip,11890,Maharashtra,Mumbai,T30,56+,Male,74.8,Cheque,Pending
INV002096,2025-01-17,120842,redemption,137579,Delhi,New Delhi,T30,18-25,Female,6.9,UPI,Verified
INV003221,2025-01-18,120841,sip,10824,Karnataka,Mysore,B30,26-35,Male,15.8,Mandate,Verified
INV001723,2025-01-18,101206,redemption,36681,Tamil Nadu,Chennai,T30,26-35,Male,14.2,UPI,Verified
INV002384,2025-01-18,120503,sip,550,Karnataka,Mysore,B30,26-35,Male,24.3,Mandate,Verified
INV002978,2025-01-18,100025,redemption,160165,Karnataka,Bangalore,T30,36-45,Male,43.5,Net Banking,Verified
INV001605,2025-01-18,101207,sip,26940,Uttar Pradesh,Kanpur,B30,26-35,Female,12.4,Net Banking,Verified
INV003304,2025-01-18,120843,sip,1016,Telangana,Hyderabad,T30,18-25,Female,4.8,Net Banking,Verified
INV002162,2025-01-18,119598,sip,48190,Madhya Pradesh,Indore,T30,46-55,Male,40.2,Cheque,Pending
INV001447,2025-01-18,125498,sip,13558,Madhya Pradesh,Indore,T30,26-35,Female,14.6,Net Banking,Verified
INV001208,2025-01-18,102885,sip,434,Gujarat,Ahmedabad,T30,56+,Male,18.7,Net Banking,Verified
INV003079,2025-01-18,101206,sip,7693,Gujarat,Surat,T30,26-35,Male,8.5,Cheque,Verified
INV001026,2025-01-18,119092,lumpsum,31374,Haryana,Gurugram,T30,26-35,Male,12.1,Cheque,Verified
INV001654,2025-01-18,119095,sip,11585,Uttar Pradesh,Lucknow,T30,36-45,Female,28.1,Mandate,Verified
INV004365,2025-01-18,119094,lumpsum,123748,Delhi,Gurugram,T30,26-35,Male,19.4,Cheque,Verified
INV002369,2025-01-18,102887,lumpsum,146721,Madhya Pradesh,Bhopal,B30,36-45,Male,33.6,Net Banking,Verified
INV000267,2025-01-18,120842,sip,56191,Telangana,Hyderabad,T30,26-35,Male,17.7,Net Banking,Verified
INV000154,2025-01-18,119551,sip,16382,Haryana,Faridabad,B30,36-45,Male,51.3,Cheque,Verified
INV004722,2025-01-18,119094,lumpsum,79954,Haryana,Faridabad,B30,36-45,Female,29.7,UPI,Verified
INV001988,2025-01-18,102887,lumpsum,52303,Karnataka,Bangalore,T30,26-35,Male,17.7,UPI,Verified
INV001880,2025-01-18,125498,lumpsum,369222,Madhya Pradesh,Bhopal,B30,26-35,Male,23.0,Cheque,Verified
INV004289,2025-01-18,119092,sip,8617,Karnataka,Bangalore,T30,26-35,Male,14.8,Cheque,Verified
INV002368,2025-01-18,102887,sip,1036,Telangana,Hyderabad,T30,26-35,Male,13.7,Cheque,Pending
INV000056,2025-01-18,149324,sip,802,Haryana,Faridabad,B30,26-35,Female,22.5,Mandate,Verified
INV004594,2025-01-18,101206,sip,1179,Haryana,Gurugram,T30,26-35,Female,9.8,Cheque,Verified
INV000145,2025-01-18,119092,lumpsum,377679,Delhi,New Delhi,T30,26-35,Male,9.3,Cheque,Verified
INV001172,2025-01-18,120843,sip,2430,Tamil Nadu,Coimbatore,B30,26-35,Female,7.1,Net Banking,Verified
INV001769,2025-01-18,120504,sip,4210,Punjab,Chandigarh,T30,18-25,Male,7.4,Net Banking,Verified
INV004346,2025-01-18,148569,sip,1033,Tamil Nadu,Coimbatore,B30,26-35,Male,19.4,Mandate,Verified
INV000539,2025-01-18,101206,redemption,463546,Haryana,Faridabad,B30,26-35,Female,13.4,Cheque,Verified
INV001000,2025-01-18,119551,lumpsum,219832,Delhi,Gurugram,T30,18-25,Male,5.5,Cheque,Verified
INV004502,2025-01-18,149324,sip,15287,Rajasthan,Udaipur,B30,36-45,Male,59.0,Cheque,Verified
INV001052,2025-01-18,118634,lumpsum,357759,Karnataka,Mysore,B30,26-35,Female,8.6,UPI,Verified
INV003737,2025-01-18,120504,sip,3396,Punjab,Chandigarh,T30,18-25,Male,4.4,Mandate,Verified
INV002862,2025-01-18,102886,redemption,26024,Telangana,Hyderabad,T30,56+,Male,72.7,Mandate,Verified
INV001334,2025-01-18,118634,sip,9137,Punjab,Amritsar,B30,36-45,Male,38.6,UPI,Verified
INV003215,2025-01-18,148567,sip,577,Gujarat,Surat,T30,26-35,Female,20.9,Mandate,Verified
INV001986,2025-01-18,125497,sip,11135,Madhya Pradesh,Indore,T30,36-45,Female,17.4,UPI,Verified
INV002223,2025-01-18,120506,redemption,375192,Karnataka,Bangalore,T30,36-45,Female,40.7,UPI,Verified
INV002010,2025-01-18,119552,sip,2194,Uttar Pradesh,Agra,B30,56+,Male,11.6,UPI,Verified
INV000529,2025-01-18,102885,sip,7601,Maharashtra,Mumbai,T30,18-25,Male,4.7,Cheque,Verified
INV004631,2025-01-18,119092,sip,530,Tamil Nadu,Chennai,T30,36-45,Female,20.2,Mandate,Verified
INV001640,2025-01-18,120844,redemption,112904,Rajasthan,Jaipur,T30,36-45,Female,52.6,Cheque,Verified
INV002693,2025-01-18,120504,sip,4590,Uttar Pradesh,Kanpur,B30,26-35,Male,22.5,Cheque,Verified
INV003395,2025-01-18,118633,redemption,178351,Gujarat,Ahmedabad,T30,36-45,Male,39.2,UPI,Verified
INV003968,2025-01-18,102887,sip,2203,Maharashtra,Mumbai,T30,46-55,Female,58.7,UPI,Verified
INV001219,2025-01-18,149323,redemption,387335,West Bengal,Kolkata,T30,26-35,Male,18.4,Cheque,Verified
INV002275,2025-01-18,118633,lumpsum,319498,Maharashtra,Mumbai,T30,18-25,Male,7.1,Cheque,Verified
INV001763,2025-01-18,119551,lumpsum,78260,Uttar Pradesh,Lucknow,T30,46-55,Male,42.0,UPI,Pending
INV000637,2025-01-18,148569,lumpsum,52424,Punjab,Chandigarh,T30,26-35,Male,13.9,Cheque,Verified
INV000018,2025-01-18,102886,sip,8983,Telangana,Hyderabad,T30,56+,Male,37.9,Net Banking,Verified
INV002241,2025-01-18,120504,sip,2681,Punjab,Amritsar,B30,36-45,Female,41.4,Mandate,Verified
INV000395,2025-01-18,125498,sip,3535,Delhi,Noida,T30,18-25,Male,3.4,UPI,Verified
INV004149,2025-01-18,118633,sip,14627,Rajasthan,Udaipur,B30,56+,Female,78.2,Mandate,Verified
INV000774,2025-01-18,101206,sip,810,Telangana,Hyderabad,T30,36-45,Male,34.9,Cheque,Verified
INV000219,2025-01-18,100016,lumpsum,92152,Gujarat,Ahmedabad,T30,26-35,Male,22.3,UPI,Verified
INV001715,2025-01-18,120505,sip,24220,Gujarat,Surat,T30,18-25,Male,7.7,Mandate,Verified
INV004855,2025-01-18,118632,lumpsum,306025,Madhya Pradesh,Bhopal,B30,36-45,Female,49.4,Mandate,Verified
INV000337,2025-01-18,148569,lumpsum,171204,Haryana,Faridabad,B30,56+,Female,73.4,Net Banking,Verified
INV002688,2025-01-18,120842,sip,1072,Uttar Pradesh,Lucknow,T30,26-35,Male,23.5,Mandate,Verified
INV000195,2025-01-18,118633,sip,976,Madhya Pradesh,Bhopal,B30,36-45,Female,56.5,UPI,Pending
INV000008,2025-01-18,119552,sip,458,Punjab,Amritsar,B30,26-35,Female,18.6,Cheque,Verified
INV000120,2025-01-18,119094,sip,20559,Tamil Nadu,Chennai,T30,26-35,Male,24.4,UPI,Verified
INV001923,2025-01-18,100016,sip,3149,Gujarat,Surat,T30,18-25,Female,4.0,Mandate,Verified
INV003672,2025-01-18,102887,lumpsum,206117,Uttar Pradesh,Agra,B30,36-45,Male,32.5,Mandate,Verified
INV004464,2025-01-18,118636,sip,6886,Haryana,Faridabad,B30,26-35,Female,11.9,UPI,Verified
INV003761,2025-01-18,120844,lumpsum,108110,Karnataka,Mysore,B30,46-55,Male,61.2,UPI,Pending
INV004942,2025-01-19,120844,lumpsum,168534,Maharashtra,Mumbai,T30,26-35,Female,6.3,Mandate,Verified
INV000238,2025-01-19,118634,sip,10242,Telangana,Hyderabad,T30,36-45,Male,26.3,Cheque,Verified
INV003112,2025-01-19,118632,sip,42283,Maharashtra,Pune,T30,26-35,Female,8.5,Net Banking,Verified
INV000104,2025-01-19,125497,sip,8609,Madhya Pradesh,Indore,T30,26-35,Male,8.1,Net Banking,Verified
INV002089,2025-01-19,102885,sip,5181,Rajasthan,Udaipur,B30,46-55,Female,22.5,UPI,Verified
INV000394,2025-01-19,118634,sip,489,Maharashtra,Mumbai,T30,26-35,Male,12.2,Mandate,Verified
INV001616,2025-01-19,119599,sip,8137,Tamil Nadu,Chennai,T30,26-35,Male,23.2,Net Banking,Verified
INV000436,2025-01-19,118636,sip,2467,Rajasthan,Jaipur,T30,26-35,Male,14.4,Mandate,Verified
INV003393,2025-01-19,119598,sip,5264,Delhi,New Delhi,T30,26-35,Male,17.1,Cheque,Verified
INV004287,2025-01-19,120507,sip,3361,Gujarat,Surat,T30,26-35,Female,18.1,Net Banking,Verified
INV002296,2025-01-19,148568,lumpsum,238730,Gujarat,Ahmedabad,T30,56+,Male,14.8,Cheque,Verified
INV003257,2025-01-19,120843,lumpsum,209060,Rajasthan,Jaipur,T30,56+,Male,34.8,UPI,Verified
INV002085,2025-01-19,101206,sip,23860,Telangana,Hyderabad,T30,56+,Female,12.5,Net Banking,Verified
INV003027,2025-01-19,125497,sip,13328,Telangana,Hyderabad,T30,26-35,Male,20.8,Mandate,Verified
INV004775,2025-01-19,120842,lumpsum,27613,Maharashtra,Mumbai,T30,18-25,Male,4.3,Net Banking,Verified
INV000384,2025-01-19,100016,lumpsum,435455,Tamil Nadu,Coimbatore,B30,18-25,Female,6.5,Net Banking,Verified
INV000086,2025-01-19,120841,lumpsum,305729,Karnataka,Mysore,B30,18-25,Female,4.1,Mandate,Verified
INV000840,2025-01-19,120503,sip,17626,Punjab,Chandigarh,T30,26-35,Male,15.3,Mandate,Verified
INV004531,2025-01-19,120505,sip,40068,Haryana,Gurugram,T30,26-35,Male,8.4,Mandate,Verified
INV001717,2025-01-19,118636,redemption,384372,Karnataka,Mysore,B30,26-35,Male,23.2,Cheque,Pending
INV000869,2025-01-19,120506,sip,6006,West Bengal,Kolkata,T30,26-35,Female,12.1,Net Banking,Verified
INV003717,2025-01-19,149324,sip,46531,Tamil Nadu,Coimbatore,B30,26-35,Female,20.8,Cheque,Verified
INV001954,2025-01-19,120505,lumpsum,126259,Uttar Pradesh,Agra,B30,26-35,Male,15.6,Mandate,Verified
INV001051,2025-01-19,148568,sip,960,Haryana,Gurugram,T30,26-35,Male,8.2,Net Banking,Verified
INV000390,2025-01-19,101206,lumpsum,292658,Karnataka,Bangalore,T30,26-35,Male,24.9,UPI,Verified
INV001331,2025-01-19,119552,sip,430,Gujarat,Ahmedabad,T30,26-35,Male,17.5,UPI,Verified
INV002348,2025-01-19,118636,redemption,119923,Uttar Pradesh,Agra,B30,26-35,Male,13.4,Mandate,Verified
INV004997,2025-01-19,118636,lumpsum,88296,Tamil Nadu,Coimbatore,B30,36-45,Female,54.3,Net Banking,Verified
INV001691,2025-01-19,120505,sip,2053,Maharashtra,Mumbai,T30,26-35,Male,10.3,Mandate,Pending
INV004942,2025-01-19,119120,sip,47587,Maharashtra,Mumbai,T30,26-35,Female,6.3,Cheque,Verified
INV002756,2025-01-19,119092,lumpsum,411263,Delhi,Gurugram,T30,36-45,Male,49.7,Cheque,Verified
INV003436,2025-01-19,120506,sip,484,Maharashtra,Mumbai,T30,36-45,Female,54.4,Mandate,Verified
INV001087,2025-01-19,118633,sip,536,Rajasthan,Udaipur,B30,26-35,Female,20.6,UPI,Verified
INV004459,2025-01-19,149323,sip,11188,Maharashtra,Pune,T30,26-35,Female,9.2,Cheque,Verified
INV003182,2025-01-19,100025,sip,5976,Tamil Nadu,Chennai,T30,18-25,Female,4.8,Mandate,Verified
INV001400,2025-01-19,119551,sip,43840,Tamil Nadu,Coimbatore,B30,36-45,Male,36.5,UPI,Verified
INV001848,2025-01-19,149323,redemption,51327,Punjab,Chandigarh,T30,26-35,Male,10.9,Mandate,Verified
INV002157,2025-01-19,119095,sip,438,Punjab,Chandigarh,T30,26-35,Male,16.9,Mandate,Verified
INV002761,2025-01-19,148567,sip,22767,Rajasthan,Jaipur,T30,26-35,Male,14.9,Mandate,Verified
INV002787,2025-01-19,120507,sip,2569,Uttar Pradesh,Kanpur,B30,18-25,Male,4.8,Cheque,Verified
INV001351,2025-01-19,125498,lumpsum,130174,Uttar Pradesh,Kanpur,B30,26-35,Male,8.5,UPI,Pending
INV000568,2025-01-19,120506,sip,15570,Delhi,New Delhi,T30,36-45,Male,48.4,UPI,Verified
INV003146,2025-01-19,101206,sip,6279,Rajasthan,Udaipur,B30,26-35,Male,20.2,Net Banking,Verified
INV000352,2025-01-19,119552,sip,41826,Tamil Nadu,Chennai,T30,46-55,Male,21.1,Net Banking,Verified
INV002751,2025-01-19,119093,sip,58662,Delhi,New Delhi,T30,36-45,Male,45.4,UPI,Verified
INV002938,2025-01-19,100016,lumpsum,4593,West Bengal,Kolkata,T30,18-25,Male,7.2,Mandate,Verified
INV002259,2025-01-19,119599,sip,2492,Madhya Pradesh,Bhopal,B30,18-25,Female,6.7,Cheque,Pending
INV001091,2025-01-19,119095,sip,8594,Telangana,Hyderabad,T30,18-25,Male,7.5,Cheque,Verified
INV004979,2025-01-19,118633,sip,29944,Punjab,Chandigarh,T30,26-35,Male,21.5,Mandate,Verified
INV003560,2025-01-19,149323,sip,2008,Rajasthan,Udaipur,B30,26-35,Male,22.5,UPI,Verified
INV002324,2025-01-19,101208,sip,5925,Karnataka,Bangalore,T30,26-35,Male,16.2,UPI,Verified
INV004589,2025-01-19,119095,sip,45867,Gujarat,Ahmedabad,T30,36-45,Male,14.4,Cheque,Verified
INV004096,2025-01-19,120506,lumpsum,591658,Tamil Nadu,Coimbatore,B30,36-45,Male,57.1,UPI,Pending
INV000001,2025-01-19,125497,sip,3090,Haryana,Gurugram,T30,36-45,Male,19.9,Cheque,Pending
INV004540,2025-01-19,148568,lumpsum,70876,Punjab,Chandigarh,T30,36-45,Male,48.9,Cheque,Verified
INV001396,2025-01-19,119552,sip,5627,Rajasthan,Jaipur,T30,26-35,Female,10.6,UPI,Verified
INV003872,2025-01-19,120506,sip,13705,Uttar Pradesh,Kanpur,B30,26-35,Male,20.1,Mandate,Verified
INV003892,2025-01-19,100025,lumpsum,73338,Punjab,Amritsar,B30,46-55,Male,24.4,UPI,Verified
INV004986,2025-01-19,118636,sip,948,Madhya Pradesh,Bhopal,B30,26-35,Male,12.3,Mandate,Verified
INV004949,2025-01-19,125498,sip,1708,Delhi,Gurugram,T30,26-35,Male,11.3,Mandate,Verified
INV003298,2025-01-19,120507,lumpsum,321456,Gujarat,Surat,T30,26-35,Male,12.4,UPI,Verified
INV003083,2025-01-19,101206,lumpsum,520385,Madhya Pradesh,Bhopal,B30,56+,Female,41.3,Net Banking,Pending
INV000785,2025-01-19,119599,sip,4486,Tamil Nadu,Chennai,T30,36-45,Male,31.1,Cheque,Verified
INV004822,2025-01-19,149324,lumpsum,22878,Rajasthan,Udaipur,B30,26-35,Male,14.8,Mandate,Pending
INV000591,2025-01-19,118636,sip,571,Karnataka,Bangalore,T30,18-25,Male,4.1,UPI,Verified
INV002641,2025-01-20,148568,sip,14123,Maharashtra,Nashik,B30,56+,Male,27.1,UPI,Verified
INV000728,2025-01-20,118634,sip,958,Telangana,Hyderabad,T30,26-35,Male,8.4,UPI,Verified
INV001885,2025-01-20,118634,redemption,81061,Karnataka,Bangalore,T30,26-35,Male,18.8,UPI,Verified
INV001471,2025-01-20,119094,lumpsum,428092,Rajasthan,Udaipur,B30,26-35,Male,11.9,Net Banking,Verified
INV003452,2025-01-20,119094,sip,8012,Haryana,Faridabad,B30,18-25,Male,4.5,UPI,Verified
INV004202,2025-01-20,120842,sip,5967,West Bengal,Kolkata,T30,36-45,Female,56.9,Mandate,Verified
INV004070,2025-01-20,102885,sip,12162,Maharashtra,Pune,T30,26-35,Male,13.8,Net Banking,Verified
INV002696,2025-01-20,119092,redemption,260456,Punjab,Amritsar,B30,18-25,Male,7.1,Net Banking,Verified
INV001878,2025-01-20,125498,sip,5864,West Bengal,Kolkata,T30,26-35,Male,7.8,Net Banking,Verified
INV004069,2025-01-20,102885,sip,8754,Delhi,Noida,T30,26-35,Male,21.8,Net Banking,Verified
INV003616,2025-01-20,102886,sip,2100,Rajasthan,Jaipur,T30,36-45,Female,14.0,UPI,Verified
INV002971,2025-01-20,120844,sip,27112,Tamil Nadu,Coimbatore,B30,36-45,Male,48.3,UPI,Verified
INV003411,2025-01-20,119599,lumpsum,387319,Tamil Nadu,Chennai,T30,26-35,Male,14.2,Net Banking,Verified
INV004030,2025-01-20,118633,redemption,338337,Uttar Pradesh,Lucknow,T30,18-25,Female,4.4,Net Banking,Verified
INV000656,2025-01-20,119552,sip,1846,Gujarat,Surat,T30,18-25,Male,5.2,Cheque,Verified
INV003871,2025-01-20,119598,redemption,296395,Uttar Pradesh,Agra,B30,18-25,Male,7.6,UPI,Verified
INV001318,2025-01-20,149322,sip,10431,Telangana,Hyderabad,T30,36-45,Male,59.3,Net Banking,Verified
INV004664,2025-01-20,120503,sip,8700,Karnataka,Bangalore,T30,26-35,Male,18.6,Mandate,Verified
INV004956,2025-01-20,119092,sip,459,Maharashtra,Mumbai,T30,46-55,Male,62.4,UPI,Verified
INV004345,2025-01-20,102885,redemption,363972,West Bengal,Kolkata,T30,36-45,Female,33.3,Mandate,Verified
INV004364,2025-01-20,120505,sip,528,West Bengal,Kolkata,T30,36-45,Male,30.6,Net Banking,Verified
INV001537,2025-01-20,119551,lumpsum,135198,Madhya Pradesh,Indore,T30,46-55,Male,74.7,Cheque,Verified
INV002866,2025-01-20,120844,lumpsum,203338,Telangana,Hyderabad,T30,46-55,Male,95.2,UPI,Verified
INV003285,2025-01-20,119095,sip,947,Maharashtra,Pune,T30,36-45,Male,24.0,Mandate,Verified
INV001175,2025-01-20,118634,redemption,155637,Punjab,Chandigarh,T30,36-45,Male,33.5,Mandate,Verified
INV004064,2025-01-20,118636,redemption,546121,Uttar Pradesh,Lucknow,T30,26-35,Male,16.1,Cheque,Pending
INV000819,2025-01-20,119599,sip,16066,Karnataka,Bangalore,T30,36-45,Male,56.5,UPI,Verified
INV003608,2025-01-20,118634,lumpsum,113640,West Bengal,Kolkata,T30,46-55,Male,59.6,UPI,Verified
INV003294,2025-01-20,119599,sip,55328,Madhya Pradesh,Bhopal,B30,26-35,Female,11.1,UPI,Verified
INV002317,2025-01-20,120844,sip,16835,Gujarat,Ahmedabad,T30,26-35,Male,18.1,Cheque,Verified
INV000380,2025-01-20,125498,sip,22569,Haryana,Gurugram,T30,56+,Male,24.2,Cheque,Verified
INV001499,2025-01-20,119598,lumpsum,349534,Karnataka,Mysore,B30,26-35,Male,12.9,UPI,Pending
INV001245,2025-01-20,125497,redemption,277082,Haryana,Faridabad,B30,46-55,Female,44.0,Mandate,Verified
INV000037,2025-01-20,102885,redemption,372223,Rajasthan,Udaipur,B30,26-35,Male,7.5,Mandate,Verified
INV000758,2025-01-20,120504,lumpsum,313335,Delhi,New Delhi,T30,56+,Male,61.5,Cheque,Pending
INV000750,2025-01-20,120841,sip,537,Delhi,New Delhi,T30,26-35,Male,20.9,UPI,Verified
INV003381,2025-01-20,149323,sip,1187,Madhya Pradesh,Indore,T30,36-45,Female,12.1,UPI,Verified
INV002588,2025-01-20,119599,lumpsum,178987,West Bengal,Kolkata,T30,18-25,Male,5.5,UPI,Verified
INV000364,2025-01-20,118635,sip,950,Delhi,Noida,T30,26-35,Male,9.1,Mandate,Verified
INV004654,2025-01-20,118632,sip,887,Haryana,Gurugram,T30,46-55,Female,95.0,Mandate,Verified
INV000257,2025-01-20,120505,sip,13694,Gujarat,Surat,T30,36-45,Male,27.9,Cheque,Verified
INV001436,2025-01-20,119093,sip,557,Delhi,New Delhi,T30,26-35,Male,9.7,UPI,Verified
INV001618,2025-01-20,125497,sip,1080,Karnataka,Bangalore,T30,56+,Female,28.0,Cheque,Verified
INV001063,2025-01-20,119095,lumpsum,507610,Haryana,Faridabad,B30,26-35,Male,24.1,Net Banking,Verified
INV004099,2025-01-20,119120,sip,8806,West Bengal,Kolkata,T30,26-35,Male,22.6,Net Banking,Verified
INV002099,2025-01-20,101208,sip,513,Tamil Nadu,Chennai,T30,36-45,Female,34.9,Cheque,Verified
INV004514,2025-01-20,120504,sip,7610,Haryana,Faridabad,B30,46-55,Male,40.1,Mandate,Pending
INV001585,2025-01-20,120507,sip,1854,Telangana,Hyderabad,T30,36-45,Male,28.3,Cheque,Verified
INV000452,2025-01-20,119095,redemption,90025,Tamil Nadu,Coimbatore,B30,26-35,Male,18.1,UPI,Verified
INV003582,2025-01-20,148567,sip,1156,Uttar Pradesh,Kanpur,B30,36-45,Male,43.1,Net Banking,Verified
INV002189,2025-01-20,101207,lumpsum,209634,Uttar Pradesh,Lucknow,T30,36-45,Male,37.4,UPI,Verified
INV003174,2025-01-20,118634,lumpsum,192673,Tamil Nadu,Chennai,T30,26-35,Female,10.0,UPI,Verified
INV001606,2025-01-20,120505,sip,15920,Punjab,Amritsar,B30,26-35,Female,23.4,Net Banking,Verified
INV004174,2025-01-20,118635,sip,2813,Rajasthan,Udaipur,B30,18-25,Male,4.7,UPI,Verified
INV003509,2025-01-20,101207,sip,7935,Haryana,Gurugram,T30,36-45,Male,14.5,Mandate,Verified
INV000580,2025-01-20,119120,redemption,273744,Uttar Pradesh,Agra,B30,56+,Male,31.8,Net Banking,Verified
INV002811,2025-01-20,149323,redemption,335021,Uttar Pradesh,Agra,B30,36-45,Male,43.7,UPI,Verified
INV000444,2025-01-20,119095,sip,47211,Maharashtra,Pune,T30,36-45,Female,42.1,Mandate,Verified
INV003957,2025-01-20,100016,lumpsum,40597,Delhi,Noida,T30,36-45,Male,30.9,Net Banking,Verified
INV001448,2025-01-20,119552,redemption,332156,Telangana,Hyderabad,T30,26-35,Female,14.2,Mandate,Verified
INV000592,2025-01-20,125498,sip,2365,Maharashtra,Mumbai,T30,26-35,Male,21.2,Cheque,Verified
INV004399,2025-01-20,102886,lumpsum,428156,Delhi,Noida,T30,56+,Female,52.3,Mandate,Verified
INV004625,2025-01-20,100016,lumpsum,161133,Tamil Nadu,Coimbatore,B30,18-25,Male,6.6,Net Banking,Verified
INV002467,2025-01-20,102885,redemption,98781,Punjab,Chandigarh,T30,36-45,Male,12.3,Mandate,Verified
INV004627,2025-01-20,119095,lumpsum,188764,West Bengal,Kolkata,T30,36-45,Male,47.7,UPI,Pending
INV002508,2025-01-20,102886,sip,1712,West Bengal,Kolkata,T30,46-55,Male,60.8,Cheque,Verified
INV004902,2025-01-20,120843,lumpsum,199721,Rajasthan,Jaipur,T30,18-25,Female,6.1,Mandate,Verified
INV003250,2025-01-20,120503,lumpsum,60318,Gujarat,Ahmedabad,T30,26-35,Male,11.3,Cheque,Verified
INV001616,2025-01-20,119094,sip,2214,Tamil Nadu,Chennai,T30,26-35,Male,23.2,UPI,Verified
INV003003,2025-01-20,125498,redemption,80022,West Bengal,Kolkata,T30,18-25,Female,3.1,Net Banking,Verified
INV003459,2025-01-20,100025,sip,1164,Karnataka,Mysore,B30,26-35,Female,23.5,Mandate,Verified
INV002748,2025-01-21,148568,sip,557,Punjab,Amritsar,B30,26-35,Male,7.8,Mandate,Verified
INV000366,2025-01-21,118635,lumpsum,81146,Telangana,Hyderabad,T30,36-45,Male,55.4,UPI,Verified
INV000678,2025-01-21,119095,sip,11171,Gujarat,Surat,T30,26-35,Male,19.1,Cheque,Verified
INV002282,2025-01-21,119095,redemption,473255,West Bengal,Kolkata,T30,36-45,Male,53.7,Mandate,Verified
INV004234,2025-01-21,120504,redemption,11126,Tamil Nadu,Chennai,T30,26-35,Male,22.8,Mandate,Verified
INV002863,2025-01-21,118632,sip,2528,Rajasthan,Udaipur,B30,36-45,Female,49.8,Cheque,Verified
INV001018,2025-01-21,100033,lumpsum,183293,Telangana,Hyderabad,T30,46-55,Female,65.2,Net Banking,Pending
INV002285,2025-01-21,119552,lumpsum,15460,Telangana,Hyderabad,T30,18-25,Male,6.6,Net Banking,Verified
INV004509,2025-01-21,119598,lumpsum,472826,Uttar Pradesh,Lucknow,T30,26-35,Female,20.3,Cheque,Verified
INV000962,2025-01-21,119093,sip,1017,Punjab,Chandigarh,T30,26-35,Male,24.5,UPI,Verified
INV002897,2025-01-21,119120,sip,8409,Maharashtra,Pune,T30,26-35,Male,23.1,Cheque,Verified
INV001497,2025-01-21,100025,sip,17537,Maharashtra,Mumbai,T30,36-45,Male,56.8,Mandate,Verified
INV001977,2025-01-21,148569,redemption,160545,Punjab,Amritsar,B30,18-25,Female,3.3,Net Banking,Verified
INV000809,2025-01-21,119094,sip,2062,Tamil Nadu,Chennai,T30,56+,Male,59.1,UPI,Verified
INV002828,2025-01-21,100016,sip,2057,West Bengal,Kolkata,T30,26-35,Male,21.8,Cheque,Verified
INV004537,2025-01-21,125498,sip,1078,Delhi,New Delhi,T30,18-25,Female,5.9,Cheque,Verified
INV004015,2025-01-21,120841,lumpsum,513470,Maharashtra,Mumbai,T30,18-25,Female,7.6,UPI,Verified
INV000949,2025-01-21,125497,sip,2707,Tamil Nadu,Coimbatore,B30,26-35,Male,11.2,Mandate,Verified
INV003496,2025-01-21,119092,sip,5335,Telangana,Hyderabad,T30,26-35,Male,14.9,Cheque,Verified
INV002279,2025-01-21,118634,redemption,89482,Delhi,Gurugram,T30,36-45,Male,25.1,Mandate,Verified
INV003785,2025-01-21,120841,sip,16915,Karnataka,Bangalore,T30,36-45,Male,28.2,UPI,Verified
INV000819,2025-01-21,100025,redemption,330817,Karnataka,Bangalore,T30,36-45,Male,56.5,UPI,Verified
INV003297,2025-01-21,149323,lumpsum,469501,Madhya Pradesh,Bhopal,B30,36-45,Female,16.3,UPI,Verified
INV001316,2025-01-21,100025,lumpsum,28541,Punjab,Chandigarh,T30,18-25,Male,7.3,Net Banking,Verified
INV004738,2025-01-21,125498,redemption,137046,Uttar Pradesh,Kanpur,B30,56+,Female,52.6,Cheque,Verified
INV000452,2025-01-21,120505,sip,9838,Tamil Nadu,Coimbatore,B30,26-35,Male,18.1,Cheque,Verified
INV000443,2025-01-21,119598,sip,5507,Punjab,Chandigarh,T30,26-35,Male,18.7,Cheque,Verified
INV000150,2025-01-21,101206,sip,409,Karnataka,Mysore,B30,18-25,Male,3.5,Net Banking,Pending
INV004844,2025-01-21,148569,sip,1816,Maharashtra,Pune,T30,26-35,Male,15.7,Net Banking,Verified
INV003740,2025-01-21,118636,sip,4123,Karnataka,Bangalore,T30,56+,Female,16.2,UPI,Verified
INV001827,2025-01-21,120844,sip,3201,Haryana,Faridabad,B30,36-45,Female,54.3,Cheque,Verified
INV001047,2025-01-21,120503,sip,15787,Tamil Nadu,Chennai,T30,56+,Female,78.8,Net Banking,Verified
INV003771,2025-01-21,119120,sip,8390,Telangana,Hyderabad,T30,46-55,Male,47.6,Net Banking,Verified
INV002306,2025-01-21,118633,sip,2645,Tamil Nadu,Chennai,T30,18-25,Male,3.4,UPI,Verified
INV001180,2025-01-21,148569,sip,541,Telangana,Hyderabad,T30,26-35,Male,10.5,Net Banking,Verified
INV000942,2025-01-21,101207,sip,1939,Haryana,Faridabad,B30,56+,Male,70.2,Cheque,Verified
INV001432,2025-01-21,119552,sip,2291,Uttar Pradesh,Lucknow,T30,36-45,Male,12.6,Net Banking,Verified
INV001691,2025-01-21,118633,sip,8321,Maharashtra,Mumbai,T30,26-35,Male,10.3,Cheque,Verified
INV003389,2025-01-21,125498,lumpsum,377490,Telangana,Hyderabad,T30,26-35,Male,22.3,Net Banking,Verified
INV000115,2025-01-21,120503,sip,6790,Tamil Nadu,Coimbatore,B30,36-45,Male,16.6,Mandate,Verified
INV000482,2025-01-21,119093,lumpsum,200429,Maharashtra,Mumbai,T30,26-35,Male,7.6,Net Banking,Verified
INV003277,2025-01-21,119552,sip,525,Rajasthan,Jaipur,T30,18-25,Male,3.3,Cheque,Verified
INV004032,2025-01-21,119094,sip,2303,West Bengal,Kolkata,T30,46-55,Male,55.5,Mandate,Verified
INV001348,2025-01-21,148568,lumpsum,346468,Haryana,Gurugram,T30,26-35,Female,8.6,Mandate,Verified
INV001611,2025-01-21,119095,sip,1893,West Bengal,Kolkata,T30,18-25,Female,7.4,Cheque,Verified
INV003343,2025-01-21,120504,lumpsum,65212,Telangana,Hyderabad,T30,36-45,Male,26.0,Net Banking,Verified
INV003986,2025-01-21,119094,sip,2358,Telangana,Hyderabad,T30,36-45,Male,44.2,Net Banking,Verified
INV002214,2025-01-21,101206,lumpsum,287771,Delhi,Gurugram,T30,36-45,Female,50.5,UPI,Verified
INV002604,2025-01-21,120504,redemption,330546,Maharashtra,Mumbai,T30,36-45,Female,25.5,UPI,Verified
INV002043,2025-01-21,148567,sip,14184,Uttar Pradesh,Lucknow,T30,18-25,Male,6.7,Net Banking,Verified
INV002038,2025-01-21,125497,sip,474,Madhya Pradesh,Bhopal,B30,26-35,Male,20.6,Cheque,Verified
INV004369,2025-01-21,148569,sip,21604,West Bengal,Kolkata,T30,26-35,Male,16.8,Mandate,Verified
INV001388,2025-01-21,120507,sip,50533,Punjab,Amritsar,B30,46-55,Male,72.8,Cheque,Verified
INV004368,2025-01-21,102885,sip,20064,Punjab,Chandigarh,T30,36-45,Male,33.7,Cheque,Verified
INV004118,2025-01-21,101207,lumpsum,339573,Punjab,Chandigarh,T30,36-45,Male,26.2,Cheque,Verified
INV001182,2025-01-21,118634,lumpsum,363936,Punjab,Amritsar,B30,26-35,Male,9.1,Cheque,Pending
INV002018,2025-01-21,120505,sip,11641,Uttar Pradesh,Agra,B30,26-35,Female,18.0,Cheque,Verified
INV001301,2025-01-21,149323,sip,1064,Delhi,New Delhi,T30,26-35,Male,19.1,Cheque,Verified
INV003012,2025-01-21,101208,sip,590,Madhya Pradesh,Indore,T30,36-45,Male,41.8,Cheque,Pending
INV002682,2025-01-21,102887,lumpsum,544249,Karnataka,Mysore,B30,26-35,Male,17.9,Mandate,Verified
INV000510,2025-01-21,118635,lumpsum,343950,West Bengal,Kolkata,T30,46-55,Male,55.0,Cheque,Verified
INV000175,2025-01-21,119095,redemption,175432,Karnataka,Bangalore,T30,26-35,Male,17.3,Net Banking,Verified
INV001893,2025-01-21,148567,sip,912,Punjab,Chandigarh,T30,26-35,Female,12.7,Cheque,Pending
INV003055,2025-01-22,119598,redemption,224015,Madhya Pradesh,Indore,T30,26-35,Female,18.0,Mandate,Verified
INV002761,2025-01-22,102885,lumpsum,184397,Rajasthan,Jaipur,T30,26-35,Male,14.9,Net Banking,Verified
INV004052,2025-01-22,119120,lumpsum,248730,Uttar Pradesh,Agra,B30,26-35,Female,15.5,Mandate,Verified
INV000556,2025-01-22,102887,sip,23003,Rajasthan,Udaipur,B30,18-25,Male,7.2,Mandate,Verified
INV001298,2025-01-22,120507,sip,2158,Delhi,Gurugram,T30,26-35,Female,24.4,UPI,Verified
INV002934,2025-01-22,125498,sip,13209,Delhi,Noida,T30,36-45,Male,25.8,UPI,Verified
INV003315,2025-01-22,148569,redemption,376133,Madhya Pradesh,Bhopal,B30,36-45,Female,58.1,Mandate,Verified
INV004967,2025-01-22,101207,sip,15444,Telangana,Hyderabad,T30,26-35,Male,14.3,Mandate,Verified
INV004329,2025-01-22,148567,lumpsum,63685,Haryana,Gurugram,T30,18-25,Female,7.5,Mandate,Pending
INV000966,2025-01-22,101206,lumpsum,203641,Telangana,Hyderabad,T30,26-35,Male,22.8,UPI,Verified
INV000554,2025-01-22,149324,sip,5693,Delhi,Noida,T30,36-45,Male,12.3,Net Banking,Verified
INV002152,2025-01-22,125498,lumpsum,207889,Tamil Nadu,Coimbatore,B30,46-55,Male,69.8,Net Banking,Verified
INV004241,2025-01-22,120843,sip,1081,Maharashtra,Mumbai,T30,36-45,Male,18.9,Cheque,Pending
INV001588,2025-01-22,100033,redemption,53035,Karnataka,Bangalore,T30,56+,Male,75.2,Cheque,Pending
INV002652,2025-01-22,149324,lumpsum,142251,Gujarat,Surat,T30,36-45,Male,40.6,Mandate,Verified
INV002628,2025-01-22,120506,sip,11856,Uttar Pradesh,Agra,B30,26-35,Male,16.4,Net Banking,Verified
INV001744,2025-01-22,120842,sip,7017,Karnataka,Mysore,B30,26-35,Male,15.9,UPI,Verified
INV003968,2025-01-22,148567,lumpsum,283732,Maharashtra,Mumbai,T30,46-55,Female,58.7,Cheque,Verified
INV000906,2025-01-22,102886,redemption,191852,Maharashtra,Mumbai,T30,26-35,Male,20.7,UPI,Verified
INV000791,2025-01-22,148567,redemption,167344,Madhya Pradesh,Bhopal,B30,26-35,Male,18.4,Cheque,Verified
INV000738,2025-01-22,119094,lumpsum,412429,Punjab,Amritsar,B30,26-35,Male,12.1,UPI,Verified
INV002508,2025-01-22,101206,sip,443,West Bengal,Kolkata,T30,46-55,Male,60.8,Cheque,Verified
INV004759,2025-01-22,119120,sip,434,Gujarat,Ahmedabad,T30,36-45,Female,13.8,Mandate,Verified
INV003374,2025-01-22,119551,lumpsum,27502,Karnataka,Mysore,B30,26-35,Male,15.8,Mandate,Verified
INV004616,2025-01-22,119120,redemption,121369,West Bengal,Kolkata,T30,26-35,Female,18.1,Cheque,Verified
INV001045,2025-01-22,100033,sip,15810,Punjab,Chandigarh,T30,36-45,Female,45.5,UPI,Verified
INV001799,2025-01-22,119551,sip,8597,Rajasthan,Udaipur,B30,56+,Female,45.2,Cheque,Verified
INV003228,2025-01-22,119598,lumpsum,482910,Madhya Pradesh,Bhopal,B30,26-35,Male,20.0,Net Banking,Pending
INV003269,2025-01-22,120503,sip,2946,Telangana,Hyderabad,T30,56+,Male,17.5,Net Banking,Verified
INV000414,2025-01-22,118635,lumpsum,218355,Tamil Nadu,Chennai,T30,36-45,Male,21.9,Net Banking,Verified
INV002087,2025-01-22,119093,sip,2433,Delhi,Gurugram,T30,26-35,Male,24.8,UPI,Verified
INV002213,2025-01-22,120505,lumpsum,440124,Maharashtra,Pune,T30,36-45,Female,33.8,Cheque,Verified
INV004914,2025-01-22,148568,redemption,157968,Karnataka,Mysore,B30,26-35,Female,13.4,Cheque,Verified
INV001713,2025-01-22,102887,sip,47727,Uttar Pradesh,Agra,B30,46-55,Male,61.5,Net Banking,Verified
INV001713,2025-01-22,118633,redemption,321172,Uttar Pradesh,Agra,B30,46-55,Male,61.5,Net Banking,Verified
INV000849,2025-01-22,119551,sip,5070,Delhi,Gurugram,T30,56+,Female,32.5,Mandate,Verified
INV003725,2025-01-22,102887,sip,2321,Gujarat,Ahmedabad,T30,26-35,Female,8.4,Cheque,Verified
INV001467,2025-01-22,102885,sip,22165,Punjab,Chandigarh,T30,36-45,Male,32.5,Mandate,Verified
INV002208,2025-01-22,119093,lumpsum,349741,Punjab,Chandigarh,T30,56+,Male,61.1,UPI,Verified
INV004828,2025-01-22,101207,lumpsum,282874,Gujarat,Surat,T30,56+,Female,58.3,UPI,Verified
INV003256,2025-01-22,119092,sip,1636,Punjab,Amritsar,B30,46-55,Male,26.0,Mandate,Verified
INV000847,2025-01-22,118634,sip,4895,West Bengal,Kolkata,T30,26-35,Female,17.8,UPI,Verified
INV000379,2025-01-22,102885,sip,9770,Maharashtra,Pune,T30,46-55,Male,52.0,Net Banking,Verified
INV002592,2025-01-22,120504,redemption,345853,Madhya Pradesh,Bhopal,B30,26-35,Female,15.7,Mandate,Verified
INV003979,2025-01-22,125497,sip,970,Madhya Pradesh,Indore,T30,36-45,Male,44.4,Cheque,Verified
INV002313,2025-01-22,120503,redemption,50620,Uttar Pradesh,Lucknow,T30,26-35,Female,8.4,Cheque,Verified
INV004600,2025-01-22,118633,lumpsum,116648,West Bengal,Kolkata,T30,46-55,Female,35.5,UPI,Verified
INV003972,2025-01-22,120842,sip,1799,Uttar Pradesh,Agra,B30,26-35,Male,10.2,Cheque,Verified
INV003766,2025-01-22,149322,lumpsum,66254,West Bengal,Kolkata,T30,36-45,Male,52.3,Mandate,Verified
INV002864,2025-01-22,149322,sip,22922,Madhya Pradesh,Bhopal,B30,26-35,Male,6.8,Net Banking,Verified
INV004258,2025-01-22,100025,sip,2576,Gujarat,Ahmedabad,T30,36-45,Male,56.6,UPI,Verified
INV003429,2025-01-22,148568,sip,2963,Telangana,Hyderabad,T30,26-35,Male,16.0,Net Banking,Verified
INV003494,2025-01-22,118635,redemption,408398,Punjab,Chandigarh,T30,26-35,Female,18.6,UPI,Verified
INV002413,2025-01-22,120503,sip,2335,Gujarat,Surat,T30,26-35,Male,14.4,Net Banking,Pending
INV000464,2025-01-22,100033,lumpsum,9163,Karnataka,Mysore,B30,46-55,Male,70.6,Cheque,Verified
INV000182,2025-01-22,120507,sip,17042,Tamil Nadu,Chennai,T30,36-45,Male,38.1,Mandate,Verified
INV002315,2025-01-23,120506,redemption,201801,Haryana,Faridabad,B30,18-25,Male,6.4,Cheque,Pending
INV002609,2025-01-23,119095,lumpsum,88998,Haryana,Faridabad,B30,36-45,Male,27.7,Net Banking,Verified
INV004302,2025-01-23,102886,sip,1196,Karnataka,Mysore,B30,46-55,Male,63.4,Mandate,Verified
INV002633,2025-01-23,119093,sip,15435,Karnataka,Bangalore,T30,26-35,Female,8.1,Net Banking,Verified
INV001082,2025-01-23,118633,sip,8156,Uttar Pradesh,Lucknow,T30,46-55,Female,64.2,Cheque,Verified
INV002418,2025-01-23,120841,sip,9063,Haryana,Faridabad,B30,36-45,Male,34.0,Mandate,Pending
INV003128,2025-01-23,120507,sip,7366,Uttar Pradesh,Kanpur,B30,18-25,Female,7.7,UPI,Verified
INV004984,2025-01-23,120843,redemption,4550,Uttar Pradesh,Agra,B30,46-55,Female,78.8,Mandate,Pending
INV003143,2025-01-23,118634,lumpsum,447835,Karnataka,Mysore,B30,18-25,Female,5.9,UPI,Verified
INV000910,2025-01-23,118632,sip,5917,Madhya Pradesh,Indore,T30,46-55,Male,58.8,Net Banking,Verified
INV002794,2025-01-23,120503,lumpsum,493353,Madhya Pradesh,Bhopal,B30,56+,Male,39.9,Mandate,Pending
INV000002,2025-01-23,118632,lumpsum,317170,Maharashtra,Pune,T30,46-55,Male,24.0,Mandate,Verified
INV002044,2025-01-23,148567,lumpsum,166334,Gujarat,Ahmedabad,T30,26-35,Female,19.1,Net Banking,Verified
INV002628,2025-01-23,120844,lumpsum,350736,Uttar Pradesh,Agra,B30,26-35,Male,16.4,Mandate,Verified
INV002310,2025-01-23,119552,lumpsum,251770,Tamil Nadu,Coimbatore,B30,26-35,Female,15.6,Cheque,Verified
INV001624,2025-01-23,101207,lumpsum,26642,Uttar Pradesh,Lucknow,T30,26-35,Female,18.4,Mandate,Verified
INV003544,2025-01-23,125497,lumpsum,318538,Delhi,Gurugram,T30,26-35,Male,11.7,UPI,Verified
INV003868,2025-01-23,120844,sip,3030,Gujarat,Surat,T30,36-45,Male,25.8,Cheque,Verified
INV002616,2025-01-23,118633,sip,8733,Tamil Nadu,Coimbatore,B30,26-35,Male,21.9,Cheque,Verified
INV000204,2025-01-23,149322,sip,52988,Punjab,Chandigarh,T30,36-45,Male,17.7,Mandate,Verified
INV003124,2025-01-23,148568,redemption,129163,West Bengal,Kolkata,T30,36-45,Male,28.8,Net Banking,Verified
INV003533,2025-01-23,119598,sip,1691,Telangana,Hyderabad,T30,56+,Female,11.4,Mandate,Verified
INV002282,2025-01-23,119551,sip,16702,West Bengal,Kolkata,T30,36-45,Male,53.7,UPI,Verified
INV004833,2025-01-23,120844,lumpsum,425245,Madhya Pradesh,Bhopal,B30,26-35,Female,16.5,Net Banking,Verified
INV001608,2025-01-23,102887,redemption,226037,Delhi,Gurugram,T30,26-35,Male,13.1,UPI,Pending
INV002586,2025-01-23,119599,sip,2968,West Bengal,Kolkata,T30,26-35,Female,9.1,Mandate,Verified
INV000758,2025-01-23,119092,sip,2231,Delhi,New Delhi,T30,56+,Male,61.5,UPI,Verified
INV000527,2025-01-23,101208,sip,9737,Telangana,Hyderabad,T30,26-35,Male,12.1,Mandate,Verified
INV004840,2025-01-23,149323,sip,9449,Maharashtra,Pune,T30,18-25,Male,6.5,Net Banking,Verified
INV004711,2025-01-23,101206,sip,987,Rajasthan,Udaipur,B30,56+,Male,70.9,Mandate,Verified
INV002928,2025-01-23,101208,lumpsum,461840,Tamil Nadu,Coimbatore,B30,26-35,Male,9.4,UPI,Verified
INV003331,2025-01-23,102885,sip,24259,Karnataka,Bangalore,T30,26-35,Female,7.1,UPI,Verified
INV002687,2025-01-23,102886,redemption,360686,Delhi,New Delhi,T30,36-45,Male,25.9,Net Banking,Verified
INV004457,2025-01-23,120506,sip,3379,Telangana,Hyderabad,T30,18-25,Male,6.7,Mandate,Verified
INV004454,2025-01-23,125497,sip,490,West Bengal,Kolkata,T30,36-45,Male,37.4,Net Banking,Verified
INV002559,2025-01-23,149323,sip,12520,Haryana,Faridabad,B30,18-25,Female,3.4,Cheque,Verified
INV003793,2025-01-23,101208,lumpsum,511519,Delhi,New Delhi,T30,46-55,Male,94.3,Cheque,Verified
INV003476,2025-01-23,120841,sip,5233,Punjab,Chandigarh,T30,18-25,Male,5.1,UPI,Verified
INV003718,2025-01-23,125498,sip,9232,Telangana,Hyderabad,T30,46-55,Male,65.3,Cheque,Verified
INV001475,2025-01-23,120506,sip,5040,Madhya Pradesh,Indore,T30,36-45,Male,35.0,Net Banking,Verified
INV003711,2025-01-23,118634,sip,1822,Telangana,Hyderabad,T30,36-45,Female,13.1,Mandate,Verified
INV002541,2025-01-23,101208,lumpsum,278367,Karnataka,Mysore,B30,46-55,Male,63.8,UPI,Verified
INV002713,2025-01-23,148569,sip,10556,Rajasthan,Udaipur,B30,26-35,Female,6.7,Net Banking,Verified
INV002169,2025-01-23,102887,sip,562,Punjab,Amritsar,B30,46-55,Male,70.3,Cheque,Verified
INV001878,2025-01-23,102887,sip,2746,West Bengal,Kolkata,T30,26-35,Male,7.8,Cheque,Pending
INV001669,2025-01-23,120506,redemption,219626,West Bengal,Kolkata,T30,26-35,Female,6.3,Cheque,Verified
INV002580,2025-01-23,118635,sip,2104,Rajasthan,Jaipur,T30,36-45,Female,46.0,Mandate,Verified
INV001245,2025-01-23,118636,redemption,300912,Haryana,Faridabad,B30,46-55,Female,44.0,Mandate,Verified
INV004647,2025-01-23,119095,sip,2311,Madhya Pradesh,Indore,T30,36-45,Female,25.3,UPI,Verified
INV002345,2025-01-23,101208,sip,2158,Uttar Pradesh,Agra,B30,36-45,Male,38.3,Mandate,Verified
INV003295,2025-01-23,119599,sip,1818,Gujarat,Ahmedabad,T30,26-35,Male,20.8,Cheque,Verified
INV000973,2025-01-23,101207,lumpsum,266513,Rajasthan,Jaipur,T30,26-35,Male,9.3,Cheque,Verified
INV002831,2025-01-23,118635,redemption,17313,Telangana,Hyderabad,T30,56+,Female,78.0,Cheque,Verified
INV001671,2025-01-23,120504,lumpsum,475244,Punjab,Chandigarh,T30,56+,Male,31.2,Mandate,Verified
INV002841,2025-01-23,119551,redemption,191236,Uttar Pradesh,Kanpur,B30,26-35,Male,13.2,UPI,Verified
INV003326,2025-01-23,119120,redemption,171935,Karnataka,Bangalore,T30,36-45,Male,40.9,UPI,Verified
INV002178,2025-01-23,119598,sip,2794,Gujarat,Ahmedabad,T30,36-45,Female,33.8,Cheque,Verified
INV003267,2025-01-23,149322,lumpsum,510265,Rajasthan,Udaipur,B30,36-45,Male,29.9,Net Banking,Pending
INV002340,2025-01-23,118635,lumpsum,443451,Uttar Pradesh,Agra,B30,26-35,Female,7.3,Net Banking,Verified
INV004408,2025-01-23,119095,sip,47640,Punjab,Amritsar,B30,26-35,Male,23.5,Cheque,Verified
INV000659,2025-01-23,148568,sip,57306,Haryana,Faridabad,B30,26-35,Male,17.2,UPI,Verified
INV000458,2025-01-23,118632,sip,2473,Rajasthan,Udaipur,B30,56+,Male,18.9,UPI,Verified
INV000030,2025-01-23,118636,sip,14544,Delhi,Noida,T30,18-25,Female,5.1,Net Banking,Verified
INV003247,2025-01-23,120843,sip,452,Madhya Pradesh,Indore,T30,46-55,Female,93.1,Net Banking,Verified
INV002036,2025-01-23,119551,lumpsum,341190,Madhya Pradesh,Indore,T30,26-35,Male,23.2,Cheque,Verified
INV000717,2025-01-23,120842,sip,52485,Tamil Nadu,Chennai,T30,46-55,Male,44.9,Net Banking,Verified
INV001751,2025-01-23,120505,sip,2249,Tamil Nadu,Coimbatore,B30,18-25,Male,6.8,UPI,Verified
INV003158,2025-01-23,119092,sip,2241,Karnataka,Mysore,B30,26-35,Male,21.1,Cheque,Verified
INV003008,2025-01-23,118636,lumpsum,195249,Rajasthan,Jaipur,T30,36-45,Female,37.4,Mandate,Verified
INV004479,2025-01-23,149322,sip,22749,Rajasthan,Jaipur,T30,36-45,Male,43.7,Mandate,Verified
INV002702,2025-01-23,118634,sip,9401,Punjab,Chandigarh,T30,36-45,Male,25.4,Mandate,Verified
INV003421,2025-01-23,100016,sip,21741,Telangana,Hyderabad,T30,26-35,Male,12.4,Cheque,Verified
INV003627,2025-01-24,120505,redemption,256908,Telangana,Hyderabad,T30,36-45,Male,39.9,UPI,Verified
INV002854,2025-01-24,148569,sip,1984,Rajasthan,Jaipur,T30,26-35,Female,8.9,UPI,Verified
INV002506,2025-01-24,118634,sip,48767,Karnataka,Bangalore,T30,18-25,Female,3.2,Cheque,Verified
INV001465,2025-01-24,119095,lumpsum,404868,Punjab,Amritsar,B30,26-35,Male,21.0,UPI,Verified
INV004427,2025-01-24,120844,sip,2585,Punjab,Amritsar,B30,36-45,Female,54.2,UPI,Verified
INV001910,2025-01-24,119552,lumpsum,302755,Karnataka,Mysore,B30,26-35,Female,15.2,UPI,Verified
INV002298,2025-01-24,119095,sip,41670,Maharashtra,Nashik,B30,56+,Male,45.3,Cheque,Verified
INV004006,2025-01-24,119599,lumpsum,79137,Tamil Nadu,Coimbatore,B30,56+,Male,59.1,UPI,Verified
INV001557,2025-01-24,118636,lumpsum,125008,Haryana,Gurugram,T30,26-35,Female,10.5,Mandate,Verified
INV002363,2025-01-24,118636,lumpsum,276565,Punjab,Chandigarh,T30,26-35,Male,12.7,Net Banking,Verified
INV002535,2025-01-24,118632,sip,42006,Rajasthan,Udaipur,B30,36-45,Male,22.6,Net Banking,Verified
INV004711,2025-01-24,118633,redemption,185797,Rajasthan,Udaipur,B30,56+,Male,70.9,Cheque,Verified
INV000304,2025-01-24,120504,sip,24520,West Bengal,Kolkata,T30,36-45,Male,25.6,UPI,Pending
INV001714,2025-01-24,101208,sip,24759,West Bengal,Kolkata,T30,18-25,Male,5.9,Mandate,Verified
INV000856,2025-01-24,119120,sip,1048,Madhya Pradesh,Indore,T30,26-35,Male,24.8,Net Banking,Verified
INV003437,2025-01-24,119094,lumpsum,442631,Punjab,Amritsar,B30,46-55,Female,51.0,Mandate,Pending
INV002099,2025-01-24,149323,sip,6864,Tamil Nadu,Chennai,T30,36-45,Female,34.9,Cheque,Verified
INV001715,2025-01-24,118636,sip,8319,Gujarat,Surat,T30,18-25,Male,7.7,Cheque,Verified
INV001950,2025-01-24,148567,sip,59132,Maharashtra,Pune,T30,26-35,Female,6.0,Cheque,Verified
INV002149,2025-01-24,148569,sip,13700,Tamil Nadu,Coimbatore,B30,26-35,Male,21.8,UPI,Verified
INV000372,2025-01-24,149322,sip,12640,Gujarat,Surat,T30,36-45,Male,12.4,Mandate,Verified
INV002595,2025-01-24,119599,sip,7227,Tamil Nadu,Coimbatore,B30,36-45,Male,27.8,Net Banking,Verified
INV004016,2025-01-24,118634,sip,12651,Delhi,New Delhi,T30,36-45,Male,21.0,UPI,Verified
INV000714,2025-01-24,119551,sip,10318,Uttar Pradesh,Kanpur,B30,26-35,Female,23.8,Mandate,Verified
INV002996,2025-01-24,118635,sip,2626,Madhya Pradesh,Bhopal,B30,26-35,Male,20.7,Mandate,Verified
INV001816,2025-01-24,120842,sip,50243,Telangana,Hyderabad,T30,26-35,Male,9.0,Mandate,Verified
INV001746,2025-01-24,118633,lumpsum,306356,Rajasthan,Udaipur,B30,26-35,Male,11.2,Cheque,Verified
INV001351,2025-01-24,120503,lumpsum,399648,Uttar Pradesh,Kanpur,B30,26-35,Male,8.5,Cheque,Verified
INV000433,2025-01-24,149324,sip,5398,Punjab,Amritsar,B30,36-45,Male,56.4,UPI,Verified
INV000037,2025-01-24,118636,sip,6996,Rajasthan,Udaipur,B30,26-35,Male,7.5,Mandate,Verified
INV004659,2025-01-24,102887,redemption,478258,West Bengal,Kolkata,T30,18-25,Female,3.3,UPI,Verified
INV001643,2025-01-24,149324,sip,58382,Punjab,Amritsar,B30,36-45,Male,28.4,UPI,Verified
INV000473,2025-01-24,119095,sip,52527,Karnataka,Mysore,B30,36-45,Male,15.4,Cheque,Verified
INV004486,2025-01-24,149324,lumpsum,352527,Uttar Pradesh,Agra,B30,26-35,Male,14.4,Net Banking,Verified
INV002947,2025-01-24,102885,sip,2426,Maharashtra,Nashik,B30,46-55,Male,73.3,Mandate,Verified
INV002259,2025-01-24,120843,sip,22669,Madhya Pradesh,Bhopal,B30,18-25,Female,6.7,Cheque,Verified
INV002240,2025-01-24,119092,redemption,443788,Haryana,Faridabad,B30,26-35,Male,24.7,UPI,Verified
INV000178,2025-01-24,120506,sip,597,West Bengal,Kolkata,T30,56+,Female,43.0,UPI,Pending
INV003145,2025-01-24,120507,sip,2126,Delhi,Noida,T30,26-35,Male,22.2,Mandate,Verified
INV001871,2025-01-24,119598,lumpsum,454542,Delhi,Gurugram,T30,56+,Male,13.9,Cheque,Verified
INV004223,2025-01-24,148569,sip,907,Uttar Pradesh,Agra,B30,36-45,Female,49.3,Cheque,Verified
INV000137,2025-01-24,101208,sip,3407,Rajasthan,Jaipur,T30,26-35,Female,12.0,Mandate,Verified
INV000970,2025-01-24,119598,lumpsum,254972,Tamil Nadu,Coimbatore,B30,46-55,Male,28.8,Cheque,Pending
INV000874,2025-01-24,120507,sip,2083,Tamil Nadu,Chennai,T30,56+,Male,19.1,UPI,Verified
INV003209,2025-01-24,119551,redemption,216790,Delhi,Gurugram,T30,46-55,Male,76.0,Cheque,Verified
INV004592,2025-01-24,149323,sip,59482,Maharashtra,Pune,T30,36-45,Male,56.6,Mandate,Verified
INV003903,2025-01-24,102887,sip,579,Karnataka,Mysore,B30,18-25,Female,6.6,Net Banking,Pending
INV001498,2025-01-24,120844,redemption,110821,Gujarat,Ahmedabad,T30,36-45,Male,34.7,Mandate,Verified
INV002162,2025-01-24,149324,sip,10451,Madhya Pradesh,Indore,T30,46-55,Male,40.2,Net Banking,Verified
INV000521,2025-01-24,125497,redemption,378598,West Bengal,Kolkata,T30,26-35,Male,9.7,UPI,Verified
INV003737,2025-01-24,125498,sip,2005,Punjab,Chandigarh,T30,18-25,Male,4.4,UPI,Verified
INV004953,2025-01-24,119599,sip,2722,Haryana,Faridabad,B30,36-45,Male,36.3,Net Banking,Verified
INV001983,2025-01-24,119551,redemption,281322,West Bengal,Kolkata,T30,36-45,Male,30.6,Cheque,Verified
INV003038,2025-01-24,118636,lumpsum,234280,Gujarat,Ahmedabad,T30,18-25,Male,6.0,Mandate,Pending
INV000816,2025-01-24,120844,redemption,269956,Uttar Pradesh,Lucknow,T30,36-45,Male,26.0,UPI,Verified
INV000968,2025-01-24,120843,lumpsum,237773,Tamil Nadu,Chennai,T30,36-45,Female,37.1,Net Banking,Verified
INV003796,2025-01-25,120505,lumpsum,427351,Delhi,Noida,T30,26-35,Male,19.1,UPI,Verified
INV003826,2025-01-25,119093,redemption,259306,West Bengal,Kolkata,T30,18-25,Male,7.7,UPI,Verified
INV001310,2025-01-25,148567,sip,7349,Telangana,Hyderabad,T30,46-55,Male,83.6,Mandate,Verified
INV001228,2025-01-25,120503,redemption,327253,Karnataka,Bangalore,T30,36-45,Female,29.8,Mandate,Verified
INV003228,2025-01-25,118632,sip,808,Madhya Pradesh,Bhopal,B30,26-35,Male,20.0,UPI,Pending
INV003240,2025-01-25,120841,sip,3006,Haryana,Gurugram,T30,26-35,Male,21.7,Mandate,Verified
INV003232,2025-01-25,118632,sip,9359,Maharashtra,Pune,T30,36-45,Female,30.9,Net Banking,Verified
INV000616,2025-01-25,119552,sip,29386,Maharashtra,Nashik,B30,36-45,Male,50.4,Cheque,Verified
INV003212,2025-01-25,119552,redemption,54144,West Bengal,Kolkata,T30,26-35,Male,17.2,Cheque,Verified
INV001981,2025-01-25,120506,lumpsum,192978,Gujarat,Ahmedabad,T30,26-35,Male,19.4,UPI,Verified
INV001982,2025-01-25,120842,sip,50692,Karnataka,Mysore,B30,26-35,Male,14.9,UPI,Verified
INV002006,2025-01-25,119551,sip,3004,Punjab,Chandigarh,T30,26-35,Male,15.3,Cheque,Verified
INV002035,2025-01-25,120504,lumpsum,67463,Tamil Nadu,Chennai,T30,36-45,Male,12.2,UPI,Verified
INV001933,2025-01-25,148569,sip,23422,Rajasthan,Udaipur,B30,26-35,Male,16.4,Mandate,Verified
INV004024,2025-01-25,125498,sip,25324,Telangana,Hyderabad,T30,36-45,Male,23.1,Cheque,Pending
INV004015,2025-01-25,119095,redemption,168681,Maharashtra,Mumbai,T30,18-25,Female,7.6,Net Banking,Verified
INV001639,2025-01-25,118636,sip,5591,West Bengal,Kolkata,T30,56+,Male,14.3,Cheque,Verified
INV004579,2025-01-25,119094,sip,1615,Rajasthan,Jaipur,T30,26-35,Male,18.7,Mandate,Verified
INV002177,2025-01-25,119598,lumpsum,152681,Haryana,Gurugram,T30,26-35,Male,13.2,UPI,Verified
INV004610,2025-01-25,149322,sip,26709,Telangana,Hyderabad,T30,26-35,Female,19.9,Cheque,Verified
INV000421,2025-01-25,118633,sip,2326,Tamil Nadu,Chennai,T30,36-45,Male,31.9,Net Banking,Verified
INV001458,2025-01-25,118635,sip,3482,Tamil Nadu,Coimbatore,B30,46-55,Male,34.9,Cheque,Verified
INV004023,2025-01-25,149322,sip,15871,Tamil Nadu,Chennai,T30,46-55,Male,69.6,UPI,Verified
INV004054,2025-01-25,119599,lumpsum,518264,Tamil Nadu,Chennai,T30,26-35,Female,6.4,UPI,Verified
INV001536,2025-01-25,118633,sip,2763,Karnataka,Mysore,B30,26-35,Male,17.9,Net Banking,Verified
INV003603,2025-01-25,120504,sip,2598,Madhya Pradesh,Indore,T30,36-45,Male,52.4,UPI,Verified
INV000880,2025-01-25,101207,sip,10602,Madhya Pradesh,Indore,T30,26-35,Male,18.4,Mandate,Verified
INV000870,2025-01-25,125497,sip,43959,Rajasthan,Udaipur,B30,18-25,Male,5.0,Mandate,Verified
INV000907,2025-01-25,119552,sip,10318,Karnataka,Bangalore,T30,46-55,Female,64.5,Mandate,Pending
INV004175,2025-01-25,101206,sip,2902,Tamil Nadu,Coimbatore,B30,36-45,Female,51.8,Mandate,Verified
INV003459,2025-01-25,120505,sip,521,Karnataka,Mysore,B30,26-35,Female,23.5,Cheque,Pending
INV000778,2025-01-25,120503,sip,29571,Haryana,Faridabad,B30,26-35,Male,16.9,Mandate,Verified
INV000750,2025-01-25,120504,sip,4109,Delhi,New Delhi,T30,26-35,Male,20.9,Mandate,Verified
INV003368,2025-01-25,118632,sip,1131,Uttar Pradesh,Kanpur,B30,26-35,Male,18.1,Mandate,Verified
INV004295,2025-01-25,119092,sip,5678,Karnataka,Bangalore,T30,36-45,Male,50.6,Cheque,Verified
INV003361,2025-01-25,102887,sip,2469,Madhya Pradesh,Indore,T30,36-45,Male,19.9,Cheque,Verified
INV001832,2025-01-25,100025,redemption,210088,Punjab,Chandigarh,T30,18-25,Male,3.8,Cheque,Verified
INV000963,2025-01-25,148568,sip,1890,Punjab,Chandigarh,T30,18-25,Male,4.9,Mandate,Verified
INV000666,2025-01-25,118635,sip,14626,Maharashtra,Mumbai,T30,36-45,Male,49.7,Net Banking,Verified
INV003276,2025-01-25,120843,sip,411,Telangana,Hyderabad,T30,46-55,Male,45.0,Cheque,Verified
INV000641,2025-01-25,118633,sip,21230,Punjab,Amritsar,B30,26-35,Male,14.5,Cheque,Verified
INV003597,2025-01-25,100025,sip,12288,Punjab,Chandigarh,T30,18-25,Male,5.6,UPI,Verified
INV001546,2025-01-25,120507,lumpsum,446175,Punjab,Chandigarh,T30,26-35,Female,9.5,Cheque,Verified
INV002943,2025-01-25,101206,sip,2244,Karnataka,Bangalore,T30,26-35,Female,7.6,Cheque,Verified
INV002942,2025-01-25,148568,sip,11374,Delhi,Noida,T30,36-45,Male,27.8,Cheque,Verified
INV004015,2025-01-25,102885,sip,460,Maharashtra,Mumbai,T30,18-25,Female,7.6,Net Banking,Verified
INV001639,2025-01-25,119095,lumpsum,116834,West Bengal,Kolkata,T30,56+,Male,14.3,Mandate,Verified
INV004855,2025-01-25,118632,redemption,149797,Madhya Pradesh,Bhopal,B30,36-45,Female,49.4,Net Banking,Verified
INV003925,2025-01-25,119093,sip,9945,Punjab,Amritsar,B30,26-35,Female,14.2,UPI,Verified
INV002747,2025-01-25,125497,sip,8926,Haryana,Faridabad,B30,46-55,Male,34.0,UPI,Verified
INV000153,2025-01-25,118632,lumpsum,402540,Karnataka,Mysore,B30,26-35,Male,14.1,Mandate,Verified
INV001402,2025-01-25,120844,lumpsum,446798,Tamil Nadu,Chennai,T30,26-35,Male,15.2,Cheque,Pending
INV002475,2025-01-25,119599,sip,585,Delhi,New Delhi,T30,26-35,Male,14.4,Mandate,Verified
INV004871,2025-01-25,149324,sip,41866,Punjab,Chandigarh,T30,26-35,Male,9.2,Net Banking,Verified
INV000080,2025-01-25,102886,sip,11558,Telangana,Hyderabad,T30,26-35,Male,12.4,Mandate,Verified
INV002723,2025-01-25,119551,sip,1942,West Bengal,Kolkata,T30,36-45,Female,54.4,UPI,Verified
INV002297,2025-01-25,118634,sip,59847,Haryana,Gurugram,T30,36-45,Male,22.9,Mandate,Pending
INV002806,2025-01-25,100016,redemption,230235,Rajasthan,Jaipur,T30,46-55,Male,24.2,UPI,Pending
INV004926,2025-01-25,120844,lumpsum,130568,Karnataka,Mysore,B30,36-45,Male,45.3,Cheque,Verified
INV002490,2025-01-25,100025,sip,5601,Gujarat,Surat,T30,36-45,Female,28.1,Cheque,Verified
INV002675,2025-01-25,100016,redemption,204185,Uttar Pradesh,Agra,B30,36-45,Male,17.9,Net Banking,Verified
INV000066,2025-01-25,119095,lumpsum,235133,Haryana,Faridabad,B30,56+,Male,64.2,Net Banking,Verified
INV002567,2025-01-25,120504,redemption,211732,Madhya Pradesh,Indore,T30,36-45,Male,20.3,UPI,Verified
INV003683,2025-01-25,100016,sip,2283,Telangana,Hyderabad,T30,26-35,Female,21.0,Cheque,Verified
INV002339,2025-01-25,119551,sip,26148,Delhi,New Delhi,T30,36-45,Male,46.4,Cheque,Pending
INV004744,2025-01-25,118634,sip,4901,Telangana,Hyderabad,T30,26-35,Female,16.0,Cheque,Verified
INV000126,2025-01-25,118635,sip,548,Maharashtra,Mumbai,T30,26-35,Male,19.4,UPI,Verified
INV002893,2025-01-25,119552,sip,5114,Telangana,Hyderabad,T30,56+,Male,69.4,UPI,Verified
INV002308,2025-01-25,120844,redemption,73257,Tamil Nadu,Chennai,T30,26-35,Male,19.0,Cheque,Verified
INV002511,2025-01-25,101208,lumpsum,416068,Rajasthan,Jaipur,T30,36-45,Male,45.5,Net Banking,Pending
INV004863,2025-01-25,102886,lumpsum,376925,Maharashtra,Mumbai,T30,26-35,Male,21.1,Cheque,Verified
INV002704,2025-01-26,120843,sip,8052,Delhi,Noida,T30,36-45,Female,47.8,Mandate,Verified
INV003314,2025-01-26,149322,redemption,464426,Telangana,Hyderabad,T30,36-45,Female,25.6,Cheque,Verified
INV000089,2025-01-26,120842,redemption,298721,Maharashtra,Mumbai,T30,26-35,Female,11.2,Net Banking,Verified
INV003419,2025-01-26,120507,lumpsum,208721,Maharashtra,Pune,T30,18-25,Male,5.3,Mandate,Verified
INV000788,2025-01-26,119094,lumpsum,90478,Haryana,Gurugram,T30,26-35,Male,20.7,Mandate,Verified
INV003407,2025-01-26,148569,sip,9084,West Bengal,Kolkata,T30,26-35,Male,6.7,UPI,Verified
INV004890,2025-01-26,118633,lumpsum,47659,Telangana,Hyderabad,T30,18-25,Female,5.8,Cheque,Verified
INV001725,2025-01-26,118635,sip,3505,Tamil Nadu,Coimbatore,B30,36-45,Male,30.0,Mandate,Verified
INV001701,2025-01-26,119552,sip,1998,Karnataka,Mysore,B30,26-35,Female,24.4,UPI,Verified
INV000850,2025-01-26,120844,lumpsum,582751,Maharashtra,Pune,T30,36-45,Male,23.7,Net Banking,Verified
INV003462,2025-01-26,125498,sip,2898,Rajasthan,Jaipur,T30,26-35,Female,24.3,Cheque,Verified
INV001697,2025-01-26,101207,sip,2224,Haryana,Gurugram,T30,18-25,Male,5.4,Net Banking,Verified
INV001690,2025-01-26,118632,redemption,503703,Rajasthan,Jaipur,T30,36-45,Male,27.6,Net Banking,Verified
INV003484,2025-01-26,102887,sip,8943,Madhya Pradesh,Bhopal,B30,26-35,Female,7.1,Mandate,Verified
INV000017,2025-01-26,148569,redemption,273679,Gujarat,Surat,T30,46-55,Female,31.5,Cheque,Pending
INV001654,2025-01-26,100025,lumpsum,150276,Uttar Pradesh,Lucknow,T30,36-45,Female,28.1,Net Banking,Verified
INV000087,2025-01-26,149323,redemption,374772,Rajasthan,Jaipur,T30,36-45,Male,56.2,UPI,Verified
INV001865,2025-01-26,101207,sip,5653,Telangana,Hyderabad,T30,18-25,Female,4.3,Cheque,Verified
INV004689,2025-01-26,119095,sip,2921,West Bengal,Kolkata,T30,26-35,Male,25.0,Cheque,Verified
INV001870,2025-01-26,119552,sip,1009,Madhya Pradesh,Indore,T30,26-35,Male,19.3,Mandate,Pending
INV002256,2025-01-26,100025,sip,2859,Rajasthan,Jaipur,T30,46-55,Male,49.6,Net Banking,Pending
INV000399,2025-01-26,119598,lumpsum,215029,Karnataka,Bangalore,T30,26-35,Male,14.3,Mandate,Verified
INV002178,2025-01-26,120503,sip,21531,Gujarat,Ahmedabad,T30,36-45,Female,33.8,Cheque,Verified
INV002352,2025-01-26,119094,redemption,125257,Uttar Pradesh,Lucknow,T30,56+,Male,28.1,Net Banking,Verified
INV002356,2025-01-26,119092,redemption,18523,Telangana,Hyderabad,T30,26-35,Female,21.3,Net Banking,Verified
INV002126,2025-01-26,102886,redemption,356080,Delhi,New Delhi,T30,26-35,Female,22.0,Net Banking,Verified
INV002115,2025-01-26,119551,redemption,170629,Punjab,Chandigarh,T30,56+,Female,71.4,UPI,Verified
INV002102,2025-01-26,102885,sip,10372,Madhya Pradesh,Bhopal,B30,26-35,Male,9.2,UPI,Verified
INV002779,2025-01-26,100016,lumpsum,307259,Uttar Pradesh,Lucknow,T30,26-35,Male,10.4,UPI,Verified
INV002060,2025-01-26,118635,sip,2595,Madhya Pradesh,Indore,T30,36-45,Male,31.8,Mandate,Verified
INV002775,2025-01-26,148569,lumpsum,360348,Haryana,Faridabad,B30,18-25,Female,5.9,Net Banking,Verified
INV001870,2025-01-26,101206,sip,27632,Madhya Pradesh,Indore,T30,26-35,Male,19.3,Cheque,Verified
INV000190,2025-01-26,119599,sip,4195,Madhya Pradesh,Indore,T30,26-35,Female,8.2,Cheque,Verified
INV004845,2025-01-26,119120,sip,7752,West Bengal,Kolkata,T30,18-25,Male,7.5,UPI,Verified
INV001238,2025-01-26,149322,sip,2402,Haryana,Gurugram,T30,26-35,Male,17.9,Mandate,Pending
INV001977,2025-01-26,120841,sip,3302,Punjab,Amritsar,B30,18-25,Female,3.3,Cheque,Verified
INV000612,2025-01-26,118635,sip,27884,Punjab,Amritsar,B30,18-25,Male,6.3,Mandate,Verified
INV000161,2025-01-26,100016,lumpsum,516805,Rajasthan,Jaipur,T30,18-25,Female,6.8,Mandate,Verified
INV002737,2025-01-26,120841,sip,2389,Gujarat,Ahmedabad,T30,18-25,Female,5.4,Cheque,Verified
INV000155,2025-01-26,118636,sip,15950,Madhya Pradesh,Bhopal,B30,26-35,Female,17.4,Mandate,Verified
INV003244,2025-01-26,120843,sip,457,Telangana,Hyderabad,T30,26-35,Female,21.1,Net Banking,Verified
INV003246,2025-01-26,118634,sip,16270,Gujarat,Ahmedabad,T30,26-35,Male,12.7,UPI,Verified
INV003247,2025-01-26,149322,sip,1106,Madhya Pradesh,Indore,T30,46-55,Female,93.1,Net Banking,Verified
INV002712,2025-01-26,119598,sip,536,Karnataka,Bangalore,T30,46-55,Male,24.8,Net Banking,Verified
INV000552,2025-01-26,120507,redemption,126785,Uttar Pradesh,Lucknow,T30,36-45,Female,35.8,Cheque,Verified
INV001330,2025-01-26,119092,sip,58538,Delhi,Gurugram,T30,46-55,Male,76.9,UPI,Verified
INV003906,2025-01-26,118635,sip,48822,Haryana,Faridabad,B30,36-45,Male,39.7,Net Banking,Verified
INV003993,2025-01-26,118635,sip,2299,Tamil Nadu,Chennai,T30,46-55,Male,32.2,Mandate,Verified
INV004116,2025-01-26,148567,sip,2201,Gujarat,Ahmedabad,T30,36-45,Male,59.4,UPI,Verified
INV001197,2025-01-26,119092,sip,26540,West Bengal,Kolkata,T30,36-45,Female,29.6,Mandate,Verified
INV003628,2025-01-26,119552,sip,2678,Uttar Pradesh,Kanpur,B30,18-25,Male,5.4,Cheque,Verified
INV003564,2025-01-26,101208,redemption,138641,Telangana,Hyderabad,T30,18-25,Male,6.8,Cheque,Verified
INV001099,2025-01-26,101207,sip,5926,Haryana,Gurugram,T30,26-35,Female,18.9,Cheque,Verified
INV001394,2025-01-26,101207,sip,909,Karnataka,Bangalore,T30,56+,Male,42.9,Mandate,Verified
INV003720,2025-01-26,100033,sip,5696,Madhya Pradesh,Bhopal,B30,36-45,Female,49.4,UPI,Verified
INV001014,2025-01-26,100016,lumpsum,351429,Punjab,Chandigarh,T30,18-25,Female,6.9,UPI,Verified
INV001042,2025-01-26,120506,sip,5319,Karnataka,Mysore,B30,26-35,Male,13.5,Mandate,Verified
INV003678,2025-01-26,120843,sip,10565,Gujarat,Ahmedabad,T30,26-35,Male,6.6,Net Banking,Verified
INV001048,2025-01-26,119094,sip,538,Delhi,New Delhi,T30,46-55,Male,46.6,Net Banking,Verified
INV001314,2025-01-26,125498,sip,40588,Gujarat,Ahmedabad,T30,26-35,Female,19.2,UPI,Verified
INV001465,2025-01-26,120507,redemption,82527,Punjab,Amritsar,B30,26-35,Male,21.0,Net Banking,Verified
INV001597,2025-01-26,120505,sip,8475,West Bengal,Kolkata,T30,36-45,Male,46.1,Cheque,Pending
INV003648,2025-01-27,119120,sip,40870,Haryana,Faridabad,B30,46-55,Male,74.1,Net Banking,Verified
INV001473,2025-01-27,125497,lumpsum,278248,Delhi,Gurugram,T30,36-45,Male,29.1,Cheque,Verified
INV004551,2025-01-27,101207,sip,26294,Maharashtra,Nashik,B30,18-25,Male,6.0,Net Banking,Verified
INV004007,2025-01-27,120843,lumpsum,353036,Delhi,New Delhi,T30,18-25,Female,4.5,Cheque,Verified
INV003082,2025-01-27,102886,sip,4973,Telangana,Hyderabad,T30,26-35,Male,18.7,Net Banking,Verified
INV000507,2025-01-27,120503,sip,2231,Gujarat,Ahmedabad,T30,36-45,Male,44.1,UPI,Verified
INV002132,2025-01-27,101208,lumpsum,272763,Tamil Nadu,Coimbatore,B30,46-55,Female,31.0,Net Banking,Verified
INV004561,2025-01-27,100025,sip,2596,Haryana,Faridabad,B30,26-35,Male,18.8,Net Banking,Verified
INV004461,2025-01-27,119599,redemption,120505,Tamil Nadu,Chennai,T30,46-55,Male,80.3,Mandate,Verified
INV002033,2025-01-27,100033,lumpsum,138481,Gujarat,Ahmedabad,T30,46-55,Male,18.9,Net Banking,Verified
INV003857,2025-01-27,120842,lumpsum,286846,Madhya Pradesh,Indore,T30,18-25,Male,3.8,UPI,Verified
INV003857,2025-01-27,120504,lumpsum,350338,Madhya Pradesh,Indore,T30,18-25,Male,3.8,Net Banking,Verified
INV001055,2025-01-27,120504,sip,14499,Haryana,Gurugram,T30,26-35,Female,17.6,UPI,Verified
INV004458,2025-01-27,118632,lumpsum,203858,Gujarat,Ahmedabad,T30,26-35,Female,12.3,Cheque,Verified
INV003625,2025-01-27,119551,sip,2373,Telangana,Hyderabad,T30,26-35,Female,22.0,Net Banking,Verified
INV001521,2025-01-27,119551,sip,4038,Haryana,Faridabad,B30,18-25,Male,4.9,UPI,Verified
INV001246,2025-01-27,100025,lumpsum,116852,Rajasthan,Jaipur,T30,46-55,Male,51.2,Net Banking,Verified
INV003231,2025-01-27,102885,sip,1180,Haryana,Gurugram,T30,26-35,Male,9.1,Cheque,Verified
INV000629,2025-01-27,149322,sip,2223,West Bengal,Kolkata,T30,46-55,Male,96.4,UPI,Verified
INV004091,2025-01-27,148569,sip,951,Tamil Nadu,Chennai,T30,26-35,Male,7.2,Net Banking,Verified
INV003250,2025-01-27,119095,sip,8199,Gujarat,Ahmedabad,T30,26-35,Male,11.3,Net Banking,Pending
INV001573,2025-01-27,149322,sip,8647,Tamil Nadu,Coimbatore,B30,26-35,Male,20.7,Mandate,Verified
INV003157,2025-01-27,119120,lumpsum,497667,Maharashtra,Pune,T30,36-45,Male,44.7,Mandate,Verified
INV004638,2025-01-27,118632,sip,4747,Delhi,New Delhi,T30,26-35,Male,6.3,Cheque,Verified
INV000893,2025-01-27,120841,sip,52645,Punjab,Chandigarh,T30,46-55,Male,35.3,UPI,Verified
INV004666,2025-01-27,100025,redemption,344987,Rajasthan,Jaipur,T30,26-35,Male,24.1,UPI,Verified
INV004989,2025-01-27,101206,sip,1673,Karnataka,Bangalore,T30,26-35,Male,6.4,UPI,Verified
INV001165,2025-01-27,119599,sip,517,Delhi,Noida,T30,46-55,Female,48.5,Net Banking,Verified
INV002566,2025-01-27,119120,lumpsum,196122,Uttar Pradesh,Kanpur,B30,26-35,Female,23.0,Cheque,Verified
INV002561,2025-01-27,120844,sip,1604,Gujarat,Ahmedabad,T30,18-25,Female,4.6,Net Banking,Verified
INV000095,2025-01-27,119552,sip,41009,West Bengal,Kolkata,T30,18-25,Male,6.5,UPI,Verified
INV004916,2025-01-27,120504,sip,17310,Haryana,Faridabad,B30,26-35,Male,12.5,Net Banking,Pending
INV001140,2025-01-27,125498,sip,17943,Uttar Pradesh,Lucknow,T30,36-45,Female,18.8,Net Banking,Verified
INV002502,2025-01-27,125497,sip,1070,Tamil Nadu,Coimbatore,B30,26-35,Male,23.6,Mandate,Verified
INV003947,2025-01-27,118633,sip,3223,Delhi,Noida,T30,26-35,Male,12.9,Mandate,Verified
INV003830,2025-01-27,102886,redemption,177347,Punjab,Amritsar,B30,26-35,Male,17.6,Net Banking,Verified
INV001103,2025-01-27,118633,sip,22453,Karnataka,Mysore,B30,26-35,Female,6.4,Net Banking,Verified
INV002458,2025-01-27,148568,lumpsum,32008,West Bengal,Kolkata,T30,18-25,Male,7.1,Mandate,Verified
INV001099,2025-01-27,120504,sip,5415,Haryana,Gurugram,T30,26-35,Female,18.9,Net Banking,Verified
INV001401,2025-01-27,101207,sip,4968,Tamil Nadu,Coimbatore,B30,26-35,Male,15.6,Net Banking,Verified
INV004849,2025-01-27,119095,sip,2799,Maharashtra,Pune,T30,46-55,Female,21.9,Cheque,Verified
INV002437,2025-01-27,119599,sip,570,Haryana,Faridabad,B30,26-35,Male,24.8,Net Banking,Verified
INV004832,2025-01-27,102886,sip,55896,Uttar Pradesh,Kanpur,B30,18-25,Male,3.8,UPI,Verified
INV002413,2025-01-27,118636,sip,10084,Gujarat,Surat,T30,26-35,Male,14.4,Net Banking,Verified
INV002412,2025-01-27,120842,redemption,301368,Karnataka,Bangalore,T30,26-35,Male,11.4,Cheque,Verified
INV000221,2025-01-27,120844,sip,2384,Uttar Pradesh,Agra,B30,36-45,Female,46.2,UPI,Verified
INV001261,2025-01-27,119094,sip,2335,Rajasthan,Jaipur,T30,46-55,Male,50.0,Cheque,Verified
INV002369,2025-01-27,120844,sip,6644,Madhya Pradesh,Bhopal,B30,36-45,Male,33.6,Mandate,Verified
INV003975,2025-01-27,100033,sip,6464,Gujarat,Ahmedabad,T30,36-45,Male,26.2,Mandate,Verified
INV004756,2025-01-27,102887,lumpsum,352272,Gujarat,Surat,T30,46-55,Male,41.1,Mandate,Verified
INV004750,2025-01-27,119598,sip,4348,Madhya Pradesh,Bhopal,B30,26-35,Female,13.9,Cheque,Pending
INV004730,2025-01-27,149323,sip,894,Maharashtra,Mumbai,T30,36-45,Male,32.6,UPI,Verified
INV003989,2025-01-27,149322,sip,2073,Maharashtra,Nashik,B30,26-35,Male,24.6,Mandate,Verified
INV002925,2025-01-27,119551,sip,13179,West Bengal,Kolkata,T30,36-45,Female,48.6,Cheque,Verified
INV003280,2025-01-27,120844,sip,498,Haryana,Faridabad,B30,26-35,Female,9.0,Net Banking,Verified
INV000387,2025-01-27,148568,redemption,352552,Gujarat,Surat,T30,36-45,Male,53.8,Mandate,Verified
INV003291,2025-01-27,100025,sip,5530,Gujarat,Surat,T30,36-45,Male,47.1,Cheque,Verified
INV004565,2025-01-27,125498,lumpsum,374111,Gujarat,Surat,T30,26-35,Male,9.2,Net Banking,Verified
INV001247,2025-01-27,119093,sip,6637,West Bengal,Kolkata,T30,36-45,Male,48.1,Mandate,Verified
INV000821,2025-01-27,148568,redemption,445791,Uttar Pradesh,Kanpur,B30,36-45,Male,50.1,UPI,Verified
INV001739,2025-01-27,118636,sip,11423,West Bengal,Kolkata,T30,36-45,Female,45.5,Net Banking,Verified
INV004100,2025-01-27,119093,lumpsum,77519,Delhi,Gurugram,T30,26-35,Male,20.7,Cheque,Verified
INV000946,2025-01-27,118633,sip,27084,Karnataka,Bangalore,T30,46-55,Female,37.3,UPI,Verified
INV001674,2025-01-27,120506,sip,1152,Delhi,Noida,T30,26-35,Male,12.0,Net Banking,Verified
INV003788,2025-01-27,148568,sip,7262,Tamil Nadu,Chennai,T30,18-25,Male,3.1,Net Banking,Verified
INV000869,2025-01-27,120841,lumpsum,53281,West Bengal,Kolkata,T30,26-35,Female,12.1,Net Banking,Verified
INV000957,2025-01-27,100025,sip,472,Madhya Pradesh,Bhopal,B30,36-45,Male,38.2,Cheque,Verified
INV004332,2025-01-27,119552,lumpsum,398370,Haryana,Faridabad,B30,36-45,Female,52.1,Net Banking,Verified
INV004277,2025-01-27,120504,sip,58490,Telangana,Hyderabad,T30,26-35,Male,19.6,Cheque,Verified
INV001757,2025-01-27,119598,redemption,52628,Telangana,Hyderabad,T30,46-55,Male,87.3,Mandate,Verified
INV004252,2025-01-27,119093,sip,571,Haryana,Faridabad,B30,36-45,Male,58.7,Net Banking,Pending
INV001460,2025-01-28,119599,sip,16646,Uttar Pradesh,Kanpur,B30,36-45,Male,45.4,UPI,Verified
INV001794,2025-01-28,149323,sip,590,Haryana,Gurugram,T30,26-35,Male,23.2,Mandate,Verified
INV004002,2025-01-28,125497,lumpsum,286388,Madhya Pradesh,Bhopal,B30,56+,Male,33.1,UPI,Verified
INV003978,2025-01-28,101208,sip,2604,Telangana,Hyderabad,T30,26-35,Female,6.2,UPI,Pending
INV002251,2025-01-28,102887,sip,2435,Punjab,Chandigarh,T30,26-35,Female,16.8,Net Banking,Verified
INV001281,2025-01-28,101207,redemption,395609,Telangana,Hyderabad,T30,18-25,Male,7.9,UPI,Verified
INV003113,2025-01-28,149324,redemption,140329,Rajasthan,Jaipur,T30,26-35,Male,22.0,UPI,Verified
INV002985,2025-01-28,100025,lumpsum,420935,Gujarat,Ahmedabad,T30,36-45,Male,26.4,UPI,Verified
INV003835,2025-01-28,120505,redemption,125743,Delhi,Noida,T30,36-45,Female,58.3,Mandate,Verified
INV003834,2025-01-28,118633,sip,5259,Madhya Pradesh,Bhopal,B30,36-45,Male,25.1,Net Banking,Verified
INV002038,2025-01-28,119093,sip,54568,Madhya Pradesh,Bhopal,B30,26-35,Male,20.6,Mandate,Verified
INV000199,2025-01-28,119092,sip,823,Telangana,Hyderabad,T30,36-45,Female,15.7,Cheque,Verified
INV004830,2025-01-28,120504,lumpsum,219145,Gujarat,Ahmedabad,T30,26-35,Male,15.1,Net Banking,Pending
INV004755,2025-01-28,100033,lumpsum,371205,Uttar Pradesh,Agra,B30,18-25,Female,6.5,Net Banking,Pending
INV003650,2025-01-28,148568,sip,8798,Telangana,Hyderabad,T30,46-55,Male,87.3,Net Banking,Verified
INV004544,2025-01-28,102886,lumpsum,328992,Maharashtra,Mumbai,T30,36-45,Male,52.1,Net Banking,Verified
INV003382,2025-01-28,101207,redemption,283312,Karnataka,Bangalore,T30,26-35,Male,19.8,Net Banking,Verified
INV000299,2025-01-28,102885,lumpsum,433533,Delhi,Noida,T30,26-35,Male,24.4,UPI,Pending
INV003397,2025-01-28,101208,lumpsum,170995,Haryana,Faridabad,B30,26-35,Male,11.7,UPI,Verified
INV001222,2025-01-28,100025,sip,6539,Delhi,Noida,T30,26-35,Female,14.9,Cheque,Verified
INV000441,2025-01-28,119599,sip,1933,Tamil Nadu,Chennai,T30,26-35,Female,8.3,Cheque,Verified
INV004270,2025-01-28,148568,sip,11101,Rajasthan,Udaipur,B30,18-25,Male,5.7,Mandate,Verified
INV004579,2025-01-28,149323,redemption,221991,Rajasthan,Jaipur,T30,26-35,Male,18.7,Cheque,Verified
INV002300,2025-01-28,101206,sip,6699,Punjab,Amritsar,B30,36-45,Female,21.1,Cheque,Verified
INV000410,2025-01-28,120844,sip,1162,Rajasthan,Jaipur,T30,18-25,Female,5.3,Net Banking,Verified
INV000286,2025-01-28,125498,sip,2645,Madhya Pradesh,Indore,T30,26-35,Female,9.8,Net Banking,Pending
INV002260,2025-01-28,102887,sip,8945,Telangana,Hyderabad,T30,26-35,Female,10.1,Cheque,Verified
INV004243,2025-01-28,125497,sip,54284,Punjab,Amritsar,B30,36-45,Female,38.7,Mandate,Verified
INV000806,2025-01-28,148569,sip,2778,Maharashtra,Pune,T30,46-55,Male,90.4,Net Banking,Verified
INV000399,2025-01-28,100025,sip,2676,Karnataka,Bangalore,T30,26-35,Male,14.3,Mandate,Verified
INV003070,2025-01-28,120505,redemption,342291,West Bengal,Kolkata,T30,26-35,Male,23.7,Mandate,Verified
INV002308,2025-01-28,120842,redemption,492973,Tamil Nadu,Chennai,T30,26-35,Male,19.0,Cheque,Verified
INV000742,2025-01-28,148568,redemption,177806,Uttar Pradesh,Lucknow,T30,36-45,Male,27.4,Mandate,Verified
INV002406,2025-01-28,119551,redemption,298414,Tamil Nadu,Chennai,T30,36-45,Male,31.9,Cheque,Verified
INV004646,2025-01-28,118632,lumpsum,8422,Madhya Pradesh,Indore,T30,18-25,Female,5.5,UPI,Verified
INV001108,2025-01-28,101208,sip,17016,Karnataka,Bangalore,T30,26-35,Male,23.1,Net Banking,Verified
INV000725,2025-01-28,125498,sip,565,Telangana,Hyderabad,T30,18-25,Male,6.9,Cheque,Pending
INV000155,2025-01-28,120503,sip,1057,Madhya Pradesh,Bhopal,B30,26-35,Female,17.4,Cheque,Verified
INV001115,2025-01-28,118633,sip,7457,Uttar Pradesh,Kanpur,B30,26-35,Male,20.7,Net Banking,Verified
INV001836,2025-01-28,119551,sip,934,Uttar Pradesh,Agra,B30,26-35,Male,17.4,Net Banking,Verified
INV001312,2025-01-28,101206,lumpsum,11250,Delhi,Noida,T30,26-35,Male,6.9,Cheque,Verified
INV003467,2025-01-28,119092,sip,2177,Madhya Pradesh,Indore,T30,46-55,Female,89.7,Cheque,Verified
INV003236,2025-01-28,102886,sip,15285,Madhya Pradesh,Bhopal,B30,18-25,Male,3.4,UPI,Verified
INV001591,2025-01-28,101208,sip,55542,Rajasthan,Jaipur,T30,56+,Male,28.1,Mandate,Verified
INV001347,2025-01-28,119095,sip,2668,Madhya Pradesh,Indore,T30,46-55,Male,57.6,UPI,Verified
INV004075,2025-01-28,101207,sip,47848,Rajasthan,Jaipur,T30,36-45,Male,56.5,UPI,Verified
INV001377,2025-01-28,148568,redemption,388767,Maharashtra,Mumbai,T30,56+,Female,64.7,Net Banking,Verified
INV000075,2025-01-28,120507,sip,20377,Madhya Pradesh,Bhopal,B30,36-45,Male,27.2,Cheque,Verified
INV003738,2025-01-28,120841,sip,8409,Delhi,Noida,T30,26-35,Male,19.0,Net Banking,Verified
INV002553,2025-01-28,120842,redemption,456078,Gujarat,Ahmedabad,T30,36-45,Female,47.8,Cheque,Verified
INV001297,2025-01-28,118633,sip,2660,Punjab,Chandigarh,T30,36-45,Male,58.0,UPI,Pending
INV004310,2025-01-28,120843,redemption,144343,Telangana,Hyderabad,T30,36-45,Male,18.3,Cheque,Verified
INV001867,2025-01-28,120507,sip,439,Rajasthan,Jaipur,T30,26-35,Male,22.1,Cheque,Verified
INV004455,2025-01-28,101206,lumpsum,202409,Telangana,Hyderabad,T30,18-25,Female,3.5,UPI,Verified
INV003626,2025-01-28,148568,sip,505,Madhya Pradesh,Indore,T30,26-35,Male,23.5,UPI,Verified
INV001651,2025-01-28,119094,lumpsum,381526,Gujarat,Ahmedabad,T30,18-25,Male,4.1,Net Banking,Verified
INV003906,2025-01-28,101207,sip,2515,Haryana,Faridabad,B30,36-45,Male,39.7,UPI,Verified
INV004863,2025-01-28,118635,sip,9462,Maharashtra,Mumbai,T30,26-35,Male,21.1,UPI,Verified
INV000091,2025-01-28,101206,lumpsum,50198,Haryana,Gurugram,T30,26-35,Male,14.6,Net Banking,Verified
INV000044,2025-01-28,125497,sip,1035,Karnataka,Mysore,B30,36-45,Male,34.9,Mandate,Pending
INV003704,2025-01-28,119552,sip,2788,West Bengal,Kolkata,T30,18-25,Male,4.6,UPI,Verified
INV000939,2025-01-28,120507,sip,13105,Karnataka,Bangalore,T30,26-35,Male,19.6,Mandate,Verified
INV000903,2025-01-29,120506,redemption,180242,Karnataka,Bangalore,T30,26-35,Female,24.7,Mandate,Verified
INV002582,2025-01-29,120503,redemption,19620,Telangana,Hyderabad,T30,26-35,Female,11.1,Cheque,Verified
INV003555,2025-01-29,119092,redemption,256109,Karnataka,Mysore,B30,26-35,Male,18.6,UPI,Verified
INV002295,2025-01-29,120842,redemption,16354,Telangana,Hyderabad,T30,26-35,Female,17.9,Mandate,Verified
INV002599,2025-01-29,149324,sip,1193,Gujarat,Surat,T30,26-35,Male,11.4,UPI,Verified
INV001352,2025-01-29,120504,redemption,41865,Punjab,Chandigarh,T30,26-35,Female,8.3,UPI,Verified
INV004661,2025-01-29,119093,sip,567,Maharashtra,Nashik,B30,26-35,Male,9.8,UPI,Pending
INV004688,2025-01-29,119092,redemption,501167,West Bengal,Kolkata,T30,26-35,Male,20.7,Net Banking,Verified
INV003675,2025-01-29,100033,lumpsum,363448,West Bengal,Kolkata,T30,56+,Male,63.9,Net Banking,Verified
INV003703,2025-01-29,100016,sip,2952,Karnataka,Bangalore,T30,36-45,Female,20.8,Net Banking,Verified
INV004168,2025-01-29,101207,sip,23309,Maharashtra,Nashik,B30,36-45,Female,20.9,UPI,Verified
INV000174,2025-01-29,100025,sip,1745,Karnataka,Bangalore,T30,36-45,Male,58.1,Mandate,Verified
INV004825,2025-01-29,101207,sip,21409,Delhi,Noida,T30,56+,Male,15.3,UPI,Verified
INV004655,2025-01-29,119093,sip,4912,Telangana,Hyderabad,T30,36-45,Male,19.7,Mandate,Verified
INV004228,2025-01-29,119093,sip,9617,Madhya Pradesh,Bhopal,B30,26-35,Female,18.0,UPI,Verified
INV000846,2025-01-29,149322,sip,471,Rajasthan,Udaipur,B30,26-35,Female,21.7,Mandate,Verified
INV003428,2025-01-29,102885,sip,2463,Tamil Nadu,Coimbatore,B30,26-35,Female,22.8,Mandate,Verified
INV004801,2025-01-29,120844,lumpsum,103961,Uttar Pradesh,Lucknow,T30,26-35,Male,13.2,Mandate,Verified
INV002812,2025-01-29,118634,lumpsum,327561,West Bengal,Kolkata,T30,26-35,Female,23.2,Mandate,Verified
INV002368,2025-01-29,119094,sip,4933,Telangana,Hyderabad,T30,26-35,Male,13.7,Mandate,Verified
INV002444,2025-01-29,101208,redemption,455948,Uttar Pradesh,Lucknow,T30,18-25,Female,3.8,Net Banking,Pending
INV000256,2025-01-29,101207,sip,2190,Delhi,New Delhi,T30,36-45,Male,14.0,Cheque,Pending
INV002852,2025-01-29,101208,redemption,509014,West Bengal,Kolkata,T30,46-55,Male,69.5,Net Banking,Verified
INV001118,2025-01-29,120841,sip,7169,Haryana,Gurugram,T30,18-25,Male,6.7,Net Banking,Verified
INV002886,2025-01-29,120841,lumpsum,53100,Tamil Nadu,Chennai,T30,18-25,Female,7.1,Net Banking,Verified
INV003677,2025-01-29,120843,sip,1950,Gujarat,Ahmedabad,T30,36-45,Female,23.8,Mandate,Verified
INV002510,2025-01-29,101207,redemption,225960,Karnataka,Mysore,B30,36-45,Male,32.6,UPI,Verified
INV000907,2025-01-29,120841,sip,5768,Karnataka,Bangalore,T30,46-55,Female,64.5,Net Banking,Verified
INV003738,2025-01-29,118633,sip,455,Delhi,Noida,T30,26-35,Male,19.0,Net Banking,Verified
INV003723,2025-01-29,149324,redemption,334588,Tamil Nadu,Chennai,T30,26-35,Female,10.9,Mandate,Pending
INV001858,2025-01-29,125497,sip,9529,Punjab,Amritsar,B30,36-45,Male,16.6,Mandate,Verified
INV001769,2025-01-29,119120,lumpsum,226891,Punjab,Chandigarh,T30,18-25,Male,7.4,UPI,Verified
INV000746,2025-01-29,102886,lumpsum,448366,Madhya Pradesh,Bhopal,B30,36-45,Male,49.8,Cheque,Verified
INV000520,2025-01-29,120505,redemption,44084,West Bengal,Kolkata,T30,46-55,Female,59.4,Net Banking,Verified
INV000544,2025-01-29,101207,lumpsum,299640,Madhya Pradesh,Bhopal,B30,18-25,Male,3.6,Net Banking,Verified
INV000960,2025-01-29,149324,redemption,227201,West Bengal,Kolkata,T30,46-55,Male,90.6,Net Banking,Verified
INV003854,2025-01-29,118635,sip,5319,Maharashtra,Pune,T30,26-35,Male,16.5,Net Banking,Verified
INV001809,2025-01-29,120841,sip,2915,Telangana,Hyderabad,T30,46-55,Male,80.5,UPI,Verified
INV001025,2025-01-29,148567,sip,15197,Maharashtra,Pune,T30,18-25,Male,5.7,Cheque,Verified
INV000566,2025-01-29,119095,lumpsum,404056,Uttar Pradesh,Agra,B30,36-45,Male,18.2,Cheque,Verified
INV003173,2025-01-29,125497,redemption,75475,Gujarat,Surat,T30,18-25,Male,7.1,UPI,Verified
INV004464,2025-01-29,120504,redemption,583403,Haryana,Faridabad,B30,26-35,Female,11.9,UPI,Verified
INV004295,2025-01-29,119095,sip,4243,Karnataka,Bangalore,T30,36-45,Male,50.6,Cheque,Verified
INV003349,2025-01-29,119599,sip,12973,Uttar Pradesh,Agra,B30,26-35,Male,10.5,Mandate,Verified
INV001514,2025-01-29,119095,lumpsum,10705,Delhi,Gurugram,T30,46-55,Male,75.8,Net Banking,Verified
INV004437,2025-01-29,149323,redemption,227119,Telangana,Hyderabad,T30,26-35,Male,13.7,Net Banking,Verified
INV003341,2025-01-29,119598,redemption,124786,Rajasthan,Jaipur,T30,26-35,Male,23.0,Cheque,Verified
INV004049,2025-01-29,120843,sip,951,Gujarat,Ahmedabad,T30,36-45,Male,31.1,Net Banking,Verified
INV004400,2025-01-29,118635,sip,20730,Uttar Pradesh,Agra,B30,26-35,Male,19.5,Mandate,Verified
INV004325,2025-01-29,118636,lumpsum,311200,Rajasthan,Jaipur,T30,36-45,Male,26.3,Cheque,Verified
INV001848,2025-01-29,100025,lumpsum,252285,Punjab,Chandigarh,T30,26-35,Male,10.9,Mandate,Verified
INV003571,2025-01-29,148569,lumpsum,406494,Haryana,Faridabad,B30,36-45,Male,53.1,Cheque,Pending
INV001884,2025-01-29,100033,redemption,27771,Madhya Pradesh,Indore,T30,18-25,Female,7.0,Cheque,Verified
INV001576,2025-01-29,120844,sip,2050,Delhi,Noida,T30,46-55,Female,46.5,Net Banking,Verified
INV004096,2025-01-29,100016,sip,11835,Tamil Nadu,Coimbatore,B30,36-45,Male,57.1,Mandate,Pending
INV001593,2025-01-29,120841,sip,2684,Punjab,Chandigarh,T30,36-45,Female,53.2,Net Banking,Pending
INV001045,2025-01-29,119093,sip,25802,Punjab,Chandigarh,T30,36-45,Female,45.5,Net Banking,Verified
INV001225,2025-01-29,148567,sip,2997,Karnataka,Mysore,B30,26-35,Male,16.5,UPI,Verified
INV002988,2025-01-29,148568,lumpsum,360358,Uttar Pradesh,Kanpur,B30,36-45,Male,40.1,Net Banking,Pending
INV002216,2025-01-29,100016,redemption,280950,Maharashtra,Mumbai,T30,46-55,Male,26.5,Cheque,Verified
INV001301,2025-01-29,100033,redemption,152974,Delhi,New Delhi,T30,26-35,Male,19.1,Mandate,Verified
INV003009,2025-01-29,119551,lumpsum,182484,Karnataka,Bangalore,T30,26-35,Male,20.1,Mandate,Verified
INV003011,2025-01-29,100033,sip,7387,Gujarat,Ahmedabad,T30,18-25,Male,4.4,Mandate,Verified
INV000777,2025-01-29,120507,sip,598,Uttar Pradesh,Lucknow,T30,26-35,Male,15.7,Cheque,Verified
INV000853,2025-01-30,120505,sip,415,Punjab,Chandigarh,T30,26-35,Female,8.0,UPI,Verified
INV002744,2025-01-30,119551,sip,2328,Karnataka,Bangalore,T30,36-45,Male,25.9,Net Banking,Verified
INV004737,2025-01-30,120507,sip,447,Madhya Pradesh,Indore,T30,46-55,Male,98.4,Mandate,Verified
INV001512,2025-01-30,118633,sip,2989,Haryana,Gurugram,T30,46-55,Male,49.4,Cheque,Verified
INV000192,2025-01-30,101208,redemption,152287,Haryana,Faridabad,B30,26-35,Male,24.4,Cheque,Verified
INV000599,2025-01-30,119094,sip,7621,Gujarat,Ahmedabad,T30,36-45,Male,24.0,Mandate,Verified
INV003552,2025-01-30,100033,lumpsum,415428,Gujarat,Surat,T30,26-35,Male,17.0,UPI,Verified
INV001226,2025-01-30,120506,sip,2017,West Bengal,Kolkata,T30,26-35,Female,20.4,UPI,Verified
INV000738,2025-01-30,120507,lumpsum,181065,Punjab,Amritsar,B30,26-35,Male,12.1,Mandate,Pending
INV002430,2025-01-30,120505,lumpsum,399119,Madhya Pradesh,Bhopal,B30,26-35,Male,16.2,Net Banking,Verified
INV002762,2025-01-30,119551,lumpsum,339837,Rajasthan,Udaipur,B30,26-35,Female,21.9,Cheque,Verified
INV001058,2025-01-30,149323,lumpsum,68352,Uttar Pradesh,Kanpur,B30,36-45,Male,28.2,Mandate,Verified
INV004368,2025-01-30,120504,sip,20681,Punjab,Chandigarh,T30,36-45,Male,33.7,UPI,Verified
INV004326,2025-01-30,101208,sip,22433,Delhi,Gurugram,T30,26-35,Male,7.5,UPI,Verified
INV003700,2025-01-30,100033,lumpsum,120117,Maharashtra,Nashik,B30,46-55,Male,42.6,Cheque,Verified
INV002510,2025-01-30,119599,sip,2150,Karnataka,Mysore,B30,36-45,Male,32.6,UPI,Verified
INV002688,2025-01-30,149324,sip,22865,Uttar Pradesh,Lucknow,T30,26-35,Male,23.5,UPI,Verified
INV003731,2025-01-30,101208,lumpsum,355709,Tamil Nadu,Coimbatore,B30,26-35,Female,9.9,Cheque,Verified
INV000664,2025-01-30,118633,redemption,68800,West Bengal,Kolkata,T30,26-35,Male,21.1,Mandate,Verified
INV003943,2025-01-30,102887,sip,2047,Telangana,Hyderabad,T30,46-55,Male,46.2,Net Banking,Verified
INV000995,2025-01-30,118632,sip,441,Delhi,New Delhi,T30,56+,Male,34.6,Net Banking,Verified
INV003708,2025-01-30,119094,sip,2544,Punjab,Amritsar,B30,46-55,Male,38.6,Cheque,Verified
INV002263,2025-01-30,118635,lumpsum,358807,Gujarat,Surat,T30,26-35,Female,11.3,Net Banking,Verified
INV001937,2025-01-30,119599,lumpsum,282036,Haryana,Gurugram,T30,18-25,Male,7.8,Mandate,Verified
INV000089,2025-01-30,120844,redemption,13756,Maharashtra,Mumbai,T30,26-35,Female,11.2,Net Banking,Pending
INV001613,2025-01-30,148568,lumpsum,93697,Telangana,Hyderabad,T30,26-35,Female,17.7,Cheque,Verified
INV001693,2025-01-30,119094,sip,421,Tamil Nadu,Coimbatore,B30,36-45,Male,49.0,UPI,Verified
INV004688,2025-01-30,118633,lumpsum,423208,West Bengal,Kolkata,T30,26-35,Male,20.7,Net Banking,Verified
INV000621,2025-01-30,118634,sip,544,Rajasthan,Udaipur,B30,56+,Female,45.8,Net Banking,Verified
INV001934,2025-01-30,102886,sip,416,West Bengal,Kolkata,T30,46-55,Female,77.4,Cheque,Verified
INV001759,2025-01-30,120844,sip,17681,Haryana,Faridabad,B30,36-45,Female,25.6,Mandate,Verified
INV001223,2025-01-30,125497,sip,2091,Punjab,Amritsar,B30,56+,Male,46.0,Mandate,Verified
INV004319,2025-01-30,120841,sip,22569,Gujarat,Surat,T30,18-25,Male,3.9,Mandate,Verified
INV002136,2025-01-30,120844,sip,565,Punjab,Chandigarh,T30,18-25,Male,5.3,Mandate,Verified
INV000268,2025-01-30,119551,sip,2922,Haryana,Gurugram,T30,18-25,Female,4.7,Cheque,Verified
INV001861,2025-01-30,119095,sip,438,Haryana,Gurugram,T30,26-35,Female,19.4,UPI,Verified
INV000966,2025-01-30,118636,lumpsum,102207,Telangana,Hyderabad,T30,26-35,Male,22.8,Cheque,Verified
INV003140,2025-01-30,149323,lumpsum,135333,West Bengal,Kolkata,T30,26-35,Male,16.9,Net Banking,Verified
INV001636,2025-01-30,119120,sip,3428,Rajasthan,Udaipur,B30,18-25,Male,6.0,Net Banking,Verified
INV004555,2025-01-30,120507,sip,40341,Uttar Pradesh,Lucknow,T30,36-45,Female,24.4,Net Banking,Verified
INV002218,2025-01-30,118635,redemption,323421,Punjab,Amritsar,B30,36-45,Male,52.7,Cheque,Verified
INV000906,2025-01-30,119599,lumpsum,248100,Maharashtra,Mumbai,T30,26-35,Male,20.7,UPI,Verified
INV000819,2025-01-30,118633,lumpsum,506346,Karnataka,Bangalore,T30,36-45,Male,56.5,UPI,Verified
INV003300,2025-01-30,100016,sip,2047,Uttar Pradesh,Agra,B30,36-45,Male,13.3,UPI,Verified
INV002040,2025-01-30,120503,redemption,18797,Karnataka,Mysore,B30,36-45,Female,49.1,UPI,Verified
INV001190,2025-01-30,119092,redemption,48841,Maharashtra,Mumbai,T30,26-35,Male,15.6,Cheque,Verified
INV004957,2025-01-30,149322,lumpsum,101080,Delhi,New Delhi,T30,36-45,Male,51.2,Mandate,Verified
INV004802,2025-01-30,120504,sip,8016,Uttar Pradesh,Kanpur,B30,26-35,Male,20.9,Net Banking,Verified
INV001416,2025-01-30,119095,sip,6818,Haryana,Faridabad,B30,18-25,Male,7.9,Mandate,Verified
INV002035,2025-01-30,149323,sip,889,Tamil Nadu,Chennai,T30,36-45,Male,12.2,UPI,Verified
INV002876,2025-01-30,120507,sip,51428,Uttar Pradesh,Kanpur,B30,36-45,Female,44.6,Cheque,Verified
INV001313,2025-01-30,118634,lumpsum,90616,Gujarat,Surat,T30,36-45,Male,20.3,Mandate,Verified
INV004294,2025-01-30,102885,sip,1136,Punjab,Chandigarh,T30,56+,Female,76.0,Net Banking,Verified
INV000325,2025-01-30,101208,sip,7037,Haryana,Faridabad,B30,26-35,Male,20.9,UPI,Verified
INV002415,2025-01-30,120506,redemption,110952,West Bengal,Kolkata,T30,36-45,Male,13.9,Net Banking,Pending
INV004559,2025-01-30,120843,redemption,261644,West Bengal,Kolkata,T30,26-35,Male,15.9,Net Banking,Verified
INV001083,2025-01-30,100033,lumpsum,110869,Gujarat,Ahmedabad,T30,46-55,Male,16.4,Cheque,Pending
INV003966,2025-01-30,100016,sip,400,Uttar Pradesh,Agra,B30,46-55,Male,79.6,Cheque,Verified
INV003411,2025-01-30,120505,redemption,35620,Tamil Nadu,Chennai,T30,26-35,Male,14.2,Mandate,Verified
INV004540,2025-01-30,119093,redemption,150266,Punjab,Chandigarh,T30,36-45,Male,48.9,Net Banking,Verified
INV000671,2025-01-31,148567,redemption,207829,Uttar Pradesh,Agra,B30,36-45,Female,15.3,UPI,Verified
INV003882,2025-01-31,119552,sip,7854,Maharashtra,Nashik,B30,36-45,Male,51.6,Cheque,Verified
INV004667,2025-01-31,100025,lumpsum,86921,Maharashtra,Pune,T30,26-35,Male,16.9,Net Banking,Verified
INV004963,2025-01-31,149323,sip,3511,Delhi,Noida,T30,36-45,Female,59.6,Mandate,Verified
INV000782,2025-01-31,118636,sip,3308,Telangana,Hyderabad,T30,18-25,Male,4.4,Mandate,Verified
INV001160,2025-01-31,120503,sip,1176,Karnataka,Mysore,B30,36-45,Female,13.8,Mandate,Verified
INV004934,2025-01-31,119552,sip,2889,West Bengal,Kolkata,T30,26-35,Female,22.0,Net Banking,Verified
INV001147,2025-01-31,119598,redemption,425097,Tamil Nadu,Coimbatore,B30,36-45,Female,14.6,Mandate,Verified
INV000881,2025-01-31,102887,sip,13898,Uttar Pradesh,Agra,B30,26-35,Male,17.1,Cheque,Verified
INV000772,2025-01-31,118634,sip,11427,Karnataka,Bangalore,T30,56+,Female,16.1,Net Banking,Verified
INV000974,2025-01-31,100025,sip,14929,Maharashtra,Mumbai,T30,46-55,Male,88.6,Net Banking,Verified
INV000298,2025-01-31,119092,sip,423,Uttar Pradesh,Kanpur,B30,18-25,Male,6.3,Net Banking,Verified
INV000425,2025-01-31,119599,redemption,106813,Rajasthan,Jaipur,T30,56+,Male,77.2,Net Banking,Verified
INV004771,2025-01-31,119094,sip,1052,Tamil Nadu,Coimbatore,B30,18-25,Male,6.6,Mandate,Verified
INV000247,2025-01-31,148569,lumpsum,164460,Haryana,Gurugram,T30,18-25,Male,7.1,Cheque,Verified
INV000242,2025-01-31,125497,redemption,330530,Maharashtra,Nashik,B30,36-45,Male,40.2,Cheque,Verified
INV004720,2025-01-31,149323,sip,16821,Gujarat,Surat,T30,46-55,Female,95.7,Mandate,Verified
INV000241,2025-01-31,120505,sip,15485,Telangana,Hyderabad,T30,26-35,Female,16.5,Mandate,Verified
INV001026,2025-01-31,119598,redemption,293817,Haryana,Gurugram,T30,26-35,Male,12.1,Cheque,Verified
INV004481,2025-01-31,120844,sip,2008,Rajasthan,Jaipur,T30,46-55,Male,60.1,Cheque,Verified
INV000417,2025-01-31,120842,lumpsum,484794,Haryana,Gurugram,T30,26-35,Female,13.5,Cheque,Verified
INV000219,2025-01-31,101207,lumpsum,472617,Gujarat,Ahmedabad,T30,26-35,Male,22.3,Net Banking,Verified
INV000841,2025-01-31,120507,lumpsum,546754,Maharashtra,Mumbai,T30,36-45,Male,56.5,Cheque,Verified
INV003990,2025-01-31,119551,redemption,198362,Gujarat,Ahmedabad,T30,18-25,Male,5.3,UPI,Pending
INV003832,2025-01-31,119092,sip,28352,Karnataka,Mysore,B30,46-55,Male,34.4,Cheque,Verified
INV000407,2025-01-31,100016,sip,21178,Tamil Nadu,Coimbatore,B30,36-45,Male,32.8,Net Banking,Verified
INV004121,2025-01-31,148567,lumpsum,179181,West Bengal,Kolkata,T30,26-35,Female,22.3,Mandate,Verified
INV000706,2025-01-31,120843,sip,2367,Telangana,Hyderabad,T30,26-35,Female,7.3,UPI,Verified
INV000619,2025-01-31,118633,lumpsum,270559,West Bengal,Kolkata,T30,26-35,Male,12.6,Cheque,Verified
INV001013,2025-01-31,100033,lumpsum,212133,Telangana,Hyderabad,T30,36-45,Male,40.6,Mandate,Verified
INV004885,2025-01-31,102886,redemption,563289,Punjab,Amritsar,B30,26-35,Male,11.7,Net Banking,Verified
INV004131,2025-01-31,119092,sip,55999,Uttar Pradesh,Kanpur,B30,26-35,Male,10.3,Cheque,Verified
INV000722,2025-01-31,119095,redemption,317912,Punjab,Chandigarh,T30,26-35,Female,8.1,Mandate,Verified
INV004200,2025-01-31,100016,lumpsum,125031,Rajasthan,Udaipur,B30,36-45,Male,35.9,Net Banking,Pending
INV002605,2025-01-31,100025,redemption,323427,Delhi,New Delhi,T30,46-55,Male,87.0,Net Banking,Verified
INV001550,2025-01-31,149323,sip,3335,Punjab,Chandigarh,T30,18-25,Male,4.1,UPI,Verified
INV002413,2025-01-31,101208,sip,470,Gujarat,Surat,T30,26-35,Male,14.4,Cheque,Verified
INV003058,2025-01-31,119551,lumpsum,16560,Karnataka,Mysore,B30,36-45,Male,46.2,UPI,Verified
INV003002,2025-01-31,125497,sip,57006,Maharashtra,Pune,T30,26-35,Male,17.0,UPI,Verified
INV002274,2025-01-31,120842,lumpsum,123673,Tamil Nadu,Coimbatore,B30,18-25,Female,6.9,Mandate,Verified
INV003453,2025-01-31,120503,lumpsum,188956,Punjab,Chandigarh,T30,36-45,Male,56.3,Mandate,Verified
INV001646,2025-01-31,125497,lumpsum,312905,Karnataka,Bangalore,T30,26-35,Male,18.9,Net Banking,Verified
INV001628,2025-01-31,118635,lumpsum,346038,Rajasthan,Jaipur,T30,36-45,Female,45.6,UPI,Verified
INV001778,2025-01-31,148567,lumpsum,496440,Maharashtra,Mumbai,T30,26-35,Male,9.7,UPI,Verified
INV002555,2025-01-31,119552,sip,3339,Gujarat,Ahmedabad,T30,36-45,Male,24.5,UPI,Verified
INV002690,2025-01-31,120843,lumpsum,455658,Karnataka,Mysore,B30,36-45,Male,58.0,UPI,Pending
INV001927,2025-01-31,149323,sip,7994,Rajasthan,Jaipur,T30,56+,Male,58.7,Cheque,Verified
INV002817,2025-01-31,118635,lumpsum,193041,Gujarat,Ahmedabad,T30,26-35,Male,15.8,Net Banking,Verified
INV003287,2025-01-31,119093,lumpsum,209494,Delhi,New Delhi,T30,36-45,Male,54.9,UPI,Verified
INV001962,2025-01-31,120504,sip,26599,Maharashtra,Mumbai,T30,26-35,Male,13.6,Mandate,Verified
INV001720,2025-01-31,102885,sip,2326,Karnataka,Mysore,B30,36-45,Male,43.6,UPI,Verified
INV001433,2025-01-31,118636,sip,25017,West Bengal,Kolkata,T30,26-35,Male,10.9,Cheque,Verified
INV002005,2025-01-31,119599,sip,4246,Maharashtra,Pune,T30,18-25,Male,7.1,Cheque,Verified
INV003168,2025-01-31,149322,lumpsum,122319,Uttar Pradesh,Lucknow,T30,18-25,Male,5.1,Cheque,Verified
INV002236,2025-01-31,101207,sip,3532,Delhi,New Delhi,T30,26-35,Male,21.6,Cheque,Verified
INV002194,2025-01-31,120503,sip,8980,Madhya Pradesh,Bhopal,B30,56+,Female,13.4,Mandate,Verified
INV003406,2025-01-31,120844,lumpsum,327711,Madhya Pradesh,Bhopal,B30,26-35,Male,21.2,Cheque,Verified
INV002101,2025-01-31,119095,sip,1742,Uttar Pradesh,Lucknow,T30,26-35,Male,14.7,Cheque,Pending
INV002504,2025-01-31,119092,sip,53999,Madhya Pradesh,Bhopal,B30,26-35,Male,22.4,Cheque,Verified
INV001384,2025-01-31,118636,lumpsum,297400,Maharashtra,Mumbai,T30,26-35,Female,16.0,Mandate,Verified
INV002115,2025-01-31,148567,redemption,316119,Punjab,Chandigarh,T30,56+,Female,71.4,UPI,Verified
INV003305,2025-01-31,119095,sip,16470,Telangana,Hyderabad,T30,46-55,Male,41.0,UPI,Pending
INV000203,2025-02-01,119552,lumpsum,36915,Maharashtra,Nashik,B30,26-35,Male,16.0,Cheque,Verified
INV003435,2025-02-01,102886,sip,852,Maharashtra,Nashik,B30,26-35,Female,17.8,Mandate,Pending
INV002915,2025-02-01,100016,sip,23439,West Bengal,Kolkata,T30,18-25,Male,7.7,Cheque,Verified
INV002341,2025-02-01,101207,sip,2165,West Bengal,Kolkata,T30,36-45,Female,50.8,Mandate,Verified
INV004022,2025-02-01,100025,lumpsum,102886,Maharashtra,Nashik,B30,36-45,Male,21.9,UPI,Verified
INV004229,2025-02-01,100016,sip,817,Telangana,Hyderabad,T30,36-45,Female,59.1,UPI,Verified
INV003430,2025-02-01,120506,redemption,295015,Gujarat,Ahmedabad,T30,26-35,Female,14.8,UPI,Verified
INV002618,2025-02-01,118632,sip,486,Maharashtra,Mumbai,T30,36-45,Male,24.4,UPI,Verified
INV003543,2025-02-01,119551,redemption,108818,Maharashtra,Nashik,B30,26-35,Male,8.3,Mandate,Verified
INV003705,2025-02-01,120505,sip,5390,Telangana,Hyderabad,T30,26-35,Male,8.0,Net Banking,Verified
INV004116,2025-02-01,119599,sip,2331,Gujarat,Ahmedabad,T30,36-45,Male,59.4,Cheque,Verified
INV002964,2025-02-01,100033,sip,2143,Rajasthan,Udaipur,B30,46-55,Male,84.1,UPI,Verified
INV002228,2025-02-01,100016,sip,8272,Uttar Pradesh,Kanpur,B30,18-25,Male,7.7,Net Banking,Verified
INV003842,2025-02-01,120506,lumpsum,336822,Maharashtra,Pune,T30,36-45,Male,34.3,UPI,Verified
INV000127,2025-02-01,120844,sip,9781,Delhi,Gurugram,T30,18-25,Male,7.3,Cheque,Verified
INV001775,2025-02-01,120842,sip,16345,Uttar Pradesh,Kanpur,B30,26-35,Female,8.3,Cheque,Verified
INV004366,2025-02-01,120506,redemption,229204,Delhi,New Delhi,T30,46-55,Female,81.1,Cheque,Verified
INV001103,2025-02-01,119095,redemption,189809,Karnataka,Mysore,B30,26-35,Female,6.4,UPI,Verified
INV004556,2025-02-01,120842,redemption,275015,Punjab,Amritsar,B30,26-35,Male,18.6,Mandate,Verified
INV001041,2025-02-01,118636,sip,7848,Madhya Pradesh,Bhopal,B30,18-25,Male,5.1,UPI,Verified
INV002208,2025-02-01,118636,sip,589,Punjab,Chandigarh,T30,56+,Male,61.1,Net Banking,Verified
INV004914,2025-02-01,120505,sip,501,Karnataka,Mysore,B30,26-35,Female,13.4,Mandate,Verified
INV004401,2025-02-01,120842,sip,906,Rajasthan,Udaipur,B30,26-35,Male,22.6,Cheque,Verified
INV004327,2025-02-01,119120,lumpsum,337442,Madhya Pradesh,Bhopal,B30,26-35,Male,10.8,Cheque,Verified
INV002693,2025-02-01,102886,lumpsum,156919,Uttar Pradesh,Kanpur,B30,26-35,Male,22.5,UPI,Verified
INV003121,2025-02-01,149324,redemption,58902,Telangana,Hyderabad,T30,36-45,Male,13.7,Mandate,Pending
INV001725,2025-02-01,119552,sip,5395,Tamil Nadu,Coimbatore,B30,36-45,Male,30.0,Net Banking,Verified
INV004132,2025-02-01,120844,redemption,374541,Rajasthan,Jaipur,T30,18-25,Male,6.3,Mandate,Verified
INV000085,2025-02-01,120505,sip,26417,Gujarat,Surat,T30,26-35,Female,14.6,Cheque,Verified
INV001354,2025-02-01,120507,lumpsum,87975,Tamil Nadu,Coimbatore,B30,18-25,Male,7.0,Cheque,Verified
INV000856,2025-02-01,120507,lumpsum,289786,Madhya Pradesh,Indore,T30,26-35,Male,24.8,Cheque,Verified
INV002835,2025-02-01,102887,sip,16041,Haryana,Faridabad,B30,26-35,Male,11.2,UPI,Verified
INV002809,2025-02-01,120507,sip,2812,Uttar Pradesh,Agra,B30,36-45,Male,48.6,Mandate,Verified
INV003356,2025-02-01,101206,sip,484,Uttar Pradesh,Agra,B30,26-35,Female,11.0,Cheque,Verified
INV002121,2025-02-01,100025,sip,11002,Madhya Pradesh,Bhopal,B30,18-25,Female,3.5,Mandate,Verified
INV000513,2025-02-01,119095,sip,8670,Telangana,Hyderabad,T30,26-35,Male,12.8,Net Banking,Pending
INV002627,2025-02-01,118632,lumpsum,131316,West Bengal,Kolkata,T30,26-35,Male,19.0,UPI,Verified
INV000873,2025-02-01,119551,sip,1924,Uttar Pradesh,Lucknow,T30,26-35,Male,8.9,UPI,Verified
INV001670,2025-02-01,125498,sip,25509,West Bengal,Kolkata,T30,26-35,Male,16.5,Cheque,Verified
INV002007,2025-02-01,102886,redemption,470970,Haryana,Faridabad,B30,18-25,Male,4.2,UPI,Verified
INV004459,2025-02-01,102886,sip,1614,Maharashtra,Pune,T30,26-35,Female,9.2,UPI,Verified
INV004054,2025-02-01,120843,redemption,236590,Tamil Nadu,Chennai,T30,26-35,Female,6.4,Net Banking,Verified
INV000040,2025-02-01,118636,sip,5386,Karnataka,Mysore,B30,26-35,Male,14.7,Cheque,Verified
INV003885,2025-02-01,118636,redemption,130020,West Bengal,Kolkata,T30,36-45,Male,52.3,Cheque,Verified
INV000894,2025-02-01,120507,redemption,200629,Tamil Nadu,Coimbatore,B30,36-45,Female,32.0,Net Banking,Verified
INV003467,2025-02-01,119120,sip,2044,Madhya Pradesh,Indore,T30,46-55,Female,89.7,Net Banking,Verified
INV002549,2025-02-01,120506,redemption,264700,Delhi,New Delhi,T30,26-35,Male,12.5,Mandate,Verified
INV000334,2025-02-01,100016,redemption,275208,Uttar Pradesh,Lucknow,T30,56+,Male,22.6,UPI,Verified
INV000415,2025-02-01,119094,lumpsum,79179,Maharashtra,Pune,T30,36-45,Female,20.3,Net Banking,Verified
INV001724,2025-02-01,119552,sip,13119,Madhya Pradesh,Indore,T30,26-35,Female,11.9,Mandate,Verified
INV001503,2025-02-01,149324,sip,566,Telangana,Hyderabad,T30,18-25,Male,6.4,Mandate,Verified
INV001834,2025-02-01,119599,sip,15981,Gujarat,Ahmedabad,T30,26-35,Male,11.4,UPI,Verified
INV003940,2025-02-01,120505,lumpsum,382843,West Bengal,Kolkata,T30,36-45,Male,21.6,Mandate,Verified
INV002124,2025-02-01,100033,lumpsum,25071,Tamil Nadu,Coimbatore,B30,18-25,Male,5.0,Net Banking,Verified
INV002933,2025-02-01,119120,lumpsum,11180,Madhya Pradesh,Indore,T30,36-45,Female,39.4,UPI,Verified
INV004551,2025-02-01,118635,sip,2766,Maharashtra,Nashik,B30,18-25,Male,6.0,UPI,Verified
INV003226,2025-02-01,149324,sip,52853,Haryana,Gurugram,T30,26-35,Male,21.5,UPI,Verified
INV002095,2025-02-01,100033,sip,44354,Punjab,Amritsar,B30,26-35,Male,9.2,Mandate,Verified
INV003024,2025-02-01,119120,redemption,410406,Maharashtra,Pune,T30,36-45,Female,43.1,UPI,Verified
INV001635,2025-02-01,119092,sip,12788,Tamil Nadu,Chennai,T30,26-35,Male,18.6,UPI,Verified
INV004199,2025-02-01,102887,sip,2551,Tamil Nadu,Chennai,T30,56+,Male,76.5,UPI,Verified
INV003120,2025-02-01,102887,sip,8387,Punjab,Amritsar,B30,26-35,Male,19.1,Cheque,Verified
INV000167,2025-02-02,125498,sip,7505,Gujarat,Ahmedabad,T30,56+,Male,55.3,Net Banking,Verified
INV002453,2025-02-02,125497,sip,15885,Gujarat,Surat,T30,26-35,Female,16.1,Mandate,Verified
INV004338,2025-02-02,118633,redemption,57825,Maharashtra,Mumbai,T30,46-55,Female,82.5,UPI,Verified
INV002590,2025-02-02,119095,sip,8894,West Bengal,Kolkata,T30,36-45,Male,45.1,Cheque,Verified
INV001497,2025-02-02,119599,sip,3402,Maharashtra,Mumbai,T30,36-45,Male,56.8,UPI,Verified
INV001039,2025-02-02,148569,sip,425,Gujarat,Surat,T30,36-45,Male,12.8,Net Banking,Verified
INV003799,2025-02-02,148569,sip,2878,Punjab,Amritsar,B30,18-25,Male,5.6,Cheque,Verified
INV000164,2025-02-02,149323,sip,434,Rajasthan,Udaipur,B30,18-25,Male,6.0,Net Banking,Verified
INV002942,2025-02-02,118633,redemption,60475,Delhi,Noida,T30,36-45,Male,27.8,Mandate,Verified
INV004687,2025-02-02,125498,sip,8526,Madhya Pradesh,Bhopal,B30,36-45,Female,15.1,Mandate,Verified
INV004650,2025-02-02,118632,lumpsum,370485,Punjab,Chandigarh,T30,56+,Male,28.2,Mandate,Verified
INV002223,2025-02-02,120506,sip,407,Karnataka,Bangalore,T30,36-45,Female,40.7,Net Banking,Verified
INV003767,2025-02-02,118636,sip,44455,Madhya Pradesh,Bhopal,B30,36-45,Female,13.6,UPI,Verified
INV004457,2025-02-02,120503,sip,50184,Telangana,Hyderabad,T30,18-25,Male,6.7,Net Banking,Verified
INV000449,2025-02-02,118633,sip,24328,Haryana,Faridabad,B30,18-25,Male,6.8,UPI,Pending
INV001312,2025-02-02,118634,lumpsum,267613,Delhi,Noida,T30,26-35,Male,6.9,UPI,Verified
INV001995,2025-02-02,102887,redemption,433370,Gujarat,Surat,T30,26-35,Male,20.8,Net Banking,Verified
INV003037,2025-02-02,101207,sip,29201,Telangana,Hyderabad,T30,18-25,Female,7.6,Mandate,Verified
INV000603,2025-02-02,100033,sip,1074,West Bengal,Kolkata,T30,26-35,Male,17.3,UPI,Verified
INV001972,2025-02-02,100016,lumpsum,454504,Uttar Pradesh,Kanpur,B30,18-25,Male,4.6,Cheque,Verified
INV000068,2025-02-02,148568,redemption,417438,West Bengal,Kolkata,T30,18-25,Female,7.3,Net Banking,Verified
INV001969,2025-02-02,120844,sip,15319,Uttar Pradesh,Kanpur,B30,26-35,Male,9.7,Mandate,Verified
INV001967,2025-02-02,118633,lumpsum,458789,Rajasthan,Jaipur,T30,26-35,Male,17.9,Cheque,Pending
INV002573,2025-02-02,119120,sip,8328,Punjab,Amritsar,B30,26-35,Male,10.0,Cheque,Verified
INV004607,2025-02-02,119599,sip,1082,Telangana,Hyderabad,T30,26-35,Female,7.0,UPI,Verified
INV003023,2025-02-02,118636,lumpsum,85574,Gujarat,Ahmedabad,T30,26-35,Female,13.6,UPI,Verified
INV003017,2025-02-02,101206,sip,1003,West Bengal,Kolkata,T30,56+,Male,75.3,Mandate,Pending
INV001939,2025-02-02,119599,lumpsum,400764,West Bengal,Kolkata,T30,26-35,Male,21.2,Mandate,Verified
INV003942,2025-02-02,120842,redemption,189871,Haryana,Faridabad,B30,26-35,Female,23.3,UPI,Verified
INV000559,2025-02-02,119599,sip,29239,Madhya Pradesh,Indore,T30,26-35,Male,6.1,UPI,Verified
INV000414,2025-02-02,119095,sip,2715,Tamil Nadu,Chennai,T30,36-45,Male,21.9,Mandate,Verified
INV000644,2025-02-02,100033,lumpsum,199537,West Bengal,Kolkata,T30,26-35,Male,9.1,Net Banking,Verified
INV004974,2025-02-02,120843,redemption,263847,Gujarat,Ahmedabad,T30,56+,Female,62.6,Net Banking,Verified
INV002520,2025-02-02,102887,lumpsum,164655,Tamil Nadu,Chennai,T30,36-45,Male,48.9,Net Banking,Verified
INV002579,2025-02-02,101207,sip,46331,Maharashtra,Mumbai,T30,36-45,Male,30.1,Cheque,Verified
INV000661,2025-02-02,118634,redemption,164618,Haryana,Faridabad,B30,36-45,Male,46.8,Mandate,Verified
INV000101,2025-02-02,119552,lumpsum,282831,Madhya Pradesh,Indore,T30,26-35,Male,20.8,UPI,Verified
INV001912,2025-02-02,119093,sip,20771,Haryana,Gurugram,T30,26-35,Male,10.4,Cheque,Verified
INV004372,2025-02-02,149324,sip,1169,Haryana,Faridabad,B30,26-35,Female,22.9,Mandate,Verified
INV004897,2025-02-02,125497,sip,25684,Madhya Pradesh,Indore,T30,36-45,Male,38.1,Mandate,Verified
INV003986,2025-02-02,125498,sip,58409,Telangana,Hyderabad,T30,36-45,Male,44.2,Net Banking,Verified
INV000480,2025-02-02,119095,sip,5031,Maharashtra,Mumbai,T30,18-25,Male,6.2,Cheque,Pending
INV001543,2025-02-02,119092,lumpsum,438918,Delhi,New Delhi,T30,26-35,Male,21.1,Net Banking,Verified
INV003069,2025-02-02,120843,sip,840,Punjab,Chandigarh,T30,56+,Female,59.5,Mandate,Verified
INV001656,2025-02-02,119092,sip,518,Madhya Pradesh,Bhopal,B30,26-35,Male,19.4,Mandate,Verified
INV000789,2025-02-02,118636,sip,10609,Gujarat,Surat,T30,56+,Male,47.7,UPI,Verified
INV001705,2025-02-02,119094,redemption,136089,Haryana,Faridabad,B30,46-55,Male,84.3,Net Banking,Verified
INV000818,2025-02-02,120844,lumpsum,426588,Telangana,Hyderabad,T30,56+,Female,62.5,Mandate,Verified
INV000224,2025-02-02,120844,sip,28835,Telangana,Hyderabad,T30,26-35,Male,23.6,Net Banking,Verified
INV002891,2025-02-02,100016,sip,2723,Haryana,Faridabad,B30,36-45,Female,56.5,Mandate,Pending
INV000873,2025-02-02,120506,lumpsum,402735,Uttar Pradesh,Lucknow,T30,26-35,Male,8.9,UPI,Verified
INV003531,2025-02-02,119551,sip,1912,Delhi,Gurugram,T30,36-45,Male,41.9,Cheque,Verified
INV003491,2025-02-02,120503,sip,4017,Delhi,Noida,T30,46-55,Male,92.5,Mandate,Verified
INV002859,2025-02-02,149322,lumpsum,259048,Madhya Pradesh,Indore,T30,26-35,Male,20.1,UPI,Verified
INV002075,2025-02-02,148568,sip,3091,Uttar Pradesh,Lucknow,T30,36-45,Female,34.4,Cheque,Verified
INV000860,2025-02-02,119598,redemption,160706,Madhya Pradesh,Bhopal,B30,36-45,Female,51.8,Mandate,Verified
INV002119,2025-02-02,119094,sip,8327,Tamil Nadu,Coimbatore,B30,26-35,Female,11.8,Mandate,Pending
INV002387,2025-02-02,120504,sip,1071,Telangana,Hyderabad,T30,26-35,Male,13.1,Net Banking,Verified
INV002304,2025-02-02,100033,sip,6920,Karnataka,Mysore,B30,46-55,Male,57.7,Mandate,Verified
INV004505,2025-02-02,100016,sip,14185,Punjab,Amritsar,B30,26-35,Male,7.8,Net Banking,Verified
INV001752,2025-02-02,119092,sip,2592,Rajasthan,Udaipur,B30,26-35,Female,13.4,Net Banking,Verified
INV002784,2025-02-02,119551,sip,29553,Karnataka,Mysore,B30,26-35,Male,17.7,Net Banking,Verified
INV002850,2025-02-02,100025,sip,2099,Uttar Pradesh,Lucknow,T30,46-55,Male,76.5,UPI,Verified
INV004505,2025-02-02,120503,sip,545,Punjab,Amritsar,B30,26-35,Male,7.8,Net Banking,Verified
INV000893,2025-02-02,119093,redemption,101608,Punjab,Chandigarh,T30,46-55,Male,35.3,UPI,Verified
INV000523,2025-02-02,149324,lumpsum,107518,West Bengal,Kolkata,T30,36-45,Male,13.1,UPI,Verified
INV000985,2025-02-02,101207,lumpsum,135560,West Bengal,Kolkata,T30,26-35,Female,11.4,Cheque,Verified
INV002082,2025-02-02,101206,sip,403,Telangana,Hyderabad,T30,36-45,Male,59.5,Net Banking,Verified
INV003565,2025-02-03,149323,sip,2361,Gujarat,Surat,T30,26-35,Male,12.0,Cheque,Verified
INV000892,2025-02-03,120505,lumpsum,241580,Gujarat,Ahmedabad,T30,36-45,Male,26.4,UPI,Verified
INV001442,2025-02-03,119095,sip,13518,Uttar Pradesh,Lucknow,T30,26-35,Male,16.2,Mandate,Verified
INV001642,2025-02-03,102885,lumpsum,347622,Rajasthan,Jaipur,T30,56+,Female,20.5,Cheque,Verified
INV002333,2025-02-03,149323,lumpsum,324939,Uttar Pradesh,Kanpur,B30,26-35,Male,23.7,Net Banking,Verified
INV003114,2025-02-03,102886,lumpsum,316091,Rajasthan,Udaipur,B30,26-35,Female,21.7,Net Banking,Verified
INV001869,2025-02-03,119598,lumpsum,36910,Uttar Pradesh,Lucknow,T30,46-55,Male,30.6,Mandate,Verified
INV001058,2025-02-03,120842,sip,2232,Uttar Pradesh,Kanpur,B30,36-45,Male,28.2,Cheque,Verified
INV002549,2025-02-03,119093,sip,7568,Delhi,New Delhi,T30,26-35,Male,12.5,Mandate,Verified
INV001876,2025-02-03,120843,redemption,435984,Delhi,Gurugram,T30,36-45,Male,13.3,UPI,Verified
INV000119,2025-02-03,118632,sip,4658,Rajasthan,Jaipur,T30,26-35,Female,16.8,Net Banking,Pending
INV004342,2025-02-03,118632,sip,4492,Tamil Nadu,Coimbatore,B30,46-55,Female,22.1,Mandate,Pending
INV004737,2025-02-03,125498,lumpsum,439949,Madhya Pradesh,Indore,T30,46-55,Male,98.4,Cheque,Verified
INV000081,2025-02-03,100016,sip,21552,Gujarat,Surat,T30,36-45,Male,31.0,Mandate,Verified
INV001092,2025-02-03,120503,lumpsum,324794,Haryana,Gurugram,T30,26-35,Male,14.9,Mandate,Verified
INV000101,2025-02-03,119598,redemption,307979,Madhya Pradesh,Indore,T30,26-35,Male,20.8,UPI,Verified
INV000554,2025-02-03,125497,sip,5525,Delhi,Noida,T30,36-45,Male,12.3,Mandate,Verified
INV003449,2025-02-03,119599,lumpsum,241372,Gujarat,Ahmedabad,T30,56+,Male,10.0,UPI,Verified
INV003783,2025-02-03,102886,redemption,175636,Madhya Pradesh,Indore,T30,18-25,Male,3.5,Mandate,Verified
INV000843,2025-02-03,102887,sip,4210,Maharashtra,Mumbai,T30,26-35,Male,10.2,UPI,Verified
INV004740,2025-02-03,100025,lumpsum,170164,Tamil Nadu,Chennai,T30,56+,Male,43.4,Cheque,Verified
INV004827,2025-02-03,120844,sip,17917,Uttar Pradesh,Kanpur,B30,56+,Female,43.7,UPI,Verified
INV000194,2025-02-03,120503,sip,13264,Maharashtra,Pune,T30,36-45,Male,21.6,UPI,Verified
INV003820,2025-02-03,148568,sip,17745,Tamil Nadu,Chennai,T30,56+,Male,61.2,Mandate,Verified
INV001204,2025-02-03,120843,lumpsum,460771,Delhi,New Delhi,T30,36-45,Male,15.3,Mandate,Verified
INV001372,2025-02-03,120844,redemption,193159,Haryana,Faridabad,B30,56+,Male,46.7,UPI,Verified
INV003981,2025-02-03,120842,sip,20560,Haryana,Faridabad,B30,46-55,Male,46.7,Cheque,Verified
INV001648,2025-02-03,149323,lumpsum,315104,Telangana,Hyderabad,T30,46-55,Female,96.8,Cheque,Verified
INV001885,2025-02-03,102885,redemption,10866,Karnataka,Bangalore,T30,26-35,Male,18.8,Cheque,Verified
INV000116,2025-02-03,101208,sip,4755,West Bengal,Kolkata,T30,18-25,Male,3.2,Mandate,Verified
INV002081,2025-02-03,118636,sip,52684,Telangana,Hyderabad,T30,26-35,Male,14.2,Net Banking,Verified
INV000602,2025-02-03,120841,sip,2045,West Bengal,Kolkata,T30,18-25,Male,8.0,Mandate,Verified
INV000481,2025-02-03,125498,lumpsum,272717,Madhya Pradesh,Bhopal,B30,26-35,Female,13.4,Net Banking,Verified
INV000292,2025-02-03,119598,lumpsum,186028,Uttar Pradesh,Lucknow,T30,18-25,Male,3.3,Net Banking,Verified
INV002025,2025-02-03,149322,sip,426,Karnataka,Mysore,B30,26-35,Female,23.7,Net Banking,Verified
INV003391,2025-02-03,120506,sip,2673,West Bengal,Kolkata,T30,26-35,Male,20.2,Mandate,Verified
INV003344,2025-02-03,102885,lumpsum,385158,Haryana,Gurugram,T30,36-45,Female,52.5,Net Banking,Verified
INV003625,2025-02-03,102887,lumpsum,25290,Telangana,Hyderabad,T30,26-35,Female,22.0,Net Banking,Verified
INV003011,2025-02-03,119599,lumpsum,421995,Gujarat,Ahmedabad,T30,18-25,Male,4.4,Cheque,Verified
INV001562,2025-02-03,101207,sip,2237,Delhi,Noida,T30,26-35,Male,7.0,Mandate,Pending
INV000304,2025-02-03,120504,sip,14409,West Bengal,Kolkata,T30,36-45,Male,25.6,Cheque,Verified
INV000457,2025-02-03,148569,lumpsum,144550,Haryana,Faridabad,B30,26-35,Female,22.3,Net Banking,Verified
INV002649,2025-02-03,102886,sip,5404,Tamil Nadu,Coimbatore,B30,46-55,Male,69.7,Cheque,Verified
INV004278,2025-02-03,119093,sip,993,Punjab,Chandigarh,T30,26-35,Male,21.8,Mandate,Verified
INV004069,2025-02-03,119095,lumpsum,8468,Delhi,Noida,T30,26-35,Male,21.8,Mandate,Verified
INV001923,2025-02-03,119551,redemption,293176,Gujarat,Surat,T30,18-25,Female,4.0,Net Banking,Verified
INV003366,2025-02-03,148569,lumpsum,211908,Madhya Pradesh,Bhopal,B30,18-25,Male,3.3,UPI,Verified
INV002440,2025-02-03,119551,lumpsum,448530,Karnataka,Bangalore,T30,18-25,Female,3.0,Net Banking,Verified
INV002437,2025-02-03,118634,sip,54397,Haryana,Faridabad,B30,26-35,Male,24.8,Net Banking,Verified
INV004289,2025-02-03,119092,sip,9603,Karnataka,Bangalore,T30,26-35,Male,14.8,UPI,Verified
INV000173,2025-02-03,100025,lumpsum,75968,Maharashtra,Mumbai,T30,26-35,Male,7.6,Cheque,Verified
INV003848,2025-02-03,148568,lumpsum,113948,Telangana,Hyderabad,T30,26-35,Male,24.0,Cheque,Verified
INV001193,2025-02-03,120507,sip,3532,Delhi,New Delhi,T30,46-55,Female,66.3,Net Banking,Verified
INV000130,2025-02-03,101207,sip,3267,Madhya Pradesh,Indore,T30,56+,Female,69.4,Cheque,Verified
INV002157,2025-02-03,148568,lumpsum,113585,Punjab,Chandigarh,T30,26-35,Male,16.9,Net Banking,Verified
INV001836,2025-02-03,119598,lumpsum,7391,Uttar Pradesh,Agra,B30,26-35,Male,17.4,Cheque,Verified
INV004024,2025-02-03,118634,sip,852,Telangana,Hyderabad,T30,36-45,Male,23.1,Mandate,Verified
INV004086,2025-02-03,120841,redemption,287685,Maharashtra,Nashik,B30,46-55,Male,54.9,Cheque,Verified
INV003437,2025-02-03,119120,sip,2283,Punjab,Amritsar,B30,46-55,Female,51.0,Net Banking,Verified
INV001916,2025-02-03,120844,redemption,203246,Haryana,Gurugram,T30,26-35,Male,11.0,UPI,Verified
INV004336,2025-02-03,101208,sip,20461,West Bengal,Kolkata,T30,46-55,Female,35.0,Net Banking,Verified
INV000463,2025-02-03,120504,sip,982,Gujarat,Ahmedabad,T30,26-35,Male,8.9,Cheque,Verified
INV000713,2025-02-03,100025,sip,6330,Delhi,Noida,T30,36-45,Female,23.7,Net Banking,Verified
INV000344,2025-02-03,118634,sip,11113,Madhya Pradesh,Bhopal,B30,36-45,Male,56.7,Mandate,Verified
INV001741,2025-02-03,149322,redemption,98528,Rajasthan,Udaipur,B30,36-45,Male,52.8,Cheque,Verified
INV000445,2025-02-03,119599,sip,2843,Madhya Pradesh,Bhopal,B30,26-35,Female,24.7,Net Banking,Verified
INV000531,2025-02-03,119095,lumpsum,336500,Delhi,Gurugram,T30,56+,Male,64.9,UPI,Verified
INV003854,2025-02-03,119599,sip,17898,Maharashtra,Pune,T30,26-35,Male,16.5,Mandate,Verified
INV003253,2025-02-03,120504,sip,410,West Bengal,Kolkata,T30,56+,Male,30.2,Mandate,Verified
INV000531,2025-02-03,119120,sip,17183,Delhi,Gurugram,T30,56+,Male,64.9,Cheque,Pending
INV004958,2025-02-03,125497,sip,54682,Maharashtra,Mumbai,T30,36-45,Male,20.9,Mandate,Verified
INV002125,2025-02-03,120503,sip,8447,Haryana,Faridabad,B30,26-35,Female,7.9,Cheque,Verified
INV004670,2025-02-03,120842,sip,27277,Uttar Pradesh,Kanpur,B30,46-55,Male,74.7,Cheque,Verified
INV004566,2025-02-03,120844,sip,1167,Punjab,Chandigarh,T30,26-35,Male,20.1,Cheque,Verified
INV001726,2025-02-04,120505,lumpsum,218478,Rajasthan,Udaipur,B30,26-35,Male,19.5,Net Banking,Verified
INV004408,2025-02-04,149324,lumpsum,15057,Punjab,Amritsar,B30,26-35,Male,23.5,Mandate,Verified
INV003946,2025-02-04,120841,redemption,284305,Karnataka,Mysore,B30,26-35,Female,9.2,Mandate,Verified
INV001734,2025-02-04,125498,sip,3186,Karnataka,Bangalore,T30,36-45,Female,16.3,UPI,Verified
INV002402,2025-02-04,119552,sip,48266,Uttar Pradesh,Lucknow,T30,46-55,Male,55.5,Cheque,Verified
INV004619,2025-02-04,120842,lumpsum,266665,Gujarat,Ahmedabad,T30,46-55,Male,47.9,UPI,Verified
INV000100,2025-02-04,118634,lumpsum,147446,Rajasthan,Udaipur,B30,56+,Male,57.2,Cheque,Verified
INV001627,2025-02-04,125498,sip,3151,Uttar Pradesh,Agra,B30,26-35,Male,15.9,Cheque,Verified
INV001318,2025-02-04,118636,sip,5451,Telangana,Hyderabad,T30,36-45,Male,59.3,UPI,Verified
INV002374,2025-02-04,118632,sip,4689,Uttar Pradesh,Kanpur,B30,26-35,Female,8.6,Net Banking,Verified
INV004787,2025-02-04,125498,redemption,353736,Haryana,Faridabad,B30,26-35,Male,8.2,Cheque,Verified
INV004459,2025-02-04,125497,redemption,91096,Maharashtra,Pune,T30,26-35,Female,9.2,Net Banking,Verified
INV001249,2025-02-04,102887,lumpsum,227870,Maharashtra,Mumbai,T30,26-35,Female,16.4,Mandate,Verified
INV003484,2025-02-04,120505,sip,20424,Madhya Pradesh,Bhopal,B30,26-35,Female,7.1,UPI,Verified
INV000052,2025-02-04,120504,lumpsum,440009,Tamil Nadu,Coimbatore,B30,26-35,Male,19.1,UPI,Verified
INV003442,2025-02-04,118634,sip,6717,Rajasthan,Jaipur,T30,56+,Male,51.6,UPI,Verified
INV001163,2025-02-04,100025,sip,3449,Karnataka,Mysore,B30,26-35,Male,10.2,Mandate,Verified
INV003009,2025-02-04,120841,sip,1153,Karnataka,Bangalore,T30,26-35,Male,20.1,Mandate,Verified
INV000894,2025-02-04,101208,sip,6204,Tamil Nadu,Coimbatore,B30,36-45,Female,32.0,UPI,Verified
INV002805,2025-02-04,119095,lumpsum,268644,Maharashtra,Mumbai,T30,26-35,Female,14.5,Net Banking,Verified
INV004435,2025-02-04,101208,sip,27593,Rajasthan,Jaipur,T30,26-35,Female,15.9,UPI,Verified
INV002393,2025-02-04,149324,sip,15617,Madhya Pradesh,Bhopal,B30,26-35,Female,15.2,Net Banking,Verified
INV004805,2025-02-04,125498,sip,41456,Madhya Pradesh,Indore,T30,26-35,Female,7.6,Net Banking,Verified
INV002543,2025-02-04,119552,sip,5613,Madhya Pradesh,Indore,T30,18-25,Female,7.7,Mandate,Verified
INV004531,2025-02-04,101207,sip,55682,Haryana,Gurugram,T30,26-35,Male,8.4,UPI,Verified
INV001208,2025-02-04,119120,lumpsum,198778,Gujarat,Ahmedabad,T30,56+,Male,18.7,Mandate,Verified
INV002570,2025-02-04,102886,sip,2839,Punjab,Chandigarh,T30,36-45,Male,55.3,Mandate,Verified
INV000498,2025-02-04,118635,lumpsum,37839,Telangana,Hyderabad,T30,26-35,Female,22.1,Cheque,Verified
INV003691,2025-02-04,102885,redemption,99275,Haryana,Faridabad,B30,18-25,Male,3.1,Mandate,Verified
INV000105,2025-02-04,119120,sip,8349,Punjab,Chandigarh,T30,56+,Male,41.4,Net Banking,Verified
INV003325,2025-02-04,100033,sip,2493,Haryana,Faridabad,B30,26-35,Male,17.3,Cheque,Verified
INV001428,2025-02-04,120503,redemption,18521,Delhi,New Delhi,T30,26-35,Male,17.8,UPI,Verified
INV000675,2025-02-04,120504,redemption,25628,Uttar Pradesh,Kanpur,B30,36-45,Male,27.9,Mandate,Verified
INV002465,2025-02-04,119598,lumpsum,239535,Rajasthan,Jaipur,T30,26-35,Female,7.0,Cheque,Verified
INV004080,2025-02-04,101208,lumpsum,419403,Punjab,Amritsar,B30,26-35,Female,18.7,Cheque,Verified
INV001875,2025-02-04,149322,sip,3172,Karnataka,Mysore,B30,56+,Female,64.4,Cheque,Verified
INV002893,2025-02-04,125497,sip,1618,Telangana,Hyderabad,T30,56+,Male,69.4,Net Banking,Verified
INV003082,2025-02-04,102886,sip,852,Telangana,Hyderabad,T30,26-35,Male,18.7,Cheque,Verified
INV004255,2025-02-04,118633,lumpsum,74014,Punjab,Amritsar,B30,26-35,Female,17.1,UPI,Verified
INV002422,2025-02-04,119552,sip,29901,Tamil Nadu,Chennai,T30,36-45,Male,20.5,UPI,Verified
INV004481,2025-02-04,119095,lumpsum,9073,Rajasthan,Jaipur,T30,46-55,Male,60.1,Net Banking,Pending
INV000701,2025-02-04,120843,lumpsum,263657,West Bengal,Kolkata,T30,36-45,Female,55.6,UPI,Verified
INV000549,2025-02-04,125497,sip,2038,Tamil Nadu,Coimbatore,B30,46-55,Female,59.6,UPI,Verified
INV004340,2025-02-04,120506,sip,6778,Karnataka,Mysore,B30,26-35,Male,17.9,UPI,Verified
INV001050,2025-02-04,118632,sip,2127,Telangana,Hyderabad,T30,36-45,Female,38.9,Net Banking,Verified
INV003557,2025-02-04,119599,sip,28997,Karnataka,Bangalore,T30,46-55,Female,81.8,Mandate,Pending
INV003619,2025-02-04,149323,sip,1142,West Bengal,Kolkata,T30,18-25,Female,3.3,Mandate,Verified
INV003079,2025-02-04,120841,redemption,503623,Gujarat,Surat,T30,26-35,Male,8.5,Net Banking,Verified
INV003420,2025-02-04,149324,sip,2103,Haryana,Faridabad,B30,36-45,Male,47.2,Cheque,Verified
INV000489,2025-02-04,100025,sip,412,Uttar Pradesh,Agra,B30,18-25,Male,7.4,UPI,Verified
INV004627,2025-02-04,102885,sip,13179,West Bengal,Kolkata,T30,36-45,Male,47.7,Mandate,Verified
INV000181,2025-02-04,148569,redemption,134727,Uttar Pradesh,Lucknow,T30,36-45,Male,36.2,Net Banking,Verified
INV003261,2025-02-04,118635,sip,5905,Punjab,Amritsar,B30,26-35,Male,10.5,Cheque,Verified
INV002520,2025-02-04,100033,lumpsum,159818,Tamil Nadu,Chennai,T30,36-45,Male,48.9,UPI,Verified
INV002329,2025-02-04,119120,lumpsum,124396,Madhya Pradesh,Indore,T30,56+,Male,51.2,Net Banking,Verified
INV003374,2025-02-04,149324,sip,20353,Karnataka,Mysore,B30,26-35,Male,15.8,Net Banking,Pending
INV003149,2025-02-04,120503,sip,2269,Rajasthan,Udaipur,B30,18-25,Male,4.3,UPI,Verified
INV003252,2025-02-04,120506,sip,10101,Tamil Nadu,Chennai,T30,46-55,Male,95.5,UPI,Verified
INV002458,2025-02-04,120506,sip,10554,West Bengal,Kolkata,T30,18-25,Male,7.1,Cheque,Verified
INV003250,2025-02-04,149322,redemption,166419,Gujarat,Ahmedabad,T30,26-35,Male,11.3,Mandate,Verified
INV004704,2025-02-04,125498,lumpsum,236240,Delhi,New Delhi,T30,26-35,Male,23.1,Mandate,Verified
INV002134,2025-02-04,101206,lumpsum,414594,Rajasthan,Udaipur,B30,26-35,Male,24.8,Cheque,Verified
INV004157,2025-02-05,120844,sip,9593,Madhya Pradesh,Indore,T30,36-45,Male,39.1,Cheque,Verified
INV004720,2025-02-05,120842,lumpsum,375704,Gujarat,Surat,T30,46-55,Female,95.7,Mandate,Verified
INV002018,2025-02-05,120503,sip,1099,Uttar Pradesh,Agra,B30,26-35,Female,18.0,Net Banking,Verified
INV001778,2025-02-05,120505,sip,4838,Maharashtra,Mumbai,T30,26-35,Male,9.7,UPI,Pending
INV004838,2025-02-05,120507,redemption,199724,West Bengal,Kolkata,T30,56+,Male,25.6,Cheque,Verified
INV001782,2025-02-05,119551,redemption,273673,Uttar Pradesh,Agra,B30,36-45,Female,47.5,Mandate,Verified
INV004453,2025-02-05,120503,lumpsum,73676,Telangana,Hyderabad,T30,36-45,Male,14.3,UPI,Verified
INV001530,2025-02-05,120506,sip,2398,Telangana,Hyderabad,T30,26-35,Male,21.0,Cheque,Verified
INV001841,2025-02-05,149322,redemption,164974,Madhya Pradesh,Bhopal,B30,36-45,Male,41.3,Mandate,Verified
INV002000,2025-02-05,120843,sip,3549,Rajasthan,Jaipur,T30,36-45,Female,57.6,Cheque,Verified
INV004967,2025-02-05,101207,sip,8984,Telangana,Hyderabad,T30,26-35,Male,14.3,Net Banking,Verified
INV004316,2025-02-05,148569,lumpsum,75769,Karnataka,Bangalore,T30,46-55,Male,79.5,Net Banking,Verified
INV003896,2025-02-05,148567,sip,20784,Haryana,Faridabad,B30,56+,Female,14.3,UPI,Verified
INV002650,2025-02-05,120843,redemption,101884,Telangana,Hyderabad,T30,26-35,Male,13.7,Cheque,Verified
INV004036,2025-02-05,125497,lumpsum,442064,Uttar Pradesh,Agra,B30,56+,Female,51.7,UPI,Verified
INV000873,2025-02-05,120841,sip,8038,Uttar Pradesh,Lucknow,T30,26-35,Male,8.9,Mandate,Verified
INV004171,2025-02-05,120505,lumpsum,217011,Tamil Nadu,Coimbatore,B30,26-35,Female,19.1,UPI,Verified
INV000181,2025-02-05,125497,lumpsum,71354,Uttar Pradesh,Lucknow,T30,36-45,Male,36.2,Mandate,Verified
INV004625,2025-02-05,119551,sip,52090,Tamil Nadu,Coimbatore,B30,18-25,Male,6.6,Mandate,Verified
INV003205,2025-02-05,118635,lumpsum,158762,Punjab,Chandigarh,T30,26-35,Female,16.1,Cheque,Verified
INV000937,2025-02-05,101206,lumpsum,267179,Madhya Pradesh,Indore,T30,26-35,Male,22.8,Net Banking,Verified
INV002864,2025-02-05,148569,redemption,491904,Madhya Pradesh,Bhopal,B30,26-35,Male,6.8,Mandate,Verified
INV000824,2025-02-05,119551,sip,13790,Haryana,Gurugram,T30,36-45,Male,53.9,Net Banking,Verified
INV000810,2025-02-05,120506,sip,24032,Rajasthan,Jaipur,T30,26-35,Male,11.2,Cheque,Pending
INV001601,2025-02-05,119551,lumpsum,308870,Rajasthan,Udaipur,B30,26-35,Female,24.1,UPI,Verified
INV000807,2025-02-05,119551,lumpsum,6605,Punjab,Amritsar,B30,18-25,Male,4.4,Mandate,Verified
INV000082,2025-02-05,119598,sip,1644,Rajasthan,Udaipur,B30,26-35,Female,19.6,UPI,Verified
INV004913,2025-02-05,100016,sip,7976,Rajasthan,Udaipur,B30,26-35,Male,8.6,UPI,Verified
INV001544,2025-02-05,119120,lumpsum,324261,Uttar Pradesh,Kanpur,B30,18-25,Female,5.9,UPI,Verified
INV004823,2025-02-05,125497,sip,10458,Rajasthan,Jaipur,T30,36-45,Female,52.6,Mandate,Verified
INV004911,2025-02-05,102885,sip,2546,West Bengal,Kolkata,T30,26-35,Female,9.4,Mandate,Verified
INV004374,2025-02-05,120505,lumpsum,239506,Maharashtra,Nashik,B30,36-45,Female,16.5,Cheque,Verified
INV000714,2025-02-05,119551,redemption,486663,Uttar Pradesh,Kanpur,B30,26-35,Female,23.8,Net Banking,Verified
INV000621,2025-02-05,100033,lumpsum,295778,Rajasthan,Udaipur,B30,56+,Female,45.8,Mandate,Pending
INV004421,2025-02-05,101208,sip,1075,Punjab,Amritsar,B30,26-35,Male,20.5,Cheque,Verified
INV001432,2025-02-05,120841,sip,575,Uttar Pradesh,Lucknow,T30,36-45,Male,12.6,Net Banking,Verified
INV001137,2025-02-05,119552,sip,17539,West Bengal,Kolkata,T30,56+,Female,55.8,Net Banking,Verified
INV001962,2025-02-05,149324,sip,7974,Maharashtra,Mumbai,T30,26-35,Male,13.6,UPI,Verified
INV003218,2025-02-05,120504,sip,2264,Tamil Nadu,Chennai,T30,18-25,Male,6.0,Mandate,Verified
INV004001,2025-02-05,119598,redemption,237121,Delhi,Noida,T30,56+,Female,52.7,Cheque,Verified
INV004146,2025-02-05,149324,lumpsum,149176,Uttar Pradesh,Agra,B30,56+,Male,40.7,Cheque,Verified
INV003740,2025-02-05,100016,lumpsum,403562,Karnataka,Bangalore,T30,56+,Female,16.2,Net Banking,Verified
INV003664,2025-02-05,101206,sip,994,Rajasthan,Udaipur,B30,46-55,Male,29.4,UPI,Verified
INV001157,2025-02-05,148568,redemption,94848,Tamil Nadu,Coimbatore,B30,36-45,Female,23.0,Net Banking,Verified
INV003317,2025-02-05,101208,sip,25657,Delhi,New Delhi,T30,18-25,Male,6.6,Net Banking,Verified
INV001047,2025-02-05,100025,lumpsum,445718,Tamil Nadu,Chennai,T30,56+,Female,78.8,Cheque,Verified
INV004362,2025-02-05,100033,sip,11359,West Bengal,Kolkata,T30,26-35,Female,12.1,Mandate,Verified
INV004286,2025-02-05,148567,lumpsum,142276,Rajasthan,Udaipur,B30,36-45,Female,56.0,Mandate,Pending
INV001697,2025-02-05,102885,redemption,262838,Haryana,Gurugram,T30,18-25,Male,5.4,Cheque,Verified
INV002074,2025-02-05,101208,sip,8401,Karnataka,Bangalore,T30,26-35,Female,6.1,Cheque,Verified
INV000548,2025-02-05,120843,sip,1157,Karnataka,Mysore,B30,36-45,Male,53.2,Cheque,Verified
INV004521,2025-02-05,125497,sip,6364,Gujarat,Ahmedabad,T30,18-25,Male,7.9,Mandate,Verified
INV000469,2025-02-05,118634,sip,2084,Tamil Nadu,Coimbatore,B30,18-25,Male,4.7,Net Banking,Verified
INV003120,2025-02-05,119552,lumpsum,38905,Punjab,Amritsar,B30,26-35,Male,19.1,Mandate,Verified
INV001229,2025-02-05,149323,lumpsum,209743,Madhya Pradesh,Indore,T30,36-45,Male,38.5,Mandate,Verified
INV004466,2025-02-05,120507,lumpsum,362279,Gujarat,Surat,T30,18-25,Female,3.7,Cheque,Verified
INV000014,2025-02-05,100025,redemption,199013,Tamil Nadu,Chennai,T30,18-25,Male,4.3,Net Banking,Verified
INV003857,2025-02-05,119552,lumpsum,176750,Madhya Pradesh,Indore,T30,18-25,Male,3.8,Mandate,Verified
INV000981,2025-02-06,102886,sip,11484,West Bengal,Kolkata,T30,36-45,Female,59.7,Net Banking,Verified
INV000670,2025-02-06,120844,sip,2826,Uttar Pradesh,Kanpur,B30,26-35,Male,15.9,UPI,Verified
INV000409,2025-02-06,149322,sip,5502,Delhi,New Delhi,T30,26-35,Male,10.7,Mandate,Verified
INV002835,2025-02-06,119092,sip,9718,Haryana,Faridabad,B30,26-35,Male,11.2,Net Banking,Verified
INV001137,2025-02-06,118633,lumpsum,282707,West Bengal,Kolkata,T30,56+,Female,55.8,Cheque,Verified
INV000686,2025-02-06,119120,lumpsum,202146,Madhya Pradesh,Indore,T30,36-45,Male,51.9,Mandate,Verified
INV001759,2025-02-06,149323,sip,42619,Haryana,Faridabad,B30,36-45,Female,25.6,Net Banking,Verified
INV004732,2025-02-06,119598,lumpsum,69352,Maharashtra,Mumbai,T30,26-35,Male,12.2,Mandate,Verified
INV004208,2025-02-06,148567,sip,26996,West Bengal,Kolkata,T30,36-45,Male,53.3,UPI,Verified
INV004154,2025-02-06,100025,sip,1167,Karnataka,Mysore,B30,18-25,Male,4.7,Cheque,Verified
INV003370,2025-02-06,119551,sip,21025,Karnataka,Mysore,B30,56+,Female,54.8,Net Banking,Verified
INV002851,2025-02-06,102887,redemption,104632,Tamil Nadu,Coimbatore,B30,26-35,Male,16.0,Mandate,Verified
INV000048,2025-02-06,125498,sip,3421,Rajasthan,Jaipur,T30,36-45,Female,15.0,Mandate,Verified
INV002973,2025-02-06,119552,sip,17310,Uttar Pradesh,Kanpur,B30,26-35,Male,16.7,UPI,Verified
INV000374,2025-02-06,118633,sip,29381,West Bengal,Kolkata,T30,18-25,Female,4.1,Cheque,Verified
INV001295,2025-02-06,148568,sip,12766,Madhya Pradesh,Indore,T30,36-45,Male,30.8,UPI,Verified
INV002192,2025-02-06,149323,lumpsum,287311,Uttar Pradesh,Lucknow,T30,18-25,Male,6.9,UPI,Verified
INV004454,2025-02-06,149323,sip,14578,West Bengal,Kolkata,T30,36-45,Male,37.4,Cheque,Verified
INV000689,2025-02-06,101207,sip,13395,Tamil Nadu,Chennai,T30,26-35,Female,19.8,Mandate,Verified
INV004899,2025-02-06,120503,redemption,71626,Delhi,New Delhi,T30,36-45,Male,39.4,Net Banking,Verified
INV002141,2025-02-06,102885,sip,5607,Delhi,New Delhi,T30,46-55,Male,36.2,Mandate,Verified
INV004656,2025-02-06,148569,lumpsum,449035,Haryana,Gurugram,T30,18-25,Male,4.7,Mandate,Verified
INV001951,2025-02-06,119093,sip,3127,Punjab,Chandigarh,T30,26-35,Male,10.6,UPI,Verified
INV003948,2025-02-06,100033,sip,11777,Madhya Pradesh,Indore,T30,18-25,Female,7.5,Net Banking,Verified
INV001051,2025-02-06,119095,sip,16350,Haryana,Gurugram,T30,26-35,Male,8.2,UPI,Verified
INV002502,2025-02-06,120504,sip,9762,Tamil Nadu,Coimbatore,B30,26-35,Male,23.6,Cheque,Verified
INV004996,2025-02-06,100033,sip,10158,Delhi,New Delhi,T30,46-55,Male,87.8,Net Banking,Verified
INV001246,2025-02-06,101208,redemption,153786,Rajasthan,Jaipur,T30,46-55,Male,51.2,UPI,Verified
INV004925,2025-02-06,102887,sip,1070,Maharashtra,Pune,T30,18-25,Female,5.4,Cheque,Verified
INV003817,2025-02-06,102887,sip,1176,Gujarat,Surat,T30,26-35,Male,9.0,Cheque,Verified
INV001388,2025-02-06,118636,lumpsum,69359,Punjab,Amritsar,B30,46-55,Male,72.8,UPI,Verified
INV004717,2025-02-06,148568,redemption,48650,Maharashtra,Nashik,B30,36-45,Female,12.6,Cheque,Verified
INV003139,2025-02-06,100033,redemption,305689,Karnataka,Mysore,B30,36-45,Male,39.4,Net Banking,Verified
INV002037,2025-02-06,118632,redemption,403173,Delhi,New Delhi,T30,56+,Male,22.0,UPI,Verified
INV003350,2025-02-06,120842,sip,2387,Maharashtra,Nashik,B30,46-55,Female,37.7,Net Banking,Verified
INV003744,2025-02-06,118636,redemption,499035,Karnataka,Mysore,B30,18-25,Female,4.1,Mandate,Pending
INV002996,2025-02-06,119551,lumpsum,390479,Madhya Pradesh,Bhopal,B30,26-35,Male,20.7,Mandate,Verified
INV002553,2025-02-06,120841,sip,55760,Gujarat,Ahmedabad,T30,36-45,Female,47.8,Cheque,Verified
INV003065,2025-02-06,119551,sip,8669,Uttar Pradesh,Kanpur,B30,46-55,Male,27.9,Cheque,Pending
INV001975,2025-02-06,119598,lumpsum,433772,Delhi,New Delhi,T30,36-45,Female,35.3,Net Banking,Verified
INV004162,2025-02-06,119093,redemption,136549,Haryana,Faridabad,B30,18-25,Male,5.1,Net Banking,Verified
INV003860,2025-02-06,119120,sip,3597,Punjab,Chandigarh,T30,26-35,Male,20.4,UPI,Verified
INV000359,2025-02-06,100033,sip,9333,Tamil Nadu,Chennai,T30,18-25,Male,3.1,Mandate,Verified
INV004982,2025-02-06,101207,sip,569,Haryana,Faridabad,B30,18-25,Female,7.9,Mandate,Verified
INV004784,2025-02-06,100016,sip,1761,Uttar Pradesh,Lucknow,T30,26-35,Female,15.8,Net Banking,Pending
INV000555,2025-02-06,120507,sip,1083,Tamil Nadu,Coimbatore,B30,26-35,Female,24.6,Mandate,Verified
INV000214,2025-02-06,120841,sip,896,Madhya Pradesh,Indore,T30,26-35,Female,20.7,Cheque,Verified
INV003273,2025-02-06,118634,sip,26514,Haryana,Faridabad,B30,36-45,Male,18.3,UPI,Pending
INV001751,2025-02-06,125497,lumpsum,238625,Tamil Nadu,Coimbatore,B30,18-25,Male,6.8,Net Banking,Pending
INV001157,2025-02-06,118632,sip,3537,Tamil Nadu,Coimbatore,B30,36-45,Female,23.0,UPI,Verified
INV000338,2025-02-06,100025,redemption,55264,Gujarat,Surat,T30,46-55,Female,20.9,Cheque,Verified
INV002724,2025-02-06,120841,redemption,516612,Rajasthan,Udaipur,B30,36-45,Male,26.3,Cheque,Verified
INV004167,2025-02-06,119093,sip,2177,Haryana,Gurugram,T30,36-45,Male,59.7,Net Banking,Pending
INV002276,2025-02-06,100016,sip,7967,Telangana,Hyderabad,T30,46-55,Male,88.0,Cheque,Verified
INV000267,2025-02-06,118633,sip,8439,Telangana,Hyderabad,T30,26-35,Male,17.7,UPI,Verified
INV002543,2025-02-06,100016,redemption,162441,Madhya Pradesh,Indore,T30,18-25,Female,7.7,Mandate,Verified
INV003669,2025-02-06,148569,sip,15015,West Bengal,Kolkata,T30,18-25,Female,7.8,Mandate,Verified
INV000041,2025-02-06,120841,lumpsum,459781,Karnataka,Mysore,B30,46-55,Male,25.0,Cheque,Verified
INV001005,2025-02-06,148567,sip,2906,Karnataka,Bangalore,T30,46-55,Male,84.6,Net Banking,Verified
INV000193,2025-02-06,148569,redemption,36445,Delhi,Gurugram,T30,26-35,Female,11.6,Net Banking,Verified
INV001895,2025-02-06,101206,redemption,32289,Gujarat,Ahmedabad,T30,36-45,Male,56.4,Mandate,Verified
INV000664,2025-02-06,118632,sip,22912,West Bengal,Kolkata,T30,26-35,Male,21.1,Net Banking,Verified
INV002171,2025-02-06,120507,sip,556,Telangana,Hyderabad,T30,56+,Male,21.8,Mandate,Verified
INV003539,2025-02-07,101208,redemption,161409,Rajasthan,Udaipur,B30,56+,Female,54.9,Net Banking,Verified
INV001703,2025-02-07,120507,sip,2959,Madhya Pradesh,Indore,T30,46-55,Male,92.6,Cheque,Verified
INV002775,2025-02-07,102885,sip,2088,Haryana,Faridabad,B30,18-25,Female,5.9,Cheque,Verified
INV002484,2025-02-07,119092,sip,1094,Telangana,Hyderabad,T30,26-35,Male,24.1,Mandate,Verified
INV002337,2025-02-07,102886,sip,3242,Telangana,Hyderabad,T30,26-35,Female,17.5,Cheque,Verified
INV002167,2025-02-07,125498,redemption,127000,Rajasthan,Jaipur,T30,26-35,Female,8.7,Net Banking,Verified
INV002977,2025-02-07,118635,sip,1854,Haryana,Faridabad,B30,36-45,Female,26.6,Cheque,Verified
INV002853,2025-02-07,101207,redemption,415131,Gujarat,Ahmedabad,T30,26-35,Male,24.9,Mandate,Verified
INV003407,2025-02-07,149323,sip,10468,West Bengal,Kolkata,T30,26-35,Male,6.7,Mandate,Verified
INV000616,2025-02-07,149322,lumpsum,40554,Maharashtra,Nashik,B30,36-45,Male,50.4,UPI,Verified
INV003561,2025-02-07,125497,lumpsum,433613,West Bengal,Kolkata,T30,26-35,Male,22.0,UPI,Verified
INV000616,2025-02-07,119092,sip,516,Maharashtra,Nashik,B30,36-45,Male,50.4,UPI,Verified
INV004875,2025-02-07,119552,sip,6067,West Bengal,Kolkata,T30,26-35,Male,25.0,Net Banking,Verified
INV004733,2025-02-07,119551,lumpsum,408208,Telangana,Hyderabad,T30,18-25,Male,5.4,Cheque,Verified
INV000950,2025-02-07,102886,lumpsum,304008,Punjab,Amritsar,B30,36-45,Male,33.1,Mandate,Verified
INV001624,2025-02-07,101208,sip,826,Uttar Pradesh,Lucknow,T30,26-35,Female,18.4,Cheque,Verified
INV001573,2025-02-07,100025,sip,26478,Tamil Nadu,Coimbatore,B30,26-35,Male,20.7,Net Banking,Verified
INV001170,2025-02-07,120507,sip,14631,Karnataka,Mysore,B30,36-45,Male,34.6,Mandate,Verified
INV001262,2025-02-07,119093,sip,10045,Karnataka,Bangalore,T30,26-35,Male,14.0,UPI,Verified
INV003916,2025-02-07,120507,sip,1921,Karnataka,Mysore,B30,26-35,Male,23.6,Net Banking,Verified
INV003646,2025-02-07,119092,sip,2763,Telangana,Hyderabad,T30,36-45,Male,55.2,Cheque,Verified
INV003982,2025-02-07,100016,lumpsum,303862,Tamil Nadu,Coimbatore,B30,36-45,Female,34.4,Cheque,Verified
INV004830,2025-02-07,125498,lumpsum,516372,Gujarat,Ahmedabad,T30,26-35,Male,15.1,Net Banking,Verified
INV002712,2025-02-07,120506,sip,14559,Karnataka,Bangalore,T30,46-55,Male,24.8,UPI,Verified
INV002832,2025-02-07,118633,sip,421,Uttar Pradesh,Lucknow,T30,26-35,Male,15.9,Cheque,Verified
INV001251,2025-02-07,120507,lumpsum,336463,Punjab,Chandigarh,T30,26-35,Female,11.7,Cheque,Pending
INV004157,2025-02-07,148568,lumpsum,518618,Madhya Pradesh,Indore,T30,36-45,Male,39.1,Mandate,Verified
INV003523,2025-02-07,118634,sip,1653,Rajasthan,Udaipur,B30,56+,Male,70.4,Mandate,Verified
INV001528,2025-02-07,119599,lumpsum,519676,Telangana,Hyderabad,T30,26-35,Female,20.7,Net Banking,Verified
INV003179,2025-02-07,120507,sip,1104,Rajasthan,Jaipur,T30,36-45,Male,53.3,Cheque,Verified
INV002445,2025-02-07,120504,redemption,181207,Punjab,Chandigarh,T30,26-35,Male,9.5,Mandate,Verified
INV000738,2025-02-07,119093,sip,412,Punjab,Amritsar,B30,26-35,Male,12.1,Net Banking,Verified
INV000737,2025-02-07,148569,sip,11369,Madhya Pradesh,Indore,T30,26-35,Female,10.0,Cheque,Verified
INV001222,2025-02-07,148567,sip,45824,Delhi,Noida,T30,26-35,Female,14.9,UPI,Verified
INV000736,2025-02-07,118635,redemption,412295,Haryana,Faridabad,B30,36-45,Female,39.4,Cheque,Verified
INV000457,2025-02-07,101206,lumpsum,171889,Haryana,Faridabad,B30,26-35,Female,22.3,Cheque,Verified
INV000166,2025-02-07,118635,sip,547,Telangana,Hyderabad,T30,26-35,Male,24.4,Net Banking,Pending
INV004785,2025-02-07,120507,sip,556,Punjab,Amritsar,B30,26-35,Female,14.5,Net Banking,Verified
INV002066,2025-02-07,102887,lumpsum,440329,West Bengal,Kolkata,T30,26-35,Female,23.3,Mandate,Verified
INV000660,2025-02-07,125497,lumpsum,141348,Punjab,Chandigarh,T30,36-45,Male,14.1,UPI,Verified
INV002516,2025-02-07,100025,sip,24802,Uttar Pradesh,Agra,B30,36-45,Female,39.6,Mandate,Verified
INV004308,2025-02-07,125497,sip,803,Gujarat,Surat,T30,26-35,Female,11.1,Net Banking,Verified
INV003629,2025-02-07,102886,sip,4678,Punjab,Amritsar,B30,36-45,Male,39.8,Net Banking,Verified
INV001893,2025-02-07,119120,lumpsum,461059,Punjab,Chandigarh,T30,26-35,Female,12.7,UPI,Verified
INV001112,2025-02-07,100016,sip,15152,Delhi,Gurugram,T30,46-55,Male,82.5,UPI,Verified
INV001856,2025-02-07,120841,sip,2407,Delhi,New Delhi,T30,36-45,Female,43.5,Mandate,Verified
INV002810,2025-02-07,119120,sip,53726,Punjab,Amritsar,B30,36-45,Male,33.2,Mandate,Verified
INV001542,2025-02-07,149322,sip,2783,Uttar Pradesh,Lucknow,T30,36-45,Male,49.1,Net Banking,Verified
INV001496,2025-02-07,119120,sip,2881,West Bengal,Kolkata,T30,18-25,Male,4.5,Net Banking,Pending
INV002634,2025-02-07,120503,lumpsum,48593,Madhya Pradesh,Bhopal,B30,26-35,Male,10.7,Cheque,Verified
INV004803,2025-02-07,100033,sip,9869,Haryana,Gurugram,T30,18-25,Female,7.7,Cheque,Verified
INV000715,2025-02-07,118635,sip,987,Uttar Pradesh,Agra,B30,26-35,Male,24.2,Net Banking,Verified
INV003378,2025-02-07,120844,lumpsum,400873,Gujarat,Ahmedabad,T30,26-35,Male,12.5,Cheque,Verified
INV003682,2025-02-07,119093,sip,811,Madhya Pradesh,Indore,T30,36-45,Male,45.6,Net Banking,Verified
INV004886,2025-02-07,102886,lumpsum,156543,Tamil Nadu,Chennai,T30,26-35,Male,18.1,Cheque,Verified
INV003305,2025-02-07,102885,sip,9000,Telangana,Hyderabad,T30,46-55,Male,41.0,Cheque,Verified
INV004412,2025-02-07,101206,sip,12947,Punjab,Amritsar,B30,26-35,Female,21.6,Cheque,Verified
INV001979,2025-02-08,120844,sip,12471,Maharashtra,Pune,T30,26-35,Male,12.2,Cheque,Verified
INV000807,2025-02-08,119092,lumpsum,234099,Punjab,Amritsar,B30,18-25,Male,4.4,Mandate,Verified
INV001856,2025-02-08,101206,sip,518,Delhi,New Delhi,T30,36-45,Female,43.5,UPI,Verified
INV004077,2025-02-08,148568,sip,2785,Delhi,New Delhi,T30,18-25,Female,3.5,Cheque,Verified
INV002588,2025-02-08,149324,sip,905,West Bengal,Kolkata,T30,18-25,Male,5.5,UPI,Verified
INV002425,2025-02-08,120841,redemption,197736,Madhya Pradesh,Bhopal,B30,26-35,Male,18.1,Mandate,Verified
INV001606,2025-02-08,149324,sip,2477,Punjab,Amritsar,B30,26-35,Female,23.4,Mandate,Verified
INV003966,2025-02-08,102885,lumpsum,320139,Uttar Pradesh,Agra,B30,46-55,Male,79.6,Net Banking,Verified
INV002625,2025-02-08,120843,sip,566,Karnataka,Bangalore,T30,46-55,Female,99.3,UPI,Verified
INV000132,2025-02-08,120844,lumpsum,223787,Karnataka,Bangalore,T30,46-55,Female,37.1,Mandate,Verified
INV004089,2025-02-08,102886,sip,2746,Haryana,Gurugram,T30,36-45,Female,15.2,UPI,Verified
INV001608,2025-02-08,101208,sip,2514,Delhi,Gurugram,T30,26-35,Male,13.1,Cheque,Verified
INV002643,2025-02-08,120842,sip,9128,Telangana,Hyderabad,T30,36-45,Male,29.2,Mandate,Pending
INV002458,2025-02-08,148568,sip,2541,West Bengal,Kolkata,T30,18-25,Male,7.1,Net Banking,Pending
INV003851,2025-02-08,120842,sip,10399,Karnataka,Bangalore,T30,46-55,Male,60.6,Net Banking,Verified
INV001472,2025-02-08,125497,sip,2421,West Bengal,Kolkata,T30,18-25,Male,5.4,Net Banking,Verified
INV001374,2025-02-08,101206,sip,10294,Madhya Pradesh,Indore,T30,36-45,Male,14.2,Cheque,Verified
INV001431,2025-02-08,102885,lumpsum,314195,Haryana,Gurugram,T30,56+,Male,59.4,UPI,Verified
INV002753,2025-02-08,101206,redemption,225374,Uttar Pradesh,Lucknow,T30,26-35,Female,21.2,UPI,Verified
INV002687,2025-02-08,101208,lumpsum,184163,Delhi,New Delhi,T30,36-45,Male,25.9,Mandate,Verified
INV000321,2025-02-08,119599,sip,25378,Maharashtra,Mumbai,T30,26-35,Male,24.2,Net Banking,Verified
INV002042,2025-02-08,125497,redemption,221324,Tamil Nadu,Chennai,T30,26-35,Female,10.0,Net Banking,Verified
INV001538,2025-02-08,118633,sip,7925,Madhya Pradesh,Bhopal,B30,18-25,Female,3.1,Net Banking,Verified
INV004903,2025-02-08,102886,sip,2952,Karnataka,Bangalore,T30,26-35,Male,11.4,Cheque,Verified
INV004867,2025-02-08,119552,sip,10424,Karnataka,Bangalore,T30,18-25,Male,7.3,Cheque,Verified
INV003604,2025-02-08,119094,lumpsum,90940,Punjab,Chandigarh,T30,18-25,Female,7.4,Net Banking,Verified
INV000680,2025-02-08,120506,sip,2242,Tamil Nadu,Chennai,T30,18-25,Female,4.1,Net Banking,Verified
INV003067,2025-02-08,119120,sip,27216,Delhi,New Delhi,T30,26-35,Male,8.9,Mandate,Verified
INV004692,2025-02-08,100016,redemption,392538,Madhya Pradesh,Bhopal,B30,26-35,Male,11.6,UPI,Verified
INV003782,2025-02-08,148568,redemption,201835,Tamil Nadu,Chennai,T30,36-45,Male,44.5,Mandate,Verified
INV003160,2025-02-08,101208,lumpsum,222662,Delhi,Gurugram,T30,26-35,Male,24.9,Mandate,Verified
INV001101,2025-02-08,118636,sip,2155,Madhya Pradesh,Bhopal,B30,18-25,Male,5.3,Net Banking,Verified
INV001232,2025-02-08,118634,sip,3040,Uttar Pradesh,Agra,B30,46-55,Female,29.8,UPI,Verified
INV001920,2025-02-08,102887,sip,2636,Madhya Pradesh,Indore,T30,36-45,Female,24.5,Mandate,Verified
INV003057,2025-02-08,119092,lumpsum,229383,Punjab,Chandigarh,T30,18-25,Male,6.4,Cheque,Verified
INV004071,2025-02-08,100025,lumpsum,230100,Gujarat,Ahmedabad,T30,36-45,Female,22.2,UPI,Verified
INV002442,2025-02-08,120507,sip,2556,Rajasthan,Udaipur,B30,56+,Female,30.7,UPI,Verified
INV002136,2025-02-08,120505,lumpsum,302941,Punjab,Chandigarh,T30,18-25,Male,5.3,Cheque,Pending
INV002427,2025-02-08,119094,redemption,438338,Karnataka,Mysore,B30,18-25,Female,6.5,Net Banking,Verified
INV001065,2025-02-08,118636,sip,14130,Haryana,Gurugram,T30,56+,Female,37.2,Mandate,Verified
INV004772,2025-02-08,120844,redemption,223018,Gujarat,Ahmedabad,T30,46-55,Male,26.1,Cheque,Verified
INV000926,2025-02-08,101206,sip,834,Delhi,New Delhi,T30,36-45,Male,46.1,Mandate,Verified
INV002824,2025-02-08,119093,sip,3380,Rajasthan,Jaipur,T30,56+,Male,42.5,UPI,Verified
INV000926,2025-02-08,120841,lumpsum,351515,Delhi,New Delhi,T30,36-45,Male,46.1,Mandate,Verified
INV003778,2025-02-08,120844,sip,8437,Tamil Nadu,Chennai,T30,36-45,Male,59.4,Net Banking,Verified
INV002973,2025-02-08,101208,sip,1001,Uttar Pradesh,Kanpur,B30,26-35,Male,16.7,Cheque,Verified
INV003660,2025-02-08,120843,lumpsum,139014,Delhi,Noida,T30,26-35,Male,6.8,UPI,Verified
INV001725,2025-02-08,148569,lumpsum,204720,Tamil Nadu,Coimbatore,B30,36-45,Male,30.0,Mandate,Verified
INV004558,2025-02-08,125497,redemption,507607,Rajasthan,Jaipur,T30,36-45,Male,56.3,UPI,Verified
INV004780,2025-02-08,120842,lumpsum,157731,Haryana,Gurugram,T30,36-45,Male,42.4,Mandate,Verified
INV002363,2025-02-08,119551,lumpsum,137392,Punjab,Chandigarh,T30,26-35,Male,12.7,Net Banking,Pending
INV004957,2025-02-08,119094,lumpsum,50620,Delhi,New Delhi,T30,36-45,Male,51.2,Cheque,Verified
INV000266,2025-02-08,119599,lumpsum,31572,Madhya Pradesh,Indore,T30,56+,Male,67.6,UPI,Verified
INV001856,2025-02-08,118633,redemption,343732,Delhi,New Delhi,T30,36-45,Female,43.5,Net Banking,Verified
INV001823,2025-02-09,119093,sip,4760,Tamil Nadu,Coimbatore,B30,26-35,Male,17.1,UPI,Verified
INV003235,2025-02-09,125497,redemption,64101,Haryana,Faridabad,B30,56+,Male,19.0,Cheque,Verified
INV003293,2025-02-09,119599,sip,23595,Uttar Pradesh,Agra,B30,36-45,Male,30.2,Net Banking,Verified
INV004361,2025-02-09,119095,sip,2085,Haryana,Faridabad,B30,26-35,Female,18.4,Net Banking,Verified
INV001920,2025-02-09,100033,lumpsum,565159,Madhya Pradesh,Indore,T30,36-45,Female,24.5,Cheque,Verified
INV002528,2025-02-09,149323,sip,4398,Gujarat,Ahmedabad,T30,46-55,Male,16.3,Cheque,Pending
INV000707,2025-02-09,120503,sip,26178,Karnataka,Mysore,B30,36-45,Female,46.6,Cheque,Verified
INV004477,2025-02-09,102885,sip,1143,Delhi,Gurugram,T30,46-55,Female,88.3,Mandate,Pending
INV003625,2025-02-09,118635,lumpsum,191954,Telangana,Hyderabad,T30,26-35,Female,22.0,UPI,Verified
INV003408,2025-02-09,119599,redemption,392145,West Bengal,Kolkata,T30,18-25,Male,6.1,Mandate,Verified
INV002980,2025-02-09,119551,lumpsum,221081,Maharashtra,Pune,T30,26-35,Male,22.4,UPI,Verified
INV001455,2025-02-09,120503,sip,9226,Madhya Pradesh,Indore,T30,36-45,Male,26.8,Cheque,Pending
INV000771,2025-02-09,148568,sip,2287,Rajasthan,Udaipur,B30,26-35,Male,10.9,Cheque,Verified
INV000678,2025-02-09,119092,sip,596,Gujarat,Surat,T30,26-35,Male,19.1,Net Banking,Verified
INV001255,2025-02-09,120505,redemption,338489,Punjab,Amritsar,B30,26-35,Male,14.3,Net Banking,Verified
INV003611,2025-02-09,119598,sip,7834,Uttar Pradesh,Kanpur,B30,18-25,Male,4.8,Cheque,Verified
INV003579,2025-02-09,119095,redemption,258012,West Bengal,Kolkata,T30,18-25,Male,4.6,Mandate,Verified
INV003398,2025-02-09,102885,sip,550,Karnataka,Bangalore,T30,36-45,Male,42.0,UPI,Verified
INV002828,2025-02-09,101206,lumpsum,110137,West Bengal,Kolkata,T30,26-35,Male,21.8,Net Banking,Verified
INV004453,2025-02-09,120841,sip,23303,Telangana,Hyderabad,T30,36-45,Male,14.3,Net Banking,Verified
INV002798,2025-02-09,119599,lumpsum,109522,Tamil Nadu,Coimbatore,B30,26-35,Female,24.5,Net Banking,Verified
INV003405,2025-02-09,101208,sip,26357,Rajasthan,Jaipur,T30,26-35,Male,11.5,Mandate,Verified
INV002521,2025-02-09,120841,redemption,277623,Punjab,Chandigarh,T30,26-35,Male,12.3,Mandate,Verified
INV001993,2025-02-09,149323,lumpsum,509574,Uttar Pradesh,Agra,B30,36-45,Female,44.2,Mandate,Verified
INV004998,2025-02-09,102885,sip,8707,Gujarat,Ahmedabad,T30,36-45,Male,24.2,Mandate,Verified
INV001823,2025-02-09,119094,sip,496,Tamil Nadu,Coimbatore,B30,26-35,Male,17.1,Mandate,Verified
INV001198,2025-02-09,119093,redemption,29042,Maharashtra,Mumbai,T30,26-35,Female,20.4,Net Banking,Verified
INV000048,2025-02-09,120841,sip,2968,Rajasthan,Jaipur,T30,36-45,Female,15.0,UPI,Verified
INV003366,2025-02-09,149323,sip,876,Madhya Pradesh,Bhopal,B30,18-25,Male,3.3,Net Banking,Verified
INV004753,2025-02-09,148569,lumpsum,266634,Karnataka,Mysore,B30,36-45,Female,18.4,Cheque,Verified
INV004148,2025-02-09,120843,sip,3040,Madhya Pradesh,Bhopal,B30,18-25,Male,5.1,Mandate,Verified
INV004064,2025-02-09,120504,lumpsum,161955,Uttar Pradesh,Lucknow,T30,26-35,Male,16.1,Net Banking,Verified
INV000029,2025-02-09,148568,sip,3267,Rajasthan,Udaipur,B30,26-35,Female,7.6,Mandate,Verified
INV001384,2025-02-09,119598,sip,476,Maharashtra,Mumbai,T30,26-35,Female,16.0,UPI,Verified
INV001163,2025-02-09,101207,sip,3374,Karnataka,Mysore,B30,26-35,Male,10.2,Cheque,Verified
INV000221,2025-02-09,149323,sip,506,Uttar Pradesh,Agra,B30,36-45,Female,46.2,Net Banking,Verified
INV000387,2025-02-09,119094,redemption,104515,Gujarat,Surat,T30,36-45,Male,53.8,Net Banking,Verified
INV003011,2025-02-09,149322,sip,12833,Gujarat,Ahmedabad,T30,18-25,Male,4.4,Net Banking,Verified
INV004373,2025-02-09,120507,sip,53163,Tamil Nadu,Coimbatore,B30,56+,Male,11.6,Net Banking,Verified
INV002822,2025-02-09,119598,sip,2693,Karnataka,Bangalore,T30,46-55,Male,79.5,Net Banking,Verified
INV003375,2025-02-09,118633,sip,7266,Telangana,Hyderabad,T30,56+,Female,62.2,Net Banking,Verified
INV001104,2025-02-09,149324,sip,4047,Haryana,Gurugram,T30,26-35,Male,14.9,UPI,Verified
INV002530,2025-02-09,120505,sip,5707,Telangana,Hyderabad,T30,36-45,Male,53.9,Net Banking,Verified
INV004865,2025-02-09,101206,sip,1070,Maharashtra,Nashik,B30,56+,Male,77.2,UPI,Verified
INV004274,2025-02-09,102885,redemption,114902,Rajasthan,Udaipur,B30,26-35,Male,20.4,Net Banking,Verified
INV004815,2025-02-09,120504,sip,49048,Tamil Nadu,Coimbatore,B30,36-45,Male,44.4,Net Banking,Verified
INV001864,2025-02-09,120506,lumpsum,272966,Rajasthan,Jaipur,T30,18-25,Male,7.5,Net Banking,Verified
INV004819,2025-02-09,119552,sip,1009,Telangana,Hyderabad,T30,26-35,Female,14.8,UPI,Verified
INV001558,2025-02-09,119120,sip,8113,West Bengal,Kolkata,T30,56+,Female,23.8,Cheque,Verified
INV001157,2025-02-09,149324,lumpsum,175276,Tamil Nadu,Coimbatore,B30,36-45,Female,23.0,Net Banking,Verified
INV004394,2025-02-09,102887,lumpsum,35351,Tamil Nadu,Coimbatore,B30,26-35,Female,21.9,Net Banking,Verified
INV000670,2025-02-10,100016,lumpsum,166372,Uttar Pradesh,Kanpur,B30,26-35,Male,15.9,Cheque,Verified
INV004428,2025-02-10,118634,lumpsum,451102,Rajasthan,Udaipur,B30,26-35,Female,6.7,UPI,Verified
INV002931,2025-02-10,102885,lumpsum,134885,Tamil Nadu,Coimbatore,B30,56+,Female,32.4,Mandate,Verified
INV002233,2025-02-10,120504,sip,2600,Gujarat,Surat,T30,36-45,Female,21.6,Net Banking,Verified
INV002675,2025-02-10,149322,redemption,117466,Uttar Pradesh,Agra,B30,36-45,Male,17.9,UPI,Verified
INV002675,2025-02-10,120842,sip,51088,Uttar Pradesh,Agra,B30,36-45,Male,17.9,UPI,Verified
INV001092,2025-02-10,119120,lumpsum,133665,Haryana,Gurugram,T30,26-35,Male,14.9,UPI,Verified
INV003244,2025-02-10,119120,sip,13232,Telangana,Hyderabad,T30,26-35,Female,21.1,Net Banking,Pending
INV000150,2025-02-10,101207,sip,8567,Karnataka,Mysore,B30,18-25,Male,3.5,UPI,Verified
INV004043,2025-02-10,118632,sip,10436,Punjab,Amritsar,B30,36-45,Female,39.5,Net Banking,Verified
INV003075,2025-02-10,148567,sip,22065,Delhi,Gurugram,T30,46-55,Male,83.5,Mandate,Verified
INV003290,2025-02-10,148568,sip,54546,Tamil Nadu,Chennai,T30,26-35,Male,6.6,Mandate,Verified
INV000660,2025-02-10,118633,sip,10254,Punjab,Chandigarh,T30,36-45,Male,14.1,Net Banking,Verified
INV002915,2025-02-10,149323,sip,44040,West Bengal,Kolkata,T30,18-25,Male,7.7,Cheque,Verified
INV003205,2025-02-10,118633,sip,21109,Punjab,Chandigarh,T30,26-35,Female,16.1,Net Banking,Verified
INV001251,2025-02-10,148567,sip,47709,Punjab,Chandigarh,T30,26-35,Female,11.7,Cheque,Verified
INV004340,2025-02-10,119092,sip,5413,Karnataka,Mysore,B30,26-35,Male,17.9,Net Banking,Verified
INV004631,2025-02-10,120506,sip,575,Tamil Nadu,Chennai,T30,36-45,Female,20.2,UPI,Verified
INV003708,2025-02-10,102887,redemption,196041,Punjab,Amritsar,B30,46-55,Male,38.6,UPI,Verified
INV003049,2025-02-10,119120,lumpsum,401088,Gujarat,Ahmedabad,T30,26-35,Male,15.5,Mandate,Verified
INV001113,2025-02-10,119095,sip,3584,Rajasthan,Jaipur,T30,26-35,Female,11.7,Mandate,Verified
INV000563,2025-02-10,101207,sip,6535,Uttar Pradesh,Lucknow,T30,26-35,Male,15.5,Cheque,Verified
INV001273,2025-02-10,120507,sip,8830,West Bengal,Kolkata,T30,36-45,Male,18.7,Mandate,Verified
INV002586,2025-02-10,149323,sip,9385,West Bengal,Kolkata,T30,26-35,Female,9.1,Net Banking,Verified
INV002213,2025-02-10,118633,sip,4631,Maharashtra,Pune,T30,36-45,Female,33.8,UPI,Verified
INV003809,2025-02-10,118634,redemption,446889,Tamil Nadu,Coimbatore,B30,36-45,Male,45.3,Cheque,Verified
INV003398,2025-02-10,125497,sip,28997,Karnataka,Bangalore,T30,36-45,Male,42.0,UPI,Verified
INV000033,2025-02-10,149324,sip,4534,Delhi,New Delhi,T30,36-45,Female,12.4,UPI,Verified
INV004704,2025-02-10,148567,redemption,123109,Delhi,New Delhi,T30,26-35,Male,23.1,Net Banking,Verified
INV002232,2025-02-10,118634,sip,25690,Karnataka,Bangalore,T30,26-35,Female,16.9,Cheque,Verified
INV000034,2025-02-10,125497,sip,936,Punjab,Chandigarh,T30,26-35,Male,24.5,Mandate,Verified
INV001949,2025-02-10,120503,redemption,430304,Rajasthan,Jaipur,T30,36-45,Male,43.2,UPI,Verified
INV001680,2025-02-10,118635,sip,2599,Madhya Pradesh,Indore,T30,26-35,Male,22.8,Net Banking,Verified
INV001950,2025-02-10,119092,redemption,366513,Maharashtra,Pune,T30,26-35,Female,6.0,Net Banking,Verified
INV004353,2025-02-10,125498,lumpsum,73534,Uttar Pradesh,Agra,B30,56+,Male,31.2,Net Banking,Verified
INV000861,2025-02-10,120842,redemption,247827,Uttar Pradesh,Lucknow,T30,18-25,Male,4.2,Cheque,Verified
INV004841,2025-02-10,120503,lumpsum,375604,West Bengal,Kolkata,T30,26-35,Male,21.4,Cheque,Pending
INV000785,2025-02-10,148569,sip,5083,Tamil Nadu,Chennai,T30,36-45,Male,31.1,Net Banking,Verified
INV004636,2025-02-10,102885,sip,2827,Uttar Pradesh,Kanpur,B30,18-25,Female,5.0,Net Banking,Verified
INV001069,2025-02-10,120843,sip,2162,Telangana,Hyderabad,T30,26-35,Male,19.1,Mandate,Verified
INV000921,2025-02-10,118634,sip,3325,Rajasthan,Jaipur,T30,26-35,Male,14.6,UPI,Verified
INV003150,2025-02-10,125497,sip,470,Gujarat,Ahmedabad,T30,26-35,Female,13.6,Mandate,Verified
INV000830,2025-02-10,120507,sip,578,Tamil Nadu,Chennai,T30,36-45,Female,43.0,Net Banking,Verified
INV002050,2025-02-10,101207,sip,10238,Tamil Nadu,Chennai,T30,18-25,Female,7.2,Net Banking,Verified
INV000695,2025-02-10,119095,sip,1767,Gujarat,Surat,T30,36-45,Male,48.0,Cheque,Verified
INV001594,2025-02-10,101206,redemption,369985,Madhya Pradesh,Bhopal,B30,26-35,Male,13.9,Cheque,Verified
INV002883,2025-02-10,119552,lumpsum,53070,West Bengal,Kolkata,T30,26-35,Female,12.5,Mandate,Verified
INV003552,2025-02-10,120844,sip,2577,Gujarat,Surat,T30,26-35,Male,17.0,Cheque,Pending
INV000010,2025-02-10,119120,sip,2860,Maharashtra,Pune,T30,36-45,Male,13.6,Mandate,Verified
INV004240,2025-02-10,118635,sip,461,Maharashtra,Mumbai,T30,18-25,Male,7.1,Net Banking,Verified
INV003272,2025-02-10,120841,sip,52131,Uttar Pradesh,Kanpur,B30,26-35,Male,21.8,UPI,Verified
INV001625,2025-02-10,102885,sip,4875,Uttar Pradesh,Kanpur,B30,46-55,Female,78.2,Net Banking,Verified
INV003271,2025-02-10,119094,sip,5778,West Bengal,Kolkata,T30,18-25,Male,4.8,UPI,Verified
INV004878,2025-02-10,100033,sip,2870,Delhi,Gurugram,T30,18-25,Male,5.8,Net Banking,Verified
INV002833,2025-02-10,120504,redemption,489386,Gujarat,Ahmedabad,T30,46-55,Female,52.9,Mandate,Verified
INV004171,2025-02-10,100025,sip,1043,Tamil Nadu,Coimbatore,B30,26-35,Female,19.1,UPI,Verified
INV004864,2025-02-10,120504,redemption,356428,Punjab,Amritsar,B30,26-35,Female,10.5,Net Banking,Verified
INV004434,2025-02-10,102885,redemption,105527,Gujarat,Surat,T30,46-55,Male,17.7,Net Banking,Verified
INV004306,2025-02-10,119095,sip,917,Telangana,Hyderabad,T30,26-35,Female,20.4,Mandate,Verified
INV003740,2025-02-10,120503,sip,46333,Karnataka,Bangalore,T30,56+,Female,16.2,UPI,Verified
INV002149,2025-02-10,102885,sip,1055,Tamil Nadu,Coimbatore,B30,26-35,Male,21.8,Net Banking,Verified
INV004745,2025-02-11,120843,redemption,36365,West Bengal,Kolkata,T30,18-25,Male,5.2,Net Banking,Verified
INV002668,2025-02-11,149324,sip,2145,Delhi,Gurugram,T30,26-35,Male,9.8,Cheque,Verified
INV000066,2025-02-11,149323,redemption,363947,Haryana,Faridabad,B30,56+,Male,64.2,Mandate,Pending
INV003798,2025-02-11,125498,lumpsum,244980,Karnataka,Bangalore,T30,36-45,Male,53.9,UPI,Verified
INV002624,2025-02-11,120504,redemption,159599,West Bengal,Kolkata,T30,26-35,Male,8.7,Mandate,Verified
INV004756,2025-02-11,125498,sip,3123,Gujarat,Surat,T30,46-55,Male,41.1,Net Banking,Verified
INV000980,2025-02-11,120506,redemption,403363,West Bengal,Kolkata,T30,18-25,Female,7.3,Cheque,Verified
INV000220,2025-02-11,101208,sip,6538,Uttar Pradesh,Lucknow,T30,36-45,Male,48.1,UPI,Verified
INV004974,2025-02-11,120507,sip,3366,Gujarat,Ahmedabad,T30,56+,Female,62.6,UPI,Verified
INV002339,2025-02-11,101208,lumpsum,342508,Delhi,New Delhi,T30,36-45,Male,46.4,Cheque,Verified
INV003268,2025-02-11,120507,redemption,31924,Punjab,Amritsar,B30,26-35,Male,7.1,UPI,Pending
INV000279,2025-02-11,118633,sip,9854,Gujarat,Ahmedabad,T30,26-35,Male,12.4,Mandate,Verified
INV002348,2025-02-11,120507,lumpsum,464688,Uttar Pradesh,Agra,B30,26-35,Male,13.4,Net Banking,Pending
INV001859,2025-02-11,118632,sip,504,Maharashtra,Nashik,B30,36-45,Male,32.2,Net Banking,Verified
INV004599,2025-02-11,118634,sip,7709,West Bengal,Kolkata,T30,36-45,Male,22.8,Net Banking,Verified
INV000762,2025-02-11,100016,redemption,66075,Delhi,Gurugram,T30,36-45,Female,29.8,Cheque,Verified
INV001910,2025-02-11,125498,sip,20518,Karnataka,Mysore,B30,26-35,Female,15.2,Mandate,Verified
INV000980,2025-02-11,120841,sip,7628,West Bengal,Kolkata,T30,18-25,Female,7.3,UPI,Verified
INV002761,2025-02-11,120504,sip,1133,Rajasthan,Jaipur,T30,26-35,Male,14.9,Cheque,Verified
INV000750,2025-02-11,119551,redemption,317892,Delhi,New Delhi,T30,26-35,Male,20.9,Cheque,Pending
INV003894,2025-02-11,120504,sip,2050,Tamil Nadu,Coimbatore,B30,26-35,Male,14.9,Mandate,Verified
INV003205,2025-02-11,119599,lumpsum,364147,Punjab,Chandigarh,T30,26-35,Female,16.1,Net Banking,Verified
INV000320,2025-02-11,125497,lumpsum,254281,Uttar Pradesh,Kanpur,B30,26-35,Male,19.7,Net Banking,Verified
INV000245,2025-02-11,118633,redemption,445311,Punjab,Amritsar,B30,26-35,Male,6.2,Mandate,Verified
INV004982,2025-02-11,120503,sip,8523,Haryana,Faridabad,B30,18-25,Female,7.9,Cheque,Verified
INV003641,2025-02-11,125497,sip,4633,Telangana,Hyderabad,T30,26-35,Female,13.1,UPI,Pending
INV004672,2025-02-11,120842,lumpsum,131072,Rajasthan,Jaipur,T30,26-35,Male,23.9,Cheque,Verified
INV004534,2025-02-11,125497,lumpsum,67275,Maharashtra,Nashik,B30,26-35,Male,8.8,Mandate,Verified
INV001921,2025-02-11,118633,sip,13849,Gujarat,Surat,T30,26-35,Female,13.5,UPI,Verified
INV001532,2025-02-11,148568,sip,3084,Madhya Pradesh,Bhopal,B30,36-45,Female,39.5,Net Banking,Verified
INV003124,2025-02-11,102885,lumpsum,392426,West Bengal,Kolkata,T30,36-45,Male,28.8,Cheque,Verified
INV002292,2025-02-11,119552,sip,10972,Rajasthan,Udaipur,B30,36-45,Male,54.1,Mandate,Verified
INV002508,2025-02-11,118635,sip,11487,West Bengal,Kolkata,T30,46-55,Male,60.8,Net Banking,Verified
INV000755,2025-02-11,119599,sip,47823,Uttar Pradesh,Agra,B30,26-35,Female,13.1,UPI,Verified
INV003514,2025-02-11,119094,redemption,26450,Delhi,Gurugram,T30,36-45,Female,40.2,UPI,Verified
INV004794,2025-02-11,148568,lumpsum,396372,Rajasthan,Udaipur,B30,36-45,Female,46.0,UPI,Verified
INV000033,2025-02-11,120841,sip,2587,Delhi,New Delhi,T30,36-45,Female,12.4,UPI,Verified
INV004128,2025-02-11,100025,lumpsum,233006,Haryana,Faridabad,B30,18-25,Male,3.3,Net Banking,Verified
INV001797,2025-02-11,118636,lumpsum,144249,Punjab,Amritsar,B30,26-35,Female,6.8,UPI,Verified
INV003987,2025-02-11,120505,lumpsum,120559,Tamil Nadu,Coimbatore,B30,26-35,Female,24.1,Net Banking,Verified
INV004297,2025-02-11,119552,sip,11764,Karnataka,Bangalore,T30,36-45,Female,19.5,Mandate,Verified
INV004753,2025-02-11,100025,sip,1021,Karnataka,Mysore,B30,36-45,Female,18.4,Net Banking,Verified
INV003061,2025-02-11,119552,sip,2020,Uttar Pradesh,Lucknow,T30,26-35,Female,11.9,UPI,Verified
INV003288,2025-02-11,149323,lumpsum,401284,Punjab,Chandigarh,T30,56+,Male,57.9,Mandate,Verified
INV004297,2025-02-11,119094,sip,4427,Karnataka,Bangalore,T30,36-45,Female,19.5,Mandate,Verified
INV003125,2025-02-11,149324,lumpsum,51750,Punjab,Chandigarh,T30,36-45,Female,30.8,UPI,Verified
INV000776,2025-02-11,119598,sip,10412,Rajasthan,Jaipur,T30,26-35,Male,12.4,UPI,Verified
INV002736,2025-02-11,100033,lumpsum,555743,Karnataka,Mysore,B30,18-25,Female,6.2,Net Banking,Verified
INV004887,2025-02-11,118634,lumpsum,49286,Gujarat,Surat,T30,56+,Female,79.4,UPI,Verified
INV000429,2025-02-11,120844,sip,42339,Gujarat,Surat,T30,36-45,Female,41.7,UPI,Verified
INV002744,2025-02-11,119093,sip,15223,Karnataka,Bangalore,T30,36-45,Male,25.9,UPI,Verified
INV003530,2025-02-11,120506,sip,12475,Maharashtra,Pune,T30,26-35,Male,9.4,Mandate,Verified
INV001962,2025-02-11,100016,redemption,401915,Maharashtra,Mumbai,T30,26-35,Male,13.6,Cheque,Verified
INV001994,2025-02-11,120506,redemption,155305,Tamil Nadu,Coimbatore,B30,18-25,Female,5.2,UPI,Verified
INV000261,2025-02-11,148569,sip,1772,Gujarat,Ahmedabad,T30,18-25,Male,3.5,Cheque,Verified
INV001837,2025-02-11,118632,sip,813,Uttar Pradesh,Agra,B30,18-25,Male,5.5,Net Banking,Verified
INV002707,2025-02-11,100025,lumpsum,412171,Maharashtra,Mumbai,T30,26-35,Male,24.7,Cheque,Verified
INV002572,2025-02-11,102885,sip,5275,Rajasthan,Jaipur,T30,56+,Male,19.5,Cheque,Pending
INV002993,2025-02-11,120503,redemption,158131,Maharashtra,Pune,T30,46-55,Male,36.0,UPI,Verified
INV003888,2025-02-11,101207,lumpsum,458238,Telangana,Hyderabad,T30,56+,Female,8.6,Cheque,Pending
INV000619,2025-02-11,119551,sip,3215,West Bengal,Kolkata,T30,26-35,Male,12.6,Mandate,Verified
INV001836,2025-02-11,120843,sip,463,Uttar Pradesh,Agra,B30,26-35,Male,17.4,Net Banking,Verified
INV002248,2025-02-11,118633,sip,29247,Delhi,New Delhi,T30,26-35,Male,8.1,Net Banking,Verified
INV002547,2025-02-11,125497,sip,8321,Haryana,Gurugram,T30,26-35,Male,7.3,Mandate,Verified
INV003577,2025-02-11,149322,sip,16202,Punjab,Amritsar,B30,26-35,Female,22.7,Net Banking,Pending
INV002317,2025-02-11,102885,lumpsum,104581,Gujarat,Ahmedabad,T30,26-35,Male,18.1,Net Banking,Verified
INV000436,2025-02-11,101207,sip,1103,Rajasthan,Jaipur,T30,26-35,Male,14.4,Cheque,Pending
INV000008,2025-02-11,100025,sip,2806,Punjab,Amritsar,B30,26-35,Female,18.6,UPI,Verified
INV004655,2025-02-11,102887,sip,12110,Telangana,Hyderabad,T30,36-45,Male,19.7,UPI,Verified
INV001986,2025-02-11,120507,sip,21223,Madhya Pradesh,Indore,T30,36-45,Female,17.4,UPI,Verified
INV002483,2025-02-11,100033,redemption,31469,Delhi,New Delhi,T30,46-55,Female,60.8,Mandate,Verified
INV001474,2025-02-11,120504,sip,28210,Karnataka,Mysore,B30,26-35,Male,12.8,Net Banking,Verified
INV003620,2025-02-11,119092,sip,2167,Uttar Pradesh,Kanpur,B30,36-45,Female,15.7,UPI,Verified
INV001048,2025-02-11,118632,sip,15495,Delhi,New Delhi,T30,46-55,Male,46.6,UPI,Verified
INV000410,2025-02-12,100025,lumpsum,285783,Rajasthan,Jaipur,T30,18-25,Female,5.3,Mandate,Verified
INV003699,2025-02-12,118633,sip,9996,Uttar Pradesh,Agra,B30,26-35,Male,19.7,Net Banking,Verified
INV002599,2025-02-12,101207,lumpsum,233746,Gujarat,Surat,T30,26-35,Male,11.4,Mandate,Verified
INV000540,2025-02-12,118633,lumpsum,421866,Tamil Nadu,Coimbatore,B30,26-35,Female,10.4,Mandate,Verified
INV002545,2025-02-12,102885,sip,5072,Haryana,Faridabad,B30,36-45,Male,31.5,Net Banking,Verified
INV003036,2025-02-12,119551,sip,1944,Telangana,Hyderabad,T30,26-35,Male,18.2,Net Banking,Verified
INV004598,2025-02-12,118636,lumpsum,203561,Tamil Nadu,Chennai,T30,46-55,Male,60.5,Mandate,Verified
INV003154,2025-02-12,119095,lumpsum,443217,Karnataka,Mysore,B30,26-35,Female,17.7,Net Banking,Verified
INV004688,2025-02-12,119598,sip,6028,West Bengal,Kolkata,T30,26-35,Male,20.7,UPI,Verified
INV001834,2025-02-12,125497,lumpsum,224473,Gujarat,Ahmedabad,T30,26-35,Male,11.4,Mandate,Verified
INV000996,2025-02-12,120841,lumpsum,142394,Maharashtra,Mumbai,T30,46-55,Male,49.6,Net Banking,Verified
INV000330,2025-02-12,119551,lumpsum,268629,Madhya Pradesh,Bhopal,B30,26-35,Female,11.9,Mandate,Verified
INV000728,2025-02-12,120841,sip,21504,Telangana,Hyderabad,T30,26-35,Male,8.4,Net Banking,Verified
INV004286,2025-02-12,118636,redemption,482928,Rajasthan,Udaipur,B30,36-45,Female,56.0,Cheque,Verified
INV003862,2025-02-12,119095,sip,23521,Madhya Pradesh,Indore,T30,26-35,Male,17.0,UPI,Verified
INV000345,2025-02-12,102886,sip,4370,Haryana,Faridabad,B30,56+,Male,75.5,Net Banking,Verified
INV001140,2025-02-12,149322,sip,2852,Uttar Pradesh,Lucknow,T30,36-45,Female,18.8,UPI,Verified
INV003736,2025-02-12,102885,sip,2799,Karnataka,Mysore,B30,18-25,Male,4.9,UPI,Verified
INV002344,2025-02-12,101208,redemption,361644,Punjab,Chandigarh,T30,46-55,Female,92.9,Cheque,Verified
INV002551,2025-02-12,119551,redemption,74856,West Bengal,Kolkata,T30,18-25,Female,5.9,Mandate,Verified
INV002617,2025-02-12,101207,sip,1666,Maharashtra,Nashik,B30,26-35,Male,13.9,UPI,Verified
INV004472,2025-02-12,120504,lumpsum,61348,West Bengal,Kolkata,T30,26-35,Female,19.1,Cheque,Verified
INV004934,2025-02-12,102887,redemption,222104,West Bengal,Kolkata,T30,26-35,Female,22.0,Net Banking,Verified
INV001163,2025-02-12,119120,sip,5866,Karnataka,Mysore,B30,26-35,Male,10.2,UPI,Verified
INV003037,2025-02-12,118634,sip,2125,Telangana,Hyderabad,T30,18-25,Female,7.6,Net Banking,Pending
INV002114,2025-02-12,148569,redemption,401897,Rajasthan,Udaipur,B30,18-25,Female,5.5,Cheque,Verified
INV002633,2025-02-12,119598,lumpsum,309884,Karnataka,Bangalore,T30,26-35,Female,8.1,Mandate,Verified
INV002834,2025-02-12,100025,sip,22341,West Bengal,Kolkata,T30,18-25,Male,6.9,Mandate,Verified
INV000515,2025-02-12,149323,lumpsum,318684,Delhi,Noida,T30,18-25,Male,5.1,Mandate,Pending
INV004908,2025-02-12,119095,sip,2410,Rajasthan,Jaipur,T30,18-25,Male,6.1,Mandate,Verified
INV002327,2025-02-12,118636,sip,2354,Punjab,Amritsar,B30,26-35,Male,7.0,Cheque,Verified
INV002591,2025-02-12,100033,sip,557,Gujarat,Ahmedabad,T30,18-25,Male,3.7,Net Banking,Verified
INV001019,2025-02-12,118632,sip,2812,Madhya Pradesh,Indore,T30,26-35,Male,10.6,Cheque,Verified
INV000920,2025-02-12,120504,sip,16087,Delhi,Gurugram,T30,56+,Male,19.8,Mandate,Verified
INV002687,2025-02-12,119598,sip,47436,Delhi,New Delhi,T30,36-45,Male,25.9,Mandate,Verified
INV000587,2025-02-12,100025,sip,8643,Punjab,Chandigarh,T30,26-35,Male,15.5,Cheque,Verified
INV000024,2025-02-12,120841,lumpsum,428072,Delhi,Gurugram,T30,36-45,Female,27.0,Net Banking,Verified
INV001354,2025-02-12,125497,sip,1873,Tamil Nadu,Coimbatore,B30,18-25,Male,7.0,Cheque,Verified
INV002984,2025-02-12,120842,lumpsum,269304,Delhi,Gurugram,T30,26-35,Male,18.1,Cheque,Verified
INV004972,2025-02-12,120844,sip,1893,Uttar Pradesh,Lucknow,T30,18-25,Male,4.0,UPI,Verified
INV002378,2025-02-12,118632,sip,49009,Haryana,Gurugram,T30,26-35,Male,12.1,UPI,Verified
INV000524,2025-02-12,119094,lumpsum,216696,West Bengal,Kolkata,T30,56+,Male,37.4,Mandate,Verified
INV002238,2025-02-12,125497,redemption,529693,Gujarat,Surat,T30,36-45,Male,58.3,Mandate,Verified
INV002427,2025-02-12,118635,sip,3335,Karnataka,Mysore,B30,18-25,Female,6.5,UPI,Verified
INV003123,2025-02-12,149323,sip,1658,Haryana,Faridabad,B30,36-45,Male,36.2,Net Banking,Verified
INV002843,2025-02-12,119094,sip,1785,Haryana,Faridabad,B30,26-35,Male,11.8,UPI,Verified
INV001714,2025-02-12,119552,sip,1071,West Bengal,Kolkata,T30,18-25,Male,5.9,Mandate,Verified
INV002745,2025-02-12,102887,sip,10662,Uttar Pradesh,Agra,B30,18-25,Male,7.6,UPI,Verified
INV002843,2025-02-12,100033,lumpsum,379434,Haryana,Faridabad,B30,26-35,Male,11.8,Net Banking,Verified
INV004279,2025-02-12,102886,sip,55521,Gujarat,Ahmedabad,T30,36-45,Male,35.7,Cheque,Verified
INV004329,2025-02-12,148568,sip,8219,Haryana,Gurugram,T30,18-25,Female,7.5,Cheque,Verified
INV000892,2025-02-12,120842,sip,2881,Gujarat,Ahmedabad,T30,36-45,Male,26.4,Net Banking,Verified
INV003410,2025-02-12,101207,redemption,91505,Madhya Pradesh,Indore,T30,26-35,Male,7.7,Net Banking,Verified
INV001202,2025-02-12,100025,sip,2232,Karnataka,Bangalore,T30,26-35,Male,11.3,Mandate,Verified
INV000445,2025-02-12,119552,redemption,14883,Madhya Pradesh,Bhopal,B30,26-35,Female,24.7,UPI,Verified
INV004917,2025-02-12,118632,sip,875,Uttar Pradesh,Kanpur,B30,26-35,Male,18.3,UPI,Verified
INV003314,2025-02-12,102885,sip,8991,Telangana,Hyderabad,T30,36-45,Female,25.6,Net Banking,Verified
INV000467,2025-02-12,119552,sip,2478,Karnataka,Bangalore,T30,18-25,Female,7.1,Net Banking,Verified
INV003659,2025-02-12,101206,sip,2113,Madhya Pradesh,Bhopal,B30,56+,Male,27.4,Mandate,Verified
INV003414,2025-02-12,120844,sip,22148,Maharashtra,Pune,T30,36-45,Female,20.3,UPI,Verified
INV000366,2025-02-12,148569,sip,6241,Telangana,Hyderabad,T30,36-45,Male,55.4,Mandate,Verified
INV002674,2025-02-12,120504,sip,47511,Karnataka,Mysore,B30,26-35,Female,7.4,Cheque,Verified
INV003702,2025-02-13,119093,sip,23955,Madhya Pradesh,Bhopal,B30,36-45,Male,53.2,Cheque,Pending
INV003484,2025-02-13,119095,sip,27551,Madhya Pradesh,Bhopal,B30,26-35,Female,7.1,Net Banking,Verified
INV004999,2025-02-13,119598,lumpsum,224289,Telangana,Hyderabad,T30,26-35,Male,24.8,Cheque,Verified
INV000157,2025-02-13,120841,lumpsum,132893,Madhya Pradesh,Indore,T30,18-25,Male,4.8,UPI,Verified
INV001511,2025-02-13,125497,lumpsum,73200,Uttar Pradesh,Agra,B30,26-35,Female,24.7,Net Banking,Verified
INV002459,2025-02-13,118633,sip,426,Rajasthan,Udaipur,B30,18-25,Female,5.2,UPI,Verified
INV002101,2025-02-13,120844,sip,58375,Uttar Pradesh,Lucknow,T30,26-35,Male,14.7,Mandate,Verified
INV001515,2025-02-13,102885,sip,2170,Tamil Nadu,Coimbatore,B30,18-25,Male,7.4,Cheque,Verified
INV000549,2025-02-13,119552,redemption,99503,Tamil Nadu,Coimbatore,B30,46-55,Female,59.6,Cheque,Pending
INV000038,2025-02-13,120843,sip,20442,West Bengal,Kolkata,T30,56+,Female,22.4,Mandate,Pending
INV000576,2025-02-13,102887,sip,988,Delhi,New Delhi,T30,46-55,Male,79.7,Cheque,Verified
INV001820,2025-02-13,125498,lumpsum,94308,Maharashtra,Mumbai,T30,36-45,Female,39.3,Cheque,Verified
INV002274,2025-02-13,118633,sip,1849,Tamil Nadu,Coimbatore,B30,18-25,Female,6.9,Cheque,Verified
INV001502,2025-02-13,120841,sip,2137,Rajasthan,Jaipur,T30,26-35,Male,19.8,UPI,Verified
INV001862,2025-02-13,119551,redemption,138137,Delhi,Gurugram,T30,26-35,Male,17.5,Mandate,Pending
INV004853,2025-02-13,119599,lumpsum,176172,Haryana,Gurugram,T30,26-35,Female,15.6,UPI,Pending
INV004853,2025-02-13,125498,sip,7796,Haryana,Gurugram,T30,26-35,Female,15.6,Cheque,Verified
INV001009,2025-02-13,118632,redemption,401630,Punjab,Chandigarh,T30,26-35,Male,21.2,Mandate,Verified
INV002648,2025-02-13,101207,sip,5373,Punjab,Chandigarh,T30,36-45,Male,57.1,UPI,Verified
INV003360,2025-02-13,118633,lumpsum,90126,Madhya Pradesh,Indore,T30,26-35,Female,19.5,Net Banking,Verified
INV004161,2025-02-13,101208,sip,43687,Telangana,Hyderabad,T30,46-55,Male,94.7,Mandate,Verified
INV002692,2025-02-13,149323,redemption,281879,West Bengal,Kolkata,T30,26-35,Male,16.7,UPI,Verified
INV002927,2025-02-13,101207,sip,6025,Punjab,Amritsar,B30,56+,Male,29.1,Cheque,Verified
INV000598,2025-02-13,118633,sip,17662,Karnataka,Bangalore,T30,26-35,Male,16.6,Net Banking,Verified
INV004483,2025-02-13,120504,sip,951,Tamil Nadu,Chennai,T30,46-55,Female,72.3,Cheque,Pending
INV002881,2025-02-13,118632,lumpsum,89866,Uttar Pradesh,Agra,B30,26-35,Female,11.4,UPI,Verified
INV001872,2025-02-13,101206,sip,1062,Madhya Pradesh,Indore,T30,26-35,Male,23.0,UPI,Verified
INV002724,2025-02-13,120506,sip,6309,Rajasthan,Udaipur,B30,36-45,Male,26.3,Net Banking,Verified
INV000615,2025-02-13,119093,sip,8709,Punjab,Amritsar,B30,36-45,Male,60.0,Cheque,Verified
INV003412,2025-02-13,119095,redemption,379415,Rajasthan,Jaipur,T30,18-25,Male,7.8,UPI,Verified
INV000292,2025-02-13,118632,sip,856,Uttar Pradesh,Lucknow,T30,18-25,Male,3.3,Mandate,Verified
INV002396,2025-02-13,101208,sip,6575,Rajasthan,Udaipur,B30,18-25,Female,3.6,Net Banking,Verified
INV004826,2025-02-13,120505,lumpsum,22372,Tamil Nadu,Coimbatore,B30,26-35,Male,14.7,Net Banking,Pending
INV000189,2025-02-13,101206,redemption,241629,Uttar Pradesh,Lucknow,T30,36-45,Male,47.3,Net Banking,Verified
INV002215,2025-02-13,120503,sip,5863,Madhya Pradesh,Bhopal,B30,18-25,Male,3.4,UPI,Verified
INV003385,2025-02-13,120505,lumpsum,182826,Punjab,Amritsar,B30,56+,Female,65.9,Cheque,Verified
INV001937,2025-02-13,125497,sip,2816,Haryana,Gurugram,T30,18-25,Male,7.8,UPI,Verified
INV000962,2025-02-13,119094,redemption,40221,Punjab,Chandigarh,T30,26-35,Male,24.5,Cheque,Verified
INV001757,2025-02-13,119599,lumpsum,58254,Telangana,Hyderabad,T30,46-55,Male,87.3,Net Banking,Verified
INV004668,2025-02-13,119120,lumpsum,466815,Gujarat,Ahmedabad,T30,26-35,Male,6.4,Mandate,Verified
INV002902,2025-02-13,100025,sip,1066,Gujarat,Surat,T30,36-45,Male,35.1,Net Banking,Verified
INV001069,2025-02-13,102886,sip,419,Telangana,Hyderabad,T30,26-35,Male,19.1,Mandate,Pending
INV004213,2025-02-13,102886,redemption,396754,Madhya Pradesh,Indore,T30,18-25,Male,4.5,UPI,Verified
INV003735,2025-02-13,100016,sip,11339,Gujarat,Ahmedabad,T30,36-45,Female,13.9,UPI,Verified
INV004446,2025-02-13,102885,sip,410,West Bengal,Kolkata,T30,26-35,Male,14.8,Net Banking,Pending
INV004517,2025-02-13,118633,redemption,499723,West Bengal,Kolkata,T30,46-55,Female,68.5,UPI,Verified
INV002849,2025-02-13,119095,sip,1161,Madhya Pradesh,Indore,T30,26-35,Male,21.3,Mandate,Verified
INV002924,2025-02-13,148567,sip,3375,Tamil Nadu,Chennai,T30,26-35,Female,14.5,UPI,Verified
INV002437,2025-02-13,119094,sip,45734,Haryana,Faridabad,B30,26-35,Male,24.8,UPI,Verified
INV002311,2025-02-13,148568,sip,6666,Rajasthan,Udaipur,B30,36-45,Male,31.5,Mandate,Verified
INV003166,2025-02-13,149323,sip,29642,Karnataka,Bangalore,T30,26-35,Female,7.1,Mandate,Verified
INV000970,2025-02-13,119551,sip,51831,Tamil Nadu,Coimbatore,B30,46-55,Male,28.8,UPI,Verified
INV003209,2025-02-13,101206,lumpsum,301610,Delhi,Gurugram,T30,46-55,Male,76.0,Cheque,Verified
INV003745,2025-02-13,119094,sip,4510,West Bengal,Kolkata,T30,36-45,Male,17.8,Cheque,Verified
INV001166,2025-02-13,119599,sip,4748,Punjab,Chandigarh,T30,26-35,Male,21.4,Mandate,Verified
INV003535,2025-02-13,100025,sip,2767,Maharashtra,Nashik,B30,26-35,Male,12.5,UPI,Verified
INV000076,2025-02-13,119551,redemption,60571,Gujarat,Ahmedabad,T30,56+,Female,67.1,Mandate,Verified
INV003430,2025-02-13,119095,sip,2743,Gujarat,Ahmedabad,T30,26-35,Female,14.8,Net Banking,Verified
INV001974,2025-02-13,120506,sip,1648,Tamil Nadu,Chennai,T30,56+,Male,64.3,Net Banking,Verified
INV001203,2025-02-13,119093,sip,809,Uttar Pradesh,Lucknow,T30,18-25,Male,5.0,Net Banking,Verified
INV001608,2025-02-13,101208,lumpsum,73108,Delhi,Gurugram,T30,26-35,Male,13.1,UPI,Verified
INV000276,2025-02-13,125497,lumpsum,255398,Telangana,Hyderabad,T30,36-45,Female,38.3,Cheque,Verified
INV001156,2025-02-13,120506,redemption,371131,Madhya Pradesh,Indore,T30,56+,Female,58.8,UPI,Verified
INV000413,2025-02-13,100025,sip,40745,Haryana,Gurugram,T30,36-45,Female,49.8,Mandate,Verified
INV001880,2025-02-13,120504,sip,4027,Madhya Pradesh,Bhopal,B30,26-35,Male,23.0,Mandate,Verified
INV001586,2025-02-14,119552,sip,9103,Tamil Nadu,Chennai,T30,26-35,Male,6.4,UPI,Pending
INV001521,2025-02-14,148569,lumpsum,49964,Haryana,Faridabad,B30,18-25,Male,4.9,Mandate,Verified
INV003559,2025-02-14,119094,sip,593,Uttar Pradesh,Kanpur,B30,26-35,Female,9.4,Mandate,Verified
INV001476,2025-02-14,120504,sip,2361,Rajasthan,Jaipur,T30,36-45,Male,38.1,Mandate,Verified
INV003737,2025-02-14,100033,lumpsum,426648,Punjab,Chandigarh,T30,18-25,Male,4.4,Cheque,Verified
INV003651,2025-02-14,118635,redemption,251712,Gujarat,Surat,T30,26-35,Male,14.6,UPI,Verified
INV003291,2025-02-14,102887,lumpsum,439105,Gujarat,Surat,T30,36-45,Male,47.1,UPI,Pending
INV000608,2025-02-14,119598,sip,2994,Haryana,Gurugram,T30,46-55,Male,83.5,UPI,Verified
INV001969,2025-02-14,101207,sip,2962,Uttar Pradesh,Kanpur,B30,26-35,Male,9.7,UPI,Verified
INV002411,2025-02-14,118636,redemption,403379,Rajasthan,Jaipur,T30,46-55,Male,38.4,Cheque,Verified
INV004681,2025-02-14,119095,lumpsum,293689,Haryana,Faridabad,B30,26-35,Female,19.0,Mandate,Verified
INV003795,2025-02-14,119093,sip,22238,West Bengal,Kolkata,T30,18-25,Male,7.6,UPI,Verified
INV003910,2025-02-14,102887,lumpsum,205886,Maharashtra,Pune,T30,26-35,Male,8.8,Cheque,Verified
INV001295,2025-02-14,102887,sip,2725,Madhya Pradesh,Indore,T30,36-45,Male,30.8,Cheque,Verified
INV004908,2025-02-14,125498,sip,5333,Rajasthan,Jaipur,T30,18-25,Male,6.1,Mandate,Verified
INV002791,2025-02-14,120507,sip,1089,Madhya Pradesh,Indore,T30,36-45,Male,54.9,UPI,Verified
INV002888,2025-02-14,119552,lumpsum,412812,Rajasthan,Udaipur,B30,26-35,Male,9.2,Net Banking,Verified
INV000499,2025-02-14,148567,sip,27726,Delhi,New Delhi,T30,36-45,Female,59.5,UPI,Verified
INV004555,2025-02-14,120504,lumpsum,147646,Uttar Pradesh,Lucknow,T30,36-45,Female,24.4,Net Banking,Verified
INV003648,2025-02-14,101208,lumpsum,65931,Haryana,Faridabad,B30,46-55,Male,74.1,Mandate,Pending
INV000403,2025-02-14,120506,redemption,124530,Rajasthan,Jaipur,T30,18-25,Female,7.7,Cheque,Verified
INV002431,2025-02-14,100016,redemption,144383,Delhi,Noida,T30,26-35,Female,14.8,Mandate,Verified
INV002071,2025-02-14,120507,sip,5807,Punjab,Chandigarh,T30,56+,Male,61.1,Net Banking,Verified
INV003463,2025-02-14,119092,sip,8300,Uttar Pradesh,Kanpur,B30,26-35,Male,14.1,Net Banking,Verified
INV004320,2025-02-14,149323,sip,40057,Delhi,Gurugram,T30,26-35,Female,8.1,UPI,Pending
INV003105,2025-02-14,118633,lumpsum,55873,Rajasthan,Jaipur,T30,18-25,Female,6.0,Cheque,Pending
INV003240,2025-02-14,120506,sip,6266,Haryana,Gurugram,T30,26-35,Male,21.7,Cheque,Verified
INV003380,2025-02-14,120841,sip,2752,Delhi,Noida,T30,36-45,Male,21.0,Mandate,Verified
INV004640,2025-02-14,148568,sip,404,Telangana,Hyderabad,T30,36-45,Male,46.5,Mandate,Verified
INV003789,2025-02-14,119598,sip,2716,Rajasthan,Udaipur,B30,36-45,Male,29.9,Cheque,Verified
INV000374,2025-02-14,120842,redemption,345825,West Bengal,Kolkata,T30,18-25,Female,4.1,Mandate,Verified
INV004403,2025-02-14,149322,sip,834,West Bengal,Kolkata,T30,26-35,Male,17.6,Cheque,Verified
INV002985,2025-02-14,120843,redemption,259177,Gujarat,Ahmedabad,T30,36-45,Male,26.4,UPI,Verified
INV001556,2025-02-14,100016,sip,2631,Maharashtra,Nashik,B30,18-25,Male,3.3,UPI,Verified
INV000177,2025-02-14,148569,sip,5718,Rajasthan,Jaipur,T30,26-35,Male,17.6,Cheque,Verified
INV001525,2025-02-14,118636,lumpsum,177721,Maharashtra,Mumbai,T30,36-45,Male,55.8,Mandate,Verified
INV000046,2025-02-14,119599,sip,17888,Gujarat,Ahmedabad,T30,26-35,Female,24.5,UPI,Verified
INV004587,2025-02-14,118634,redemption,308563,Uttar Pradesh,Kanpur,B30,18-25,Male,4.0,UPI,Verified
INV003015,2025-02-14,101206,lumpsum,12230,Madhya Pradesh,Indore,T30,18-25,Male,4.4,Mandate,Verified
INV002079,2025-02-14,149323,sip,2077,Rajasthan,Udaipur,B30,26-35,Male,10.1,Mandate,Verified
INV004798,2025-02-14,149324,redemption,61150,Madhya Pradesh,Bhopal,B30,26-35,Male,8.4,Mandate,Verified
INV004264,2025-02-14,149324,sip,2129,Gujarat,Ahmedabad,T30,36-45,Female,45.2,UPI,Verified
INV001557,2025-02-14,118636,sip,6784,Haryana,Gurugram,T30,26-35,Female,10.5,Net Banking,Verified
INV003070,2025-02-14,125497,lumpsum,168533,West Bengal,Kolkata,T30,26-35,Male,23.7,UPI,Verified
INV001914,2025-02-14,125497,lumpsum,166597,Delhi,Gurugram,T30,56+,Male,61.9,Net Banking,Verified
INV001064,2025-02-14,120842,lumpsum,460371,West Bengal,Kolkata,T30,46-55,Male,67.9,Mandate,Verified
INV002437,2025-02-14,120506,sip,3321,Haryana,Faridabad,B30,26-35,Male,24.8,Mandate,Verified
INV001070,2025-02-14,120843,lumpsum,42418,Tamil Nadu,Coimbatore,B30,26-35,Male,11.9,Net Banking,Verified
INV001420,2025-02-15,148567,sip,481,Rajasthan,Jaipur,T30,36-45,Male,32.2,Mandate,Verified
INV004639,2025-02-15,120503,redemption,586280,Rajasthan,Jaipur,T30,18-25,Female,6.0,UPI,Verified
INV000721,2025-02-15,118633,sip,8822,Maharashtra,Nashik,B30,36-45,Male,59.1,UPI,Pending
INV004647,2025-02-15,118636,sip,2216,Madhya Pradesh,Indore,T30,36-45,Female,25.3,Cheque,Verified
INV003344,2025-02-15,119551,sip,469,Haryana,Gurugram,T30,36-45,Female,52.5,Net Banking,Verified
INV003336,2025-02-15,118633,sip,470,Punjab,Amritsar,B30,46-55,Female,45.8,UPI,Verified
INV004557,2025-02-15,125498,sip,15774,Maharashtra,Nashik,B30,26-35,Male,8.0,Cheque,Verified
INV004495,2025-02-15,120507,sip,2335,Punjab,Amritsar,B30,36-45,Female,24.4,UPI,Verified
INV002700,2025-02-15,148569,sip,576,Tamil Nadu,Coimbatore,B30,26-35,Male,8.1,Mandate,Pending
INV001897,2025-02-15,120503,sip,2259,Maharashtra,Mumbai,T30,26-35,Male,8.6,Cheque,Verified
INV001215,2025-02-15,148569,sip,25039,Haryana,Gurugram,T30,36-45,Female,39.3,Cheque,Verified
INV002503,2025-02-15,101208,lumpsum,101566,Gujarat,Ahmedabad,T30,26-35,Male,11.5,UPI,Verified
INV000366,2025-02-15,149322,sip,54022,Telangana,Hyderabad,T30,36-45,Male,55.4,Net Banking,Verified
INV002260,2025-02-15,118635,sip,2012,Telangana,Hyderabad,T30,26-35,Female,10.1,Mandate,Verified
INV003637,2025-02-15,120843,sip,1780,Telangana,Hyderabad,T30,36-45,Male,18.6,Mandate,Verified
INV002265,2025-02-15,148569,redemption,17548,Rajasthan,Jaipur,T30,18-25,Female,3.8,Net Banking,Verified
INV003670,2025-02-15,101208,redemption,306956,Punjab,Chandigarh,T30,36-45,Male,38.4,UPI,Verified
INV004891,2025-02-15,102885,sip,5936,Telangana,Hyderabad,T30,46-55,Female,83.5,Cheque,Verified
INV003304,2025-02-15,149322,sip,4953,Telangana,Hyderabad,T30,18-25,Female,4.8,UPI,Verified
INV002496,2025-02-15,148567,redemption,434704,Karnataka,Mysore,B30,36-45,Male,40.5,Mandate,Verified
INV003971,2025-02-15,149324,sip,2858,Haryana,Gurugram,T30,26-35,Male,14.1,UPI,Verified
INV004481,2025-02-15,148568,lumpsum,15969,Rajasthan,Jaipur,T30,46-55,Male,60.1,Mandate,Verified
INV000756,2025-02-15,120844,sip,41706,Tamil Nadu,Chennai,T30,36-45,Male,44.2,Mandate,Verified
INV001551,2025-02-15,100016,sip,2678,Tamil Nadu,Chennai,T30,26-35,Female,21.7,Mandate,Pending
INV003721,2025-02-15,101207,sip,2742,Karnataka,Mysore,B30,26-35,Male,19.5,Mandate,Verified
INV002190,2025-02-15,119599,lumpsum,373137,Uttar Pradesh,Kanpur,B30,36-45,Female,58.7,Mandate,Verified
INV003139,2025-02-15,120504,sip,8873,Karnataka,Mysore,B30,36-45,Male,39.4,UPI,Verified
INV004616,2025-02-15,101208,sip,53497,West Bengal,Kolkata,T30,26-35,Female,18.1,Mandate,Verified
INV000562,2025-02-15,120842,sip,12895,Gujarat,Ahmedabad,T30,36-45,Male,32.9,Cheque,Verified
INV004273,2025-02-15,102885,lumpsum,70635,Haryana,Faridabad,B30,26-35,Male,17.5,UPI,Verified
INV003936,2025-02-15,118634,lumpsum,277190,Punjab,Chandigarh,T30,36-45,Male,19.8,Cheque,Verified
INV002620,2025-02-15,118636,sip,5886,Maharashtra,Nashik,B30,46-55,Female,88.5,Mandate,Verified
INV001961,2025-02-15,101208,redemption,83047,Delhi,Gurugram,T30,26-35,Male,23.4,Cheque,Verified
INV002779,2025-02-15,119095,sip,961,Uttar Pradesh,Lucknow,T30,26-35,Male,10.4,Mandate,Verified
INV004285,2025-02-15,119120,sip,27597,Punjab,Chandigarh,T30,26-35,Male,8.0,UPI,Verified
INV002113,2025-02-15,100033,sip,13026,Maharashtra,Nashik,B30,26-35,Male,21.6,Cheque,Verified
INV002328,2025-02-15,119092,sip,5981,Haryana,Gurugram,T30,26-35,Male,11.6,UPI,Verified
INV002873,2025-02-15,101206,sip,9507,Haryana,Gurugram,T30,18-25,Male,5.9,UPI,Verified
INV001738,2025-02-15,120507,sip,54228,Karnataka,Bangalore,T30,36-45,Female,41.2,Net Banking,Verified
INV002172,2025-02-15,148567,sip,1070,Rajasthan,Jaipur,T30,46-55,Female,56.0,Net Banking,Verified
INV000446,2025-02-15,119552,lumpsum,209607,Rajasthan,Jaipur,T30,26-35,Female,23.8,Cheque,Verified
INV001631,2025-02-15,148569,sip,411,Haryana,Faridabad,B30,36-45,Male,55.9,Net Banking,Verified
INV000522,2025-02-15,100016,lumpsum,251353,Punjab,Chandigarh,T30,26-35,Female,10.8,Net Banking,Verified
INV001699,2025-02-15,120841,sip,53462,Madhya Pradesh,Indore,T30,26-35,Male,24.6,Net Banking,Verified
INV001645,2025-02-15,148568,sip,6376,Uttar Pradesh,Kanpur,B30,46-55,Male,77.5,Cheque,Verified
INV000872,2025-02-15,120507,sip,5900,West Bengal,Kolkata,T30,36-45,Female,55.3,Net Banking,Verified
INV004172,2025-02-15,102887,lumpsum,74766,Madhya Pradesh,Indore,T30,26-35,Male,18.5,UPI,Verified
INV004166,2025-02-15,148567,sip,463,Telangana,Hyderabad,T30,26-35,Male,6.1,UPI,Verified
INV003173,2025-02-15,102886,redemption,76209,Gujarat,Surat,T30,18-25,Male,7.1,UPI,Verified
INV004110,2025-02-15,148569,lumpsum,51318,West Bengal,Kolkata,T30,18-25,Male,5.5,Net Banking,Verified
INV003251,2025-02-15,149322,lumpsum,20772,Tamil Nadu,Coimbatore,B30,36-45,Female,52.4,Cheque,Verified
INV001142,2025-02-15,100016,redemption,299841,Uttar Pradesh,Lucknow,T30,26-35,Male,16.8,Cheque,Pending
INV003357,2025-02-15,100025,lumpsum,11911,Madhya Pradesh,Bhopal,B30,26-35,Female,15.3,Cheque,Verified
INV001398,2025-02-15,120841,lumpsum,98125,Madhya Pradesh,Indore,T30,26-35,Female,18.4,UPI,Verified
INV001007,2025-02-15,120505,sip,8137,West Bengal,Kolkata,T30,18-25,Male,7.2,Cheque,Pending
INV000397,2025-02-15,120504,sip,423,Gujarat,Ahmedabad,T30,36-45,Female,25.4,UPI,Verified
INV001104,2025-02-15,118636,lumpsum,338982,Haryana,Gurugram,T30,26-35,Male,14.9,Cheque,Verified
INV000102,2025-02-15,149324,sip,2426,Gujarat,Surat,T30,26-35,Male,21.9,Mandate,Verified
INV000296,2025-02-16,101206,redemption,348789,Madhya Pradesh,Indore,T30,26-35,Male,16.7,Cheque,Verified
INV004089,2025-02-16,100016,lumpsum,216877,Haryana,Gurugram,T30,36-45,Female,15.2,Mandate,Verified
INV000776,2025-02-16,120503,lumpsum,409469,Rajasthan,Jaipur,T30,26-35,Male,12.4,UPI,Verified
INV000024,2025-02-16,119095,sip,3273,Delhi,Gurugram,T30,36-45,Female,27.0,Mandate,Verified
INV001445,2025-02-16,119093,sip,1861,Tamil Nadu,Chennai,T30,26-35,Female,9.5,UPI,Verified
INV000526,2025-02-16,119095,sip,3517,Tamil Nadu,Coimbatore,B30,26-35,Female,16.5,Net Banking,Verified
INV002137,2025-02-16,119093,lumpsum,298292,Tamil Nadu,Coimbatore,B30,36-45,Male,17.6,UPI,Verified
INV004356,2025-02-16,100025,redemption,320745,West Bengal,Kolkata,T30,36-45,Male,37.3,Mandate,Verified
INV001627,2025-02-16,102886,sip,553,Uttar Pradesh,Agra,B30,26-35,Male,15.9,Mandate,Verified
INV003572,2025-02-16,120503,sip,10342,Punjab,Amritsar,B30,46-55,Male,65.9,UPI,Verified
INV003330,2025-02-16,149322,sip,9387,Gujarat,Surat,T30,46-55,Female,44.1,UPI,Verified
INV003284,2025-02-16,148568,sip,477,Gujarat,Ahmedabad,T30,36-45,Male,27.9,Cheque,Pending
INV003404,2025-02-16,119095,sip,2218,Tamil Nadu,Chennai,T30,36-45,Male,26.8,Mandate,Verified
INV001017,2025-02-16,119092,sip,2637,West Bengal,Kolkata,T30,26-35,Female,19.0,Net Banking,Verified
INV004734,2025-02-16,120504,redemption,164755,Uttar Pradesh,Kanpur,B30,36-45,Male,32.4,UPI,Verified
INV002774,2025-02-16,120507,sip,559,Haryana,Gurugram,T30,36-45,Male,58.4,UPI,Verified
INV000430,2025-02-16,119093,sip,42386,Punjab,Amritsar,B30,18-25,Male,3.3,UPI,Verified
INV000467,2025-02-16,101206,sip,2822,Karnataka,Bangalore,T30,18-25,Female,7.1,UPI,Verified
INV001816,2025-02-16,125498,sip,29601,Telangana,Hyderabad,T30,26-35,Male,9.0,UPI,Verified
INV003649,2025-02-16,120842,lumpsum,221741,Haryana,Gurugram,T30,46-55,Female,79.9,Cheque,Verified
INV003461,2025-02-16,120505,sip,14367,West Bengal,Kolkata,T30,18-25,Male,7.7,Mandate,Verified
INV004318,2025-02-16,119598,sip,2791,Tamil Nadu,Coimbatore,B30,56+,Female,54.7,Cheque,Verified
INV001460,2025-02-16,120505,lumpsum,145125,Uttar Pradesh,Kanpur,B30,36-45,Male,45.4,UPI,Verified
INV003460,2025-02-16,148567,sip,951,Delhi,New Delhi,T30,26-35,Male,14.6,Mandate,Verified
INV004558,2025-02-16,119552,sip,402,Rajasthan,Jaipur,T30,36-45,Male,56.3,UPI,Verified
INV004361,2025-02-16,120844,lumpsum,399239,Haryana,Faridabad,B30,26-35,Female,18.4,Cheque,Verified
INV001706,2025-02-16,119551,sip,583,West Bengal,Kolkata,T30,26-35,Male,14.2,Mandate,Verified
INV001645,2025-02-16,119120,sip,21996,Uttar Pradesh,Kanpur,B30,46-55,Male,77.5,Mandate,Verified
INV004319,2025-02-16,120843,sip,48152,Gujarat,Surat,T30,18-25,Male,3.9,Mandate,Verified
INV003956,2025-02-16,148567,sip,9461,Punjab,Amritsar,B30,36-45,Male,32.3,Net Banking,Verified
INV000403,2025-02-16,102887,sip,1981,Rajasthan,Jaipur,T30,18-25,Female,7.7,Net Banking,Verified
INV000750,2025-02-16,120843,sip,850,Delhi,New Delhi,T30,26-35,Male,20.9,Cheque,Verified
INV002201,2025-02-16,120842,sip,40156,Haryana,Gurugram,T30,36-45,Male,34.5,Net Banking,Verified
INV002121,2025-02-16,119093,sip,24284,Madhya Pradesh,Bhopal,B30,18-25,Female,3.5,Cheque,Verified
INV002356,2025-02-16,119094,redemption,6278,Telangana,Hyderabad,T30,26-35,Female,21.3,Net Banking,Verified
INV000316,2025-02-16,101208,sip,595,Karnataka,Bangalore,T30,46-55,Female,39.5,Cheque,Verified
INV002057,2025-02-16,119094,sip,17441,Rajasthan,Udaipur,B30,18-25,Male,3.3,Mandate,Verified
INV000753,2025-02-16,102885,sip,8627,Haryana,Faridabad,B30,46-55,Male,82.4,Cheque,Verified
INV004067,2025-02-16,120842,sip,2084,Delhi,Gurugram,T30,26-35,Male,8.5,Cheque,Verified
INV001679,2025-02-16,119551,sip,1795,Haryana,Faridabad,B30,36-45,Female,46.7,Mandate,Verified
INV003379,2025-02-16,101206,sip,4671,Uttar Pradesh,Lucknow,T30,36-45,Male,43.2,UPI,Pending
INV002290,2025-02-16,120507,sip,1073,Gujarat,Ahmedabad,T30,36-45,Male,24.7,Mandate,Verified
INV003717,2025-02-16,120505,redemption,109214,Tamil Nadu,Coimbatore,B30,26-35,Female,20.8,UPI,Verified
INV003004,2025-02-16,120506,sip,11495,Tamil Nadu,Chennai,T30,46-55,Female,34.6,UPI,Verified
INV002102,2025-02-16,148569,redemption,447584,Madhya Pradesh,Bhopal,B30,26-35,Male,9.2,Cheque,Verified
INV001350,2025-02-16,100025,lumpsum,166099,Madhya Pradesh,Bhopal,B30,46-55,Female,31.7,UPI,Verified
INV003237,2025-02-16,119599,lumpsum,103661,Delhi,Gurugram,T30,46-55,Male,66.7,Mandate,Verified
INV004753,2025-02-16,120842,sip,7761,Karnataka,Mysore,B30,36-45,Female,18.4,Net Banking,Verified
INV004003,2025-02-16,119092,lumpsum,307566,West Bengal,Kolkata,T30,26-35,Male,9.5,Mandate,Verified
INV000256,2025-02-16,119094,sip,9297,Delhi,New Delhi,T30,36-45,Male,14.0,Cheque,Verified
INV002252,2025-02-16,119598,lumpsum,334235,Maharashtra,Pune,T30,36-45,Female,46.4,UPI,Verified
INV003487,2025-02-16,102887,sip,2306,Gujarat,Ahmedabad,T30,26-35,Female,12.0,UPI,Verified
INV004003,2025-02-16,102887,sip,1760,West Bengal,Kolkata,T30,26-35,Male,9.5,Mandate,Verified
INV002357,2025-02-16,119551,sip,6901,Delhi,Gurugram,T30,26-35,Male,7.8,Cheque,Verified
INV002912,2025-02-16,118633,sip,2230,Maharashtra,Mumbai,T30,26-35,Female,23.6,UPI,Verified
INV002468,2025-02-16,102886,redemption,152949,West Bengal,Kolkata,T30,46-55,Male,48.8,Cheque,Verified
INV003524,2025-02-17,118635,redemption,508300,Telangana,Hyderabad,T30,36-45,Male,12.5,Cheque,Verified
INV000161,2025-02-17,120842,sip,2101,Rajasthan,Jaipur,T30,18-25,Female,6.8,Net Banking,Verified
INV004764,2025-02-17,125498,lumpsum,324104,Punjab,Amritsar,B30,46-55,Female,79.4,Net Banking,Verified
INV003320,2025-02-17,119095,sip,1080,Tamil Nadu,Coimbatore,B30,56+,Male,73.7,Net Banking,Pending
INV002585,2025-02-17,148567,sip,547,Uttar Pradesh,Lucknow,T30,18-25,Male,3.2,Net Banking,Verified
INV002802,2025-02-17,125497,redemption,270689,Gujarat,Surat,T30,36-45,Female,32.8,Cheque,Verified
INV000404,2025-02-17,148567,sip,2721,Telangana,Hyderabad,T30,36-45,Female,35.5,Net Banking,Verified
INV004587,2025-02-17,120844,redemption,536303,Uttar Pradesh,Kanpur,B30,18-25,Male,4.0,Mandate,Verified
INV001246,2025-02-17,120844,lumpsum,374360,Rajasthan,Jaipur,T30,46-55,Male,51.2,Mandate,Verified
INV000235,2025-02-17,120507,lumpsum,330677,Delhi,New Delhi,T30,26-35,Male,8.5,Mandate,Verified
INV003344,2025-02-17,118636,lumpsum,74999,Haryana,Gurugram,T30,36-45,Female,52.5,UPI,Verified
INV001409,2025-02-17,119599,sip,3169,Haryana,Faridabad,B30,18-25,Male,4.5,Mandate,Pending
INV001507,2025-02-17,120504,lumpsum,38641,Uttar Pradesh,Lucknow,T30,26-35,Male,20.4,UPI,Verified
INV001656,2025-02-17,148568,sip,22860,Madhya Pradesh,Bhopal,B30,26-35,Male,19.4,Net Banking,Verified
INV000229,2025-02-17,148569,sip,6017,Punjab,Amritsar,B30,26-35,Male,11.0,UPI,Pending
INV002014,2025-02-17,120842,sip,3581,Maharashtra,Pune,T30,26-35,Female,13.7,Cheque,Verified
INV000457,2025-02-17,100016,sip,2397,Haryana,Faridabad,B30,26-35,Female,22.3,Mandate,Verified
INV002628,2025-02-17,120844,sip,25344,Uttar Pradesh,Agra,B30,26-35,Male,16.4,Net Banking,Verified
INV002384,2025-02-17,119552,lumpsum,51706,Karnataka,Mysore,B30,26-35,Male,24.3,Net Banking,Verified
INV002104,2025-02-17,101208,lumpsum,226656,Maharashtra,Mumbai,T30,26-35,Female,15.0,UPI,Verified
INV003972,2025-02-17,120504,lumpsum,192858,Uttar Pradesh,Agra,B30,26-35,Male,10.2,UPI,Verified
INV003514,2025-02-17,120843,redemption,170831,Delhi,Gurugram,T30,36-45,Female,40.2,Cheque,Verified
INV000896,2025-02-17,148567,sip,6367,Karnataka,Mysore,B30,26-35,Male,14.7,Net Banking,Verified
INV004772,2025-02-17,120504,sip,8360,Gujarat,Ahmedabad,T30,46-55,Male,26.1,Cheque,Pending
INV004341,2025-02-17,100016,sip,933,Tamil Nadu,Coimbatore,B30,18-25,Male,7.5,UPI,Verified
INV003624,2025-02-17,118636,redemption,472237,Telangana,Hyderabad,T30,46-55,Female,87.5,UPI,Verified
INV001443,2025-02-17,118634,lumpsum,397599,Uttar Pradesh,Kanpur,B30,46-55,Female,79.8,Mandate,Verified
INV000901,2025-02-17,149322,sip,812,Delhi,Gurugram,T30,46-55,Female,67.4,Net Banking,Verified
INV002388,2025-02-17,125497,sip,410,Haryana,Faridabad,B30,18-25,Male,4.8,UPI,Verified
INV000524,2025-02-17,148568,sip,16554,West Bengal,Kolkata,T30,56+,Male,37.4,Cheque,Verified
INV003296,2025-02-17,120507,sip,7560,Haryana,Gurugram,T30,26-35,Female,11.3,Cheque,Verified
INV002827,2025-02-17,120503,sip,4617,Karnataka,Mysore,B30,36-45,Female,58.1,Mandate,Verified
INV003575,2025-02-17,120504,sip,546,West Bengal,Kolkata,T30,18-25,Male,4.7,Cheque,Verified
INV002260,2025-02-17,148569,sip,1097,Telangana,Hyderabad,T30,26-35,Female,10.1,UPI,Verified
INV003981,2025-02-17,119599,sip,1153,Haryana,Faridabad,B30,46-55,Male,46.7,Mandate,Verified
INV001848,2025-02-17,125498,lumpsum,105400,Punjab,Chandigarh,T30,26-35,Male,10.9,Cheque,Verified
INV000921,2025-02-17,119093,lumpsum,111304,Rajasthan,Jaipur,T30,26-35,Male,14.6,Cheque,Verified
INV001534,2025-02-17,120842,redemption,175935,Tamil Nadu,Coimbatore,B30,36-45,Male,26.5,UPI,Verified
INV001508,2025-02-17,119094,sip,11715,Tamil Nadu,Coimbatore,B30,46-55,Male,63.3,Mandate,Verified
INV002504,2025-02-17,149324,sip,594,Madhya Pradesh,Bhopal,B30,26-35,Male,22.4,Cheque,Verified
INV000797,2025-02-17,125497,sip,8236,Rajasthan,Jaipur,T30,36-45,Female,53.7,UPI,Verified
INV004243,2025-02-17,148569,sip,2109,Punjab,Amritsar,B30,36-45,Female,38.7,UPI,Verified
INV002415,2025-02-17,119095,sip,824,West Bengal,Kolkata,T30,36-45,Male,13.9,UPI,Pending
INV004434,2025-02-17,125498,redemption,305525,Gujarat,Surat,T30,46-55,Male,17.7,UPI,Pending
INV001751,2025-02-17,120503,lumpsum,238216,Tamil Nadu,Coimbatore,B30,18-25,Male,6.8,Net Banking,Verified
INV000607,2025-02-17,118633,sip,4059,Rajasthan,Jaipur,T30,56+,Male,33.9,UPI,Verified
INV000976,2025-02-17,102887,lumpsum,93495,Uttar Pradesh,Lucknow,T30,56+,Male,39.0,Cheque,Verified
INV004823,2025-02-17,120503,sip,456,Rajasthan,Jaipur,T30,36-45,Female,52.6,Mandate,Verified
INV004760,2025-02-17,148567,sip,1190,Uttar Pradesh,Lucknow,T30,18-25,Male,4.8,Cheque,Verified
INV004646,2025-02-17,120844,sip,14186,Madhya Pradesh,Indore,T30,18-25,Female,5.5,Net Banking,Verified
INV003287,2025-02-17,100033,lumpsum,135749,Delhi,New Delhi,T30,36-45,Male,54.9,UPI,Verified
INV004500,2025-02-17,120842,lumpsum,169401,Karnataka,Mysore,B30,46-55,Male,45.2,Cheque,Verified
INV002284,2025-02-17,120841,sip,52209,Karnataka,Bangalore,T30,36-45,Male,55.3,UPI,Verified
INV001345,2025-02-17,120843,sip,8731,Tamil Nadu,Coimbatore,B30,26-35,Male,17.3,Cheque,Verified
INV004661,2025-02-17,100016,sip,2150,Maharashtra,Nashik,B30,26-35,Male,9.8,Net Banking,Verified
INV000997,2025-02-17,119092,redemption,294617,Rajasthan,Udaipur,B30,26-35,Male,17.8,Net Banking,Verified
INV004110,2025-02-17,101206,redemption,192194,West Bengal,Kolkata,T30,18-25,Male,5.5,Cheque,Verified
INV000057,2025-02-17,100016,sip,7900,Tamil Nadu,Chennai,T30,36-45,Male,59.9,Cheque,Pending
INV003435,2025-02-17,118635,sip,2906,Maharashtra,Nashik,B30,26-35,Female,17.8,Cheque,Verified
INV001469,2025-02-17,119120,sip,25070,Karnataka,Bangalore,T30,56+,Male,74.7,Net Banking,Verified
INV001562,2025-02-18,102885,sip,2651,Delhi,Noida,T30,26-35,Male,7.0,Net Banking,Verified
INV003389,2025-02-18,149323,redemption,85789,Telangana,Hyderabad,T30,26-35,Male,22.3,UPI,Verified
INV000330,2025-02-18,120505,sip,1902,Madhya Pradesh,Bhopal,B30,26-35,Female,11.9,Net Banking,Verified
INV000715,2025-02-18,119551,sip,2700,Uttar Pradesh,Agra,B30,26-35,Male,24.2,Mandate,Verified
INV003365,2025-02-18,148568,redemption,289057,Uttar Pradesh,Agra,B30,26-35,Male,12.7,Net Banking,Verified
INV002947,2025-02-18,119095,lumpsum,475632,Maharashtra,Nashik,B30,46-55,Male,73.3,Mandate,Verified
INV001486,2025-02-18,118635,sip,9276,Gujarat,Surat,T30,46-55,Male,17.1,Cheque,Verified
INV002943,2025-02-18,149324,sip,3195,Karnataka,Bangalore,T30,26-35,Female,7.6,Net Banking,Verified
INV003592,2025-02-18,101206,sip,1002,Madhya Pradesh,Indore,T30,56+,Female,27.6,Mandate,Verified
INV001029,2025-02-18,118633,lumpsum,149209,Uttar Pradesh,Kanpur,B30,36-45,Male,44.2,Mandate,Verified
INV003498,2025-02-18,149322,sip,27642,West Bengal,Kolkata,T30,26-35,Male,19.0,UPI,Verified
INV004811,2025-02-18,120504,lumpsum,206804,Punjab,Amritsar,B30,26-35,Female,9.4,UPI,Verified
INV002813,2025-02-18,118632,sip,2811,Punjab,Chandigarh,T30,26-35,Male,13.5,UPI,Verified
INV003432,2025-02-18,119092,sip,2741,Uttar Pradesh,Agra,B30,56+,Female,11.2,UPI,Verified
INV002869,2025-02-18,119094,redemption,456362,Haryana,Faridabad,B30,26-35,Male,19.9,UPI,Verified
INV002490,2025-02-18,101207,sip,51182,Gujarat,Surat,T30,36-45,Female,28.1,Net Banking,Pending
INV001820,2025-02-18,148568,lumpsum,285926,Maharashtra,Mumbai,T30,36-45,Female,39.3,Mandate,Verified
INV000803,2025-02-18,125498,sip,2185,Karnataka,Mysore,B30,26-35,Female,20.6,Net Banking,Pending
INV003460,2025-02-18,120843,redemption,74537,Delhi,New Delhi,T30,26-35,Male,14.6,UPI,Verified
INV004101,2025-02-18,102886,lumpsum,349321,Telangana,Hyderabad,T30,46-55,Male,44.6,Cheque,Verified
INV002832,2025-02-18,119120,sip,8567,Uttar Pradesh,Lucknow,T30,26-35,Male,15.9,Net Banking,Verified
INV002246,2025-02-18,119552,lumpsum,287617,Maharashtra,Pune,T30,36-45,Male,31.2,Net Banking,Verified
INV001581,2025-02-18,119093,sip,5541,Madhya Pradesh,Indore,T30,18-25,Female,5.7,Mandate,Verified
INV002495,2025-02-18,102885,sip,12400,Maharashtra,Nashik,B30,26-35,Male,6.6,Mandate,Verified
INV001697,2025-02-18,119552,lumpsum,521987,Haryana,Gurugram,T30,18-25,Male,5.4,Mandate,Verified
INV001575,2025-02-18,125498,sip,2034,Karnataka,Bangalore,T30,26-35,Male,12.0,UPI,Verified
INV000190,2025-02-18,118632,sip,910,Madhya Pradesh,Indore,T30,26-35,Female,8.2,Cheque,Verified
INV001846,2025-02-18,119093,sip,2315,Uttar Pradesh,Kanpur,B30,56+,Male,72.3,Mandate,Verified
INV003478,2025-02-18,120842,sip,5122,Punjab,Chandigarh,T30,26-35,Male,21.2,Net Banking,Verified
INV002749,2025-02-18,119120,sip,44760,West Bengal,Kolkata,T30,46-55,Female,58.7,Net Banking,Pending
INV000220,2025-02-18,100016,sip,1062,Uttar Pradesh,Lucknow,T30,36-45,Male,48.1,UPI,Verified
INV004023,2025-02-18,149324,sip,10420,Tamil Nadu,Chennai,T30,46-55,Male,69.6,Mandate,Verified
INV000560,2025-02-18,119092,lumpsum,272743,Punjab,Chandigarh,T30,18-25,Male,3.4,Cheque,Verified
INV000072,2025-02-18,102886,lumpsum,445177,Gujarat,Ahmedabad,T30,18-25,Female,6.4,Net Banking,Verified
INV000630,2025-02-18,100016,sip,2194,Uttar Pradesh,Kanpur,B30,26-35,Male,18.9,Cheque,Verified
INV000604,2025-02-18,120842,sip,2727,Karnataka,Bangalore,T30,26-35,Male,9.5,Mandate,Pending
INV001182,2025-02-18,148567,redemption,159841,Punjab,Amritsar,B30,26-35,Male,9.1,Cheque,Verified
INV003743,2025-02-18,120505,redemption,367663,West Bengal,Kolkata,T30,46-55,Male,79.9,UPI,Verified
INV000048,2025-02-18,118633,lumpsum,78120,Rajasthan,Jaipur,T30,36-45,Female,15.0,Cheque,Verified
INV002514,2025-02-18,125498,sip,8206,Rajasthan,Udaipur,B30,18-25,Male,7.5,Net Banking,Verified
INV003993,2025-02-18,119094,lumpsum,123875,Tamil Nadu,Chennai,T30,46-55,Male,32.2,Mandate,Verified
INV000623,2025-02-18,119120,lumpsum,374697,Tamil Nadu,Chennai,T30,46-55,Male,48.9,Mandate,Verified
INV001953,2025-02-18,119093,lumpsum,462979,Haryana,Faridabad,B30,46-55,Male,55.0,Mandate,Verified
INV003936,2025-02-18,118633,sip,54546,Punjab,Chandigarh,T30,36-45,Male,19.8,Cheque,Verified
INV003734,2025-02-18,101208,sip,17434,Tamil Nadu,Coimbatore,B30,56+,Male,70.3,Net Banking,Verified
INV003163,2025-02-18,120842,redemption,71426,Punjab,Amritsar,B30,36-45,Female,47.5,Mandate,Verified
INV000070,2025-02-18,120507,redemption,208920,West Bengal,Kolkata,T30,56+,Female,20.1,Cheque,Verified
INV002549,2025-02-18,119598,sip,16534,Delhi,New Delhi,T30,26-35,Male,12.5,Cheque,Verified
INV001185,2025-02-18,118632,sip,15075,Haryana,Faridabad,B30,26-35,Female,22.5,UPI,Verified
INV003874,2025-02-18,100016,redemption,142396,Punjab,Amritsar,B30,26-35,Female,16.5,Net Banking,Verified
INV003865,2025-02-18,100033,redemption,272445,Gujarat,Ahmedabad,T30,18-25,Female,3.3,Cheque,Verified
INV002528,2025-02-18,118636,sip,9498,Gujarat,Ahmedabad,T30,46-55,Male,16.3,UPI,Verified
INV003258,2025-02-18,102887,sip,2152,Rajasthan,Udaipur,B30,26-35,Male,14.7,Net Banking,Verified
INV001324,2025-02-18,100016,lumpsum,427468,Delhi,New Delhi,T30,26-35,Male,24.8,Cheque,Verified
INV002520,2025-02-18,119551,redemption,97615,Tamil Nadu,Chennai,T30,36-45,Male,48.9,UPI,Verified
INV000039,2025-02-18,120842,sip,8927,Madhya Pradesh,Bhopal,B30,26-35,Male,6.5,Net Banking,Verified
INV000457,2025-02-18,118634,sip,4438,Haryana,Faridabad,B30,26-35,Female,22.3,Mandate,Verified
INV002996,2025-02-18,101208,sip,24184,Madhya Pradesh,Bhopal,B30,26-35,Male,20.7,Net Banking,Verified
INV002567,2025-02-18,101206,sip,26936,Madhya Pradesh,Indore,T30,36-45,Male,20.3,Cheque,Verified
INV003902,2025-02-18,119552,sip,3152,Karnataka,Mysore,B30,26-35,Male,23.1,Net Banking,Pending
INV004595,2025-02-19,119598,sip,974,Rajasthan,Udaipur,B30,36-45,Male,24.0,Cheque,Verified
INV002945,2025-02-19,120506,sip,26657,Maharashtra,Nashik,B30,26-35,Male,15.6,UPI,Verified
INV001852,2025-02-19,120505,redemption,239153,Telangana,Hyderabad,T30,26-35,Male,21.7,Net Banking,Verified
INV002729,2025-02-19,120507,lumpsum,472600,Uttar Pradesh,Kanpur,B30,26-35,Female,15.4,Net Banking,Verified
INV004996,2025-02-19,120507,sip,439,Delhi,New Delhi,T30,46-55,Male,87.8,Cheque,Verified
INV002943,2025-02-19,119552,sip,2152,Karnataka,Bangalore,T30,26-35,Female,7.6,Net Banking,Pending
INV002141,2025-02-19,118632,lumpsum,34641,Delhi,New Delhi,T30,46-55,Male,36.2,Cheque,Verified
INV004021,2025-02-19,120844,sip,27282,Uttar Pradesh,Kanpur,B30,36-45,Male,33.8,Mandate,Verified
INV002726,2025-02-19,120843,sip,2543,Gujarat,Ahmedabad,T30,36-45,Male,16.9,Cheque,Verified
INV002979,2025-02-19,119092,sip,27432,Punjab,Chandigarh,T30,36-45,Female,56.2,Cheque,Verified
INV000262,2025-02-19,119120,lumpsum,148609,Telangana,Hyderabad,T30,36-45,Male,47.6,Mandate,Verified
INV003289,2025-02-19,118632,redemption,23801,Uttar Pradesh,Lucknow,T30,26-35,Male,11.2,UPI,Verified
INV002030,2025-02-19,119094,sip,2979,Madhya Pradesh,Bhopal,B30,36-45,Male,31.7,Net Banking,Verified
INV000922,2025-02-19,148569,sip,7243,Karnataka,Mysore,B30,26-35,Male,22.4,Cheque,Verified
INV002950,2025-02-19,148568,sip,1132,Madhya Pradesh,Indore,T30,46-55,Female,37.4,Net Banking,Pending
INV003533,2025-02-19,119552,lumpsum,246828,Telangana,Hyderabad,T30,56+,Female,11.4,Mandate,Verified
INV003264,2025-02-19,102885,sip,2628,Haryana,Faridabad,B30,18-25,Male,4.9,Mandate,Verified
INV002077,2025-02-19,120503,lumpsum,473259,West Bengal,Kolkata,T30,18-25,Female,6.3,Cheque,Verified
INV003574,2025-02-19,102885,sip,12369,Haryana,Faridabad,B30,46-55,Male,48.4,Cheque,Verified
INV002674,2025-02-19,102886,sip,9185,Karnataka,Mysore,B30,26-35,Female,7.4,Mandate,Verified
INV001013,2025-02-19,100025,lumpsum,120293,Telangana,Hyderabad,T30,36-45,Male,40.6,Mandate,Verified
INV001095,2025-02-19,100016,sip,501,Maharashtra,Nashik,B30,18-25,Female,3.8,Mandate,Verified
INV001521,2025-02-19,125497,sip,1958,Haryana,Faridabad,B30,18-25,Male,4.9,Mandate,Verified
INV000097,2025-02-19,148568,sip,8704,Karnataka,Mysore,B30,18-25,Male,6.0,UPI,Verified
INV001105,2025-02-19,119094,sip,42337,West Bengal,Kolkata,T30,18-25,Female,3.4,Net Banking,Verified
INV002926,2025-02-19,118633,lumpsum,74748,Telangana,Hyderabad,T30,26-35,Male,16.6,Mandate,Verified
INV001540,2025-02-19,120504,sip,11097,Maharashtra,Pune,T30,26-35,Female,17.3,UPI,Pending
INV003952,2025-02-19,120506,sip,5420,Tamil Nadu,Chennai,T30,36-45,Male,48.8,UPI,Verified
INV002529,2025-02-19,101207,sip,5046,Maharashtra,Mumbai,T30,18-25,Female,5.3,UPI,Verified
INV000412,2025-02-19,125497,sip,5458,Rajasthan,Udaipur,B30,18-25,Male,7.4,Net Banking,Verified
INV003346,2025-02-19,119093,redemption,158361,Punjab,Chandigarh,T30,46-55,Male,16.7,Cheque,Verified
INV004717,2025-02-19,119095,sip,2224,Maharashtra,Nashik,B30,36-45,Female,12.6,UPI,Verified
INV001087,2025-02-19,119120,sip,1177,Rajasthan,Udaipur,B30,26-35,Female,20.6,Net Banking,Verified
INV003941,2025-02-19,120843,sip,4365,Rajasthan,Udaipur,B30,26-35,Male,8.0,Mandate,Verified
INV003581,2025-02-19,101208,lumpsum,152705,Tamil Nadu,Coimbatore,B30,56+,Male,15.3,UPI,Verified
INV004267,2025-02-19,120503,lumpsum,431798,Gujarat,Surat,T30,46-55,Male,99.7,UPI,Verified
INV001944,2025-02-19,149323,redemption,135716,Telangana,Hyderabad,T30,18-25,Male,4.4,Mandate,Verified
INV000545,2025-02-19,119092,sip,935,Telangana,Hyderabad,T30,26-35,Male,23.6,Mandate,Verified
INV000595,2025-02-19,148567,lumpsum,357452,Gujarat,Surat,T30,18-25,Male,7.6,Cheque,Verified
INV004733,2025-02-19,120841,redemption,319681,Telangana,Hyderabad,T30,18-25,Male,5.4,Net Banking,Verified
INV001760,2025-02-19,118633,sip,2383,Haryana,Faridabad,B30,46-55,Male,77.0,Cheque,Verified
INV002543,2025-02-19,119093,redemption,79586,Madhya Pradesh,Indore,T30,18-25,Female,7.7,Mandate,Verified
INV003408,2025-02-19,100016,lumpsum,469282,West Bengal,Kolkata,T30,18-25,Male,6.1,Mandate,Verified
INV001595,2025-02-19,118632,sip,8188,Gujarat,Ahmedabad,T30,56+,Male,78.5,UPI,Verified
INV000915,2025-02-19,118634,sip,6877,West Bengal,Kolkata,T30,36-45,Male,55.9,UPI,Verified
INV002067,2025-02-19,102887,sip,1002,Gujarat,Ahmedabad,T30,36-45,Female,46.2,Cheque,Verified
INV002808,2025-02-19,100025,sip,28450,Uttar Pradesh,Agra,B30,26-35,Male,24.1,UPI,Verified
INV001251,2025-02-19,118634,sip,6223,Punjab,Chandigarh,T30,26-35,Female,11.7,UPI,Verified
INV002718,2025-02-19,100016,lumpsum,155602,Telangana,Hyderabad,T30,36-45,Male,15.6,Net Banking,Verified
INV002846,2025-02-19,120842,sip,1973,Punjab,Amritsar,B30,36-45,Male,57.1,Mandate,Verified
INV000248,2025-02-19,125498,lumpsum,167852,Madhya Pradesh,Indore,T30,36-45,Female,28.6,Cheque,Verified
INV004578,2025-02-19,101206,sip,5426,Haryana,Gurugram,T30,26-35,Male,21.0,Mandate,Verified
INV000589,2025-02-19,120504,sip,2844,Uttar Pradesh,Kanpur,B30,18-25,Female,6.3,Mandate,Verified
INV002491,2025-02-19,118632,lumpsum,243227,Karnataka,Mysore,B30,18-25,Male,4.4,Mandate,Verified
INV003466,2025-02-19,119095,redemption,480319,West Bengal,Kolkata,T30,36-45,Male,17.2,Mandate,Verified
INV001319,2025-02-19,120844,sip,20977,Delhi,Gurugram,T30,26-35,Female,20.8,Mandate,Verified
INV002647,2025-02-19,118633,redemption,434550,Rajasthan,Jaipur,T30,46-55,Male,87.0,UPI,Verified
INV003794,2025-02-19,120842,lumpsum,43475,Gujarat,Ahmedabad,T30,26-35,Male,22.1,Net Banking,Verified
INV000226,2025-02-19,119551,sip,16472,West Bengal,Kolkata,T30,36-45,Female,39.3,Cheque,Verified
INV001219,2025-02-19,119094,redemption,295098,West Bengal,Kolkata,T30,26-35,Male,18.4,Mandate,Verified
INV001858,2025-02-19,149323,sip,2901,Punjab,Amritsar,B30,36-45,Male,16.6,Net Banking,Verified
INV004640,2025-02-20,148567,sip,11182,Telangana,Hyderabad,T30,36-45,Male,46.5,Net Banking,Verified
INV001180,2025-02-20,120504,sip,13876,Telangana,Hyderabad,T30,26-35,Male,10.5,Net Banking,Verified
INV002080,2025-02-20,102885,sip,52668,Tamil Nadu,Coimbatore,B30,26-35,Male,21.3,Mandate,Verified
INV003362,2025-02-20,119551,sip,6961,Karnataka,Bangalore,T30,36-45,Female,22.6,Net Banking,Verified
INV004997,2025-02-20,119599,sip,29417,Tamil Nadu,Coimbatore,B30,36-45,Female,54.3,Mandate,Verified
INV003518,2025-02-20,118634,sip,2035,Madhya Pradesh,Bhopal,B30,26-35,Male,6.7,Mandate,Verified
INV003361,2025-02-20,120844,redemption,56502,Madhya Pradesh,Indore,T30,36-45,Male,19.9,Mandate,Verified
INV004246,2025-02-20,149322,redemption,197132,West Bengal,Kolkata,T30,36-45,Female,12.2,Cheque,Verified
INV000388,2025-02-20,148568,sip,8948,Maharashtra,Nashik,B30,36-45,Male,33.6,Net Banking,Verified
INV000521,2025-02-20,118636,lumpsum,156843,West Bengal,Kolkata,T30,26-35,Male,9.7,Cheque,Verified
INV000957,2025-02-20,149322,lumpsum,246977,Madhya Pradesh,Bhopal,B30,36-45,Male,38.2,Net Banking,Pending
INV001598,2025-02-20,101206,sip,3087,Tamil Nadu,Coimbatore,B30,36-45,Male,48.2,UPI,Verified
INV004992,2025-02-20,118633,sip,50202,Rajasthan,Udaipur,B30,26-35,Male,11.1,UPI,Verified
INV003862,2025-02-20,120506,sip,402,Madhya Pradesh,Indore,T30,26-35,Male,17.0,Cheque,Verified
INV001422,2025-02-20,120507,lumpsum,169334,Punjab,Amritsar,B30,36-45,Male,38.6,Net Banking,Verified
INV002628,2025-02-20,125498,sip,2922,Uttar Pradesh,Agra,B30,26-35,Male,16.4,Cheque,Verified
INV001518,2025-02-20,101206,lumpsum,418653,Karnataka,Mysore,B30,18-25,Male,3.9,Cheque,Verified
INV001589,2025-02-20,118635,sip,24681,Maharashtra,Nashik,B30,26-35,Female,7.5,Cheque,Verified
INV002698,2025-02-20,100016,redemption,243598,Maharashtra,Pune,T30,26-35,Male,20.9,Mandate,Verified
INV004568,2025-02-20,125497,sip,29668,Karnataka,Mysore,B30,18-25,Male,7.3,Cheque,Verified
INV000291,2025-02-20,148568,lumpsum,328665,Madhya Pradesh,Indore,T30,18-25,Female,6.2,Net Banking,Verified
INV003864,2025-02-20,102885,sip,24371,Gujarat,Ahmedabad,T30,36-45,Female,49.8,UPI,Verified
INV004487,2025-02-20,120507,sip,52474,Maharashtra,Nashik,B30,26-35,Female,24.4,Mandate,Verified
INV000225,2025-02-20,119120,sip,536,Delhi,New Delhi,T30,56+,Male,44.0,Cheque,Verified
INV002935,2025-02-20,120504,sip,2769,Madhya Pradesh,Indore,T30,18-25,Male,5.6,UPI,Pending
INV001804,2025-02-20,101207,sip,25309,Punjab,Amritsar,B30,26-35,Male,20.1,Cheque,Verified
INV003078,2025-02-20,101207,sip,2114,Haryana,Gurugram,T30,36-45,Male,57.5,Net Banking,Verified
INV003586,2025-02-20,118634,sip,58291,Haryana,Faridabad,B30,46-55,Male,68.9,UPI,Verified
INV002461,2025-02-20,149322,redemption,346865,West Bengal,Kolkata,T30,26-35,Male,19.5,Cheque,Verified
INV001934,2025-02-20,102885,sip,12661,West Bengal,Kolkata,T30,46-55,Female,77.4,Net Banking,Verified
INV000512,2025-02-20,118632,sip,3087,Punjab,Amritsar,B30,46-55,Male,82.6,UPI,Verified
INV000771,2025-02-20,148567,lumpsum,164106,Rajasthan,Udaipur,B30,26-35,Male,10.9,UPI,Verified
INV002691,2025-02-20,119598,lumpsum,141995,Tamil Nadu,Coimbatore,B30,26-35,Female,20.6,Mandate,Verified
INV003630,2025-02-20,148569,sip,542,Karnataka,Bangalore,T30,18-25,Female,4.9,Net Banking,Verified
INV003791,2025-02-20,148568,lumpsum,251641,Tamil Nadu,Coimbatore,B30,46-55,Male,77.4,Mandate,Pending
INV000519,2025-02-20,100016,sip,53993,Haryana,Faridabad,B30,26-35,Female,6.3,Cheque,Verified
INV003972,2025-02-20,100025,sip,23747,Uttar Pradesh,Agra,B30,26-35,Male,10.2,Cheque,Verified
INV004267,2025-02-20,119093,sip,8239,Gujarat,Surat,T30,46-55,Male,99.7,Cheque,Verified
INV001781,2025-02-20,119552,sip,2305,Punjab,Amritsar,B30,36-45,Male,58.6,Mandate,Verified
INV004609,2025-02-20,101206,sip,7069,Karnataka,Bangalore,T30,26-35,Female,10.3,UPI,Verified
INV000781,2025-02-20,120841,lumpsum,558927,Delhi,Gurugram,T30,26-35,Male,6.8,UPI,Verified
INV000293,2025-02-20,119093,lumpsum,100607,Karnataka,Mysore,B30,26-35,Female,19.3,UPI,Verified
INV001269,2025-02-20,119093,lumpsum,376340,Maharashtra,Mumbai,T30,26-35,Male,14.4,Net Banking,Pending
INV001371,2025-02-20,119599,lumpsum,214285,Tamil Nadu,Coimbatore,B30,26-35,Male,22.9,Net Banking,Verified
INV000118,2025-02-20,100016,sip,3440,Telangana,Hyderabad,T30,26-35,Male,20.2,Mandate,Verified
INV000566,2025-02-20,125497,sip,41899,Uttar Pradesh,Agra,B30,36-45,Male,18.2,Mandate,Verified
INV000750,2025-02-20,120504,sip,52721,Delhi,New Delhi,T30,26-35,Male,20.9,Cheque,Verified
INV004325,2025-02-20,101206,lumpsum,333692,Rajasthan,Jaipur,T30,36-45,Male,26.3,Cheque,Verified
INV002570,2025-02-20,100025,sip,420,Punjab,Chandigarh,T30,36-45,Male,55.3,Mandate,Verified
INV004598,2025-02-20,101207,sip,2145,Tamil Nadu,Chennai,T30,46-55,Male,60.5,UPI,Verified
INV002666,2025-02-20,102885,sip,2643,Madhya Pradesh,Bhopal,B30,46-55,Female,93.7,Cheque,Verified
INV000400,2025-02-20,100025,sip,547,Punjab,Chandigarh,T30,26-35,Male,22.1,Mandate,Verified
INV004913,2025-02-20,101207,lumpsum,353175,Rajasthan,Udaipur,B30,26-35,Male,8.6,Mandate,Verified
INV004300,2025-02-20,118635,sip,4055,West Bengal,Kolkata,T30,26-35,Male,12.4,Net Banking,Verified
INV003292,2025-02-20,125497,sip,2584,Uttar Pradesh,Kanpur,B30,56+,Female,55.0,Cheque,Verified
INV000359,2025-02-20,120505,sip,2619,Tamil Nadu,Chennai,T30,18-25,Male,3.1,Net Banking,Verified
INV003650,2025-02-20,118636,redemption,459394,Telangana,Hyderabad,T30,46-55,Male,87.3,Net Banking,Verified
INV001738,2025-02-20,118633,sip,28281,Karnataka,Bangalore,T30,36-45,Female,41.2,Mandate,Verified
INV002707,2025-02-20,119095,lumpsum,466016,Maharashtra,Mumbai,T30,26-35,Male,24.7,Cheque,Verified
INV001624,2025-02-20,100025,sip,4481,Uttar Pradesh,Lucknow,T30,26-35,Female,18.4,Cheque,Verified
INV001157,2025-02-20,118633,redemption,22397,Tamil Nadu,Coimbatore,B30,36-45,Female,23.0,Mandate,Verified
INV003436,2025-02-20,119552,lumpsum,265900,Maharashtra,Mumbai,T30,36-45,Female,54.4,Mandate,Pending
INV001067,2025-02-20,101207,redemption,172400,Haryana,Gurugram,T30,26-35,Male,16.6,Net Banking,Verified
INV000164,2025-02-20,118634,sip,1073,Rajasthan,Udaipur,B30,18-25,Male,6.0,UPI,Verified
INV002726,2025-02-20,101207,sip,8112,Gujarat,Ahmedabad,T30,36-45,Male,16.9,UPI,Verified
INV000593,2025-02-20,119552,lumpsum,331439,Telangana,Hyderabad,T30,56+,Male,50.2,Mandate,Verified
INV002500,2025-02-20,100025,lumpsum,157897,Delhi,New Delhi,T30,26-35,Male,14.7,UPI,Pending
INV000912,2025-02-20,100016,lumpsum,112194,Haryana,Faridabad,B30,36-45,Male,26.7,UPI,Verified
INV000299,2025-02-21,149323,sip,4108,Delhi,Noida,T30,26-35,Male,24.4,Net Banking,Verified
INV002801,2025-02-21,125498,sip,2883,Madhya Pradesh,Indore,T30,18-25,Male,6.4,Cheque,Verified
INV000297,2025-02-21,118635,lumpsum,445880,Gujarat,Ahmedabad,T30,26-35,Male,13.0,UPI,Pending
INV003871,2025-02-21,118633,sip,20219,Uttar Pradesh,Agra,B30,18-25,Male,7.6,Net Banking,Pending
INV003375,2025-02-21,119598,sip,23537,Telangana,Hyderabad,T30,56+,Female,62.2,Mandate,Verified
INV002603,2025-02-21,125498,lumpsum,109689,Haryana,Gurugram,T30,36-45,Male,28.4,UPI,Verified
INV004984,2025-02-21,149324,redemption,450123,Uttar Pradesh,Agra,B30,46-55,Female,78.8,Mandate,Verified
INV000425,2025-02-21,119095,sip,8420,Rajasthan,Jaipur,T30,56+,Male,77.2,Mandate,Verified
INV000294,2025-02-21,120842,lumpsum,267432,Maharashtra,Nashik,B30,36-45,Female,30.8,Net Banking,Verified
INV003601,2025-02-21,118632,sip,2946,Haryana,Faridabad,B30,26-35,Female,17.0,UPI,Verified
INV001950,2025-02-21,101208,sip,5154,Maharashtra,Pune,T30,26-35,Female,6.0,Net Banking,Verified
INV001317,2025-02-21,148568,lumpsum,226370,Punjab,Chandigarh,T30,26-35,Female,8.9,Cheque,Verified
INV003229,2025-02-21,120841,sip,4946,Maharashtra,Mumbai,T30,46-55,Female,64.4,UPI,Verified
INV003832,2025-02-21,100033,lumpsum,10805,Karnataka,Mysore,B30,46-55,Male,34.4,Mandate,Verified
INV003595,2025-02-21,125498,redemption,23914,Tamil Nadu,Coimbatore,B30,56+,Female,74.5,UPI,Verified
INV004645,2025-02-21,148567,sip,15804,Telangana,Hyderabad,T30,26-35,Female,10.9,UPI,Verified
INV004712,2025-02-21,102885,sip,2644,Uttar Pradesh,Kanpur,B30,36-45,Male,55.7,UPI,Verified
INV003107,2025-02-21,120506,sip,1086,Haryana,Gurugram,T30,18-25,Female,6.2,Net Banking,Verified
INV004955,2025-02-21,120843,lumpsum,277207,Madhya Pradesh,Bhopal,B30,46-55,Male,63.3,Net Banking,Verified
INV000496,2025-02-21,149323,lumpsum,369231,Maharashtra,Mumbai,T30,36-45,Male,14.3,Cheque,Verified
INV004617,2025-02-21,102885,lumpsum,364452,Karnataka,Bangalore,T30,26-35,Male,22.1,Mandate,Verified
INV002013,2025-02-21,100025,sip,13448,Rajasthan,Jaipur,T30,46-55,Male,30.2,Net Banking,Verified
INV001673,2025-02-21,118635,sip,2656,West Bengal,Kolkata,T30,26-35,Male,23.0,Net Banking,Verified
INV001536,2025-02-21,149322,sip,14470,Karnataka,Mysore,B30,26-35,Male,17.9,Mandate,Verified
INV002007,2025-02-21,120506,sip,6977,Haryana,Faridabad,B30,18-25,Male,4.2,Mandate,Verified
INV002154,2025-02-21,149324,sip,27626,Uttar Pradesh,Lucknow,T30,36-45,Male,40.5,UPI,Verified
INV001378,2025-02-21,119598,lumpsum,256832,Delhi,Noida,T30,36-45,Male,21.1,Cheque,Verified
INV002170,2025-02-21,120503,redemption,238529,Delhi,New Delhi,T30,26-35,Female,14.7,Mandate,Pending
INV002764,2025-02-21,118632,lumpsum,284114,Madhya Pradesh,Bhopal,B30,36-45,Male,40.8,Net Banking,Verified
INV000709,2025-02-21,120505,sip,1004,Telangana,Hyderabad,T30,26-35,Female,13.6,Net Banking,Verified
INV004356,2025-02-21,120505,sip,5937,West Bengal,Kolkata,T30,36-45,Male,37.3,Mandate,Verified
INV003328,2025-02-21,149322,sip,1967,Karnataka,Mysore,B30,26-35,Female,14.2,Cheque,Verified
INV001617,2025-02-21,119095,redemption,83494,Maharashtra,Pune,T30,26-35,Male,8.6,Mandate,Verified
INV000521,2025-02-21,125497,redemption,393931,West Bengal,Kolkata,T30,26-35,Male,9.7,Mandate,Verified
INV003027,2025-02-21,119551,lumpsum,337891,Telangana,Hyderabad,T30,26-35,Male,20.8,Mandate,Verified
INV004772,2025-02-21,120507,lumpsum,96677,Gujarat,Ahmedabad,T30,46-55,Male,26.1,UPI,Verified
INV001699,2025-02-21,118633,sip,26491,Madhya Pradesh,Indore,T30,26-35,Male,24.6,UPI,Verified
INV004515,2025-02-21,118636,sip,1054,Rajasthan,Udaipur,B30,18-25,Female,5.2,Mandate,Verified
INV002546,2025-02-21,102885,lumpsum,223429,Gujarat,Surat,T30,26-35,Male,19.3,Cheque,Verified
INV004474,2025-02-21,102886,sip,4409,West Bengal,Kolkata,T30,46-55,Male,16.5,UPI,Pending
INV003641,2025-02-21,148569,sip,582,Telangana,Hyderabad,T30,26-35,Female,13.1,UPI,Verified
INV000431,2025-02-21,119094,redemption,291337,Madhya Pradesh,Bhopal,B30,18-25,Female,4.6,Net Banking,Verified
INV004599,2025-02-21,125498,lumpsum,395966,West Bengal,Kolkata,T30,36-45,Male,22.8,UPI,Verified
INV004660,2025-02-21,119599,sip,4993,Uttar Pradesh,Agra,B30,18-25,Male,4.9,Net Banking,Verified
INV000847,2025-02-21,102885,redemption,310007,West Bengal,Kolkata,T30,26-35,Female,17.8,Mandate,Verified
INV001518,2025-02-21,119599,sip,16494,Karnataka,Mysore,B30,18-25,Male,3.9,Cheque,Verified
INV001970,2025-02-21,120507,lumpsum,112857,Gujarat,Surat,T30,36-45,Male,55.1,Cheque,Verified
INV000671,2025-02-21,100025,sip,7009,Uttar Pradesh,Agra,B30,36-45,Female,15.3,Net Banking,Verified
INV000457,2025-02-21,120507,sip,15483,Haryana,Faridabad,B30,26-35,Female,22.3,Net Banking,Verified
INV003332,2025-02-21,119093,sip,50213,Uttar Pradesh,Kanpur,B30,46-55,Male,83.2,Net Banking,Verified
INV000566,2025-02-21,120843,sip,530,Uttar Pradesh,Agra,B30,36-45,Male,18.2,Cheque,Verified
INV003094,2025-02-21,120842,sip,17401,Karnataka,Mysore,B30,46-55,Male,59.7,Cheque,Verified
INV001099,2025-02-21,125497,lumpsum,6693,Haryana,Gurugram,T30,26-35,Female,18.9,Cheque,Verified
INV000284,2025-02-21,125498,sip,50193,Karnataka,Mysore,B30,26-35,Male,7.0,UPI,Verified
INV003110,2025-02-21,119599,sip,2954,Rajasthan,Jaipur,T30,26-35,Male,9.0,UPI,Verified
INV001744,2025-02-21,119551,lumpsum,155268,Karnataka,Mysore,B30,26-35,Male,15.9,Net Banking,Verified
INV004484,2025-02-21,118632,sip,4232,Punjab,Amritsar,B30,46-55,Male,61.9,Mandate,Verified
INV004754,2025-02-21,120505,redemption,368154,Telangana,Hyderabad,T30,36-45,Female,51.5,Cheque,Verified
INV002613,2025-02-21,118632,sip,2624,Karnataka,Bangalore,T30,46-55,Female,44.3,Cheque,Verified
INV001041,2025-02-21,118633,sip,2001,Madhya Pradesh,Bhopal,B30,18-25,Male,5.1,UPI,Verified
INV004896,2025-02-21,119120,sip,49717,Uttar Pradesh,Agra,B30,18-25,Female,3.5,Mandate,Verified
INV000531,2025-02-21,118632,sip,55911,Delhi,Gurugram,T30,56+,Male,64.9,UPI,Verified
INV000666,2025-02-21,120842,redemption,436788,Maharashtra,Mumbai,T30,36-45,Male,49.7,UPI,Verified
INV002983,2025-02-21,101206,sip,12409,Karnataka,Mysore,B30,18-25,Male,6.2,Mandate,Verified
INV000833,2025-02-21,120504,sip,7460,Maharashtra,Nashik,B30,18-25,Male,4.4,UPI,Verified
INV002989,2025-02-21,118635,redemption,40567,Haryana,Faridabad,B30,46-55,Male,16.3,Net Banking,Verified
INV002551,2025-02-21,120842,redemption,273225,West Bengal,Kolkata,T30,18-25,Female,5.9,UPI,Verified
INV002637,2025-02-21,120503,lumpsum,353663,Telangana,Hyderabad,T30,26-35,Male,14.4,Cheque,Verified
INV003926,2025-02-21,100016,redemption,185245,West Bengal,Kolkata,T30,46-55,Male,92.8,Cheque,Verified
INV001705,2025-02-21,119094,redemption,492988,Haryana,Faridabad,B30,46-55,Male,84.3,Mandate,Verified
INV003129,2025-02-21,101208,redemption,20228,Haryana,Gurugram,T30,36-45,Female,33.4,Mandate,Verified
INV001816,2025-02-22,100033,redemption,50042,Telangana,Hyderabad,T30,26-35,Male,9.0,Mandate,Pending
INV003097,2025-02-22,100033,sip,7790,Punjab,Chandigarh,T30,26-35,Male,21.5,Mandate,Verified
INV000655,2025-02-22,119552,redemption,171345,Karnataka,Bangalore,T30,26-35,Male,8.0,Cheque,Verified
INV003772,2025-02-22,119551,redemption,449830,Punjab,Amritsar,B30,18-25,Female,6.8,Net Banking,Verified
INV004165,2025-02-22,120505,lumpsum,326983,West Bengal,Kolkata,T30,26-35,Male,9.3,Net Banking,Verified
INV002013,2025-02-22,148569,sip,8346,Rajasthan,Jaipur,T30,46-55,Male,30.2,UPI,Verified
INV001811,2025-02-22,118633,sip,12366,Punjab,Amritsar,B30,18-25,Male,7.8,UPI,Pending
INV004502,2025-02-22,125497,lumpsum,576838,Rajasthan,Udaipur,B30,36-45,Male,59.0,UPI,Verified
INV003036,2025-02-22,119095,sip,9305,Telangana,Hyderabad,T30,26-35,Male,18.2,Cheque,Verified
INV000288,2025-02-22,125497,sip,583,Telangana,Hyderabad,T30,26-35,Male,10.1,UPI,Pending
INV002817,2025-02-22,120505,sip,8542,Gujarat,Ahmedabad,T30,26-35,Male,15.8,Cheque,Verified
INV000526,2025-02-22,100025,lumpsum,519307,Tamil Nadu,Coimbatore,B30,26-35,Female,16.5,Cheque,Verified
INV001608,2025-02-22,118635,redemption,337862,Delhi,Gurugram,T30,26-35,Male,13.1,Net Banking,Verified
INV000816,2025-02-22,120505,redemption,294353,Uttar Pradesh,Lucknow,T30,36-45,Male,26.0,Cheque,Verified
INV001351,2025-02-22,100025,sip,3458,Uttar Pradesh,Kanpur,B30,26-35,Male,8.5,Net Banking,Verified
INV002343,2025-02-22,120844,sip,46835,Punjab,Amritsar,B30,26-35,Male,22.1,Net Banking,Verified
INV000207,2025-02-22,118632,sip,3008,Madhya Pradesh,Indore,T30,26-35,Female,18.0,UPI,Verified
INV001978,2025-02-22,119094,sip,2406,Telangana,Hyderabad,T30,36-45,Male,15.5,Mandate,Verified
INV003815,2025-02-22,118633,lumpsum,57210,Gujarat,Surat,T30,36-45,Male,38.7,Cheque,Verified
INV003033,2025-02-22,120842,lumpsum,211339,Gujarat,Ahmedabad,T30,36-45,Male,17.3,Net Banking,Verified
INV002846,2025-02-22,149324,sip,5222,Punjab,Amritsar,B30,36-45,Male,57.1,Net Banking,Verified
INV003747,2025-02-22,119093,redemption,363934,Madhya Pradesh,Indore,T30,26-35,Female,21.7,UPI,Verified
INV004595,2025-02-22,120842,lumpsum,276473,Rajasthan,Udaipur,B30,36-45,Male,24.0,Mandate,Verified
INV002796,2025-02-22,148568,sip,55799,Telangana,Hyderabad,T30,36-45,Male,48.8,Net Banking,Verified
INV004951,2025-02-22,148568,sip,1187,Karnataka,Mysore,B30,26-35,Female,7.5,Cheque,Verified
INV000596,2025-02-22,119093,sip,20604,Madhya Pradesh,Indore,T30,56+,Male,21.3,Cheque,Verified
INV002088,2025-02-22,118636,sip,5526,Rajasthan,Jaipur,T30,46-55,Female,43.7,UPI,Verified
INV002784,2025-02-22,120842,redemption,119312,Karnataka,Mysore,B30,26-35,Male,17.7,Net Banking,Pending
INV001746,2025-02-22,120507,redemption,165181,Rajasthan,Udaipur,B30,26-35,Male,11.2,Cheque,Verified
INV001176,2025-02-22,118635,sip,4322,Delhi,Noida,T30,18-25,Male,6.5,Cheque,Verified
INV000455,2025-02-22,125497,sip,1621,Punjab,Chandigarh,T30,18-25,Male,3.2,Cheque,Verified
INV003806,2025-02-22,102887,sip,1694,Karnataka,Bangalore,T30,26-35,Male,14.7,Cheque,Verified
INV002040,2025-02-22,100033,redemption,417312,Karnataka,Mysore,B30,36-45,Female,49.1,Mandate,Verified
INV000516,2025-02-22,101208,sip,1004,Uttar Pradesh,Lucknow,T30,36-45,Male,27.3,Cheque,Verified
INV000987,2025-02-22,118634,lumpsum,66096,Punjab,Amritsar,B30,26-35,Male,18.7,Cheque,Verified
INV004182,2025-02-22,120505,sip,5273,Delhi,New Delhi,T30,26-35,Male,10.8,Cheque,Verified
INV000301,2025-02-22,102886,sip,59918,Gujarat,Ahmedabad,T30,56+,Male,14.8,UPI,Verified
INV004504,2025-02-22,101208,sip,4102,Telangana,Hyderabad,T30,46-55,Male,46.3,Net Banking,Verified
INV000891,2025-02-22,119095,sip,564,Gujarat,Surat,T30,26-35,Male,20.9,UPI,Verified
INV003100,2025-02-22,119598,lumpsum,74599,Telangana,Hyderabad,T30,26-35,Male,16.5,UPI,Verified
INV001765,2025-02-22,118633,sip,422,Uttar Pradesh,Kanpur,B30,46-55,Male,95.2,Mandate,Verified
INV002603,2025-02-22,119120,sip,23608,Haryana,Gurugram,T30,36-45,Male,28.4,Cheque,Verified
INV004737,2025-02-22,125497,sip,2216,Madhya Pradesh,Indore,T30,46-55,Male,98.4,Net Banking,Verified
INV001591,2025-02-22,118634,lumpsum,71295,Rajasthan,Jaipur,T30,56+,Male,28.1,Cheque,Verified
INV003043,2025-02-22,119551,sip,1033,Karnataka,Bangalore,T30,26-35,Male,21.2,Cheque,Verified
INV000511,2025-02-22,118634,sip,529,Punjab,Chandigarh,T30,46-55,Male,88.7,Cheque,Verified
INV003581,2025-02-22,119598,sip,21724,Tamil Nadu,Coimbatore,B30,56+,Male,15.3,Cheque,Verified
INV000949,2025-02-22,118632,redemption,235145,Tamil Nadu,Coimbatore,B30,26-35,Male,11.2,Net Banking,Verified
INV000038,2025-02-22,118635,lumpsum,46523,West Bengal,Kolkata,T30,56+,Female,22.4,Cheque,Verified
INV001516,2025-02-22,102887,redemption,136665,Tamil Nadu,Coimbatore,B30,26-35,Male,22.0,Net Banking,Verified
INV003639,2025-02-22,101208,lumpsum,238518,Telangana,Hyderabad,T30,36-45,Female,22.9,UPI,Pending
INV003073,2025-02-22,119093,lumpsum,327891,Punjab,Amritsar,B30,26-35,Male,11.9,Cheque,Verified
INV002711,2025-02-22,118636,sip,29017,Haryana,Gurugram,T30,26-35,Male,12.4,Cheque,Verified
INV004635,2025-02-22,118636,sip,469,Punjab,Chandigarh,T30,18-25,Male,4.4,Cheque,Verified
INV000366,2025-02-22,101207,lumpsum,371302,Telangana,Hyderabad,T30,36-45,Male,55.4,Net Banking,Verified
INV002582,2025-02-22,102887,sip,1970,Telangana,Hyderabad,T30,26-35,Female,11.1,UPI,Verified
INV001841,2025-02-22,119120,sip,6795,Madhya Pradesh,Bhopal,B30,36-45,Male,41.3,Cheque,Verified
INV003338,2025-02-22,148567,sip,12861,Haryana,Faridabad,B30,46-55,Male,69.2,Mandate,Verified
INV000706,2025-02-22,148569,sip,8177,Telangana,Hyderabad,T30,26-35,Female,7.3,Mandate,Verified
INV000702,2025-02-22,148568,sip,10284,Tamil Nadu,Coimbatore,B30,46-55,Female,94.1,Net Banking,Verified
INV001909,2025-02-22,118632,sip,541,Telangana,Hyderabad,T30,36-45,Male,34.2,Net Banking,Verified
INV004920,2025-02-23,119552,sip,5804,Rajasthan,Jaipur,T30,56+,Male,16.3,UPI,Verified
INV002727,2025-02-23,102886,redemption,55312,Madhya Pradesh,Bhopal,B30,26-35,Female,6.3,Net Banking,Verified
INV003437,2025-02-23,102885,sip,854,Punjab,Amritsar,B30,46-55,Female,51.0,Cheque,Verified
INV003562,2025-02-23,101206,sip,29496,West Bengal,Kolkata,T30,26-35,Female,11.8,UPI,Verified
INV004284,2025-02-23,120843,sip,23457,Rajasthan,Udaipur,B30,36-45,Male,40.7,Cheque,Verified
INV004970,2025-02-23,102887,sip,804,Maharashtra,Nashik,B30,36-45,Female,27.6,Net Banking,Verified
INV004896,2025-02-23,102887,sip,41615,Uttar Pradesh,Agra,B30,18-25,Female,3.5,UPI,Verified
INV001851,2025-02-23,120842,redemption,138117,Gujarat,Ahmedabad,T30,26-35,Male,16.2,Cheque,Verified
INV001485,2025-02-23,118632,sip,14582,Rajasthan,Jaipur,T30,56+,Female,24.4,Mandate,Verified
INV004938,2025-02-23,149323,sip,2285,Karnataka,Bangalore,T30,18-25,Male,6.3,UPI,Verified
INV004160,2025-02-23,119598,sip,5369,Uttar Pradesh,Kanpur,B30,18-25,Male,3.9,UPI,Verified
INV001557,2025-02-23,120506,lumpsum,22011,Haryana,Gurugram,T30,26-35,Female,10.5,UPI,Verified
INV003288,2025-02-23,118633,lumpsum,319941,Punjab,Chandigarh,T30,56+,Male,57.9,Net Banking,Verified
INV003980,2025-02-23,148568,sip,13197,West Bengal,Kolkata,T30,26-35,Male,7.1,Net Banking,Pending
INV004770,2025-02-23,119598,sip,52814,Gujarat,Surat,T30,18-25,Female,5.2,Mandate,Verified
INV002179,2025-02-23,149322,sip,579,Haryana,Gurugram,T30,26-35,Female,12.0,Cheque,Verified
INV004608,2025-02-23,101206,sip,21775,Karnataka,Bangalore,T30,26-35,Female,23.3,Mandate,Verified
INV001287,2025-02-23,119599,sip,2692,Telangana,Hyderabad,T30,36-45,Female,19.1,Cheque,Verified
INV004819,2025-02-23,125498,sip,2789,Telangana,Hyderabad,T30,26-35,Female,14.8,Mandate,Verified
INV002149,2025-02-23,120503,sip,451,Tamil Nadu,Coimbatore,B30,26-35,Male,21.8,Net Banking,Verified
INV003119,2025-02-23,120506,sip,57764,Karnataka,Bangalore,T30,18-25,Female,4.6,Cheque,Verified
INV000459,2025-02-23,119092,lumpsum,297535,West Bengal,Kolkata,T30,26-35,Female,21.5,Cheque,Pending
INV001649,2025-02-23,125497,sip,2693,Telangana,Hyderabad,T30,36-45,Male,51.5,Mandate,Verified
INV002043,2025-02-23,100033,sip,1994,Uttar Pradesh,Lucknow,T30,18-25,Male,6.7,Mandate,Verified
INV004152,2025-02-23,119094,sip,55588,Rajasthan,Udaipur,B30,56+,Male,44.0,UPI,Verified
INV000829,2025-02-23,120504,redemption,410412,West Bengal,Kolkata,T30,26-35,Female,23.1,Mandate,Verified
INV004366,2025-02-23,101208,sip,2099,Delhi,New Delhi,T30,46-55,Female,81.1,Mandate,Verified
INV002689,2025-02-23,101207,sip,1089,Madhya Pradesh,Bhopal,B30,26-35,Male,7.4,Mandate,Verified
INV003744,2025-02-23,149324,sip,7041,Karnataka,Mysore,B30,18-25,Female,4.1,Mandate,Pending
INV004756,2025-02-23,101207,lumpsum,435710,Gujarat,Surat,T30,46-55,Male,41.1,Mandate,Verified
INV002773,2025-02-23,101207,sip,26415,Karnataka,Mysore,B30,36-45,Female,28.0,UPI,Verified
INV001718,2025-02-23,120507,lumpsum,42371,Gujarat,Ahmedabad,T30,26-35,Male,11.3,Cheque,Verified
INV001648,2025-02-23,120506,sip,568,Telangana,Hyderabad,T30,46-55,Female,96.8,Cheque,Verified
INV001537,2025-02-23,118634,sip,2027,Madhya Pradesh,Indore,T30,46-55,Male,74.7,Mandate,Verified
INV000065,2025-02-23,119598,redemption,225321,Maharashtra,Mumbai,T30,46-55,Female,43.2,UPI,Verified
INV001640,2025-02-23,148567,lumpsum,188983,Rajasthan,Jaipur,T30,36-45,Female,52.6,Cheque,Verified
INV001705,2025-02-23,125498,redemption,259990,Haryana,Faridabad,B30,46-55,Male,84.3,UPI,Verified
INV001520,2025-02-23,119094,sip,7441,Maharashtra,Nashik,B30,36-45,Female,29.7,Mandate,Verified
INV000371,2025-02-23,149324,sip,24445,Uttar Pradesh,Agra,B30,26-35,Male,14.6,UPI,Verified
INV002903,2025-02-23,148567,sip,8683,Madhya Pradesh,Indore,T30,36-45,Male,45.0,Cheque,Verified
INV004771,2025-02-23,125498,lumpsum,145696,Tamil Nadu,Coimbatore,B30,18-25,Male,6.6,Net Banking,Verified
INV004363,2025-02-23,119092,lumpsum,126659,Delhi,Noida,T30,26-35,Male,20.5,UPI,Verified
INV002149,2025-02-23,149323,lumpsum,15560,Tamil Nadu,Coimbatore,B30,26-35,Male,21.8,Net Banking,Verified
INV003732,2025-02-23,118636,sip,2446,West Bengal,Kolkata,T30,36-45,Male,56.1,Cheque,Verified
INV000133,2025-02-23,120841,sip,26645,Karnataka,Bangalore,T30,26-35,Female,11.5,Cheque,Verified
INV003034,2025-02-23,120505,sip,57925,Tamil Nadu,Chennai,T30,26-35,Male,7.2,Mandate,Verified
INV001372,2025-02-23,100025,sip,27750,Haryana,Faridabad,B30,56+,Male,46.7,Net Banking,Verified
INV003150,2025-02-23,119598,lumpsum,442408,Gujarat,Ahmedabad,T30,26-35,Female,13.6,UPI,Verified
INV003630,2025-02-23,149322,lumpsum,131057,Karnataka,Bangalore,T30,18-25,Female,4.9,Net Banking,Verified
INV003232,2025-02-23,120504,lumpsum,355770,Maharashtra,Pune,T30,36-45,Female,30.9,UPI,Pending
INV000357,2025-02-23,101206,sip,28809,Rajasthan,Udaipur,B30,26-35,Male,24.5,Mandate,Verified
INV001021,2025-02-23,120503,sip,2780,Maharashtra,Mumbai,T30,56+,Male,50.5,Net Banking,Verified
INV001219,2025-02-23,120504,sip,13227,West Bengal,Kolkata,T30,26-35,Male,18.4,Mandate,Verified
INV000652,2025-02-23,149322,sip,5478,Delhi,Gurugram,T30,26-35,Male,8.0,UPI,Verified
INV000413,2025-02-23,119094,sip,8159,Haryana,Gurugram,T30,36-45,Female,49.8,Cheque,Verified
INV003391,2025-02-23,148568,sip,2967,West Bengal,Kolkata,T30,26-35,Male,20.2,Net Banking,Verified
INV001674,2025-02-23,148568,sip,1064,Delhi,Noida,T30,26-35,Male,12.0,Mandate,Verified
INV004787,2025-02-23,119551,sip,401,Haryana,Faridabad,B30,26-35,Male,8.2,Cheque,Verified
INV001556,2025-02-23,119092,redemption,139793,Maharashtra,Nashik,B30,18-25,Male,3.3,Mandate,Verified
INV004854,2025-02-23,119094,sip,3539,Rajasthan,Udaipur,B30,18-25,Female,3.5,Net Banking,Pending
INV000380,2025-02-23,120842,sip,1016,Haryana,Gurugram,T30,56+,Male,24.2,Mandate,Verified
INV002604,2025-02-23,120844,sip,13456,Maharashtra,Mumbai,T30,36-45,Female,25.5,UPI,Verified
INV004883,2025-02-24,118634,sip,3575,West Bengal,Kolkata,T30,26-35,Male,9.7,Net Banking,Verified
INV002164,2025-02-24,101207,sip,22213,Punjab,Amritsar,B30,56+,Male,37.0,Net Banking,Verified
INV002558,2025-02-24,125497,sip,9865,Haryana,Faridabad,B30,26-35,Female,9.1,Net Banking,Verified
INV002387,2025-02-24,120507,lumpsum,327405,Telangana,Hyderabad,T30,26-35,Male,13.1,Mandate,Verified
INV001579,2025-02-24,119599,sip,2364,Karnataka,Bangalore,T30,46-55,Male,71.1,UPI,Verified
INV004619,2025-02-24,119552,lumpsum,356734,Gujarat,Ahmedabad,T30,46-55,Male,47.9,Cheque,Verified
INV002345,2025-02-24,119599,sip,8900,Uttar Pradesh,Agra,B30,36-45,Male,38.3,Net Banking,Verified
INV002101,2025-02-24,120842,redemption,194115,Uttar Pradesh,Lucknow,T30,26-35,Male,14.7,UPI,Verified
INV002190,2025-02-24,125497,lumpsum,106426,Uttar Pradesh,Kanpur,B30,36-45,Female,58.7,Mandate,Verified
INV000583,2025-02-24,100025,sip,4580,Punjab,Amritsar,B30,26-35,Male,8.7,Net Banking,Pending
INV003378,2025-02-24,119094,redemption,31192,Gujarat,Ahmedabad,T30,26-35,Male,12.5,UPI,Verified
INV003762,2025-02-24,100033,redemption,389298,Telangana,Hyderabad,T30,36-45,Male,39.4,UPI,Verified
INV003722,2025-02-24,118634,lumpsum,333702,Maharashtra,Nashik,B30,36-45,Female,50.8,Net Banking,Verified
INV004969,2025-02-24,148569,sip,589,Karnataka,Bangalore,T30,36-45,Male,40.2,Mandate,Verified
INV001417,2025-02-24,119120,lumpsum,129130,West Bengal,Kolkata,T30,36-45,Female,12.3,Net Banking,Verified
INV000415,2025-02-24,118633,lumpsum,28732,Maharashtra,Pune,T30,36-45,Female,20.3,UPI,Verified
INV001846,2025-02-24,120503,redemption,402375,Uttar Pradesh,Kanpur,B30,56+,Male,72.3,Cheque,Verified
INV003690,2025-02-24,119551,sip,29694,Delhi,Gurugram,T30,36-45,Female,53.2,UPI,Verified
INV000248,2025-02-24,119095,lumpsum,65760,Madhya Pradesh,Indore,T30,36-45,Female,28.6,Net Banking,Pending
INV004121,2025-02-24,100033,redemption,263124,West Bengal,Kolkata,T30,26-35,Female,22.3,Mandate,Verified
INV000191,2025-02-24,102887,lumpsum,13632,Karnataka,Bangalore,T30,26-35,Male,23.1,Net Banking,Verified
INV000723,2025-02-24,119598,sip,24862,Madhya Pradesh,Indore,T30,46-55,Female,31.4,Net Banking,Verified
INV002698,2025-02-24,118634,lumpsum,356577,Maharashtra,Pune,T30,26-35,Male,20.9,Mandate,Verified
INV002008,2025-02-24,149324,sip,2325,Haryana,Gurugram,T30,46-55,Male,83.3,UPI,Verified
INV003698,2025-02-24,100033,sip,1068,Madhya Pradesh,Bhopal,B30,36-45,Female,41.5,Cheque,Verified
INV000912,2025-02-24,101206,lumpsum,92803,Haryana,Faridabad,B30,36-45,Male,26.7,UPI,Pending
INV001970,2025-02-24,148567,redemption,190027,Gujarat,Surat,T30,36-45,Male,55.1,Cheque,Verified
INV002022,2025-02-24,149323,sip,978,Tamil Nadu,Coimbatore,B30,26-35,Male,6.8,Mandate,Pending
INV000148,2025-02-24,102887,sip,5719,Telangana,Hyderabad,T30,18-25,Female,3.5,Cheque,Verified
INV004288,2025-02-24,101208,sip,4897,Punjab,Amritsar,B30,18-25,Female,6.1,Mandate,Verified
INV000236,2025-02-24,149324,sip,823,Karnataka,Bangalore,T30,36-45,Male,26.2,Net Banking,Verified
INV001244,2025-02-24,118635,sip,28257,Uttar Pradesh,Agra,B30,26-35,Male,20.0,Net Banking,Verified
INV001885,2025-02-24,119598,sip,2380,Karnataka,Bangalore,T30,26-35,Male,18.8,UPI,Verified
INV001594,2025-02-24,120844,lumpsum,80915,Madhya Pradesh,Bhopal,B30,26-35,Male,13.9,UPI,Verified
INV003002,2025-02-24,119092,lumpsum,523620,Maharashtra,Pune,T30,26-35,Male,17.0,Mandate,Verified
INV000199,2025-02-24,148567,sip,469,Telangana,Hyderabad,T30,36-45,Female,15.7,Cheque,Verified
INV000366,2025-02-24,118635,sip,5848,Telangana,Hyderabad,T30,36-45,Male,55.4,Net Banking,Verified
INV002177,2025-02-24,119120,sip,1082,Haryana,Gurugram,T30,26-35,Male,13.2,UPI,Verified
INV003905,2025-02-24,120504,sip,4494,Maharashtra,Mumbai,T30,26-35,Male,24.3,Cheque,Verified
INV004381,2025-02-24,149324,sip,20639,West Bengal,Kolkata,T30,46-55,Female,27.2,Cheque,Verified
INV004593,2025-02-24,118636,lumpsum,521572,Punjab,Amritsar,B30,26-35,Male,13.7,Cheque,Pending
INV003920,2025-02-24,120843,lumpsum,148756,Punjab,Chandigarh,T30,26-35,Male,20.3,Mandate,Verified
INV002986,2025-02-24,120841,lumpsum,88360,Punjab,Amritsar,B30,26-35,Male,11.9,Net Banking,Verified
INV004581,2025-02-24,100025,sip,2236,Gujarat,Surat,T30,26-35,Male,14.7,UPI,Verified
INV001533,2025-02-24,149323,lumpsum,575509,Telangana,Hyderabad,T30,26-35,Male,21.4,Net Banking,Verified
INV004344,2025-02-24,119598,redemption,524110,Haryana,Faridabad,B30,26-35,Male,13.5,Mandate,Verified
INV002466,2025-02-24,118634,redemption,263913,Madhya Pradesh,Indore,T30,36-45,Male,36.9,Cheque,Verified
INV002725,2025-02-24,119093,lumpsum,109747,Rajasthan,Udaipur,B30,46-55,Female,49.2,UPI,Verified
INV000343,2025-02-24,100033,sip,1804,Punjab,Chandigarh,T30,36-45,Male,28.5,Net Banking,Verified
INV004311,2025-02-24,119095,redemption,367721,Uttar Pradesh,Agra,B30,26-35,Female,17.0,Cheque,Verified
INV004274,2025-02-24,101206,sip,22870,Rajasthan,Udaipur,B30,26-35,Male,20.4,Cheque,Verified
INV004837,2025-02-24,125498,sip,56881,Punjab,Amritsar,B30,18-25,Male,5.7,Mandate,Verified
INV004291,2025-02-24,125498,lumpsum,467947,Telangana,Hyderabad,T30,56+,Female,30.4,UPI,Verified
INV004749,2025-02-24,100025,lumpsum,470269,Karnataka,Bangalore,T30,56+,Male,45.5,Cheque,Verified
INV002937,2025-02-24,119094,lumpsum,228600,Rajasthan,Jaipur,T30,56+,Male,64.5,Cheque,Verified
INV000634,2025-02-24,148569,sip,11596,Karnataka,Bangalore,T30,26-35,Female,22.7,Net Banking,Verified
INV004640,2025-02-24,120507,redemption,269234,Telangana,Hyderabad,T30,36-45,Male,46.5,Net Banking,Verified
INV003738,2025-02-24,119551,sip,2711,Delhi,Noida,T30,26-35,Male,19.0,Cheque,Verified
INV003693,2025-02-24,102886,sip,8697,Madhya Pradesh,Bhopal,B30,36-45,Male,25.2,Net Banking,Pending
INV002892,2025-02-24,100016,redemption,78119,West Bengal,Kolkata,T30,18-25,Male,4.4,Net Banking,Pending
INV003213,2025-02-24,120842,sip,8468,Uttar Pradesh,Lucknow,T30,26-35,Male,21.3,Cheque,Verified
INV003004,2025-02-24,119092,sip,6292,Tamil Nadu,Chennai,T30,46-55,Female,34.6,UPI,Verified
INV001916,2025-02-24,120844,sip,514,Haryana,Gurugram,T30,26-35,Male,11.0,Net Banking,Verified
INV000007,2025-02-24,118632,sip,2856,Uttar Pradesh,Kanpur,B30,26-35,Male,21.9,UPI,Verified
INV002927,2025-02-24,119092,sip,16290,Punjab,Amritsar,B30,56+,Male,29.1,Net Banking,Verified
INV000877,2025-02-24,119599,redemption,438883,Telangana,Hyderabad,T30,36-45,Female,15.8,Net Banking,Verified
INV000918,2025-02-25,119092,sip,459,Delhi,Gurugram,T30,26-35,Male,23.2,Net Banking,Verified
INV004127,2025-02-25,120505,sip,14706,Madhya Pradesh,Indore,T30,36-45,Female,27.3,Net Banking,Verified
INV000080,2025-02-25,120844,sip,2812,Telangana,Hyderabad,T30,26-35,Male,12.4,UPI,Verified
INV000442,2025-02-25,118634,sip,2512,Delhi,Noida,T30,26-35,Male,16.2,UPI,Verified
INV000904,2025-02-25,118636,redemption,216385,West Bengal,Kolkata,T30,36-45,Male,55.0,Mandate,Verified
INV004090,2025-02-25,149324,sip,7760,Tamil Nadu,Coimbatore,B30,36-45,Female,28.6,UPI,Verified
INV000180,2025-02-25,125497,sip,523,Tamil Nadu,Coimbatore,B30,46-55,Female,24.7,UPI,Verified
INV001410,2025-02-25,119095,lumpsum,214523,Maharashtra,Mumbai,T30,46-55,Male,26.5,UPI,Verified
INV004032,2025-02-25,102885,sip,409,West Bengal,Kolkata,T30,46-55,Male,55.5,Mandate,Verified
INV003391,2025-02-25,120842,redemption,437914,West Bengal,Kolkata,T30,26-35,Male,20.2,Net Banking,Verified
INV001560,2025-02-25,118636,sip,27685,Punjab,Amritsar,B30,26-35,Male,22.5,Cheque,Verified
INV001712,2025-02-25,120506,sip,2931,West Bengal,Kolkata,T30,18-25,Male,6.2,Net Banking,Verified
INV003071,2025-02-25,119094,sip,4399,Punjab,Amritsar,B30,56+,Male,33.7,Net Banking,Verified
INV003759,2025-02-25,125497,redemption,197521,Haryana,Gurugram,T30,26-35,Male,6.1,UPI,Verified
INV000845,2025-02-25,119093,sip,8193,Uttar Pradesh,Kanpur,B30,36-45,Male,17.5,UPI,Verified
INV003298,2025-02-25,125497,redemption,402089,Gujarat,Surat,T30,26-35,Male,12.4,Net Banking,Verified
INV002026,2025-02-25,119095,sip,2813,Telangana,Hyderabad,T30,26-35,Male,6.8,Cheque,Verified
INV004755,2025-02-25,148569,sip,871,Uttar Pradesh,Agra,B30,18-25,Female,6.5,UPI,Verified
INV002486,2025-02-25,119598,sip,498,Gujarat,Surat,T30,56+,Male,16.2,Net Banking,Verified
INV004755,2025-02-25,120507,lumpsum,281996,Uttar Pradesh,Agra,B30,18-25,Female,6.5,Cheque,Verified
INV002523,2025-02-25,100025,sip,3246,Telangana,Hyderabad,T30,46-55,Female,57.2,Net Banking,Pending
INV002897,2025-02-25,118634,lumpsum,205011,Maharashtra,Pune,T30,26-35,Male,23.1,Cheque,Verified
INV003995,2025-02-25,148568,redemption,573822,Uttar Pradesh,Agra,B30,36-45,Female,33.8,Cheque,Verified
INV001060,2025-02-25,125498,lumpsum,194044,Telangana,Hyderabad,T30,36-45,Male,29.0,Mandate,Verified
INV000887,2025-02-25,101208,sip,8865,Tamil Nadu,Coimbatore,B30,36-45,Male,53.9,UPI,Verified
INV003606,2025-02-25,118632,lumpsum,281371,Maharashtra,Pune,T30,36-45,Male,23.6,UPI,Verified
INV004630,2025-02-25,118635,sip,2856,Madhya Pradesh,Bhopal,B30,26-35,Female,6.3,Cheque,Verified
INV003363,2025-02-25,119120,sip,9599,Haryana,Gurugram,T30,36-45,Male,46.5,Cheque,Verified
INV001516,2025-02-25,149322,sip,2968,Tamil Nadu,Coimbatore,B30,26-35,Male,22.0,UPI,Verified
INV001099,2025-02-25,100025,lumpsum,425475,Haryana,Gurugram,T30,26-35,Female,18.9,UPI,Verified
INV004684,2025-02-25,125498,sip,29904,Tamil Nadu,Chennai,T30,26-35,Male,22.0,UPI,Verified
INV001009,2025-02-25,119094,sip,1737,Punjab,Chandigarh,T30,26-35,Male,21.2,Mandate,Verified
INV000100,2025-02-25,119551,lumpsum,364823,Rajasthan,Udaipur,B30,56+,Male,57.2,UPI,Verified
INV002208,2025-02-25,120506,sip,51642,Punjab,Chandigarh,T30,56+,Male,61.1,UPI,Verified
INV004377,2025-02-25,100025,sip,57031,Haryana,Faridabad,B30,18-25,Male,6.1,Mandate,Verified
INV004299,2025-02-25,120507,sip,2904,Telangana,Hyderabad,T30,26-35,Female,23.1,Mandate,Verified
INV003354,2025-02-25,119120,redemption,224534,Punjab,Chandigarh,T30,46-55,Male,48.5,Cheque,Pending
INV000874,2025-02-25,125497,sip,1773,Tamil Nadu,Chennai,T30,56+,Male,19.1,UPI,Verified
INV004562,2025-02-25,101208,sip,997,Telangana,Hyderabad,T30,26-35,Female,19.0,Net Banking,Verified
INV003049,2025-02-25,120843,lumpsum,281279,Gujarat,Ahmedabad,T30,26-35,Male,15.5,Mandate,Verified
INV001212,2025-02-25,119551,redemption,299598,Uttar Pradesh,Lucknow,T30,36-45,Male,40.3,Cheque,Verified
INV002236,2025-02-25,118634,lumpsum,136525,Delhi,New Delhi,T30,26-35,Male,21.6,Cheque,Pending
INV003176,2025-02-25,119551,sip,4845,Haryana,Gurugram,T30,46-55,Male,51.6,Mandate,Verified
INV003713,2025-02-25,120506,lumpsum,25243,West Bengal,Kolkata,T30,36-45,Female,29.9,Net Banking,Verified
INV002011,2025-02-25,118635,sip,1085,Tamil Nadu,Chennai,T30,36-45,Male,41.1,Cheque,Verified
INV001456,2025-02-25,119551,redemption,524996,Punjab,Chandigarh,T30,36-45,Male,36.3,Mandate,Verified
INV002144,2025-02-25,101207,sip,2754,Maharashtra,Pune,T30,18-25,Male,3.2,UPI,Verified
INV003636,2025-02-25,149324,lumpsum,5861,West Bengal,Kolkata,T30,46-55,Female,94.0,Net Banking,Verified
INV002223,2025-02-25,125498,lumpsum,398390,Karnataka,Bangalore,T30,36-45,Female,40.7,UPI,Verified
INV003190,2025-02-25,102886,lumpsum,330033,Punjab,Chandigarh,T30,26-35,Female,19.6,UPI,Pending
INV002001,2025-02-25,118635,sip,11577,Uttar Pradesh,Kanpur,B30,36-45,Female,38.4,Mandate,Verified
INV003536,2025-02-25,119552,lumpsum,87186,Maharashtra,Nashik,B30,36-45,Male,36.9,Net Banking,Pending
INV003537,2025-02-25,102887,sip,16495,Punjab,Amritsar,B30,18-25,Male,3.7,Net Banking,Verified
INV002771,2025-02-25,125498,sip,2513,West Bengal,Kolkata,T30,36-45,Female,45.1,Net Banking,Verified
INV002654,2025-02-25,120503,sip,41608,Delhi,New Delhi,T30,36-45,Female,38.2,Cheque,Verified
INV001980,2025-02-25,120842,sip,8776,Tamil Nadu,Chennai,T30,26-35,Female,21.1,Net Banking,Verified
INV001341,2025-02-25,101208,lumpsum,359055,Madhya Pradesh,Indore,T30,46-55,Male,89.7,Cheque,Verified
INV004151,2025-02-25,148569,lumpsum,192314,Karnataka,Mysore,B30,26-35,Male,21.6,UPI,Verified
INV000549,2025-02-25,120843,redemption,329830,Tamil Nadu,Coimbatore,B30,46-55,Female,59.6,Cheque,Verified
INV001255,2025-02-25,120843,sip,17499,Punjab,Amritsar,B30,26-35,Male,14.3,Net Banking,Verified
INV000299,2025-02-25,102887,sip,29494,Delhi,Noida,T30,26-35,Male,24.4,Net Banking,Verified
INV001140,2025-02-25,149324,sip,2760,Uttar Pradesh,Lucknow,T30,36-45,Female,18.8,Mandate,Verified
INV000465,2025-02-25,119551,sip,59609,Maharashtra,Nashik,B30,26-35,Male,20.8,Cheque,Verified
INV000608,2025-02-26,102887,sip,8628,Haryana,Gurugram,T30,46-55,Male,83.5,Cheque,Verified
INV002046,2025-02-26,102885,lumpsum,483067,Madhya Pradesh,Bhopal,B30,26-35,Male,20.8,Mandate,Verified
INV003862,2025-02-26,100033,redemption,322919,Madhya Pradesh,Indore,T30,26-35,Male,17.0,Net Banking,Verified
INV004750,2025-02-26,148567,sip,566,Madhya Pradesh,Bhopal,B30,26-35,Female,13.9,Net Banking,Verified
INV004127,2025-02-26,100033,sip,406,Madhya Pradesh,Indore,T30,36-45,Female,27.3,Net Banking,Verified
INV003534,2025-02-26,118635,sip,496,Madhya Pradesh,Indore,T30,46-55,Male,75.7,Net Banking,Verified
INV003545,2025-02-26,148568,redemption,252071,Gujarat,Ahmedabad,T30,26-35,Female,15.7,Cheque,Verified
INV002988,2025-02-26,100016,lumpsum,360196,Uttar Pradesh,Kanpur,B30,36-45,Male,40.1,UPI,Pending
INV002937,2025-02-26,119095,sip,5752,Rajasthan,Jaipur,T30,56+,Male,64.5,Cheque,Verified
INV002793,2025-02-26,120841,sip,24122,Madhya Pradesh,Bhopal,B30,36-45,Male,54.3,UPI,Verified
INV004636,2025-02-26,120503,sip,7996,Uttar Pradesh,Kanpur,B30,18-25,Female,5.0,Mandate,Verified
INV003069,2025-02-26,148568,lumpsum,174413,Punjab,Chandigarh,T30,56+,Female,59.5,Cheque,Verified
INV002513,2025-02-26,120507,lumpsum,130085,Punjab,Amritsar,B30,26-35,Female,10.6,Cheque,Verified
INV000197,2025-02-26,118632,sip,20100,Maharashtra,Mumbai,T30,18-25,Male,6.9,UPI,Pending
INV004637,2025-02-26,148567,sip,10471,Gujarat,Surat,T30,18-25,Male,6.8,Net Banking,Verified
INV003932,2025-02-26,119095,sip,4212,Karnataka,Mysore,B30,26-35,Male,15.7,Mandate,Verified
INV000809,2025-02-26,120505,sip,29787,Tamil Nadu,Chennai,T30,56+,Male,59.1,Cheque,Verified
INV004895,2025-02-26,120505,lumpsum,314852,Delhi,Noida,T30,36-45,Male,43.2,UPI,Verified
INV003580,2025-02-26,100025,sip,17937,Gujarat,Ahmedabad,T30,26-35,Male,22.5,Cheque,Verified
INV000927,2025-02-26,149322,sip,23790,West Bengal,Kolkata,T30,46-55,Male,80.9,Cheque,Verified
INV004839,2025-02-26,119092,redemption,59056,Karnataka,Mysore,B30,26-35,Male,19.1,Cheque,Verified
INV002861,2025-02-26,120844,lumpsum,198651,Punjab,Amritsar,B30,56+,Female,79.7,Cheque,Verified
INV003742,2025-02-26,101206,redemption,232938,Tamil Nadu,Chennai,T30,56+,Female,53.9,Cheque,Pending
INV002092,2025-02-26,120841,lumpsum,473651,Punjab,Amritsar,B30,18-25,Male,7.7,UPI,Verified
INV000287,2025-02-26,125498,sip,440,Uttar Pradesh,Kanpur,B30,56+,Female,15.9,UPI,Verified
INV001166,2025-02-26,119092,redemption,231397,Punjab,Chandigarh,T30,26-35,Male,21.4,Net Banking,Verified
INV000625,2025-02-26,118635,sip,4053,Rajasthan,Jaipur,T30,46-55,Female,19.7,Mandate,Verified
INV002183,2025-02-26,119094,sip,25886,Uttar Pradesh,Kanpur,B30,46-55,Female,98.2,Cheque,Pending
INV002881,2025-02-26,148568,redemption,361098,Uttar Pradesh,Agra,B30,26-35,Female,11.4,UPI,Verified
INV004269,2025-02-26,118635,sip,29574,Punjab,Chandigarh,T30,26-35,Male,21.0,UPI,Verified
INV002232,2025-02-26,119095,sip,47539,Karnataka,Bangalore,T30,26-35,Female,16.9,Net Banking,Verified
INV003709,2025-02-26,119093,sip,4997,Uttar Pradesh,Agra,B30,46-55,Female,21.0,Mandate,Verified
INV000907,2025-02-26,119094,lumpsum,62901,Karnataka,Bangalore,T30,46-55,Female,64.5,Mandate,Verified
INV002820,2025-02-26,100016,sip,22569,Rajasthan,Jaipur,T30,18-25,Male,7.5,Net Banking,Verified
INV003944,2025-02-26,119094,sip,8572,Maharashtra,Pune,T30,26-35,Male,17.5,Cheque,Verified
INV004892,2025-02-26,119552,lumpsum,9445,West Bengal,Kolkata,T30,26-35,Female,22.7,Net Banking,Verified
INV004138,2025-02-26,149324,redemption,64918,Madhya Pradesh,Indore,T30,36-45,Male,18.2,Cheque,Verified
INV000118,2025-02-26,119095,sip,1053,Telangana,Hyderabad,T30,26-35,Male,20.2,Mandate,Verified
INV004074,2025-02-26,119093,sip,2248,Gujarat,Ahmedabad,T30,46-55,Female,85.0,Cheque,Verified
INV003193,2025-02-26,119120,lumpsum,403707,Rajasthan,Jaipur,T30,36-45,Male,40.4,Cheque,Verified
INV001436,2025-02-26,120505,sip,5675,Delhi,New Delhi,T30,26-35,Male,9.7,Cheque,Verified
INV001329,2025-02-26,120842,sip,548,Punjab,Amritsar,B30,36-45,Female,37.2,Cheque,Pending
INV004375,2025-02-26,120506,sip,466,Madhya Pradesh,Bhopal,B30,26-35,Male,17.7,Net Banking,Verified
INV003365,2025-02-26,102886,lumpsum,441208,Uttar Pradesh,Agra,B30,26-35,Male,12.7,UPI,Verified
INV000560,2025-02-26,101207,redemption,140295,Punjab,Chandigarh,T30,18-25,Male,3.4,Mandate,Pending
INV000454,2025-02-26,119120,sip,7444,Uttar Pradesh,Lucknow,T30,18-25,Female,6.6,Net Banking,Verified
INV003789,2025-02-26,100025,lumpsum,174969,Rajasthan,Udaipur,B30,36-45,Male,29.9,Cheque,Verified
INV003807,2025-02-26,149323,lumpsum,146772,Rajasthan,Udaipur,B30,46-55,Male,76.4,UPI,Verified
INV000086,2025-02-26,120841,sip,5689,Karnataka,Mysore,B30,18-25,Female,4.1,Cheque,Verified
INV002849,2025-02-26,119598,sip,3582,Madhya Pradesh,Indore,T30,26-35,Male,21.3,Cheque,Verified
INV004060,2025-02-26,120506,lumpsum,193721,Delhi,New Delhi,T30,46-55,Male,19.2,UPI,Verified
INV001968,2025-02-26,149324,lumpsum,419080,Tamil Nadu,Chennai,T30,26-35,Female,24.9,Cheque,Verified
INV003245,2025-02-26,119120,sip,457,Maharashtra,Pune,T30,26-35,Male,21.5,UPI,Verified
INV002135,2025-02-26,149324,sip,41565,Gujarat,Ahmedabad,T30,56+,Male,18.3,UPI,Verified
INV003095,2025-02-26,148567,sip,2511,Madhya Pradesh,Bhopal,B30,18-25,Male,5.1,Cheque,Verified
INV003036,2025-02-26,119094,sip,55500,Telangana,Hyderabad,T30,26-35,Male,18.2,Mandate,Verified
INV004352,2025-02-26,100016,sip,54787,Punjab,Chandigarh,T30,18-25,Female,5.8,Mandate,Verified
INV003444,2025-02-26,119092,lumpsum,266419,Telangana,Hyderabad,T30,36-45,Female,41.4,UPI,Verified
INV000358,2025-02-26,102887,sip,3156,Maharashtra,Nashik,B30,26-35,Male,7.2,Mandate,Verified
INV001649,2025-02-26,120842,sip,59239,Telangana,Hyderabad,T30,36-45,Male,51.5,Cheque,Verified
INV000239,2025-02-26,120504,sip,4197,Punjab,Amritsar,B30,36-45,Female,13.2,UPI,Verified
INV002500,2025-02-26,149324,redemption,155863,Delhi,New Delhi,T30,26-35,Male,14.7,Mandate,Verified
INV002850,2025-02-26,149322,sip,15375,Uttar Pradesh,Lucknow,T30,46-55,Male,76.5,UPI,Verified
INV003307,2025-02-26,125497,sip,499,Rajasthan,Udaipur,B30,18-25,Male,7.1,Net Banking,Verified
INV000576,2025-02-26,101206,lumpsum,401623,Delhi,New Delhi,T30,46-55,Male,79.7,UPI,Verified
INV003624,2025-02-26,101206,sip,1107,Telangana,Hyderabad,T30,46-55,Female,87.5,Net Banking,Verified
INV002684,2025-02-26,148567,sip,54479,Delhi,New Delhi,T30,36-45,Female,56.2,Net Banking,Verified
INV001384,2025-02-26,102885,lumpsum,215951,Maharashtra,Mumbai,T30,26-35,Female,16.0,Cheque,Verified
INV001806,2025-02-27,119120,sip,3078,Telangana,Hyderabad,T30,36-45,Male,32.6,Mandate,Verified
INV000790,2025-02-27,125498,sip,25070,Madhya Pradesh,Indore,T30,26-35,Male,15.9,Net Banking,Verified
INV000092,2025-02-27,100033,lumpsum,138703,Haryana,Gurugram,T30,18-25,Female,3.7,Net Banking,Verified
INV003148,2025-02-27,100025,redemption,441228,Maharashtra,Pune,T30,18-25,Male,4.0,Mandate,Pending
INV002154,2025-02-27,148567,lumpsum,78459,Uttar Pradesh,Lucknow,T30,36-45,Male,40.5,Cheque,Verified
INV002526,2025-02-27,100033,sip,5580,Madhya Pradesh,Bhopal,B30,18-25,Female,3.5,UPI,Verified
INV002934,2025-02-27,120844,lumpsum,269102,Delhi,Noida,T30,36-45,Male,25.8,Mandate,Verified
INV001961,2025-02-27,101208,sip,2930,Delhi,Gurugram,T30,26-35,Male,23.4,UPI,Verified
INV002278,2025-02-27,101208,redemption,364933,Uttar Pradesh,Agra,B30,46-55,Female,88.6,UPI,Verified
INV004847,2025-02-27,120841,sip,3428,Maharashtra,Pune,T30,26-35,Female,7.0,Net Banking,Verified
INV004919,2025-02-27,100016,redemption,17283,Telangana,Hyderabad,T30,26-35,Male,6.6,UPI,Verified
INV002549,2025-02-27,125498,sip,3177,Delhi,New Delhi,T30,26-35,Male,12.5,Cheque,Verified
INV002444,2025-02-27,118635,sip,3029,Uttar Pradesh,Lucknow,T30,18-25,Female,3.8,UPI,Verified
INV004235,2025-02-27,148568,redemption,156334,Gujarat,Surat,T30,26-35,Male,7.7,Cheque,Verified
INV000607,2025-02-27,120842,lumpsum,483294,Rajasthan,Jaipur,T30,56+,Male,33.9,Net Banking,Verified
INV001013,2025-02-27,149323,lumpsum,124564,Telangana,Hyderabad,T30,36-45,Male,40.6,Mandate,Verified
INV003174,2025-02-27,102885,redemption,311471,Tamil Nadu,Chennai,T30,26-35,Female,10.0,Net Banking,Verified
INV004343,2025-02-27,102886,lumpsum,65461,Madhya Pradesh,Bhopal,B30,18-25,Male,7.9,Cheque,Verified
INV002635,2025-02-27,119551,lumpsum,424252,Telangana,Hyderabad,T30,18-25,Male,3.8,Cheque,Verified
INV002571,2025-02-27,118636,lumpsum,121678,Delhi,New Delhi,T30,36-45,Female,32.1,Mandate,Verified
INV001496,2025-02-27,100016,lumpsum,322915,West Bengal,Kolkata,T30,18-25,Male,4.5,UPI,Verified
INV002944,2025-02-27,125498,sip,4590,Karnataka,Mysore,B30,36-45,Female,28.1,Mandate,Pending
INV000333,2025-02-27,149323,sip,11063,Maharashtra,Nashik,B30,26-35,Male,14.8,UPI,Pending
INV003418,2025-02-27,101208,sip,22748,Delhi,Gurugram,T30,36-45,Male,22.3,Cheque,Verified
INV003698,2025-02-27,120844,sip,514,Madhya Pradesh,Bhopal,B30,36-45,Female,41.5,Net Banking,Verified
INV002673,2025-02-27,148567,sip,8839,Maharashtra,Mumbai,T30,26-35,Male,14.2,Net Banking,Verified
INV003960,2025-02-27,119551,sip,3205,West Bengal,Kolkata,T30,26-35,Female,18.6,Net Banking,Verified
INV003782,2025-02-27,149322,sip,6214,Tamil Nadu,Chennai,T30,36-45,Male,44.5,UPI,Verified
INV003976,2025-02-27,120842,redemption,8684,Telangana,Hyderabad,T30,46-55,Male,18.9,Net Banking,Verified
INV002779,2025-02-27,101206,redemption,79419,Uttar Pradesh,Lucknow,T30,26-35,Male,10.4,Net Banking,Verified
INV000798,2025-02-27,118633,sip,26463,Rajasthan,Udaipur,B30,26-35,Male,24.6,Mandate,Verified
INV002370,2025-02-27,119598,lumpsum,5810,Delhi,Noida,T30,26-35,Male,16.6,Mandate,Verified
INV004430,2025-02-27,118635,sip,58410,Delhi,Noida,T30,56+,Male,26.4,Cheque,Verified
INV000286,2025-02-27,119599,lumpsum,256260,Madhya Pradesh,Indore,T30,26-35,Female,9.8,UPI,Verified
INV000612,2025-02-27,148567,lumpsum,440524,Punjab,Amritsar,B30,18-25,Male,6.3,UPI,Verified
INV003710,2025-02-27,120842,sip,13634,Rajasthan,Udaipur,B30,26-35,Male,19.6,UPI,Pending
INV004100,2025-02-27,125498,redemption,181793,Delhi,Gurugram,T30,26-35,Male,20.7,Net Banking,Verified
INV003741,2025-02-27,102887,sip,14405,Madhya Pradesh,Bhopal,B30,36-45,Male,30.3,Cheque,Verified
INV001681,2025-02-27,100025,sip,521,West Bengal,Kolkata,T30,26-35,Male,8.5,Mandate,Verified
INV002069,2025-02-27,120842,sip,2682,West Bengal,Kolkata,T30,46-55,Male,59.0,UPI,Verified
INV000821,2025-02-27,120506,lumpsum,16569,Uttar Pradesh,Kanpur,B30,36-45,Male,50.1,UPI,Verified
INV000338,2025-02-27,119551,lumpsum,295087,Gujarat,Surat,T30,46-55,Female,20.9,Mandate,Verified
INV003315,2025-02-27,120504,lumpsum,146262,Madhya Pradesh,Bhopal,B30,36-45,Female,58.1,Net Banking,Verified
INV004708,2025-02-27,100033,redemption,36865,Uttar Pradesh,Kanpur,B30,36-45,Male,44.7,Cheque,Verified
INV003380,2025-02-27,149324,sip,8734,Delhi,Noida,T30,36-45,Male,21.0,Net Banking,Verified
INV001121,2025-02-27,119093,sip,456,Rajasthan,Udaipur,B30,36-45,Male,52.0,UPI,Verified
INV000986,2025-02-27,101206,sip,11226,Tamil Nadu,Coimbatore,B30,26-35,Male,24.2,Cheque,Verified
INV000904,2025-02-27,120506,sip,570,West Bengal,Kolkata,T30,36-45,Male,55.0,UPI,Pending
INV000779,2025-02-27,119551,sip,3078,Gujarat,Ahmedabad,T30,36-45,Male,35.3,Net Banking,Verified
INV003146,2025-02-27,125498,sip,49708,Rajasthan,Udaipur,B30,26-35,Male,20.2,Net Banking,Pending
INV003938,2025-02-27,120506,lumpsum,164449,Delhi,Gurugram,T30,36-45,Female,15.3,Net Banking,Verified
INV001117,2025-02-27,119598,sip,7509,Punjab,Amritsar,B30,18-25,Male,3.9,Cheque,Pending
INV003723,2025-02-27,148567,lumpsum,117618,Tamil Nadu,Chennai,T30,26-35,Female,10.9,Cheque,Verified
INV000054,2025-02-27,125497,sip,5616,Telangana,Hyderabad,T30,46-55,Female,37.5,Net Banking,Verified
INV004950,2025-02-27,102887,lumpsum,512862,Madhya Pradesh,Indore,T30,26-35,Male,9.8,UPI,Verified
INV000632,2025-02-27,119092,lumpsum,34134,Delhi,Gurugram,T30,36-45,Male,49.1,Cheque,Verified
INV004356,2025-02-27,149324,sip,2955,West Bengal,Kolkata,T30,36-45,Male,37.3,UPI,Verified
INV002220,2025-02-27,119093,lumpsum,18737,Punjab,Chandigarh,T30,46-55,Male,29.9,Mandate,Pending
INV000975,2025-02-27,149324,sip,21285,Uttar Pradesh,Kanpur,B30,36-45,Male,22.6,Mandate,Verified
INV000081,2025-02-27,120844,lumpsum,329908,Gujarat,Surat,T30,36-45,Male,31.0,Net Banking,Verified
INV001564,2025-02-27,101206,sip,1192,Haryana,Faridabad,B30,46-55,Male,43.2,Mandate,Verified
INV004533,2025-02-27,119093,sip,57106,Gujarat,Ahmedabad,T30,36-45,Male,51.5,Cheque,Pending
INV003973,2025-02-27,118633,sip,2876,Rajasthan,Jaipur,T30,26-35,Male,11.4,Net Banking,Verified
INV003858,2025-02-27,120843,sip,2754,Rajasthan,Jaipur,T30,36-45,Male,21.6,Mandate,Verified
INV003317,2025-02-27,120505,lumpsum,72151,Delhi,New Delhi,T30,18-25,Male,6.6,Net Banking,Verified
INV000618,2025-02-27,102885,sip,2184,Madhya Pradesh,Indore,T30,26-35,Male,17.8,UPI,Verified
INV002485,2025-02-27,119120,redemption,276966,Karnataka,Mysore,B30,46-55,Female,70.2,Net Banking,Verified
INV002312,2025-02-27,101207,sip,973,Delhi,Noida,T30,18-25,Female,5.5,Mandate,Verified
INV004596,2025-02-27,101207,redemption,80444,Rajasthan,Udaipur,B30,26-35,Male,22.8,Mandate,Verified
INV000704,2025-02-27,120841,sip,2787,Gujarat,Ahmedabad,T30,18-25,Male,4.5,UPI,Verified
INV002240,2025-02-27,120503,redemption,252126,Haryana,Faridabad,B30,26-35,Male,24.7,UPI,Verified
INV000663,2025-02-27,118632,sip,53993,Haryana,Gurugram,T30,26-35,Female,13.8,UPI,Verified
INV000087,2025-02-27,119095,sip,20895,Rajasthan,Jaipur,T30,36-45,Male,56.2,Cheque,Verified
INV000676,2025-02-27,118635,lumpsum,201756,Rajasthan,Udaipur,B30,56+,Male,71.7,Mandate,Pending
INV003594,2025-02-27,102887,sip,2998,Madhya Pradesh,Indore,T30,18-25,Male,5.8,Net Banking,Verified
INV002643,2025-02-27,119551,lumpsum,303750,Telangana,Hyderabad,T30,36-45,Male,29.2,Net Banking,Verified
INV001265,2025-02-28,119598,sip,4520,Tamil Nadu,Coimbatore,B30,26-35,Male,20.3,Cheque,Verified
INV003196,2025-02-28,119092,sip,6277,West Bengal,Kolkata,T30,26-35,Female,20.1,Mandate,Verified
INV000881,2025-02-28,118635,sip,2016,Uttar Pradesh,Agra,B30,26-35,Male,17.1,Mandate,Verified
INV002652,2025-02-28,120504,sip,8993,Gujarat,Surat,T30,36-45,Male,40.6,Cheque,Verified
INV002008,2025-02-28,120504,lumpsum,56518,Haryana,Gurugram,T30,46-55,Male,83.3,Net Banking,Verified
INV003500,2025-02-28,119092,lumpsum,234061,Maharashtra,Mumbai,T30,26-35,Male,15.5,Cheque,Verified
INV004811,2025-02-28,125498,lumpsum,319975,Punjab,Amritsar,B30,26-35,Female,9.4,Cheque,Verified
INV004014,2025-02-28,149324,sip,2140,Telangana,Hyderabad,T30,56+,Female,27.2,Net Banking,Verified
INV003093,2025-02-28,102885,sip,2159,Haryana,Faridabad,B30,26-35,Male,16.8,Net Banking,Verified
INV000836,2025-02-28,119598,sip,46010,Haryana,Gurugram,T30,26-35,Male,24.4,UPI,Verified
INV000439,2025-02-28,101207,sip,2939,Rajasthan,Udaipur,B30,56+,Male,23.4,UPI,Pending
INV000260,2025-02-28,119093,sip,2990,Delhi,Gurugram,T30,18-25,Male,4.1,UPI,Verified
INV003431,2025-02-28,120505,sip,7293,Karnataka,Mysore,B30,18-25,Male,6.3,Mandate,Verified
INV001887,2025-02-28,100016,lumpsum,446078,Karnataka,Mysore,B30,26-35,Female,8.1,Cheque,Verified
INV003069,2025-02-28,125497,lumpsum,91586,Punjab,Chandigarh,T30,56+,Female,59.5,Cheque,Verified
INV000591,2025-02-28,120506,lumpsum,390912,Karnataka,Bangalore,T30,18-25,Male,4.1,Cheque,Verified
INV002001,2025-02-28,120504,sip,4462,Uttar Pradesh,Kanpur,B30,36-45,Female,38.4,Mandate,Verified
INV004339,2025-02-28,100025,lumpsum,428304,Uttar Pradesh,Lucknow,T30,26-35,Female,7.3,UPI,Verified
INV000108,2025-02-28,118635,sip,8185,Uttar Pradesh,Agra,B30,36-45,Male,26.2,Net Banking,Verified
INV004521,2025-02-28,118636,redemption,145698,Gujarat,Ahmedabad,T30,18-25,Male,7.9,Net Banking,Verified
INV002712,2025-02-28,100016,sip,11994,Karnataka,Bangalore,T30,46-55,Male,24.8,Net Banking,Verified
INV002494,2025-02-28,125497,redemption,116683,Delhi,Noida,T30,46-55,Male,40.0,UPI,Verified
INV001062,2025-02-28,118635,lumpsum,111819,Karnataka,Bangalore,T30,26-35,Male,21.1,Net Banking,Pending
INV003876,2025-02-28,102887,sip,10625,Rajasthan,Udaipur,B30,18-25,Male,5.6,Net Banking,Verified
INV000500,2025-02-28,120844,lumpsum,270764,West Bengal,Kolkata,T30,26-35,Female,19.9,UPI,Verified
INV002347,2025-02-28,148569,sip,10138,Delhi,New Delhi,T30,26-35,Female,6.5,Net Banking,Verified
INV002843,2025-02-28,102887,sip,828,Haryana,Faridabad,B30,26-35,Male,11.8,Cheque,Verified
INV001982,2025-02-28,148569,sip,492,Karnataka,Mysore,B30,26-35,Male,14.9,Cheque,Verified
INV002786,2025-02-28,118633,sip,2842,Tamil Nadu,Coimbatore,B30,26-35,Female,13.3,Cheque,Pending
INV002572,2025-02-28,101208,sip,29840,Rajasthan,Jaipur,T30,56+,Male,19.5,UPI,Verified
INV004363,2025-02-28,149322,lumpsum,392119,Delhi,Noida,T30,26-35,Male,20.5,Mandate,Verified
INV002818,2025-02-28,120841,lumpsum,8520,Haryana,Gurugram,T30,46-55,Female,50.2,Mandate,Verified
INV003702,2025-02-28,119093,sip,2158,Madhya Pradesh,Bhopal,B30,36-45,Male,53.2,Cheque,Verified
INV001787,2025-02-28,120507,lumpsum,143619,Maharashtra,Nashik,B30,56+,Female,37.0,Net Banking,Verified
INV001521,2025-02-28,120505,lumpsum,430067,Haryana,Faridabad,B30,18-25,Male,4.9,Net Banking,Verified
INV004299,2025-02-28,120842,sip,3307,Telangana,Hyderabad,T30,26-35,Female,23.1,Cheque,Verified
INV003975,2025-02-28,148569,sip,2047,Gujarat,Ahmedabad,T30,36-45,Male,26.2,Mandate,Verified
INV004829,2025-02-28,119552,lumpsum,427631,Madhya Pradesh,Indore,T30,26-35,Male,21.8,Net Banking,Verified
INV001141,2025-02-28,102887,sip,8118,West Bengal,Kolkata,T30,18-25,Female,3.0,Cheque,Verified
INV000730,2025-02-28,125497,lumpsum,34316,Maharashtra,Mumbai,T30,26-35,Male,19.5,Mandate,Verified
INV002127,2025-02-28,119094,sip,4854,Rajasthan,Udaipur,B30,18-25,Male,7.4,Cheque,Verified
INV004850,2025-02-28,120505,sip,44356,Madhya Pradesh,Bhopal,B30,56+,Male,34.8,Net Banking,Verified
INV004977,2025-02-28,119552,sip,8919,Gujarat,Surat,T30,18-25,Male,5.4,Mandate,Verified
INV000153,2025-02-28,120841,lumpsum,329369,Karnataka,Mysore,B30,26-35,Male,14.1,Mandate,Verified
INV004070,2025-02-28,102886,sip,4726,Maharashtra,Pune,T30,26-35,Male,13.8,Net Banking,Verified
INV003256,2025-02-28,102885,sip,2261,Punjab,Amritsar,B30,46-55,Male,26.0,UPI,Pending
INV000784,2025-02-28,119093,lumpsum,37364,Tamil Nadu,Chennai,T30,36-45,Male,19.6,UPI,Verified
INV001081,2025-02-28,119552,sip,8491,Gujarat,Ahmedabad,T30,18-25,Male,7.6,Net Banking,Verified
INV004836,2025-02-28,119092,lumpsum,25317,West Bengal,Kolkata,T30,26-35,Male,8.3,UPI,Verified
INV003973,2025-02-28,101207,redemption,289669,Rajasthan,Jaipur,T30,26-35,Male,11.4,UPI,Verified
INV004282,2025-02-28,119598,sip,2865,Punjab,Amritsar,B30,26-35,Male,20.8,Net Banking,Verified
INV002754,2025-02-28,100033,redemption,107425,Karnataka,Bangalore,T30,46-55,Male,82.6,UPI,Verified
INV003394,2025-02-28,118636,sip,1643,West Bengal,Kolkata,T30,26-35,Male,14.6,UPI,Verified
INV003375,2025-02-28,120505,sip,2731,Telangana,Hyderabad,T30,56+,Female,62.2,Cheque,Verified
INV000769,2025-02-28,148567,sip,27535,West Bengal,Kolkata,T30,36-45,Male,41.1,Mandate,Verified
INV000562,2025-02-28,120503,redemption,147805,Gujarat,Ahmedabad,T30,36-45,Male,32.9,Mandate,Verified
INV001123,2025-02-28,101207,lumpsum,472810,Uttar Pradesh,Lucknow,T30,26-35,Male,23.9,UPI,Verified
INV002931,2025-02-28,120843,redemption,378057,Tamil Nadu,Coimbatore,B30,56+,Female,32.4,Net Banking,Verified
INV003011,2025-02-28,101208,sip,2252,Gujarat,Ahmedabad,T30,18-25,Male,4.4,Mandate,Verified
INV004973,2025-02-28,120507,sip,12039,Tamil Nadu,Coimbatore,B30,26-35,Male,11.3,Cheque,Verified
INV003028,2025-02-28,119094,sip,4089,Tamil Nadu,Chennai,T30,26-35,Female,12.8,Cheque,Pending
INV000397,2025-02-28,102885,lumpsum,354713,Gujarat,Ahmedabad,T30,36-45,Female,25.4,UPI,Verified
INV002673,2025-02-28,102885,redemption,547568,Maharashtra,Mumbai,T30,26-35,Male,14.2,UPI,Verified
INV003340,2025-02-28,102886,lumpsum,409940,Madhya Pradesh,Indore,T30,26-35,Male,22.5,Net Banking,Verified
INV001144,2025-02-28,149323,lumpsum,517356,Tamil Nadu,Coimbatore,B30,36-45,Male,16.7,UPI,Verified
INV000783,2025-03-01,100033,sip,50235,Gujarat,Ahmedabad,T30,46-55,Male,92.0,Net Banking,Verified
INV002401,2025-03-01,118636,sip,15732,West Bengal,Kolkata,T30,26-35,Male,20.9,Mandate,Verified
INV002099,2025-03-01,148568,redemption,543681,Tamil Nadu,Chennai,T30,36-45,Female,34.9,UPI,Verified
INV000701,2025-03-01,101207,sip,4729,West Bengal,Kolkata,T30,36-45,Female,55.6,Cheque,Verified
INV002924,2025-03-01,125498,sip,995,Tamil Nadu,Chennai,T30,26-35,Female,14.5,Mandate,Verified
INV000953,2025-03-01,148567,redemption,363380,Haryana,Faridabad,B30,56+,Male,23.1,Net Banking,Verified
INV003557,2025-03-01,101206,sip,5462,Karnataka,Bangalore,T30,46-55,Female,81.8,UPI,Verified
INV002769,2025-03-01,100025,sip,26845,Maharashtra,Pune,T30,18-25,Female,4.5,Cheque,Verified
INV003738,2025-03-01,120841,lumpsum,337312,Delhi,Noida,T30,26-35,Male,19.0,Cheque,Pending
INV001955,2025-03-01,149323,sip,14958,Madhya Pradesh,Bhopal,B30,26-35,Female,16.4,Cheque,Pending
INV001443,2025-03-01,119094,sip,1994,Uttar Pradesh,Kanpur,B30,46-55,Female,79.8,Cheque,Pending
INV004801,2025-03-01,120842,lumpsum,301087,Uttar Pradesh,Lucknow,T30,26-35,Male,13.2,Net Banking,Verified
INV002863,2025-03-01,148567,lumpsum,463818,Rajasthan,Udaipur,B30,36-45,Female,49.8,UPI,Verified
INV001553,2025-03-01,120843,sip,2814,Delhi,Noida,T30,26-35,Male,23.5,UPI,Verified
INV004736,2025-03-01,120844,lumpsum,421462,Tamil Nadu,Chennai,T30,36-45,Male,19.7,UPI,Pending
INV003734,2025-03-01,119093,redemption,258331,Tamil Nadu,Coimbatore,B30,56+,Male,70.3,Net Banking,Pending
INV002729,2025-03-01,119120,redemption,214059,Uttar Pradesh,Kanpur,B30,26-35,Female,15.4,Cheque,Verified
INV001161,2025-03-01,119552,sip,16798,Uttar Pradesh,Kanpur,B30,26-35,Male,13.4,Net Banking,Verified
INV003493,2025-03-01,119093,sip,4247,Gujarat,Surat,T30,18-25,Male,4.2,UPI,Pending
INV000173,2025-03-01,119598,sip,2523,Maharashtra,Mumbai,T30,26-35,Male,7.6,Net Banking,Verified
INV000102,2025-03-01,120842,sip,2569,Gujarat,Surat,T30,26-35,Male,21.9,Net Banking,Verified
INV000774,2025-03-01,120506,lumpsum,403879,Telangana,Hyderabad,T30,36-45,Male,34.9,Cheque,Verified
INV000496,2025-03-01,119092,sip,48221,Maharashtra,Mumbai,T30,36-45,Male,14.3,UPI,Verified
INV003758,2025-03-01,149324,sip,25654,Maharashtra,Pune,T30,26-35,Female,11.2,Net Banking,Verified
INV000897,2025-03-01,148569,lumpsum,63814,Maharashtra,Nashik,B30,36-45,Male,22.3,UPI,Verified
INV002572,2025-03-01,149322,sip,867,Rajasthan,Jaipur,T30,56+,Male,19.5,Mandate,Verified
INV000359,2025-03-01,119552,sip,49015,Tamil Nadu,Chennai,T30,18-25,Male,3.1,Cheque,Verified
INV003896,2025-03-01,119094,sip,1640,Haryana,Faridabad,B30,56+,Female,14.3,UPI,Verified
INV003347,2025-03-01,120505,sip,9564,Rajasthan,Udaipur,B30,18-25,Male,3.7,Cheque,Verified
INV000566,2025-03-01,148568,sip,21118,Uttar Pradesh,Agra,B30,36-45,Male,18.2,Cheque,Verified
INV000280,2025-03-01,118633,sip,3206,Punjab,Amritsar,B30,26-35,Female,22.9,Net Banking,Verified
INV000029,2025-03-01,101206,lumpsum,206993,Rajasthan,Udaipur,B30,26-35,Female,7.6,Cheque,Verified
INV002993,2025-03-01,125498,redemption,70482,Maharashtra,Pune,T30,46-55,Male,36.0,UPI,Verified
INV004622,2025-03-01,120505,lumpsum,244430,Delhi,New Delhi,T30,36-45,Male,48.8,Net Banking,Verified
INV000045,2025-03-01,119093,sip,54252,Uttar Pradesh,Lucknow,T30,36-45,Male,26.2,Cheque,Verified
INV000551,2025-03-01,148568,sip,27827,Maharashtra,Nashik,B30,26-35,Female,13.2,UPI,Verified
INV000837,2025-03-01,119094,sip,3173,Telangana,Hyderabad,T30,56+,Male,9.8,Cheque,Pending
INV002514,2025-03-01,118632,sip,4795,Rajasthan,Udaipur,B30,18-25,Male,7.5,Cheque,Pending
INV003029,2025-03-01,119599,sip,1090,Delhi,New Delhi,T30,56+,Male,59.8,UPI,Verified
INV003531,2025-03-01,119599,lumpsum,24808,Delhi,Gurugram,T30,36-45,Male,41.9,Net Banking,Verified
INV001905,2025-03-01,120505,sip,2776,Tamil Nadu,Chennai,T30,26-35,Male,19.2,Net Banking,Verified
INV001247,2025-03-01,120504,sip,4167,West Bengal,Kolkata,T30,36-45,Male,48.1,Net Banking,Verified
INV004196,2025-03-01,119095,lumpsum,375421,West Bengal,Kolkata,T30,46-55,Male,44.4,Cheque,Verified
INV001990,2025-03-01,148568,lumpsum,452752,Punjab,Amritsar,B30,26-35,Male,9.3,Mandate,Verified
INV000010,2025-03-01,125498,sip,2792,Maharashtra,Pune,T30,36-45,Male,13.6,Net Banking,Verified
INV001276,2025-03-01,120503,sip,3150,Rajasthan,Jaipur,T30,56+,Male,46.2,Mandate,Pending
INV000086,2025-03-01,118632,sip,2046,Karnataka,Mysore,B30,18-25,Female,4.1,UPI,Verified
INV004249,2025-03-01,118636,sip,8478,Karnataka,Mysore,B30,26-35,Male,23.2,Net Banking,Verified
INV000201,2025-03-01,118632,sip,23713,Madhya Pradesh,Indore,T30,46-55,Male,87.0,UPI,Verified
INV001455,2025-03-01,119094,redemption,366666,Madhya Pradesh,Indore,T30,36-45,Male,26.8,UPI,Verified
INV001038,2025-03-01,120841,sip,2857,West Bengal,Kolkata,T30,26-35,Male,24.4,Cheque,Verified
INV002596,2025-03-01,120506,sip,470,Maharashtra,Pune,T30,26-35,Male,16.2,Mandate,Verified
INV001888,2025-03-01,119120,sip,22578,Delhi,New Delhi,T30,18-25,Female,6.4,Net Banking,Verified
INV001858,2025-03-01,119551,sip,2206,Punjab,Amritsar,B30,36-45,Male,16.6,Net Banking,Verified
INV002447,2025-03-01,120844,sip,21120,Telangana,Hyderabad,T30,26-35,Male,21.3,Net Banking,Verified
INV004514,2025-03-01,119599,lumpsum,381496,Haryana,Faridabad,B30,46-55,Male,40.1,Cheque,Verified
INV001930,2025-03-01,148567,sip,5533,Tamil Nadu,Chennai,T30,26-35,Female,8.8,UPI,Verified
INV000959,2025-03-01,101207,lumpsum,345090,Haryana,Faridabad,B30,46-55,Male,33.9,UPI,Verified
INV002948,2025-03-01,118636,redemption,398285,Maharashtra,Mumbai,T30,46-55,Male,43.6,UPI,Verified
INV004691,2025-03-01,148569,lumpsum,453805,Delhi,Noida,T30,26-35,Male,14.5,Cheque,Pending
INV001011,2025-03-01,120504,sip,7726,Madhya Pradesh,Bhopal,B30,26-35,Male,14.4,Mandate,Verified
INV003090,2025-03-01,119552,sip,4921,Karnataka,Bangalore,T30,26-35,Male,16.9,UPI,Verified
INV000965,2025-03-01,125498,sip,1111,Rajasthan,Jaipur,T30,36-45,Female,41.5,Cheque,Verified
INV002587,2025-03-02,120843,lumpsum,233486,West Bengal,Kolkata,T30,18-25,Male,7.2,Net Banking,Verified
INV001971,2025-03-02,100033,redemption,194593,Gujarat,Ahmedabad,T30,26-35,Male,21.0,UPI,Verified
INV001599,2025-03-02,125498,lumpsum,198626,Haryana,Faridabad,B30,36-45,Female,31.0,Mandate,Verified
INV003383,2025-03-02,120505,sip,3248,Karnataka,Mysore,B30,18-25,Male,4.6,UPI,Verified
INV003806,2025-03-02,120506,sip,2615,Karnataka,Bangalore,T30,26-35,Male,14.7,Mandate,Verified
INV003191,2025-03-02,118634,redemption,119265,Madhya Pradesh,Bhopal,B30,18-25,Female,6.8,Net Banking,Verified
INV001802,2025-03-02,119552,sip,13631,Punjab,Chandigarh,T30,46-55,Male,77.7,Mandate,Verified
INV000321,2025-03-02,120505,lumpsum,120433,Maharashtra,Mumbai,T30,26-35,Male,24.2,Cheque,Verified
INV004459,2025-03-02,102885,redemption,243404,Maharashtra,Pune,T30,26-35,Female,9.2,Cheque,Verified
INV004720,2025-03-02,120843,sip,8118,Gujarat,Surat,T30,46-55,Female,95.7,Cheque,Verified
INV000055,2025-03-02,101206,lumpsum,157249,Karnataka,Bangalore,T30,26-35,Male,13.5,UPI,Verified
INV001453,2025-03-02,101207,sip,8602,Gujarat,Ahmedabad,T30,36-45,Male,34.6,Mandate,Verified
INV001138,2025-03-02,125497,lumpsum,135505,Haryana,Faridabad,B30,46-55,Female,81.3,Net Banking,Verified
INV000979,2025-03-02,149323,sip,28426,Karnataka,Bangalore,T30,26-35,Male,24.7,UPI,Verified
INV003231,2025-03-02,149322,sip,29841,Haryana,Gurugram,T30,26-35,Male,9.1,Cheque,Verified
INV001558,2025-03-02,119551,redemption,394184,West Bengal,Kolkata,T30,56+,Female,23.8,Cheque,Verified
INV000947,2025-03-02,125497,sip,14910,Delhi,Noida,T30,26-35,Male,11.0,Net Banking,Verified
INV004006,2025-03-02,125498,sip,58629,Tamil Nadu,Coimbatore,B30,56+,Male,59.1,Net Banking,Verified
INV004942,2025-03-02,119552,sip,445,Maharashtra,Mumbai,T30,26-35,Female,6.3,Net Banking,Verified
INV004310,2025-03-02,101208,lumpsum,193598,Telangana,Hyderabad,T30,36-45,Male,18.3,Net Banking,Verified
INV004681,2025-03-02,119551,lumpsum,77403,Haryana,Faridabad,B30,26-35,Female,19.0,Net Banking,Pending
INV000019,2025-03-02,118635,sip,23528,Gujarat,Ahmedabad,T30,18-25,Female,5.1,Net Banking,Verified
INV001628,2025-03-02,102887,sip,10148,Rajasthan,Jaipur,T30,36-45,Female,45.6,Net Banking,Pending
INV002841,2025-03-02,149324,lumpsum,178134,Uttar Pradesh,Kanpur,B30,26-35,Male,13.2,UPI,Verified
INV004283,2025-03-02,102885,lumpsum,67887,Telangana,Hyderabad,T30,26-35,Male,9.6,Mandate,Verified
INV003236,2025-03-02,118635,sip,8462,Madhya Pradesh,Bhopal,B30,18-25,Male,3.4,Cheque,Verified
INV004078,2025-03-02,149323,lumpsum,352653,Delhi,Noida,T30,18-25,Male,3.8,Cheque,Verified
INV003639,2025-03-02,100025,sip,57040,Telangana,Hyderabad,T30,36-45,Female,22.9,Net Banking,Verified
INV001211,2025-03-02,148567,redemption,75440,Telangana,Hyderabad,T30,26-35,Male,20.2,Mandate,Verified
INV003376,2025-03-02,119551,sip,45249,Delhi,New Delhi,T30,36-45,Male,44.4,UPI,Verified
INV002205,2025-03-02,120504,sip,46031,Gujarat,Surat,T30,26-35,Female,10.9,Cheque,Verified
INV003288,2025-03-02,119093,sip,1762,Punjab,Chandigarh,T30,56+,Male,57.9,UPI,Verified
INV002763,2025-03-02,120842,sip,9555,Gujarat,Ahmedabad,T30,18-25,Female,3.5,Mandate,Verified
INV000689,2025-03-02,118632,lumpsum,322465,Tamil Nadu,Chennai,T30,26-35,Female,19.8,Cheque,Verified
INV001831,2025-03-02,149324,sip,2351,Madhya Pradesh,Indore,T30,18-25,Female,4.3,Cheque,Verified
INV004464,2025-03-02,119551,sip,2888,Haryana,Faridabad,B30,26-35,Female,11.9,Mandate,Verified
INV003678,2025-03-02,101207,sip,17787,Gujarat,Ahmedabad,T30,26-35,Male,6.6,Cheque,Verified
INV000596,2025-03-02,119599,sip,16510,Madhya Pradesh,Indore,T30,56+,Male,21.3,Cheque,Verified
INV003781,2025-03-02,101206,sip,5142,Tamil Nadu,Coimbatore,B30,26-35,Male,15.8,Mandate,Verified
INV003130,2025-03-02,119552,lumpsum,118255,West Bengal,Kolkata,T30,18-25,Male,5.6,Cheque,Verified
INV000457,2025-03-02,118632,redemption,224897,Haryana,Faridabad,B30,26-35,Female,22.3,Cheque,Verified
INV002047,2025-03-02,118636,sip,4176,Tamil Nadu,Coimbatore,B30,26-35,Female,19.5,Net Banking,Verified
INV001427,2025-03-02,101207,sip,5328,Karnataka,Mysore,B30,26-35,Female,21.1,UPI,Verified
INV004466,2025-03-02,148568,sip,2434,Gujarat,Surat,T30,18-25,Female,3.7,UPI,Verified
INV002780,2025-03-02,149324,sip,1638,Haryana,Faridabad,B30,36-45,Male,21.2,Cheque,Verified
INV004932,2025-03-02,120842,sip,2286,Tamil Nadu,Chennai,T30,26-35,Female,21.1,Net Banking,Verified
INV002201,2025-03-02,120844,lumpsum,282352,Haryana,Gurugram,T30,36-45,Male,34.5,Net Banking,Verified
INV004916,2025-03-02,100016,sip,1047,Haryana,Faridabad,B30,26-35,Male,12.5,Mandate,Verified
INV002290,2025-03-02,118634,sip,12584,Gujarat,Ahmedabad,T30,36-45,Male,24.7,Net Banking,Verified
INV004948,2025-03-02,118635,redemption,81368,Madhya Pradesh,Indore,T30,56+,Male,54.1,Net Banking,Verified
INV004105,2025-03-02,148567,sip,29206,Tamil Nadu,Coimbatore,B30,26-35,Female,22.1,UPI,Verified
INV002542,2025-03-02,120506,sip,2033,Telangana,Hyderabad,T30,26-35,Female,15.9,UPI,Verified
INV004484,2025-03-02,120843,lumpsum,154450,Punjab,Amritsar,B30,46-55,Male,61.9,Mandate,Verified
INV000759,2025-03-02,102886,sip,5773,Gujarat,Ahmedabad,T30,26-35,Male,7.6,Cheque,Verified
INV003277,2025-03-02,120505,sip,7079,Rajasthan,Jaipur,T30,18-25,Male,3.3,UPI,Verified
INV004386,2025-03-02,119092,sip,25517,Tamil Nadu,Coimbatore,B30,18-25,Male,5.5,Net Banking,Verified
INV004605,2025-03-02,148569,sip,2831,Maharashtra,Nashik,B30,36-45,Male,17.8,Mandate,Pending
INV001763,2025-03-02,118632,sip,20797,Uttar Pradesh,Lucknow,T30,46-55,Male,42.0,UPI,Verified
INV003360,2025-03-02,120844,sip,27378,Madhya Pradesh,Indore,T30,26-35,Female,19.5,UPI,Verified
INV000062,2025-03-02,119599,redemption,386688,Haryana,Faridabad,B30,46-55,Male,22.9,Cheque,Verified
INV000425,2025-03-02,119094,sip,1608,Rajasthan,Jaipur,T30,56+,Male,77.2,Cheque,Verified
INV004098,2025-03-02,118634,redemption,167764,Delhi,Noida,T30,26-35,Male,11.3,Mandate,Verified
INV003002,2025-03-02,149322,sip,1806,Maharashtra,Pune,T30,26-35,Male,17.0,Net Banking,Verified
INV003888,2025-03-02,102886,sip,3284,Telangana,Hyderabad,T30,56+,Female,8.6,Net Banking,Verified
INV003382,2025-03-02,119598,lumpsum,486474,Karnataka,Bangalore,T30,26-35,Male,19.8,Net Banking,Verified
INV000723,2025-03-02,120507,sip,2657,Madhya Pradesh,Indore,T30,46-55,Female,31.4,Net Banking,Verified
INV002531,2025-03-02,148569,sip,5692,Rajasthan,Udaipur,B30,36-45,Female,50.4,Net Banking,Verified
INV004815,2025-03-03,118634,sip,2186,Tamil Nadu,Coimbatore,B30,36-45,Male,44.4,Mandate,Verified
INV002779,2025-03-03,120505,sip,23375,Uttar Pradesh,Lucknow,T30,26-35,Male,10.4,Cheque,Verified
INV003528,2025-03-03,119094,sip,8256,Madhya Pradesh,Bhopal,B30,18-25,Female,3.6,UPI,Pending
INV001637,2025-03-03,148568,lumpsum,288581,Haryana,Faridabad,B30,36-45,Female,45.1,Cheque,Verified
INV003490,2025-03-03,118632,sip,13660,Punjab,Chandigarh,T30,26-35,Male,11.6,UPI,Verified
INV003376,2025-03-03,119599,sip,9145,Delhi,New Delhi,T30,36-45,Male,44.4,Net Banking,Verified
INV002905,2025-03-03,119094,sip,456,Tamil Nadu,Chennai,T30,36-45,Female,32.4,Mandate,Verified
INV003970,2025-03-03,120842,sip,2001,Telangana,Hyderabad,T30,18-25,Male,4.1,Net Banking,Pending
INV002414,2025-03-03,119095,sip,413,Gujarat,Surat,T30,26-35,Female,24.1,Cheque,Verified
INV003945,2025-03-03,120503,lumpsum,157671,Gujarat,Ahmedabad,T30,46-55,Female,48.3,Net Banking,Verified
INV003421,2025-03-03,101208,sip,11135,Telangana,Hyderabad,T30,26-35,Male,12.4,Net Banking,Verified
INV000867,2025-03-03,102887,sip,2715,Delhi,Noida,T30,26-35,Male,20.6,UPI,Verified
INV002108,2025-03-03,119552,sip,4588,Gujarat,Ahmedabad,T30,46-55,Male,35.0,Net Banking,Verified
INV002295,2025-03-03,120841,sip,7181,Telangana,Hyderabad,T30,26-35,Female,17.9,Mandate,Verified
INV001181,2025-03-03,118635,sip,7043,West Bengal,Kolkata,T30,26-35,Male,21.0,Net Banking,Verified
INV004999,2025-03-03,149323,redemption,52217,Telangana,Hyderabad,T30,26-35,Male,24.8,Cheque,Verified
INV003377,2025-03-03,118636,sip,4200,Uttar Pradesh,Agra,B30,36-45,Male,53.9,Net Banking,Verified
INV000721,2025-03-03,149322,redemption,26679,Maharashtra,Nashik,B30,36-45,Male,59.1,Cheque,Verified
INV004079,2025-03-03,102885,lumpsum,332599,Karnataka,Bangalore,T30,36-45,Female,57.2,Net Banking,Verified
INV003557,2025-03-03,100033,redemption,368030,Karnataka,Bangalore,T30,46-55,Female,81.8,Mandate,Verified
INV003169,2025-03-03,100033,sip,3138,Telangana,Hyderabad,T30,26-35,Female,11.2,UPI,Verified
INV003904,2025-03-03,118634,redemption,62923,Karnataka,Bangalore,T30,46-55,Male,67.6,Cheque,Verified
INV001495,2025-03-03,119120,sip,23480,Punjab,Amritsar,B30,26-35,Male,16.6,Net Banking,Verified
INV000750,2025-03-03,148568,sip,17206,Delhi,New Delhi,T30,26-35,Male,20.9,Cheque,Verified
INV002574,2025-03-03,120506,sip,57009,Maharashtra,Nashik,B30,26-35,Male,11.1,Net Banking,Verified
INV004058,2025-03-03,119093,redemption,84644,Tamil Nadu,Chennai,T30,26-35,Male,22.5,Net Banking,Pending
INV001289,2025-03-03,119094,sip,7072,Telangana,Hyderabad,T30,36-45,Male,31.3,Mandate,Verified
INV001384,2025-03-03,120842,redemption,299673,Maharashtra,Mumbai,T30,26-35,Female,16.0,Cheque,Verified
INV000849,2025-03-03,120843,lumpsum,188603,Delhi,Gurugram,T30,56+,Female,32.5,Mandate,Verified
INV004333,2025-03-03,119599,sip,1853,Telangana,Hyderabad,T30,36-45,Female,14.8,Mandate,Verified
INV004216,2025-03-03,119599,sip,26054,Karnataka,Bangalore,T30,26-35,Male,8.3,Net Banking,Verified
INV001804,2025-03-03,101207,sip,405,Punjab,Amritsar,B30,26-35,Male,20.1,UPI,Verified
INV000831,2025-03-03,118636,sip,5863,Punjab,Chandigarh,T30,36-45,Male,34.6,Mandate,Verified
INV000714,2025-03-03,100025,lumpsum,398697,Uttar Pradesh,Kanpur,B30,26-35,Female,23.8,Net Banking,Verified
INV002459,2025-03-03,102885,lumpsum,29788,Rajasthan,Udaipur,B30,18-25,Female,5.2,Net Banking,Pending
INV002387,2025-03-03,119095,sip,553,Telangana,Hyderabad,T30,26-35,Male,13.1,Cheque,Verified
INV000147,2025-03-03,100016,sip,2428,Rajasthan,Jaipur,T30,26-35,Male,15.7,Net Banking,Verified
INV003988,2025-03-03,125497,lumpsum,237742,Punjab,Amritsar,B30,26-35,Male,19.1,UPI,Verified
INV000066,2025-03-03,120843,sip,25706,Haryana,Faridabad,B30,56+,Male,64.2,Mandate,Verified
INV003322,2025-03-03,120503,redemption,157332,Rajasthan,Jaipur,T30,26-35,Male,22.7,UPI,Verified
INV000980,2025-03-03,119599,sip,55062,West Bengal,Kolkata,T30,18-25,Female,7.3,UPI,Pending
INV003073,2025-03-03,149323,sip,1622,Punjab,Amritsar,B30,26-35,Male,11.9,Cheque,Verified
INV000341,2025-03-03,119599,sip,17308,Delhi,New Delhi,T30,26-35,Male,19.6,Cheque,Verified
INV003341,2025-03-03,120507,sip,8697,Rajasthan,Jaipur,T30,26-35,Male,23.0,Net Banking,Verified
INV004186,2025-03-03,148569,lumpsum,291789,Madhya Pradesh,Bhopal,B30,36-45,Female,41.9,Mandate,Verified
INV004157,2025-03-03,102885,sip,1026,Madhya Pradesh,Indore,T30,36-45,Male,39.1,Cheque,Verified
INV004230,2025-03-03,120506,sip,28058,Karnataka,Bangalore,T30,18-25,Female,7.4,UPI,Verified
INV000261,2025-03-03,119095,lumpsum,166474,Gujarat,Ahmedabad,T30,18-25,Male,3.5,UPI,Verified
INV003074,2025-03-03,119551,sip,3561,Haryana,Faridabad,B30,26-35,Male,8.3,UPI,Verified
INV002764,2025-03-03,118634,sip,2432,Madhya Pradesh,Bhopal,B30,36-45,Male,40.8,UPI,Verified
INV000930,2025-03-03,125498,sip,2980,Rajasthan,Udaipur,B30,18-25,Female,4.1,Mandate,Pending
INV001235,2025-03-03,119551,sip,24059,Haryana,Faridabad,B30,26-35,Male,19.3,Cheque,Verified
INV000335,2025-03-03,148569,sip,402,Maharashtra,Mumbai,T30,26-35,Male,11.6,UPI,Verified
INV004875,2025-03-03,101206,sip,1085,West Bengal,Kolkata,T30,26-35,Male,25.0,Cheque,Verified
INV001473,2025-03-03,120844,lumpsum,80768,Delhi,Gurugram,T30,36-45,Male,29.1,Net Banking,Verified
INV002179,2025-03-03,149323,lumpsum,454769,Haryana,Gurugram,T30,26-35,Female,12.0,Net Banking,Verified
INV000580,2025-03-04,119599,redemption,424433,Uttar Pradesh,Agra,B30,56+,Male,31.8,Mandate,Verified
INV004401,2025-03-04,101208,sip,451,Rajasthan,Udaipur,B30,26-35,Male,22.6,UPI,Verified
INV000458,2025-03-04,120842,sip,2112,Rajasthan,Udaipur,B30,56+,Male,18.9,Net Banking,Verified
INV000038,2025-03-04,149323,sip,7603,West Bengal,Kolkata,T30,56+,Female,22.4,UPI,Verified
INV001521,2025-03-04,120506,redemption,220792,Haryana,Faridabad,B30,18-25,Male,4.9,Mandate,Verified
INV003495,2025-03-04,120841,lumpsum,319303,West Bengal,Kolkata,T30,26-35,Female,22.9,Net Banking,Verified
INV003309,2025-03-04,120503,sip,6370,Delhi,New Delhi,T30,26-35,Male,20.0,Mandate,Verified
INV002748,2025-03-04,149323,lumpsum,505062,Punjab,Amritsar,B30,26-35,Male,7.8,Mandate,Pending
INV001528,2025-03-04,119095,lumpsum,356132,Telangana,Hyderabad,T30,26-35,Female,20.7,Mandate,Verified
INV004463,2025-03-04,120505,sip,7031,Karnataka,Bangalore,T30,26-35,Female,16.1,Net Banking,Verified
INV002741,2025-03-04,118636,sip,2757,West Bengal,Kolkata,T30,26-35,Male,19.9,Net Banking,Verified
INV000570,2025-03-04,119094,sip,2488,Madhya Pradesh,Bhopal,B30,26-35,Male,16.2,Mandate,Verified
INV003698,2025-03-04,125497,lumpsum,221176,Madhya Pradesh,Bhopal,B30,36-45,Female,41.5,UPI,Verified
INV003670,2025-03-04,149322,sip,4785,Punjab,Chandigarh,T30,36-45,Male,38.4,Cheque,Verified
INV003480,2025-03-04,149322,sip,4958,Madhya Pradesh,Bhopal,B30,26-35,Male,24.4,Net Banking,Verified
INV000224,2025-03-04,125497,sip,48361,Telangana,Hyderabad,T30,26-35,Male,23.6,Cheque,Verified
INV000323,2025-03-04,119092,lumpsum,477083,Telangana,Hyderabad,T30,26-35,Female,23.0,Mandate,Verified
INV000538,2025-03-04,101206,sip,54863,West Bengal,Kolkata,T30,36-45,Male,26.5,Mandate,Verified
INV000662,2025-03-04,125498,lumpsum,329108,Gujarat,Surat,T30,36-45,Female,20.1,Net Banking,Verified
INV002639,2025-03-04,148568,sip,585,Gujarat,Ahmedabad,T30,36-45,Male,20.7,Cheque,Verified
INV002006,2025-03-04,120843,redemption,118546,Punjab,Chandigarh,T30,26-35,Male,15.3,Net Banking,Verified
INV000024,2025-03-04,100025,sip,3534,Delhi,Gurugram,T30,36-45,Female,27.0,Net Banking,Pending
INV003191,2025-03-04,120841,redemption,265715,Madhya Pradesh,Bhopal,B30,18-25,Female,6.8,Mandate,Verified
INV004824,2025-03-04,101206,lumpsum,75106,Uttar Pradesh,Agra,B30,26-35,Male,15.3,Cheque,Pending
INV003748,2025-03-04,100016,sip,2469,Madhya Pradesh,Indore,T30,46-55,Male,66.4,Mandate,Verified
INV002893,2025-03-04,119120,lumpsum,403079,Telangana,Hyderabad,T30,56+,Male,69.4,Cheque,Verified
INV000395,2025-03-04,120504,sip,501,Delhi,Noida,T30,18-25,Male,3.4,Cheque,Pending
INV004713,2025-03-04,120504,redemption,349428,West Bengal,Kolkata,T30,36-45,Female,50.6,Mandate,Verified
INV003855,2025-03-04,118632,redemption,98703,Haryana,Faridabad,B30,56+,Male,58.1,Cheque,Verified
INV001028,2025-03-04,102887,sip,1997,Rajasthan,Jaipur,T30,46-55,Female,67.4,UPI,Verified
INV004250,2025-03-04,120503,sip,21131,Haryana,Gurugram,T30,26-35,Female,6.4,Cheque,Verified
INV004606,2025-03-04,149323,sip,1119,Gujarat,Surat,T30,36-45,Male,57.2,Net Banking,Pending
INV000202,2025-03-04,120507,sip,26303,Haryana,Gurugram,T30,18-25,Male,4.1,UPI,Verified
INV001943,2025-03-04,118636,sip,10750,West Bengal,Kolkata,T30,56+,Female,28.3,Mandate,Verified
INV004765,2025-03-04,148569,lumpsum,49602,Haryana,Gurugram,T30,26-35,Male,10.4,Net Banking,Pending
INV001623,2025-03-04,125497,redemption,434280,Gujarat,Surat,T30,26-35,Female,17.3,Mandate,Verified
INV003059,2025-03-04,149324,sip,2298,Uttar Pradesh,Agra,B30,26-35,Male,18.4,Cheque,Verified
INV002724,2025-03-04,119120,sip,47684,Rajasthan,Udaipur,B30,36-45,Male,26.3,Cheque,Verified
INV002658,2025-03-04,102887,lumpsum,235369,Madhya Pradesh,Indore,T30,26-35,Female,16.8,Cheque,Verified
INV001124,2025-03-04,119094,redemption,413463,Madhya Pradesh,Indore,T30,36-45,Male,39.0,UPI,Verified
INV003089,2025-03-04,100033,redemption,120767,Uttar Pradesh,Agra,B30,26-35,Male,14.1,UPI,Verified
INV003637,2025-03-04,101208,sip,5327,Telangana,Hyderabad,T30,36-45,Male,18.6,Mandate,Verified
INV000808,2025-03-04,120504,sip,10545,Punjab,Chandigarh,T30,36-45,Male,34.9,UPI,Verified
INV003117,2025-03-04,149324,sip,9512,Tamil Nadu,Chennai,T30,18-25,Female,6.7,Net Banking,Verified
INV003214,2025-03-04,101208,redemption,495965,Punjab,Chandigarh,T30,36-45,Male,18.2,Net Banking,Verified
INV002684,2025-03-04,120503,sip,1075,Delhi,New Delhi,T30,36-45,Female,56.2,Net Banking,Verified
INV001612,2025-03-04,102886,sip,6940,Haryana,Gurugram,T30,26-35,Female,12.0,UPI,Verified
INV003946,2025-03-04,120507,sip,2338,Karnataka,Mysore,B30,26-35,Female,9.2,Cheque,Verified
INV000927,2025-03-04,118633,redemption,167465,West Bengal,Kolkata,T30,46-55,Male,80.9,Net Banking,Verified
INV000211,2025-03-04,102885,sip,14923,Punjab,Chandigarh,T30,26-35,Male,17.0,Cheque,Verified
INV003534,2025-03-04,125498,sip,2781,Madhya Pradesh,Indore,T30,46-55,Male,75.7,Cheque,Verified
INV000709,2025-03-04,125498,sip,16258,Telangana,Hyderabad,T30,26-35,Female,13.6,Cheque,Verified
INV003084,2025-03-04,102885,sip,52321,Haryana,Gurugram,T30,18-25,Female,6.3,Mandate,Verified
INV001617,2025-03-04,120503,sip,1181,Maharashtra,Pune,T30,26-35,Male,8.6,Mandate,Verified
INV001467,2025-03-04,119095,lumpsum,351937,Punjab,Chandigarh,T30,36-45,Male,32.5,Net Banking,Verified
INV001602,2025-03-04,100016,lumpsum,165874,West Bengal,Kolkata,T30,36-45,Male,27.0,Mandate,Verified
INV004935,2025-03-04,148569,lumpsum,48658,Telangana,Hyderabad,T30,56+,Female,44.7,Mandate,Verified
INV000635,2025-03-04,119094,redemption,183874,Delhi,New Delhi,T30,18-25,Female,4.2,Net Banking,Verified
INV003541,2025-03-04,120505,sip,3266,Punjab,Chandigarh,T30,26-35,Female,10.5,Mandate,Verified
INV004124,2025-03-05,120505,lumpsum,393177,Maharashtra,Nashik,B30,56+,Male,76.4,Net Banking,Verified
INV002750,2025-03-05,119599,sip,1797,Madhya Pradesh,Bhopal,B30,36-45,Male,41.8,Mandate,Verified
INV002717,2025-03-05,149322,sip,8241,Maharashtra,Nashik,B30,26-35,Female,24.8,UPI,Verified
INV003256,2025-03-05,118633,sip,6651,Punjab,Amritsar,B30,46-55,Male,26.0,Net Banking,Verified
INV003480,2025-03-05,118633,lumpsum,527048,Madhya Pradesh,Bhopal,B30,26-35,Male,24.4,UPI,Verified
INV002734,2025-03-05,120505,sip,952,Haryana,Faridabad,B30,26-35,Female,15.8,Net Banking,Verified
INV003480,2025-03-05,148569,sip,4418,Madhya Pradesh,Bhopal,B30,26-35,Male,24.4,Cheque,Verified
INV003804,2025-03-05,119093,sip,22708,Karnataka,Bangalore,T30,46-55,Male,81.9,Cheque,Verified
INV000711,2025-03-05,102887,sip,4278,Karnataka,Bangalore,T30,56+,Male,28.3,UPI,Verified
INV000238,2025-03-05,118634,redemption,341749,Telangana,Hyderabad,T30,36-45,Male,26.3,Mandate,Pending
INV001772,2025-03-05,119092,sip,11326,Telangana,Hyderabad,T30,36-45,Male,31.2,Mandate,Verified
INV002218,2025-03-05,149324,sip,8720,Punjab,Amritsar,B30,36-45,Male,52.7,Cheque,Verified
INV002830,2025-03-05,100033,lumpsum,56547,Karnataka,Mysore,B30,56+,Male,72.2,Cheque,Verified
INV000046,2025-03-05,100025,sip,510,Gujarat,Ahmedabad,T30,26-35,Female,24.5,Net Banking,Verified
INV002409,2025-03-05,125498,sip,3219,Punjab,Amritsar,B30,18-25,Female,4.9,Net Banking,Verified
INV001914,2025-03-05,100025,redemption,106542,Delhi,Gurugram,T30,56+,Male,61.9,Cheque,Verified
INV001403,2025-03-05,149324,redemption,215815,Haryana,Gurugram,T30,46-55,Male,31.8,UPI,Verified
INV001234,2025-03-05,118635,sip,836,Uttar Pradesh,Agra,B30,26-35,Male,24.4,Cheque,Verified
INV000010,2025-03-05,120844,lumpsum,425633,Maharashtra,Pune,T30,36-45,Male,13.6,Net Banking,Verified
INV002317,2025-03-05,119095,lumpsum,332902,Gujarat,Ahmedabad,T30,26-35,Male,18.1,Cheque,Verified
INV001602,2025-03-05,118633,lumpsum,336756,West Bengal,Kolkata,T30,36-45,Male,27.0,Cheque,Verified
INV003136,2025-03-05,119095,lumpsum,238142,Haryana,Gurugram,T30,56+,Male,34.4,Net Banking,Verified
INV002874,2025-03-05,118636,sip,2243,Punjab,Chandigarh,T30,56+,Female,15.0,UPI,Pending
INV003686,2025-03-05,100025,sip,47808,Gujarat,Surat,T30,18-25,Male,3.8,Mandate,Verified
INV000698,2025-03-05,118635,sip,46027,Madhya Pradesh,Bhopal,B30,18-25,Male,7.1,Cheque,Verified
INV003308,2025-03-05,120505,sip,29056,Telangana,Hyderabad,T30,56+,Male,58.2,Cheque,Verified
INV003423,2025-03-05,118632,sip,1603,Delhi,Noida,T30,18-25,Female,3.2,UPI,Verified
INV000371,2025-03-05,102886,lumpsum,225393,Uttar Pradesh,Agra,B30,26-35,Male,14.6,Net Banking,Verified
INV000287,2025-03-05,119551,sip,465,Uttar Pradesh,Kanpur,B30,56+,Female,15.9,Mandate,Verified
INV000074,2025-03-05,125497,sip,17157,Rajasthan,Jaipur,T30,26-35,Female,8.4,Net Banking,Verified
INV002775,2025-03-05,120842,lumpsum,386762,Haryana,Faridabad,B30,18-25,Female,5.9,Mandate,Pending
INV001656,2025-03-05,119552,sip,8826,Madhya Pradesh,Bhopal,B30,26-35,Male,19.4,Net Banking,Verified
INV000109,2025-03-05,125498,sip,454,Karnataka,Bangalore,T30,26-35,Female,15.0,Mandate,Verified
INV001570,2025-03-05,149323,redemption,110366,Maharashtra,Pune,T30,26-35,Male,16.0,UPI,Verified
INV002598,2025-03-05,119120,redemption,370298,Uttar Pradesh,Lucknow,T30,26-35,Male,14.6,Cheque,Verified
INV000722,2025-03-05,148567,redemption,282297,Punjab,Chandigarh,T30,26-35,Female,8.1,Cheque,Pending
INV001611,2025-03-05,119598,sip,15247,West Bengal,Kolkata,T30,18-25,Female,7.4,Mandate,Verified
INV000813,2025-03-05,118636,lumpsum,395213,Telangana,Hyderabad,T30,46-55,Male,38.7,Mandate,Verified
INV001071,2025-03-05,119092,lumpsum,241355,Maharashtra,Nashik,B30,36-45,Male,56.7,Net Banking,Verified
INV003022,2025-03-05,120504,sip,2552,Telangana,Hyderabad,T30,46-55,Male,60.2,Cheque,Pending
INV001778,2025-03-05,120507,sip,5033,Maharashtra,Mumbai,T30,26-35,Male,9.7,Net Banking,Verified
INV000690,2025-03-05,119094,sip,2239,Delhi,Gurugram,T30,46-55,Male,98.7,Net Banking,Verified
INV003392,2025-03-05,119095,sip,957,West Bengal,Kolkata,T30,56+,Male,16.5,Cheque,Verified
INV004455,2025-03-05,118633,lumpsum,309458,Telangana,Hyderabad,T30,18-25,Female,3.5,UPI,Verified
INV004208,2025-03-05,148569,redemption,200857,West Bengal,Kolkata,T30,36-45,Male,53.3,Net Banking,Verified
INV000055,2025-03-05,118634,sip,557,Karnataka,Bangalore,T30,26-35,Male,13.5,UPI,Verified
INV004525,2025-03-05,120843,redemption,420522,Haryana,Gurugram,T30,26-35,Male,11.4,UPI,Verified
INV001938,2025-03-05,120506,lumpsum,487894,Karnataka,Mysore,B30,26-35,Male,17.4,Net Banking,Verified
INV001547,2025-03-05,125498,sip,1041,Tamil Nadu,Coimbatore,B30,36-45,Male,55.7,UPI,Verified
INV003765,2025-03-05,120843,sip,2828,Uttar Pradesh,Kanpur,B30,26-35,Male,11.1,Cheque,Pending
INV002684,2025-03-05,119095,lumpsum,194285,Delhi,New Delhi,T30,36-45,Female,56.2,UPI,Verified
INV004081,2025-03-05,120841,sip,26732,Karnataka,Bangalore,T30,46-55,Female,43.8,Cheque,Verified
INV002849,2025-03-05,101207,redemption,274726,Madhya Pradesh,Indore,T30,26-35,Male,21.3,Mandate,Pending
INV002488,2025-03-05,119599,sip,5321,Delhi,Gurugram,T30,26-35,Male,12.2,Cheque,Verified
INV000851,2025-03-05,119552,lumpsum,366908,Tamil Nadu,Chennai,T30,36-45,Male,39.2,Net Banking,Verified
INV003524,2025-03-05,148569,lumpsum,269754,Telangana,Hyderabad,T30,36-45,Male,12.5,Cheque,Pending
INV004891,2025-03-05,149324,sip,27904,Telangana,Hyderabad,T30,46-55,Female,83.5,Mandate,Verified
INV000413,2025-03-05,149322,sip,538,Haryana,Gurugram,T30,36-45,Female,49.8,UPI,Pending
INV004196,2025-03-05,119551,sip,2017,West Bengal,Kolkata,T30,46-55,Male,44.4,Mandate,Verified
INV002430,2025-03-05,120505,lumpsum,29631,Madhya Pradesh,Bhopal,B30,26-35,Male,16.2,Cheque,Verified
INV000989,2025-03-05,120844,lumpsum,516783,Gujarat,Surat,T30,36-45,Male,16.1,Cheque,Verified
INV003462,2025-03-05,119551,redemption,364569,Rajasthan,Jaipur,T30,26-35,Female,24.3,UPI,Pending
INV003870,2025-03-05,148568,lumpsum,74543,West Bengal,Kolkata,T30,26-35,Male,15.0,Cheque,Verified
INV000982,2025-03-05,149322,sip,1048,Gujarat,Ahmedabad,T30,36-45,Male,46.9,Mandate,Verified
INV004374,2025-03-05,120841,lumpsum,442714,Maharashtra,Nashik,B30,36-45,Female,16.5,UPI,Verified
INV003869,2025-03-05,119598,sip,1613,Maharashtra,Mumbai,T30,18-25,Male,5.0,Cheque,Verified
INV004567,2025-03-05,119093,sip,20395,Telangana,Hyderabad,T30,56+,Male,75.0,Mandate,Verified
INV000012,2025-03-05,119552,sip,13290,Uttar Pradesh,Kanpur,B30,46-55,Male,51.6,Cheque,Verified
INV002553,2025-03-05,149323,redemption,145273,Gujarat,Ahmedabad,T30,36-45,Female,47.8,Net Banking,Pending
INV004583,2025-03-05,118634,sip,1104,Maharashtra,Nashik,B30,26-35,Male,13.9,Net Banking,Verified
INV000341,2025-03-05,100025,sip,2938,Delhi,New Delhi,T30,26-35,Male,19.6,Cheque,Verified
INV001983,2025-03-05,120505,lumpsum,82754,West Bengal,Kolkata,T30,36-45,Male,30.6,Mandate,Verified
INV004801,2025-03-05,120844,redemption,488323,Uttar Pradesh,Lucknow,T30,26-35,Male,13.2,Cheque,Verified
INV001342,2025-03-05,119095,sip,57833,West Bengal,Kolkata,T30,26-35,Female,15.5,Net Banking,Verified
INV000182,2025-03-05,102885,redemption,39793,Tamil Nadu,Chennai,T30,36-45,Male,38.1,Cheque,Verified
INV000262,2025-03-05,120506,lumpsum,177198,Telangana,Hyderabad,T30,36-45,Male,47.6,UPI,Pending
INV004240,2025-03-05,118633,sip,8811,Maharashtra,Mumbai,T30,18-25,Male,7.1,UPI,Verified
INV003005,2025-03-05,100033,sip,931,Punjab,Amritsar,B30,26-35,Male,24.5,UPI,Verified
INV000289,2025-03-06,120503,sip,13050,Delhi,Gurugram,T30,36-45,Male,54.2,UPI,Verified
INV002922,2025-03-06,101208,redemption,534846,Punjab,Chandigarh,T30,18-25,Male,3.0,Mandate,Verified
INV000862,2025-03-06,119598,lumpsum,352461,Uttar Pradesh,Agra,B30,26-35,Female,24.4,Net Banking,Verified
INV004607,2025-03-06,120507,sip,2615,Telangana,Hyderabad,T30,26-35,Female,7.0,Mandate,Verified
INV000860,2025-03-06,118635,sip,22451,Madhya Pradesh,Bhopal,B30,36-45,Female,51.8,Mandate,Verified
INV000757,2025-03-06,120506,sip,5346,Madhya Pradesh,Indore,T30,36-45,Male,25.4,Mandate,Verified
INV003191,2025-03-06,148569,lumpsum,218166,Madhya Pradesh,Bhopal,B30,18-25,Female,6.8,Cheque,Verified
INV004778,2025-03-06,119093,redemption,207996,Telangana,Hyderabad,T30,26-35,Female,14.4,Net Banking,Verified
INV000742,2025-03-06,125497,sip,51121,Uttar Pradesh,Lucknow,T30,36-45,Male,27.4,Cheque,Verified
INV002973,2025-03-06,125497,redemption,285260,Uttar Pradesh,Kanpur,B30,26-35,Male,16.7,Cheque,Verified
INV003005,2025-03-06,118633,sip,518,Punjab,Amritsar,B30,26-35,Male,24.5,UPI,Verified
INV004740,2025-03-06,120503,lumpsum,291030,Tamil Nadu,Chennai,T30,56+,Male,43.4,Cheque,Verified
INV003140,2025-03-06,120507,sip,1829,West Bengal,Kolkata,T30,26-35,Male,16.9,Net Banking,Verified
INV004437,2025-03-06,120507,sip,57739,Telangana,Hyderabad,T30,26-35,Male,13.7,Mandate,Verified
INV002325,2025-03-06,100025,sip,2026,Rajasthan,Udaipur,B30,36-45,Male,48.8,Net Banking,Verified
INV003201,2025-03-06,101206,sip,8664,Rajasthan,Jaipur,T30,36-45,Female,12.2,Cheque,Pending
INV002059,2025-03-06,149324,sip,20816,Haryana,Faridabad,B30,46-55,Male,95.1,UPI,Verified
INV004589,2025-03-06,101208,redemption,164120,Gujarat,Ahmedabad,T30,36-45,Male,14.4,Cheque,Verified
INV004194,2025-03-06,118632,sip,26154,Tamil Nadu,Chennai,T30,36-45,Female,25.3,UPI,Verified
INV001810,2025-03-06,125497,sip,2585,Uttar Pradesh,Kanpur,B30,26-35,Female,10.1,Mandate,Verified
INV003444,2025-03-06,120506,sip,3592,Telangana,Hyderabad,T30,36-45,Female,41.4,Net Banking,Verified
INV003060,2025-03-06,119599,redemption,496454,Rajasthan,Jaipur,T30,56+,Female,16.6,Net Banking,Verified
INV000618,2025-03-06,149322,sip,4812,Madhya Pradesh,Indore,T30,26-35,Male,17.8,UPI,Verified
INV003477,2025-03-06,119551,sip,5891,Delhi,Gurugram,T30,36-45,Female,23.1,Mandate,Verified
INV000629,2025-03-06,149324,lumpsum,151756,West Bengal,Kolkata,T30,46-55,Male,96.4,UPI,Verified
INV004509,2025-03-06,119551,sip,2483,Uttar Pradesh,Lucknow,T30,26-35,Female,20.3,Cheque,Verified
INV004614,2025-03-06,148567,redemption,115075,Delhi,New Delhi,T30,18-25,Male,7.7,UPI,Verified
INV004192,2025-03-06,118633,sip,4474,Maharashtra,Mumbai,T30,26-35,Male,17.1,Cheque,Verified
INV002012,2025-03-06,100016,sip,1129,Telangana,Hyderabad,T30,36-45,Male,38.4,Mandate,Verified
INV000852,2025-03-06,148569,sip,1954,Maharashtra,Nashik,B30,26-35,Female,18.1,Mandate,Verified
INV000354,2025-03-06,148569,redemption,299254,Telangana,Hyderabad,T30,26-35,Male,21.2,Mandate,Verified
INV002274,2025-03-06,100033,lumpsum,223640,Tamil Nadu,Coimbatore,B30,18-25,Female,6.9,Cheque,Verified
INV003332,2025-03-06,120505,sip,1114,Uttar Pradesh,Kanpur,B30,46-55,Male,83.2,Mandate,Verified
INV002162,2025-03-06,102886,sip,5652,Madhya Pradesh,Indore,T30,46-55,Male,40.2,Mandate,Verified
INV002983,2025-03-06,120503,redemption,139418,Karnataka,Mysore,B30,18-25,Male,6.2,Net Banking,Verified
INV002978,2025-03-06,149323,lumpsum,124785,Karnataka,Bangalore,T30,36-45,Male,43.5,UPI,Verified
INV003825,2025-03-06,148567,sip,42947,Telangana,Hyderabad,T30,56+,Male,69.6,Cheque,Verified
INV002784,2025-03-06,119095,sip,17389,Karnataka,Mysore,B30,26-35,Male,17.7,Net Banking,Pending
INV003920,2025-03-06,100016,sip,547,Punjab,Chandigarh,T30,26-35,Male,20.3,Net Banking,Verified
INV004939,2025-03-06,119092,redemption,361846,Punjab,Amritsar,B30,18-25,Male,4.7,UPI,Verified
INV003918,2025-03-06,119551,sip,1760,Madhya Pradesh,Indore,T30,56+,Male,51.2,Net Banking,Verified
INV002802,2025-03-06,149324,redemption,238503,Gujarat,Surat,T30,36-45,Female,32.8,Cheque,Verified
INV004009,2025-03-06,101206,sip,20685,Gujarat,Ahmedabad,T30,18-25,Male,5.6,Net Banking,Verified
INV003956,2025-03-06,149322,sip,14822,Punjab,Amritsar,B30,36-45,Male,32.3,Mandate,Verified
INV001272,2025-03-06,101208,lumpsum,247108,Gujarat,Ahmedabad,T30,18-25,Male,5.3,Cheque,Verified
INV001652,2025-03-06,120842,sip,59756,Tamil Nadu,Chennai,T30,26-35,Female,12.7,Cheque,Verified
INV004846,2025-03-06,120503,sip,2676,Rajasthan,Udaipur,B30,26-35,Male,9.2,Cheque,Verified
INV002434,2025-03-06,120506,sip,2108,Uttar Pradesh,Agra,B30,26-35,Male,13.8,Mandate,Verified
INV002560,2025-03-06,118635,lumpsum,322758,Haryana,Faridabad,B30,26-35,Male,6.4,Mandate,Verified
INV002706,2025-03-06,118634,sip,27603,Haryana,Faridabad,B30,46-55,Female,22.8,Mandate,Verified
INV004109,2025-03-06,119092,sip,52927,Uttar Pradesh,Lucknow,T30,56+,Female,59.8,Cheque,Verified
INV003979,2025-03-06,101206,sip,2395,Madhya Pradesh,Indore,T30,36-45,Male,44.4,UPI,Verified
INV004127,2025-03-06,119092,lumpsum,301467,Madhya Pradesh,Indore,T30,36-45,Female,27.3,Cheque,Verified
INV000971,2025-03-06,119551,lumpsum,281064,Maharashtra,Mumbai,T30,36-45,Male,42.2,Cheque,Verified
INV000030,2025-03-06,119094,sip,2212,Delhi,Noida,T30,18-25,Female,5.1,Mandate,Pending
INV004970,2025-03-06,119599,sip,3148,Maharashtra,Nashik,B30,36-45,Female,27.6,UPI,Verified
INV001299,2025-03-06,119092,sip,858,Haryana,Faridabad,B30,26-35,Male,19.9,Mandate,Verified
INV003799,2025-03-06,119598,redemption,45042,Punjab,Amritsar,B30,18-25,Male,5.6,Mandate,Verified
INV002684,2025-03-06,102886,sip,6742,Delhi,New Delhi,T30,36-45,Female,56.2,Cheque,Verified
INV003792,2025-03-06,102887,lumpsum,14741,Maharashtra,Pune,T30,46-55,Male,17.9,UPI,Verified
INV000195,2025-03-06,120504,lumpsum,227486,Madhya Pradesh,Bhopal,B30,36-45,Female,56.5,UPI,Verified
INV003722,2025-03-06,149322,sip,58694,Maharashtra,Nashik,B30,36-45,Female,50.8,Net Banking,Verified
INV004924,2025-03-06,120507,sip,45098,Telangana,Hyderabad,T30,36-45,Male,16.1,Mandate,Verified
INV002579,2025-03-06,125497,sip,23180,Maharashtra,Mumbai,T30,36-45,Male,30.1,Cheque,Verified
INV002630,2025-03-07,119095,lumpsum,232135,Punjab,Amritsar,B30,36-45,Male,19.6,Cheque,Verified
INV000584,2025-03-07,149322,lumpsum,179073,Uttar Pradesh,Kanpur,B30,46-55,Female,20.9,Mandate,Verified
INV002126,2025-03-07,120842,sip,44027,Delhi,New Delhi,T30,26-35,Female,22.0,UPI,Verified
INV003376,2025-03-07,118635,redemption,360233,Delhi,New Delhi,T30,36-45,Male,44.4,UPI,Verified
INV004384,2025-03-07,149322,lumpsum,416358,Delhi,Noida,T30,26-35,Male,12.1,UPI,Verified
INV003609,2025-03-07,119094,lumpsum,199046,Karnataka,Mysore,B30,26-35,Male,9.2,UPI,Verified
INV000805,2025-03-07,102886,redemption,37944,West Bengal,Kolkata,T30,36-45,Male,57.2,Net Banking,Verified
INV002507,2025-03-07,149322,sip,404,Tamil Nadu,Chennai,T30,26-35,Female,12.7,UPI,Verified
INV000671,2025-03-07,119095,redemption,174573,Uttar Pradesh,Agra,B30,36-45,Female,15.3,Net Banking,Verified
INV001803,2025-03-07,100016,sip,1681,Rajasthan,Udaipur,B30,26-35,Female,20.6,Cheque,Verified
INV001823,2025-03-07,148567,sip,3055,Tamil Nadu,Coimbatore,B30,26-35,Male,17.1,Net Banking,Verified
INV000238,2025-03-07,118632,sip,54186,Telangana,Hyderabad,T30,36-45,Male,26.3,Cheque,Verified
INV004491,2025-03-07,119095,lumpsum,381175,Punjab,Chandigarh,T30,46-55,Male,83.6,Mandate,Verified
INV001115,2025-03-07,120507,sip,1080,Uttar Pradesh,Kanpur,B30,26-35,Male,20.7,Cheque,Verified
INV001228,2025-03-07,120506,lumpsum,586007,Karnataka,Bangalore,T30,36-45,Female,29.8,Net Banking,Pending
INV000992,2025-03-07,119094,sip,14123,Tamil Nadu,Coimbatore,B30,46-55,Female,83.5,Mandate,Verified
INV002640,2025-03-07,100016,redemption,126600,Haryana,Faridabad,B30,56+,Female,50.5,Net Banking,Verified
INV004910,2025-03-07,149323,sip,1877,Karnataka,Mysore,B30,26-35,Female,22.7,Mandate,Verified
INV001605,2025-03-07,101208,sip,1103,Uttar Pradesh,Kanpur,B30,26-35,Female,12.4,Cheque,Verified
INV003789,2025-03-07,119092,sip,3450,Rajasthan,Udaipur,B30,36-45,Male,29.9,Cheque,Verified
INV003546,2025-03-07,148567,redemption,32781,West Bengal,Kolkata,T30,36-45,Male,16.2,Cheque,Verified
INV001780,2025-03-07,118636,lumpsum,101773,Punjab,Amritsar,B30,46-55,Male,84.1,UPI,Verified
INV002341,2025-03-07,119095,sip,27951,West Bengal,Kolkata,T30,36-45,Female,50.8,UPI,Pending
INV003013,2025-03-07,118632,sip,2599,Uttar Pradesh,Lucknow,T30,56+,Male,44.8,UPI,Verified
INV002904,2025-03-07,118635,sip,464,West Bengal,Kolkata,T30,36-45,Male,52.2,Net Banking,Verified
INV003388,2025-03-07,125498,sip,2604,Haryana,Faridabad,B30,56+,Female,39.3,Cheque,Verified
INV000338,2025-03-07,119598,sip,57900,Gujarat,Surat,T30,46-55,Female,20.9,UPI,Verified
INV000395,2025-03-07,100025,sip,5116,Delhi,Noida,T30,18-25,Male,3.4,UPI,Verified
INV002032,2025-03-07,120503,sip,507,Haryana,Gurugram,T30,26-35,Male,14.2,UPI,Verified
INV000981,2025-03-07,120842,redemption,456165,West Bengal,Kolkata,T30,36-45,Female,59.7,Net Banking,Verified
INV003860,2025-03-07,119093,sip,25046,Punjab,Chandigarh,T30,26-35,Male,20.4,Mandate,Verified
INV004707,2025-03-07,119095,sip,2783,Tamil Nadu,Coimbatore,B30,36-45,Female,55.6,Mandate,Verified
INV003253,2025-03-07,101207,sip,7731,West Bengal,Kolkata,T30,56+,Male,30.2,Net Banking,Verified
INV002112,2025-03-07,101207,redemption,331974,Madhya Pradesh,Indore,T30,56+,Male,41.3,Cheque,Verified
INV004547,2025-03-07,118634,redemption,452049,Madhya Pradesh,Bhopal,B30,36-45,Female,42.8,Net Banking,Verified
INV002267,2025-03-07,149322,sip,46402,Haryana,Faridabad,B30,18-25,Male,4.7,Net Banking,Verified
INV004852,2025-03-07,118633,sip,2950,Gujarat,Ahmedabad,T30,36-45,Male,35.1,Cheque,Verified
INV001039,2025-03-07,101208,sip,4923,Gujarat,Surat,T30,36-45,Male,12.8,Cheque,Verified
INV003248,2025-03-07,120506,lumpsum,130931,Karnataka,Mysore,B30,26-35,Male,6.5,UPI,Verified
INV001850,2025-03-07,102886,redemption,354910,Uttar Pradesh,Kanpur,B30,26-35,Male,17.1,Mandate,Verified
INV000384,2025-03-07,120504,sip,2035,Tamil Nadu,Coimbatore,B30,18-25,Female,6.5,Cheque,Verified
INV004013,2025-03-07,101207,lumpsum,289965,Gujarat,Ahmedabad,T30,18-25,Male,7.6,Cheque,Verified
INV004605,2025-03-07,120505,lumpsum,95382,Maharashtra,Nashik,B30,36-45,Male,17.8,Mandate,Verified
INV003006,2025-03-07,100016,sip,9727,West Bengal,Kolkata,T30,26-35,Male,9.5,Net Banking,Verified
INV001706,2025-03-07,119094,sip,459,West Bengal,Kolkata,T30,26-35,Male,14.2,Mandate,Verified
INV002232,2025-03-07,118634,redemption,167867,Karnataka,Bangalore,T30,26-35,Female,16.9,UPI,Verified
INV001144,2025-03-07,120841,sip,25604,Tamil Nadu,Coimbatore,B30,36-45,Male,16.7,Mandate,Verified
INV002551,2025-03-07,118634,sip,2326,West Bengal,Kolkata,T30,18-25,Female,5.9,Cheque,Verified
INV004678,2025-03-07,148569,lumpsum,41336,West Bengal,Kolkata,T30,36-45,Female,15.3,Mandate,Verified
INV002671,2025-03-07,120505,lumpsum,69907,Madhya Pradesh,Indore,T30,18-25,Male,6.3,Net Banking,Verified
INV003438,2025-03-07,101207,lumpsum,340188,Delhi,Noida,T30,26-35,Female,19.6,Cheque,Verified
INV001857,2025-03-07,120506,redemption,229979,Tamil Nadu,Chennai,T30,26-35,Male,24.0,Mandate,Verified
INV001510,2025-03-07,148568,sip,2705,Gujarat,Surat,T30,26-35,Male,15.4,UPI,Verified
INV000131,2025-03-07,119094,sip,44909,Telangana,Hyderabad,T30,36-45,Female,16.8,Net Banking,Verified
INV000845,2025-03-07,120505,sip,6389,Uttar Pradesh,Kanpur,B30,36-45,Male,17.5,Mandate,Verified
INV000725,2025-03-07,120507,sip,5020,Telangana,Hyderabad,T30,18-25,Male,6.9,Mandate,Verified
INV002095,2025-03-07,120504,redemption,416451,Punjab,Amritsar,B30,26-35,Male,9.2,Net Banking,Pending
INV002591,2025-03-07,148568,sip,14284,Gujarat,Ahmedabad,T30,18-25,Male,3.7,Net Banking,Pending
INV004602,2025-03-07,118636,sip,5273,Delhi,Noida,T30,26-35,Female,9.4,Mandate,Pending
INV003225,2025-03-07,102885,lumpsum,276128,West Bengal,Kolkata,T30,26-35,Male,9.2,Cheque,Verified
INV002106,2025-03-07,100016,sip,4803,Uttar Pradesh,Lucknow,T30,26-35,Male,20.8,UPI,Pending
INV003665,2025-03-07,100025,sip,10963,Maharashtra,Nashik,B30,26-35,Female,11.8,Mandate,Verified
INV003132,2025-03-08,102886,sip,2592,Maharashtra,Pune,T30,56+,Male,60.7,Net Banking,Verified
INV000082,2025-03-08,119092,lumpsum,109214,Rajasthan,Udaipur,B30,26-35,Female,19.6,Net Banking,Verified
INV001359,2025-03-08,120504,sip,1191,Haryana,Gurugram,T30,36-45,Female,41.8,Net Banking,Verified
INV003789,2025-03-08,118632,lumpsum,426310,Rajasthan,Udaipur,B30,36-45,Male,29.9,Cheque,Pending
INV003218,2025-03-08,120503,sip,916,Tamil Nadu,Chennai,T30,18-25,Male,6.0,Cheque,Verified
INV003626,2025-03-08,149324,lumpsum,484264,Madhya Pradesh,Indore,T30,26-35,Male,23.5,Net Banking,Verified
INV001212,2025-03-08,149324,sip,8099,Uttar Pradesh,Lucknow,T30,36-45,Male,40.3,Net Banking,Verified
INV003088,2025-03-08,101208,lumpsum,363785,West Bengal,Kolkata,T30,26-35,Female,15.4,Mandate,Verified
INV002357,2025-03-08,120843,redemption,139008,Delhi,Gurugram,T30,26-35,Male,7.8,Cheque,Verified
INV001247,2025-03-08,119093,sip,833,West Bengal,Kolkata,T30,36-45,Male,48.1,Cheque,Verified
INV001219,2025-03-08,119598,lumpsum,420763,West Bengal,Kolkata,T30,26-35,Male,18.4,UPI,Verified
INV004243,2025-03-08,120504,sip,4145,Punjab,Amritsar,B30,36-45,Female,38.7,Cheque,Verified
INV003411,2025-03-08,119095,sip,13763,Tamil Nadu,Chennai,T30,26-35,Male,14.2,Mandate,Verified
INV001061,2025-03-08,120842,sip,46013,Punjab,Amritsar,B30,18-25,Male,7.4,Net Banking,Verified
INV002229,2025-03-08,148569,sip,2873,Rajasthan,Jaipur,T30,36-45,Male,24.6,Cheque,Verified
INV004244,2025-03-08,102886,redemption,355876,Karnataka,Bangalore,T30,26-35,Male,16.8,Mandate,Verified
INV001145,2025-03-08,119599,sip,42090,Delhi,Gurugram,T30,18-25,Female,4.3,Mandate,Verified
INV004398,2025-03-08,119093,sip,8100,Punjab,Chandigarh,T30,46-55,Male,95.2,UPI,Verified
INV002234,2025-03-08,120503,sip,8366,Rajasthan,Jaipur,T30,26-35,Male,24.5,Cheque,Verified
INV003003,2025-03-08,120507,sip,27076,West Bengal,Kolkata,T30,18-25,Female,3.1,Mandate,Verified
INV001228,2025-03-08,149323,sip,52147,Karnataka,Bangalore,T30,36-45,Female,29.8,UPI,Verified
INV003406,2025-03-08,120504,sip,25965,Madhya Pradesh,Bhopal,B30,26-35,Male,21.2,Net Banking,Pending
INV002137,2025-03-08,118635,sip,7614,Tamil Nadu,Coimbatore,B30,36-45,Male,17.6,Net Banking,Pending
INV000514,2025-03-08,102887,redemption,396408,West Bengal,Kolkata,T30,36-45,Male,43.2,Mandate,Verified
INV000371,2025-03-08,101208,sip,1060,Uttar Pradesh,Agra,B30,26-35,Male,14.6,Mandate,Verified
INV004436,2025-03-08,125498,redemption,157790,Delhi,New Delhi,T30,56+,Male,30.3,UPI,Verified
INV002181,2025-03-08,120842,lumpsum,202762,Gujarat,Surat,T30,26-35,Male,18.3,Cheque,Verified
INV002765,2025-03-08,120843,sip,438,Uttar Pradesh,Lucknow,T30,36-45,Male,57.6,Net Banking,Pending
INV002590,2025-03-08,101206,sip,4983,West Bengal,Kolkata,T30,36-45,Male,45.1,UPI,Verified
INV003034,2025-03-08,102885,sip,1896,Tamil Nadu,Chennai,T30,26-35,Male,7.2,Mandate,Verified
INV003602,2025-03-08,118634,redemption,396946,Maharashtra,Nashik,B30,46-55,Male,75.4,UPI,Pending
INV003261,2025-03-08,120505,lumpsum,195555,Punjab,Amritsar,B30,26-35,Male,10.5,Mandate,Verified
INV004532,2025-03-08,149324,redemption,269149,Haryana,Gurugram,T30,36-45,Male,23.1,Mandate,Verified
INV003639,2025-03-08,149322,sip,2845,Telangana,Hyderabad,T30,36-45,Female,22.9,Mandate,Verified
INV004547,2025-03-08,118636,sip,562,Madhya Pradesh,Bhopal,B30,36-45,Female,42.8,UPI,Verified
INV000723,2025-03-08,100025,sip,820,Madhya Pradesh,Indore,T30,46-55,Female,31.4,Mandate,Pending
INV001992,2025-03-08,148567,sip,995,Telangana,Hyderabad,T30,18-25,Male,3.3,Mandate,Verified
INV004314,2025-03-08,119551,sip,53905,Haryana,Gurugram,T30,26-35,Male,19.2,Cheque,Verified
INV000163,2025-03-08,120506,sip,2554,Uttar Pradesh,Kanpur,B30,46-55,Male,70.4,UPI,Verified
INV000735,2025-03-08,118634,sip,9949,Maharashtra,Pune,T30,36-45,Male,57.7,Net Banking,Verified
INV000160,2025-03-08,120503,redemption,279685,Tamil Nadu,Chennai,T30,36-45,Female,26.8,Cheque,Pending
INV002387,2025-03-08,120503,lumpsum,149075,Telangana,Hyderabad,T30,26-35,Male,13.1,Net Banking,Verified
INV001814,2025-03-08,148567,lumpsum,357480,West Bengal,Kolkata,T30,26-35,Female,6.9,Cheque,Verified
INV001390,2025-03-08,118634,sip,7496,Haryana,Gurugram,T30,26-35,Female,13.0,Net Banking,Verified
INV001562,2025-03-08,119598,sip,13392,Delhi,Noida,T30,26-35,Male,7.0,Cheque,Verified
INV004576,2025-03-08,120506,sip,3281,Rajasthan,Jaipur,T30,46-55,Male,54.5,Mandate,Pending
INV001477,2025-03-08,101206,lumpsum,508733,Haryana,Faridabad,B30,26-35,Female,20.4,Cheque,Verified
INV002693,2025-03-08,148568,sip,6749,Uttar Pradesh,Kanpur,B30,26-35,Male,22.5,Cheque,Verified
INV003169,2025-03-08,120843,sip,20116,Telangana,Hyderabad,T30,26-35,Female,11.2,UPI,Verified
INV003503,2025-03-08,120507,redemption,385712,Karnataka,Mysore,B30,36-45,Male,26.3,Net Banking,Verified
INV002974,2025-03-08,118634,sip,4128,Telangana,Hyderabad,T30,26-35,Female,21.9,UPI,Verified
INV002294,2025-03-08,118635,sip,8506,Haryana,Gurugram,T30,26-35,Male,22.3,Net Banking,Verified
INV000116,2025-03-08,148567,sip,10631,West Bengal,Kolkata,T30,18-25,Male,3.2,Cheque,Verified
INV003778,2025-03-08,120507,redemption,138289,Tamil Nadu,Chennai,T30,36-45,Male,59.4,Cheque,Verified
INV002342,2025-03-08,119551,sip,2589,Maharashtra,Mumbai,T30,26-35,Male,15.8,Mandate,Verified
INV002611,2025-03-08,102886,lumpsum,310835,West Bengal,Kolkata,T30,26-35,Male,21.5,Cheque,Verified
INV001224,2025-03-09,101206,redemption,70126,West Bengal,Kolkata,T30,18-25,Female,6.8,Cheque,Pending
INV003534,2025-03-09,118635,sip,829,Madhya Pradesh,Indore,T30,46-55,Male,75.7,Net Banking,Verified
INV001724,2025-03-09,120844,sip,58166,Madhya Pradesh,Indore,T30,26-35,Female,11.9,UPI,Verified
INV000018,2025-03-09,100016,sip,2834,Telangana,Hyderabad,T30,56+,Male,37.9,UPI,Verified
INV004811,2025-03-09,119599,sip,4567,Punjab,Amritsar,B30,26-35,Female,9.4,UPI,Verified
INV001402,2025-03-09,119599,sip,40594,Tamil Nadu,Chennai,T30,26-35,Male,15.2,Cheque,Verified
INV001628,2025-03-09,100033,sip,4454,Rajasthan,Jaipur,T30,36-45,Female,45.6,Mandate,Verified
INV003125,2025-03-09,102886,sip,6369,Punjab,Chandigarh,T30,36-45,Female,30.8,Cheque,Verified
INV002858,2025-03-09,119552,sip,2025,Rajasthan,Udaipur,B30,26-35,Male,17.4,Net Banking,Verified
INV003534,2025-03-09,118632,lumpsum,309973,Madhya Pradesh,Indore,T30,46-55,Male,75.7,Cheque,Verified
INV000943,2025-03-09,118635,redemption,203209,West Bengal,Kolkata,T30,18-25,Male,5.8,UPI,Verified
INV003169,2025-03-09,101208,lumpsum,443631,Telangana,Hyderabad,T30,26-35,Female,11.2,Net Banking,Verified
INV003966,2025-03-09,118632,sip,58091,Uttar Pradesh,Agra,B30,46-55,Male,79.6,Mandate,Verified
INV000452,2025-03-09,148567,sip,2725,Tamil Nadu,Coimbatore,B30,26-35,Male,18.1,Net Banking,Verified
INV004307,2025-03-09,100033,sip,13428,Haryana,Faridabad,B30,26-35,Male,19.3,Net Banking,Verified
INV000728,2025-03-09,119552,lumpsum,397992,Telangana,Hyderabad,T30,26-35,Male,8.4,Net Banking,Verified
INV002465,2025-03-09,118633,sip,4935,Rajasthan,Jaipur,T30,26-35,Female,7.0,Mandate,Verified
INV004026,2025-03-09,125497,sip,415,Haryana,Faridabad,B30,26-35,Female,8.3,Net Banking,Verified
INV001163,2025-03-09,148567,sip,2803,Karnataka,Mysore,B30,26-35,Male,10.2,Mandate,Verified
INV004689,2025-03-09,118635,sip,17675,West Bengal,Kolkata,T30,26-35,Male,25.0,Net Banking,Verified
INV001370,2025-03-09,118632,sip,4900,Tamil Nadu,Coimbatore,B30,26-35,Male,7.5,Cheque,Verified
INV002666,2025-03-09,119092,lumpsum,277773,Madhya Pradesh,Bhopal,B30,46-55,Female,93.7,Net Banking,Verified
INV004600,2025-03-09,118636,redemption,137409,West Bengal,Kolkata,T30,46-55,Female,35.5,Cheque,Verified
INV000701,2025-03-09,119598,lumpsum,237286,West Bengal,Kolkata,T30,36-45,Female,55.6,UPI,Verified
INV000435,2025-03-09,101206,sip,59022,Karnataka,Mysore,B30,56+,Male,57.0,Cheque,Verified
INV004888,2025-03-09,119095,lumpsum,387761,Delhi,Gurugram,T30,26-35,Female,6.7,Mandate,Verified
INV000689,2025-03-09,149324,sip,14405,Tamil Nadu,Chennai,T30,26-35,Female,19.8,Net Banking,Verified
INV004947,2025-03-09,120507,lumpsum,313600,Telangana,Hyderabad,T30,26-35,Female,19.7,Cheque,Verified
INV001286,2025-03-09,119552,sip,24662,Maharashtra,Pune,T30,36-45,Male,44.6,Mandate,Pending
INV004850,2025-03-09,118633,lumpsum,202349,Madhya Pradesh,Bhopal,B30,56+,Male,34.8,Cheque,Verified
INV001803,2025-03-09,120506,sip,3435,Rajasthan,Udaipur,B30,26-35,Female,20.6,Net Banking,Verified
INV003405,2025-03-09,118634,sip,2310,Rajasthan,Jaipur,T30,26-35,Male,11.5,Mandate,Verified
INV000556,2025-03-09,119120,sip,27034,Rajasthan,Udaipur,B30,18-25,Male,7.2,UPI,Pending
INV001383,2025-03-09,120842,sip,2692,Maharashtra,Pune,T30,26-35,Male,18.6,Mandate,Verified
INV004085,2025-03-09,119092,sip,17365,Maharashtra,Pune,T30,36-45,Female,34.5,Mandate,Verified
INV000418,2025-03-09,101207,lumpsum,391924,Rajasthan,Jaipur,T30,26-35,Female,13.6,Mandate,Verified
INV000977,2025-03-09,120843,sip,2952,Karnataka,Mysore,B30,56+,Male,22.5,Mandate,Verified
INV004694,2025-03-09,118636,sip,6321,Gujarat,Surat,T30,26-35,Male,9.9,Mandate,Verified
INV004475,2025-03-09,100033,sip,2283,Punjab,Amritsar,B30,26-35,Male,18.2,Net Banking,Verified
INV003780,2025-03-09,125497,sip,11085,Haryana,Faridabad,B30,26-35,Male,10.1,UPI,Verified
INV004368,2025-03-09,149322,sip,1935,Punjab,Chandigarh,T30,36-45,Male,33.7,Cheque,Verified
INV003593,2025-03-09,119093,sip,28661,Karnataka,Bangalore,T30,26-35,Female,21.6,Net Banking,Verified
INV000754,2025-03-09,118634,sip,431,West Bengal,Kolkata,T30,26-35,Male,8.0,Net Banking,Verified
INV000038,2025-03-09,118636,sip,43082,West Bengal,Kolkata,T30,56+,Female,22.4,Cheque,Verified
INV004845,2025-03-09,102885,sip,1186,West Bengal,Kolkata,T30,18-25,Male,7.5,UPI,Verified
INV001560,2025-03-09,118636,redemption,80765,Punjab,Amritsar,B30,26-35,Male,22.5,Cheque,Verified
INV001269,2025-03-09,101208,lumpsum,237352,Maharashtra,Mumbai,T30,26-35,Male,14.4,Net Banking,Verified
INV000410,2025-03-09,120844,sip,6384,Rajasthan,Jaipur,T30,18-25,Female,5.3,Mandate,Verified
INV004174,2025-03-09,120841,sip,59246,Rajasthan,Udaipur,B30,18-25,Male,4.7,UPI,Verified
INV000652,2025-03-09,125498,lumpsum,376396,Delhi,Gurugram,T30,26-35,Male,8.0,Cheque,Verified
INV002824,2025-03-09,119552,sip,3532,Rajasthan,Jaipur,T30,56+,Male,42.5,Cheque,Verified
INV003524,2025-03-09,119094,sip,27291,Telangana,Hyderabad,T30,36-45,Male,12.5,Cheque,Verified
INV000897,2025-03-09,120504,sip,9619,Maharashtra,Nashik,B30,36-45,Male,22.3,Cheque,Verified
INV000887,2025-03-09,148568,redemption,264892,Tamil Nadu,Coimbatore,B30,36-45,Male,53.9,UPI,Pending
INV001689,2025-03-09,118632,lumpsum,267121,Haryana,Faridabad,B30,36-45,Male,40.4,Mandate,Verified
INV002379,2025-03-10,119095,sip,13391,Madhya Pradesh,Bhopal,B30,26-35,Male,15.6,UPI,Verified
INV003230,2025-03-10,118635,lumpsum,88955,Punjab,Amritsar,B30,18-25,Female,3.2,Mandate,Verified
INV003379,2025-03-10,120505,sip,27044,Uttar Pradesh,Lucknow,T30,36-45,Male,43.2,UPI,Verified
INV003554,2025-03-10,102885,lumpsum,375279,Rajasthan,Jaipur,T30,26-35,Female,15.6,Cheque,Verified
INV003537,2025-03-10,120506,sip,5139,Punjab,Amritsar,B30,18-25,Male,3.7,UPI,Verified
INV000857,2025-03-10,118635,redemption,118628,Gujarat,Ahmedabad,T30,26-35,Female,23.6,Cheque,Verified
INV002536,2025-03-10,148569,lumpsum,365204,West Bengal,Kolkata,T30,26-35,Male,11.9,Mandate,Verified
INV001800,2025-03-10,119551,lumpsum,211337,Tamil Nadu,Chennai,T30,26-35,Female,12.8,Cheque,Verified
INV000267,2025-03-10,102887,lumpsum,136762,Telangana,Hyderabad,T30,26-35,Male,17.7,Net Banking,Verified
INV000575,2025-03-10,120842,sip,8298,Punjab,Amritsar,B30,26-35,Female,16.4,UPI,Verified
INV003381,2025-03-10,120506,sip,27083,Madhya Pradesh,Indore,T30,36-45,Female,12.1,UPI,Verified
INV002347,2025-03-10,119599,sip,3131,Delhi,New Delhi,T30,26-35,Female,6.5,Cheque,Pending
INV000219,2025-03-10,125498,sip,5796,Gujarat,Ahmedabad,T30,26-35,Male,22.3,Cheque,Verified
INV001008,2025-03-10,120503,sip,14599,Rajasthan,Udaipur,B30,46-55,Male,85.8,Net Banking,Verified
INV004584,2025-03-10,125498,lumpsum,263451,Uttar Pradesh,Kanpur,B30,56+,Male,47.5,Mandate,Verified
INV003044,2025-03-10,100025,lumpsum,140837,West Bengal,Kolkata,T30,18-25,Female,3.2,Net Banking,Verified
INV004857,2025-03-10,102885,lumpsum,225285,Delhi,Noida,T30,26-35,Male,15.3,Net Banking,Verified
INV004404,2025-03-10,101207,lumpsum,590794,Telangana,Hyderabad,T30,26-35,Male,22.1,Mandate,Verified
INV003228,2025-03-10,148568,sip,14200,Madhya Pradesh,Bhopal,B30,26-35,Male,20.0,Net Banking,Verified
INV004413,2025-03-10,119093,lumpsum,21465,Maharashtra,Mumbai,T30,26-35,Male,14.7,Mandate,Verified
INV002029,2025-03-10,119093,lumpsum,83543,West Bengal,Kolkata,T30,36-45,Male,29.3,Cheque,Verified
INV004040,2025-03-10,118633,lumpsum,426276,Gujarat,Ahmedabad,T30,36-45,Male,54.3,Cheque,Verified
INV000946,2025-03-10,119552,redemption,298980,Karnataka,Bangalore,T30,46-55,Female,37.3,UPI,Verified
INV002780,2025-03-10,118636,sip,2023,Haryana,Faridabad,B30,36-45,Male,21.2,Mandate,Verified
INV001758,2025-03-10,118632,lumpsum,392832,Gujarat,Surat,T30,18-25,Female,7.9,UPI,Verified
INV003407,2025-03-10,119092,sip,2971,West Bengal,Kolkata,T30,26-35,Male,6.7,Net Banking,Verified
INV003267,2025-03-10,100016,lumpsum,282899,Rajasthan,Udaipur,B30,36-45,Male,29.9,Mandate,Pending
INV004803,2025-03-10,149323,redemption,203564,Haryana,Gurugram,T30,18-25,Female,7.7,Net Banking,Pending
INV002697,2025-03-10,102885,lumpsum,92567,West Bengal,Kolkata,T30,26-35,Male,14.1,UPI,Verified
INV003269,2025-03-10,119092,redemption,204186,Telangana,Hyderabad,T30,56+,Male,17.5,Mandate,Verified
INV004500,2025-03-10,118636,lumpsum,536602,Karnataka,Mysore,B30,46-55,Male,45.2,UPI,Verified
INV003128,2025-03-10,125498,sip,1886,Uttar Pradesh,Kanpur,B30,18-25,Female,7.7,Cheque,Pending
INV001608,2025-03-10,118635,sip,4734,Delhi,Gurugram,T30,26-35,Male,13.1,Mandate,Verified
INV001738,2025-03-10,120842,sip,4593,Karnataka,Bangalore,T30,36-45,Female,41.2,Net Banking,Verified
INV001382,2025-03-10,119095,sip,2065,Karnataka,Mysore,B30,26-35,Male,18.9,Cheque,Verified
INV004774,2025-03-10,102885,sip,54354,Tamil Nadu,Coimbatore,B30,36-45,Male,21.8,Net Banking,Verified
INV000977,2025-03-10,102887,redemption,168688,Karnataka,Mysore,B30,56+,Male,22.5,Mandate,Verified
INV001308,2025-03-10,120843,sip,42054,Rajasthan,Jaipur,T30,36-45,Male,19.3,Cheque,Verified
INV004636,2025-03-10,120844,sip,57199,Uttar Pradesh,Kanpur,B30,18-25,Female,5.0,Mandate,Pending
INV001696,2025-03-10,101206,redemption,132530,West Bengal,Kolkata,T30,56+,Female,55.8,Cheque,Verified
INV001561,2025-03-10,119551,sip,2496,Rajasthan,Udaipur,B30,36-45,Male,39.4,Mandate,Verified
INV004076,2025-03-10,118635,redemption,350196,Madhya Pradesh,Indore,T30,26-35,Male,15.7,UPI,Verified
INV001045,2025-03-10,119092,sip,3511,Punjab,Chandigarh,T30,36-45,Female,45.5,Mandate,Verified
INV003243,2025-03-10,120503,sip,2418,Rajasthan,Jaipur,T30,18-25,Female,4.0,Net Banking,Verified
INV003962,2025-03-10,119599,sip,9104,Haryana,Gurugram,T30,26-35,Male,20.4,Net Banking,Verified
INV000200,2025-03-10,118635,redemption,503676,Rajasthan,Udaipur,B30,18-25,Male,4.0,Mandate,Verified
INV000452,2025-03-10,120505,lumpsum,22531,Tamil Nadu,Coimbatore,B30,26-35,Male,18.1,Mandate,Pending
INV002165,2025-03-10,149323,redemption,265974,Telangana,Hyderabad,T30,46-55,Male,46.2,UPI,Verified
INV000214,2025-03-10,120844,redemption,436916,Madhya Pradesh,Indore,T30,26-35,Female,20.7,Net Banking,Verified
INV002830,2025-03-10,148568,sip,22493,Karnataka,Mysore,B30,56+,Male,72.2,Cheque,Verified
INV003026,2025-03-10,119551,redemption,396168,Madhya Pradesh,Bhopal,B30,36-45,Female,25.7,Cheque,Pending
INV003655,2025-03-10,118635,lumpsum,442356,Madhya Pradesh,Bhopal,B30,36-45,Female,24.9,Cheque,Verified
INV002604,2025-03-10,125497,sip,8102,Maharashtra,Mumbai,T30,36-45,Female,25.5,Cheque,Verified
INV002260,2025-03-10,119599,lumpsum,292614,Telangana,Hyderabad,T30,26-35,Female,10.1,Cheque,Verified
INV003289,2025-03-10,120844,sip,2437,Uttar Pradesh,Lucknow,T30,26-35,Male,11.2,Mandate,Verified
INV001341,2025-03-10,102886,sip,2304,Madhya Pradesh,Indore,T30,46-55,Male,89.7,Mandate,Pending
INV000154,2025-03-10,120844,lumpsum,330380,Haryana,Faridabad,B30,36-45,Male,51.3,Net Banking,Verified
INV000910,2025-03-10,119551,sip,2065,Madhya Pradesh,Indore,T30,46-55,Male,58.8,Mandate,Verified
INV003448,2025-03-10,118632,redemption,283434,Rajasthan,Udaipur,B30,26-35,Male,16.4,Net Banking,Verified
INV003761,2025-03-10,125498,sip,589,Karnataka,Mysore,B30,46-55,Male,61.2,Cheque,Verified
INV001037,2025-03-10,119599,sip,12181,Haryana,Faridabad,B30,36-45,Female,41.8,Cheque,Verified
INV004336,2025-03-10,149323,redemption,369434,West Bengal,Kolkata,T30,46-55,Female,35.0,Cheque,Verified
INV000646,2025-03-10,120841,sip,2590,Uttar Pradesh,Lucknow,T30,26-35,Female,23.9,Cheque,Verified
INV001164,2025-03-10,101207,sip,936,Punjab,Chandigarh,T30,36-45,Male,54.4,Cheque,Verified
INV000619,2025-03-10,120505,sip,8518,West Bengal,Kolkata,T30,26-35,Male,12.6,Mandate,Verified
INV001653,2025-03-10,119551,lumpsum,95036,Maharashtra,Mumbai,T30,36-45,Male,45.4,Cheque,Pending
INV003986,2025-03-10,119095,lumpsum,252574,Telangana,Hyderabad,T30,36-45,Male,44.2,Mandate,Verified
INV003677,2025-03-10,118635,sip,2908,Gujarat,Ahmedabad,T30,36-45,Female,23.8,Mandate,Verified
INV000400,2025-03-10,119094,sip,1992,Punjab,Chandigarh,T30,26-35,Male,22.1,UPI,Verified
INV002723,2025-03-10,118636,sip,5645,West Bengal,Kolkata,T30,36-45,Female,54.4,Mandate,Verified
INV002353,2025-03-10,100016,sip,44810,West Bengal,Kolkata,T30,46-55,Male,40.5,Net Banking,Pending
INV003561,2025-03-11,125498,lumpsum,271291,West Bengal,Kolkata,T30,26-35,Male,22.0,UPI,Verified
INV004627,2025-03-11,100033,sip,3372,West Bengal,Kolkata,T30,36-45,Male,47.7,Net Banking,Verified
INV001851,2025-03-11,120841,redemption,66615,Gujarat,Ahmedabad,T30,26-35,Male,16.2,UPI,Verified
INV004691,2025-03-11,118635,lumpsum,107033,Delhi,Noida,T30,26-35,Male,14.5,Cheque,Verified
INV000708,2025-03-11,149323,sip,4541,Delhi,Noida,T30,26-35,Female,13.5,Cheque,Verified
INV004633,2025-03-11,148568,redemption,268750,Telangana,Hyderabad,T30,18-25,Female,4.9,UPI,Verified
INV001671,2025-03-11,119093,lumpsum,269500,Punjab,Chandigarh,T30,56+,Male,31.2,Mandate,Verified
INV000003,2025-03-11,149322,sip,15185,Gujarat,Ahmedabad,T30,26-35,Female,10.6,Mandate,Verified
INV000963,2025-03-11,100033,sip,2495,Punjab,Chandigarh,T30,18-25,Male,4.9,Net Banking,Verified
INV003851,2025-03-11,119093,sip,8187,Karnataka,Bangalore,T30,46-55,Male,60.6,Mandate,Verified
INV000287,2025-03-11,120505,sip,3265,Uttar Pradesh,Kanpur,B30,56+,Female,15.9,Mandate,Verified
INV004604,2025-03-11,102886,sip,11156,Haryana,Gurugram,T30,46-55,Male,74.6,UPI,Verified
INV003983,2025-03-11,120503,lumpsum,211215,Haryana,Faridabad,B30,26-35,Female,22.3,UPI,Pending
INV003033,2025-03-11,119094,sip,56633,Gujarat,Ahmedabad,T30,36-45,Male,17.3,UPI,Verified
INV003520,2025-03-11,120843,sip,26915,Uttar Pradesh,Lucknow,T30,18-25,Male,4.5,UPI,Verified
INV003546,2025-03-11,119551,redemption,81524,West Bengal,Kolkata,T30,36-45,Male,16.2,UPI,Verified
INV002370,2025-03-11,120841,sip,17101,Delhi,Noida,T30,26-35,Male,16.6,Net Banking,Verified
INV004041,2025-03-11,119095,lumpsum,374883,Telangana,Hyderabad,T30,36-45,Male,51.1,Mandate,Verified
INV001241,2025-03-11,101207,lumpsum,62894,Tamil Nadu,Chennai,T30,36-45,Female,18.3,Cheque,Pending
INV001156,2025-03-11,120503,sip,7608,Madhya Pradesh,Indore,T30,56+,Female,58.8,Cheque,Verified
INV004587,2025-03-11,120503,sip,2661,Uttar Pradesh,Kanpur,B30,18-25,Male,4.0,UPI,Verified
INV001070,2025-03-11,119598,sip,44226,Tamil Nadu,Coimbatore,B30,26-35,Male,11.9,UPI,Pending
INV000377,2025-03-11,100025,lumpsum,247379,Karnataka,Bangalore,T30,26-35,Male,19.8,Mandate,Verified
INV003526,2025-03-11,119598,sip,7191,Maharashtra,Nashik,B30,36-45,Male,24.2,Net Banking,Verified
INV001410,2025-03-11,119120,sip,16165,Maharashtra,Mumbai,T30,46-55,Male,26.5,UPI,Verified
INV003022,2025-03-11,148568,lumpsum,139695,Telangana,Hyderabad,T30,46-55,Male,60.2,Cheque,Verified
INV002628,2025-03-11,100033,redemption,432153,Uttar Pradesh,Agra,B30,26-35,Male,16.4,Mandate,Verified
INV003441,2025-03-11,149323,sip,2551,West Bengal,Kolkata,T30,26-35,Male,13.5,Mandate,Verified
INV003923,2025-03-11,101207,sip,23867,Delhi,Noida,T30,26-35,Female,6.7,Mandate,Verified
INV000423,2025-03-11,118636,sip,4444,Delhi,Gurugram,T30,26-35,Female,6.2,Mandate,Verified
INV003300,2025-03-11,101208,sip,7705,Uttar Pradesh,Agra,B30,36-45,Male,13.3,Net Banking,Verified
INV003975,2025-03-11,149323,redemption,354409,Gujarat,Ahmedabad,T30,36-45,Male,26.2,Mandate,Verified
INV003250,2025-03-11,120503,sip,512,Gujarat,Ahmedabad,T30,26-35,Male,11.3,Mandate,Verified
INV004899,2025-03-11,120503,lumpsum,40907,Delhi,New Delhi,T30,36-45,Male,39.4,Cheque,Verified
INV003228,2025-03-11,120844,sip,57371,Madhya Pradesh,Bhopal,B30,26-35,Male,20.0,Cheque,Verified
INV003910,2025-03-11,118635,lumpsum,59299,Maharashtra,Pune,T30,26-35,Male,8.8,UPI,Verified
INV003421,2025-03-11,120506,lumpsum,386229,Telangana,Hyderabad,T30,26-35,Male,12.4,Cheque,Verified
INV000864,2025-03-11,101206,redemption,179576,Tamil Nadu,Chennai,T30,26-35,Female,24.9,UPI,Verified
INV003377,2025-03-11,149323,redemption,40428,Uttar Pradesh,Agra,B30,36-45,Male,53.9,Cheque,Verified
INV001697,2025-03-11,119092,sip,1972,Haryana,Gurugram,T30,18-25,Male,5.4,Cheque,Verified
INV002038,2025-03-11,125497,sip,8706,Madhya Pradesh,Bhopal,B30,26-35,Male,20.6,Cheque,Verified
INV002803,2025-03-11,120504,sip,14462,Uttar Pradesh,Agra,B30,36-45,Male,31.9,Mandate,Verified
INV000383,2025-03-11,148569,sip,4295,Telangana,Hyderabad,T30,26-35,Female,23.4,Cheque,Verified
INV003428,2025-03-11,119598,lumpsum,224459,Tamil Nadu,Coimbatore,B30,26-35,Female,22.8,Net Banking,Verified
INV004457,2025-03-11,102885,sip,8034,Telangana,Hyderabad,T30,18-25,Male,6.7,Mandate,Verified
INV003421,2025-03-11,120842,sip,3373,Telangana,Hyderabad,T30,26-35,Male,12.4,Mandate,Verified
INV004981,2025-03-11,120843,lumpsum,24783,Haryana,Faridabad,B30,18-25,Male,3.5,UPI,Verified
INV002092,2025-03-11,149324,lumpsum,82519,Punjab,Amritsar,B30,18-25,Male,7.7,Cheque,Pending
INV004280,2025-03-11,100025,sip,26504,Rajasthan,Jaipur,T30,26-35,Female,8.5,Mandate,Verified
INV004307,2025-03-11,119598,sip,482,Haryana,Faridabad,B30,26-35,Male,19.3,UPI,Verified
INV003778,2025-03-11,100016,sip,4471,Tamil Nadu,Chennai,T30,36-45,Male,59.4,Mandate,Pending
INV002320,2025-03-11,118633,sip,8062,Rajasthan,Udaipur,B30,26-35,Male,23.7,Cheque,Verified
INV002413,2025-03-11,119094,sip,26648,Gujarat,Surat,T30,26-35,Male,14.4,Cheque,Verified
INV002250,2025-03-12,119552,lumpsum,350880,Telangana,Hyderabad,T30,36-45,Male,20.4,UPI,Verified
INV001927,2025-03-12,148568,sip,2093,Rajasthan,Jaipur,T30,56+,Male,58.7,UPI,Verified
INV003090,2025-03-12,149324,sip,8095,Karnataka,Bangalore,T30,26-35,Male,16.9,Mandate,Verified
INV000474,2025-03-12,119094,sip,10045,Madhya Pradesh,Bhopal,B30,46-55,Male,83.3,Net Banking,Verified
INV000747,2025-03-12,101208,sip,2002,West Bengal,Kolkata,T30,36-45,Female,40.3,Net Banking,Verified
INV002131,2025-03-12,149322,sip,2271,Madhya Pradesh,Bhopal,B30,46-55,Male,75.1,Cheque,Verified
INV000477,2025-03-12,119094,lumpsum,305463,Uttar Pradesh,Lucknow,T30,18-25,Female,5.3,Net Banking,Verified
INV002774,2025-03-12,149324,sip,47775,Haryana,Gurugram,T30,36-45,Male,58.4,Cheque,Pending
INV000356,2025-03-12,119598,sip,8925,Haryana,Faridabad,B30,56+,Male,71.7,Net Banking,Pending
INV002485,2025-03-12,100033,sip,6464,Karnataka,Mysore,B30,46-55,Female,70.2,Cheque,Verified
INV000789,2025-03-12,101207,sip,15635,Gujarat,Surat,T30,56+,Male,47.7,Net Banking,Verified
INV002775,2025-03-12,101207,sip,486,Haryana,Faridabad,B30,18-25,Female,5.9,UPI,Verified
INV004172,2025-03-12,100025,sip,8292,Madhya Pradesh,Indore,T30,26-35,Male,18.5,Cheque,Verified
INV001642,2025-03-12,120844,redemption,186881,Rajasthan,Jaipur,T30,56+,Female,20.5,Net Banking,Pending
INV002632,2025-03-12,149322,lumpsum,374555,Tamil Nadu,Chennai,T30,26-35,Female,14.1,Mandate,Verified
INV000356,2025-03-12,119094,lumpsum,239561,Haryana,Faridabad,B30,56+,Male,71.7,UPI,Verified
INV002897,2025-03-12,102887,sip,13953,Maharashtra,Pune,T30,26-35,Male,23.1,UPI,Verified
INV000974,2025-03-12,120843,sip,5423,Maharashtra,Mumbai,T30,46-55,Male,88.6,UPI,Pending
INV003061,2025-03-12,148568,sip,430,Uttar Pradesh,Lucknow,T30,26-35,Female,11.9,Cheque,Verified
INV004969,2025-03-12,148568,lumpsum,200598,Karnataka,Bangalore,T30,36-45,Male,40.2,Net Banking,Verified
INV001790,2025-03-12,125498,sip,15357,Punjab,Chandigarh,T30,46-55,Male,15.8,Mandate,Verified
INV002992,2025-03-12,101207,sip,13196,Tamil Nadu,Chennai,T30,26-35,Male,14.6,Cheque,Verified
INV004071,2025-03-12,119599,sip,8256,Gujarat,Ahmedabad,T30,36-45,Female,22.2,Net Banking,Verified
INV000646,2025-03-12,149322,lumpsum,278479,Uttar Pradesh,Lucknow,T30,26-35,Female,23.9,Cheque,Verified
INV001196,2025-03-12,149324,sip,52311,Punjab,Chandigarh,T30,26-35,Male,21.4,Mandate,Verified
INV000180,2025-03-12,101207,sip,4704,Tamil Nadu,Coimbatore,B30,46-55,Female,24.7,Mandate,Verified
INV001861,2025-03-12,125497,lumpsum,458384,Haryana,Gurugram,T30,26-35,Female,19.4,Net Banking,Verified
INV000168,2025-03-12,118636,lumpsum,112274,Rajasthan,Jaipur,T30,26-35,Male,9.7,Cheque,Verified
INV000754,2025-03-12,148568,redemption,93826,West Bengal,Kolkata,T30,26-35,Male,8.0,UPI,Pending
INV002380,2025-03-12,149322,sip,13876,Gujarat,Surat,T30,26-35,Male,19.4,Net Banking,Verified
INV002652,2025-03-12,120842,sip,4928,Gujarat,Surat,T30,36-45,Male,40.6,Mandate,Verified
INV003902,2025-03-12,148568,redemption,219736,Karnataka,Mysore,B30,26-35,Male,23.1,Mandate,Verified
INV002021,2025-03-12,120844,lumpsum,470913,Maharashtra,Pune,T30,36-45,Male,38.6,Net Banking,Verified
INV002020,2025-03-12,120507,lumpsum,501174,Karnataka,Mysore,B30,18-25,Male,5.8,Mandate,Verified
INV003369,2025-03-12,119598,redemption,7538,Delhi,Noida,T30,26-35,Male,21.4,Mandate,Verified
INV000885,2025-03-12,101207,sip,2626,Gujarat,Ahmedabad,T30,26-35,Male,12.3,Cheque,Verified
INV003601,2025-03-12,120843,sip,6908,Haryana,Faridabad,B30,26-35,Female,17.0,Cheque,Verified
INV003660,2025-03-12,102885,redemption,242377,Delhi,Noida,T30,26-35,Male,6.8,Mandate,Verified
INV004482,2025-03-12,119598,sip,15060,Uttar Pradesh,Kanpur,B30,18-25,Female,6.8,Cheque,Verified
INV004715,2025-03-12,102887,sip,1867,Tamil Nadu,Chennai,T30,46-55,Male,56.9,Net Banking,Verified
INV004153,2025-03-12,120504,sip,56757,Uttar Pradesh,Agra,B30,46-55,Male,96.3,Mandate,Verified
INV002308,2025-03-12,120504,sip,12070,Tamil Nadu,Chennai,T30,26-35,Male,19.0,Mandate,Verified
INV004482,2025-03-12,119552,redemption,82346,Uttar Pradesh,Kanpur,B30,18-25,Female,6.8,Mandate,Verified
INV003298,2025-03-12,118636,lumpsum,287313,Gujarat,Surat,T30,26-35,Male,12.4,UPI,Verified
INV004888,2025-03-12,120841,sip,2645,Delhi,Gurugram,T30,26-35,Female,6.7,Cheque,Verified
INV001908,2025-03-12,119120,lumpsum,248505,Uttar Pradesh,Kanpur,B30,26-35,Female,22.6,UPI,Verified
INV004908,2025-03-12,120844,sip,2614,Rajasthan,Jaipur,T30,18-25,Male,6.1,Mandate,Verified
INV002500,2025-03-12,119120,sip,1907,Delhi,New Delhi,T30,26-35,Male,14.7,Mandate,Verified
INV004365,2025-03-12,118632,sip,2402,Delhi,Gurugram,T30,26-35,Male,19.4,Mandate,Verified
INV003287,2025-03-12,148569,lumpsum,445632,Delhi,New Delhi,T30,36-45,Male,54.9,UPI,Verified
INV000562,2025-03-12,100033,sip,2220,Gujarat,Ahmedabad,T30,36-45,Male,32.9,Mandate,Verified
INV000977,2025-03-12,120841,sip,10705,Karnataka,Mysore,B30,56+,Male,22.5,Net Banking,Verified
INV003693,2025-03-12,148569,lumpsum,428358,Madhya Pradesh,Bhopal,B30,36-45,Male,25.2,Cheque,Verified
INV000448,2025-03-12,118636,lumpsum,302893,West Bengal,Kolkata,T30,18-25,Male,3.4,Mandate,Verified
INV002642,2025-03-12,120505,sip,14190,Haryana,Gurugram,T30,46-55,Female,48.8,Net Banking,Verified
INV003105,2025-03-12,120842,sip,5827,Rajasthan,Jaipur,T30,18-25,Female,6.0,UPI,Verified
INV000768,2025-03-12,120843,sip,1196,Delhi,Noida,T30,56+,Male,12.2,Mandate,Verified
INV004474,2025-03-12,119552,sip,15569,West Bengal,Kolkata,T30,46-55,Male,16.5,Net Banking,Verified
INV004474,2025-03-12,148569,sip,5929,West Bengal,Kolkata,T30,46-55,Male,16.5,UPI,Verified
INV003351,2025-03-12,120844,redemption,532515,Delhi,New Delhi,T30,26-35,Male,9.5,Net Banking,Verified
INV001658,2025-03-12,119095,sip,14629,Rajasthan,Jaipur,T30,36-45,Female,48.4,Net Banking,Verified
INV004664,2025-03-12,125497,redemption,338996,Karnataka,Bangalore,T30,26-35,Male,18.6,Cheque,Verified
INV000021,2025-03-12,120841,lumpsum,162107,Uttar Pradesh,Agra,B30,46-55,Male,76.8,Net Banking,Verified
INV002074,2025-03-12,120506,redemption,394756,Karnataka,Bangalore,T30,26-35,Female,6.1,Cheque,Verified
INV002787,2025-03-12,118632,sip,3245,Uttar Pradesh,Kanpur,B30,18-25,Male,4.8,Net Banking,Pending
INV000204,2025-03-12,120842,sip,17383,Punjab,Chandigarh,T30,36-45,Male,17.7,Mandate,Verified
INV000930,2025-03-12,119092,lumpsum,206748,Rajasthan,Udaipur,B30,18-25,Female,4.1,Cheque,Pending
INV002196,2025-03-12,148567,sip,49844,Delhi,Gurugram,T30,26-35,Female,23.6,Mandate,Verified
INV004205,2025-03-12,119552,sip,2308,Telangana,Hyderabad,T30,56+,Female,56.9,UPI,Pending
INV004403,2025-03-12,149322,redemption,335855,West Bengal,Kolkata,T30,26-35,Male,17.6,Net Banking,Verified
INV003810,2025-03-12,119598,lumpsum,396329,Maharashtra,Nashik,B30,26-35,Male,24.7,Mandate,Verified
INV000844,2025-03-12,119092,sip,3319,Gujarat,Surat,T30,26-35,Male,6.5,Cheque,Verified
INV000902,2025-03-12,120844,lumpsum,457730,Maharashtra,Mumbai,T30,26-35,Female,6.0,UPI,Verified
INV000929,2025-03-12,120841,sip,2317,West Bengal,Kolkata,T30,36-45,Female,27.7,Net Banking,Pending
INV003533,2025-03-12,120842,sip,2054,Telangana,Hyderabad,T30,56+,Female,11.4,Net Banking,Verified
INV000812,2025-03-12,118636,redemption,266320,Madhya Pradesh,Indore,T30,46-55,Male,59.4,Cheque,Verified
INV002112,2025-03-12,148567,sip,952,Madhya Pradesh,Indore,T30,56+,Male,41.3,Mandate,Verified
INV002069,2025-03-12,120843,sip,7116,West Bengal,Kolkata,T30,46-55,Male,59.0,UPI,Verified
INV004510,2025-03-12,101206,sip,446,Haryana,Gurugram,T30,56+,Male,71.8,Mandate,Verified
INV000161,2025-03-13,148569,sip,1901,Rajasthan,Jaipur,T30,18-25,Female,6.8,Net Banking,Pending
INV004153,2025-03-13,149323,sip,16103,Uttar Pradesh,Agra,B30,46-55,Male,96.3,Mandate,Verified
INV000621,2025-03-13,118635,redemption,228102,Rajasthan,Udaipur,B30,56+,Female,45.8,Mandate,Verified
INV002767,2025-03-13,118636,sip,11464,Madhya Pradesh,Indore,T30,26-35,Male,10.8,UPI,Verified
INV001542,2025-03-13,119552,sip,1692,Uttar Pradesh,Lucknow,T30,36-45,Male,49.1,Mandate,Verified
INV004175,2025-03-13,118635,sip,47112,Tamil Nadu,Coimbatore,B30,36-45,Female,51.8,Net Banking,Verified
INV000733,2025-03-13,100033,lumpsum,262301,Uttar Pradesh,Lucknow,T30,18-25,Male,3.9,Cheque,Verified
INV003941,2025-03-13,148567,sip,9426,Rajasthan,Udaipur,B30,26-35,Male,8.0,Net Banking,Pending
INV000395,2025-03-13,120504,sip,2054,Delhi,Noida,T30,18-25,Male,3.4,UPI,Verified
INV002277,2025-03-13,149322,redemption,266580,Haryana,Gurugram,T30,26-35,Female,10.3,Cheque,Verified
INV000509,2025-03-13,101208,lumpsum,368585,Madhya Pradesh,Bhopal,B30,56+,Male,26.5,Cheque,Verified
INV000557,2025-03-13,101207,sip,28690,West Bengal,Kolkata,T30,26-35,Male,10.3,Net Banking,Verified
INV002500,2025-03-13,119598,sip,2046,Delhi,New Delhi,T30,26-35,Male,14.7,UPI,Verified
INV004546,2025-03-13,100025,sip,22183,Karnataka,Mysore,B30,36-45,Male,28.4,Mandate,Verified
INV000086,2025-03-13,148569,sip,10810,Karnataka,Mysore,B30,18-25,Female,4.1,UPI,Verified
INV004543,2025-03-13,100025,sip,555,Karnataka,Mysore,B30,36-45,Female,50.1,UPI,Verified
INV001544,2025-03-13,120844,redemption,212640,Uttar Pradesh,Kanpur,B30,18-25,Female,5.9,UPI,Verified
INV001374,2025-03-13,148569,sip,44955,Madhya Pradesh,Indore,T30,36-45,Male,14.2,UPI,Verified
INV004813,2025-03-13,148567,lumpsum,460369,West Bengal,Kolkata,T30,26-35,Male,13.9,Cheque,Verified
INV001814,2025-03-13,149323,sip,6831,West Bengal,Kolkata,T30,26-35,Female,6.9,Mandate,Verified
INV001036,2025-03-13,119095,redemption,359184,Punjab,Chandigarh,T30,46-55,Female,40.5,Mandate,Verified
INV001140,2025-03-13,119095,lumpsum,256933,Uttar Pradesh,Lucknow,T30,36-45,Female,18.8,Net Banking,Verified
INV000743,2025-03-13,119552,lumpsum,533118,Telangana,Hyderabad,T30,26-35,Male,22.8,Net Banking,Verified
INV001663,2025-03-13,119093,sip,26302,Gujarat,Surat,T30,36-45,Female,29.2,Mandate,Verified
INV002114,2025-03-13,148567,redemption,221000,Rajasthan,Udaipur,B30,18-25,Female,5.5,Cheque,Verified
INV000030,2025-03-13,149322,redemption,420173,Delhi,Noida,T30,18-25,Female,5.1,Cheque,Verified
INV001564,2025-03-13,102887,lumpsum,412630,Haryana,Faridabad,B30,46-55,Male,43.2,UPI,Verified
INV001227,2025-03-13,120505,redemption,94077,Tamil Nadu,Coimbatore,B30,36-45,Male,58.3,UPI,Verified
INV002556,2025-03-13,102887,sip,5385,Delhi,Noida,T30,26-35,Male,8.1,Mandate,Verified
INV002241,2025-03-13,148569,redemption,224354,Punjab,Amritsar,B30,36-45,Female,41.4,UPI,Verified
INV003656,2025-03-13,120506,lumpsum,405370,Rajasthan,Udaipur,B30,36-45,Female,58.5,Cheque,Verified
INV002541,2025-03-13,148569,lumpsum,93119,Karnataka,Mysore,B30,46-55,Male,63.8,UPI,Verified
INV004252,2025-03-13,125497,sip,2813,Haryana,Faridabad,B30,36-45,Male,58.7,Cheque,Verified
INV003396,2025-03-13,120842,redemption,522105,Karnataka,Mysore,B30,26-35,Male,23.4,Mandate,Verified
INV003507,2025-03-13,119599,sip,42588,Karnataka,Bangalore,T30,26-35,Female,22.5,Mandate,Verified
INV002978,2025-03-13,120503,sip,50030,Karnataka,Bangalore,T30,36-45,Male,43.5,UPI,Verified
INV001436,2025-03-13,119094,lumpsum,442501,Delhi,New Delhi,T30,26-35,Male,9.7,Mandate,Verified
INV000660,2025-03-13,148569,sip,58492,Punjab,Chandigarh,T30,36-45,Male,14.1,UPI,Verified
INV002113,2025-03-13,101208,redemption,291642,Maharashtra,Nashik,B30,26-35,Male,21.6,Net Banking,Verified
INV003876,2025-03-13,119598,redemption,359121,Rajasthan,Udaipur,B30,18-25,Male,5.6,Cheque,Verified
INV001284,2025-03-13,149322,sip,1139,West Bengal,Kolkata,T30,36-45,Male,49.0,Mandate,Verified
INV001370,2025-03-13,119120,lumpsum,393973,Tamil Nadu,Coimbatore,B30,26-35,Male,7.5,Mandate,Verified
INV001938,2025-03-13,118636,sip,2924,Karnataka,Mysore,B30,26-35,Male,17.4,UPI,Verified
INV001038,2025-03-13,118634,redemption,417746,West Bengal,Kolkata,T30,26-35,Male,24.4,Mandate,Verified
INV000482,2025-03-13,101206,redemption,59834,Maharashtra,Mumbai,T30,26-35,Male,7.6,UPI,Verified
INV002427,2025-03-13,100025,sip,6913,Karnataka,Mysore,B30,18-25,Female,6.5,UPI,Pending
INV003872,2025-03-13,119552,redemption,428073,Uttar Pradesh,Kanpur,B30,26-35,Male,20.1,Mandate,Verified
INV003673,2025-03-13,120503,sip,7611,Maharashtra,Mumbai,T30,26-35,Male,23.5,Net Banking,Verified
INV003724,2025-03-13,101207,sip,4317,Punjab,Amritsar,B30,56+,Male,52.5,Mandate,Verified
INV003554,2025-03-13,119093,sip,40522,Rajasthan,Jaipur,T30,26-35,Female,15.6,Net Banking,Verified
INV004504,2025-03-13,149323,sip,2084,Telangana,Hyderabad,T30,46-55,Male,46.3,Cheque,Verified
INV001913,2025-03-13,120506,sip,53000,Tamil Nadu,Chennai,T30,26-35,Female,11.8,Mandate,Verified
INV000173,2025-03-14,100016,redemption,277006,Maharashtra,Mumbai,T30,26-35,Male,7.6,Mandate,Verified
INV000041,2025-03-14,120506,lumpsum,336938,Karnataka,Mysore,B30,46-55,Male,25.0,Net Banking,Verified
INV002921,2025-03-14,101206,sip,8439,Punjab,Amritsar,B30,18-25,Female,5.4,Cheque,Verified
INV000966,2025-03-14,118636,lumpsum,457842,Telangana,Hyderabad,T30,26-35,Male,22.8,Mandate,Verified
INV000997,2025-03-14,125498,sip,12613,Rajasthan,Udaipur,B30,26-35,Male,17.8,Net Banking,Verified
INV000996,2025-03-14,119094,lumpsum,462308,Maharashtra,Mumbai,T30,46-55,Male,49.6,Mandate,Verified
INV003847,2025-03-14,119093,sip,4372,Telangana,Hyderabad,T30,26-35,Male,19.7,UPI,Verified
INV001959,2025-03-14,119094,sip,563,Tamil Nadu,Chennai,T30,18-25,Female,4.7,UPI,Verified
INV001618,2025-03-14,119552,redemption,143929,Karnataka,Bangalore,T30,56+,Female,28.0,Cheque,Verified
INV000439,2025-03-14,119095,sip,5012,Rajasthan,Udaipur,B30,56+,Male,23.4,Cheque,Verified
INV002765,2025-03-14,148569,redemption,542983,Uttar Pradesh,Lucknow,T30,36-45,Male,57.6,Mandate,Verified
INV004724,2025-03-14,120507,lumpsum,377530,Telangana,Hyderabad,T30,26-35,Male,24.1,UPI,Verified
INV001275,2025-03-14,119094,sip,1617,Delhi,Noida,T30,36-45,Female,37.4,Cheque,Verified
INV000301,2025-03-14,148569,lumpsum,317465,Gujarat,Ahmedabad,T30,56+,Male,14.8,Cheque,Verified
INV003815,2025-03-14,100033,redemption,509457,Gujarat,Surat,T30,36-45,Male,38.7,Mandate,Verified
INV004716,2025-03-14,118634,lumpsum,160067,Telangana,Hyderabad,T30,18-25,Male,5.4,Mandate,Verified
INV000853,2025-03-14,120843,lumpsum,145238,Punjab,Chandigarh,T30,26-35,Female,8.0,Mandate,Verified
INV002899,2025-03-14,119551,lumpsum,313423,Punjab,Amritsar,B30,18-25,Male,7.6,Net Banking,Verified
INV003262,2025-03-14,119092,sip,28196,Telangana,Hyderabad,T30,46-55,Male,80.2,Net Banking,Verified
INV000307,2025-03-14,125498,redemption,333991,Telangana,Hyderabad,T30,18-25,Male,7.8,Cheque,Verified
INV002281,2025-03-14,120506,sip,1759,Uttar Pradesh,Lucknow,T30,18-25,Female,3.1,Net Banking,Verified
INV000985,2025-03-14,119120,sip,1804,West Bengal,Kolkata,T30,26-35,Female,11.4,Mandate,Verified
INV000816,2025-03-14,148569,sip,8093,Uttar Pradesh,Lucknow,T30,36-45,Male,26.0,Net Banking,Verified
INV002148,2025-03-14,100025,sip,41783,Uttar Pradesh,Lucknow,T30,26-35,Male,9.8,UPI,Verified
INV004258,2025-03-14,118634,redemption,165904,Gujarat,Ahmedabad,T30,36-45,Male,56.6,Cheque,Verified
INV003111,2025-03-14,119598,lumpsum,291003,Delhi,Gurugram,T30,18-25,Female,5.9,Net Banking,Verified
INV003169,2025-03-14,100025,sip,885,Telangana,Hyderabad,T30,26-35,Female,11.2,Cheque,Verified
INV001274,2025-03-14,119093,lumpsum,333741,Maharashtra,Mumbai,T30,36-45,Female,55.7,Net Banking,Verified
INV000883,2025-03-14,148568,sip,547,Tamil Nadu,Chennai,T30,18-25,Female,3.7,Net Banking,Verified
INV001186,2025-03-14,149322,sip,2629,Maharashtra,Pune,T30,26-35,Male,19.8,Net Banking,Verified
INV001985,2025-03-14,120506,sip,20686,Gujarat,Surat,T30,36-45,Male,46.6,Cheque,Verified
INV003188,2025-03-14,120842,redemption,528713,Tamil Nadu,Coimbatore,B30,26-35,Male,11.0,Mandate,Verified
INV003559,2025-03-14,125497,sip,7464,Uttar Pradesh,Kanpur,B30,26-35,Female,9.4,Net Banking,Verified
INV002934,2025-03-14,148569,sip,5608,Delhi,Noida,T30,36-45,Male,25.8,Net Banking,Verified
INV000600,2025-03-14,100016,redemption,451547,Maharashtra,Mumbai,T30,26-35,Male,17.3,Net Banking,Verified
INV002005,2025-03-14,101206,lumpsum,112183,Maharashtra,Pune,T30,18-25,Male,7.1,UPI,Verified
INV003678,2025-03-14,119599,sip,7286,Gujarat,Ahmedabad,T30,26-35,Male,6.6,Cheque,Verified
INV003901,2025-03-14,119095,sip,2288,Delhi,Gurugram,T30,46-55,Male,45.4,Mandate,Verified
INV004453,2025-03-14,120506,sip,46800,Telangana,Hyderabad,T30,36-45,Male,14.3,Cheque,Verified
INV001960,2025-03-14,119093,sip,9917,Uttar Pradesh,Agra,B30,36-45,Male,43.8,Cheque,Verified
INV000278,2025-03-14,125497,sip,430,Rajasthan,Jaipur,T30,26-35,Male,22.1,Cheque,Verified
INV003797,2025-03-14,120842,redemption,432505,Madhya Pradesh,Indore,T30,26-35,Male,6.6,Cheque,Verified
INV001255,2025-03-14,118632,sip,1198,Punjab,Amritsar,B30,26-35,Male,14.3,Net Banking,Verified
INV001366,2025-03-14,102886,sip,8765,Maharashtra,Pune,T30,26-35,Female,13.6,Mandate,Verified
INV004300,2025-03-14,148568,sip,27180,West Bengal,Kolkata,T30,26-35,Male,12.4,UPI,Verified
INV003551,2025-03-14,120505,redemption,435568,Rajasthan,Jaipur,T30,18-25,Female,6.3,Net Banking,Verified
INV001178,2025-03-14,119598,lumpsum,404706,West Bengal,Kolkata,T30,26-35,Female,10.3,Mandate,Verified
INV003698,2025-03-14,149323,lumpsum,135139,Madhya Pradesh,Bhopal,B30,36-45,Female,41.5,Cheque,Verified
INV003068,2025-03-14,149322,sip,24909,Delhi,New Delhi,T30,26-35,Male,11.6,Net Banking,Verified
INV000151,2025-03-14,120505,lumpsum,503110,Delhi,New Delhi,T30,18-25,Male,5.1,UPI,Verified
INV001218,2025-03-14,148568,redemption,228024,Madhya Pradesh,Bhopal,B30,36-45,Male,21.1,UPI,Pending
INV001821,2025-03-14,120842,sip,17710,Delhi,Gurugram,T30,26-35,Male,8.7,Mandate,Verified
INV000900,2025-03-14,125497,lumpsum,205554,Tamil Nadu,Coimbatore,B30,26-35,Male,6.2,Net Banking,Verified
INV002397,2025-03-14,148568,sip,49987,Tamil Nadu,Coimbatore,B30,26-35,Male,20.2,Net Banking,Verified
INV000831,2025-03-14,120503,lumpsum,117564,Punjab,Chandigarh,T30,36-45,Male,34.6,Net Banking,Verified
INV002750,2025-03-14,101208,sip,928,Madhya Pradesh,Bhopal,B30,36-45,Male,41.8,Net Banking,Verified
INV001225,2025-03-14,120503,redemption,6144,Karnataka,Mysore,B30,26-35,Male,16.5,Cheque,Verified
INV000427,2025-03-14,120507,sip,11973,Punjab,Amritsar,B30,56+,Female,18.6,UPI,Verified
INV000042,2025-03-14,120503,sip,598,Punjab,Amritsar,B30,26-35,Female,15.3,Net Banking,Pending
INV004885,2025-03-14,119599,sip,8889,Punjab,Amritsar,B30,26-35,Male,11.7,Mandate,Verified
INV000913,2025-03-14,120507,sip,2406,Gujarat,Ahmedabad,T30,26-35,Female,22.5,UPI,Verified
INV003310,2025-03-14,118634,sip,16163,Telangana,Hyderabad,T30,26-35,Male,8.0,UPI,Verified
INV004098,2025-03-14,100025,sip,6739,Delhi,Noida,T30,26-35,Male,11.3,Mandate,Verified
INV001839,2025-03-14,119095,sip,1819,Punjab,Chandigarh,T30,26-35,Male,18.6,Cheque,Verified
INV002216,2025-03-14,149323,sip,9781,Maharashtra,Mumbai,T30,46-55,Male,26.5,Net Banking,Pending
INV003345,2025-03-14,119095,redemption,58520,Maharashtra,Pune,T30,26-35,Female,17.7,Cheque,Verified
INV003734,2025-03-14,119599,sip,16012,Tamil Nadu,Coimbatore,B30,56+,Male,70.3,UPI,Verified
INV004651,2025-03-14,120841,lumpsum,303353,Rajasthan,Udaipur,B30,46-55,Male,39.1,Net Banking,Verified
INV003925,2025-03-14,120505,sip,5709,Punjab,Amritsar,B30,26-35,Female,14.2,Net Banking,Verified
INV003932,2025-03-14,118634,sip,17928,Karnataka,Mysore,B30,26-35,Male,15.7,Cheque,Verified
INV001649,2025-03-14,120507,sip,2761,Telangana,Hyderabad,T30,36-45,Male,51.5,Mandate,Verified
INV001584,2025-03-14,118634,sip,2092,Maharashtra,Nashik,B30,26-35,Male,10.0,UPI,Verified
INV003952,2025-03-14,125497,sip,478,Tamil Nadu,Chennai,T30,36-45,Male,48.8,UPI,Verified
INV002516,2025-03-14,119598,sip,2935,Uttar Pradesh,Agra,B30,36-45,Female,39.6,UPI,Verified
INV003346,2025-03-14,149322,lumpsum,299239,Punjab,Chandigarh,T30,46-55,Male,16.7,Mandate,Verified
INV003239,2025-03-15,120504,sip,12199,Uttar Pradesh,Agra,B30,56+,Female,48.3,Cheque,Verified
INV003347,2025-03-15,120844,lumpsum,115054,Rajasthan,Udaipur,B30,18-25,Male,3.7,Mandate,Verified
INV000764,2025-03-15,120506,sip,5885,Punjab,Chandigarh,T30,26-35,Male,15.6,UPI,Verified
INV004914,2025-03-15,120504,lumpsum,321987,Karnataka,Mysore,B30,26-35,Female,13.4,Cheque,Verified
INV001310,2025-03-15,149324,sip,4019,Telangana,Hyderabad,T30,46-55,Male,83.6,Net Banking,Verified
INV004454,2025-03-15,101208,lumpsum,423670,West Bengal,Kolkata,T30,36-45,Male,37.4,UPI,Verified
INV004026,2025-03-15,125497,sip,549,Haryana,Faridabad,B30,26-35,Female,8.3,Mandate,Pending
INV001825,2025-03-15,102886,sip,3354,Haryana,Faridabad,B30,26-35,Male,21.7,Net Banking,Verified
INV004972,2025-03-15,101207,redemption,11239,Uttar Pradesh,Lucknow,T30,18-25,Male,4.0,Mandate,Verified
INV000505,2025-03-15,120506,redemption,220667,Rajasthan,Jaipur,T30,36-45,Male,40.9,Cheque,Verified
INV000012,2025-03-15,148568,sip,3088,Uttar Pradesh,Kanpur,B30,46-55,Male,51.6,UPI,Verified
INV000181,2025-03-15,119093,lumpsum,498579,Uttar Pradesh,Lucknow,T30,36-45,Male,36.2,Net Banking,Pending
INV003431,2025-03-15,119598,sip,4433,Karnataka,Mysore,B30,18-25,Male,6.3,Mandate,Verified
INV000326,2025-03-15,120844,lumpsum,119303,Madhya Pradesh,Bhopal,B30,26-35,Female,11.0,Mandate,Verified
INV000569,2025-03-15,148569,lumpsum,278147,Madhya Pradesh,Indore,T30,26-35,Male,8.0,Mandate,Verified
INV001818,2025-03-15,118632,lumpsum,426138,Telangana,Hyderabad,T30,46-55,Male,66.2,Cheque,Verified
INV003127,2025-03-15,149323,sip,27956,Punjab,Amritsar,B30,46-55,Female,37.0,Net Banking,Verified
INV003180,2025-03-15,119093,sip,10765,Maharashtra,Pune,T30,26-35,Male,7.0,UPI,Verified
INV001419,2025-03-15,119093,sip,534,Delhi,New Delhi,T30,26-35,Male,7.1,Cheque,Verified
INV002017,2025-03-15,118635,lumpsum,190553,Karnataka,Mysore,B30,26-35,Female,15.0,Net Banking,Verified
INV004004,2025-03-15,118635,sip,24797,Delhi,Gurugram,T30,18-25,Male,3.1,Cheque,Verified
INV004961,2025-03-15,100033,redemption,122130,West Bengal,Kolkata,T30,36-45,Male,15.0,Mandate,Verified
INV001457,2025-03-15,101208,lumpsum,102751,Gujarat,Ahmedabad,T30,26-35,Male,17.7,Net Banking,Verified
INV001325,2025-03-15,119093,lumpsum,217893,Rajasthan,Udaipur,B30,18-25,Male,4.4,Cheque,Verified
INV000321,2025-03-15,102885,sip,1046,Maharashtra,Mumbai,T30,26-35,Male,24.2,Mandate,Verified
INV002444,2025-03-15,149323,sip,458,Uttar Pradesh,Lucknow,T30,18-25,Female,3.8,UPI,Verified
INV002652,2025-03-15,119552,sip,4268,Gujarat,Surat,T30,36-45,Male,40.6,Cheque,Verified
INV004692,2025-03-15,118633,sip,2212,Madhya Pradesh,Bhopal,B30,26-35,Male,11.6,UPI,Pending
INV001355,2025-03-15,118634,sip,565,Tamil Nadu,Chennai,T30,46-55,Female,89.8,Cheque,Verified
INV001547,2025-03-15,101207,sip,5705,Tamil Nadu,Coimbatore,B30,36-45,Male,55.7,Net Banking,Verified
INV000436,2025-03-15,118636,lumpsum,224147,Rajasthan,Jaipur,T30,26-35,Male,14.4,Mandate,Verified
INV004951,2025-03-15,120843,lumpsum,170548,Karnataka,Mysore,B30,26-35,Female,7.5,Cheque,Verified
INV004127,2025-03-15,125498,sip,2277,Madhya Pradesh,Indore,T30,36-45,Female,27.3,Net Banking,Verified
INV004437,2025-03-15,148568,lumpsum,176813,Telangana,Hyderabad,T30,26-35,Male,13.7,Mandate,Verified
INV000532,2025-03-15,148567,sip,22163,Madhya Pradesh,Bhopal,B30,26-35,Male,9.0,Mandate,Verified
INV004638,2025-03-15,120507,sip,17739,Delhi,New Delhi,T30,26-35,Male,6.3,Mandate,Verified
INV000167,2025-03-15,100033,redemption,334857,Gujarat,Ahmedabad,T30,56+,Male,55.3,Net Banking,Verified
INV002002,2025-03-15,119095,sip,9423,Gujarat,Ahmedabad,T30,36-45,Female,28.4,Net Banking,Verified
INV003226,2025-03-15,118635,sip,2278,Haryana,Gurugram,T30,26-35,Male,21.5,UPI,Verified
INV001053,2025-03-15,119095,sip,420,West Bengal,Kolkata,T30,46-55,Female,79.0,Net Banking,Verified
INV003882,2025-03-15,148569,lumpsum,214247,Maharashtra,Nashik,B30,36-45,Male,51.6,Mandate,Verified
INV003105,2025-03-15,120843,sip,57793,Rajasthan,Jaipur,T30,18-25,Female,6.0,Mandate,Verified
INV002112,2025-03-15,149323,redemption,398196,Madhya Pradesh,Indore,T30,56+,Male,41.3,Cheque,Verified
INV002429,2025-03-15,149323,sip,48338,Rajasthan,Udaipur,B30,26-35,Male,11.2,UPI,Verified
INV004874,2025-03-15,120505,sip,467,Tamil Nadu,Coimbatore,B30,46-55,Male,35.2,Mandate,Verified
INV001336,2025-03-15,148569,sip,15122,Tamil Nadu,Coimbatore,B30,18-25,Male,5.0,Net Banking,Verified
INV000396,2025-03-15,100016,sip,8996,Rajasthan,Jaipur,T30,46-55,Male,38.5,Net Banking,Verified
INV004913,2025-03-15,118635,lumpsum,395133,Rajasthan,Udaipur,B30,26-35,Male,8.6,Mandate,Verified
INV004565,2025-03-15,102885,lumpsum,510384,Gujarat,Surat,T30,26-35,Male,9.2,Net Banking,Verified
INV002381,2025-03-15,101208,sip,1053,Karnataka,Mysore,B30,36-45,Male,23.1,UPI,Verified
INV000562,2025-03-15,102887,sip,2801,Gujarat,Ahmedabad,T30,36-45,Male,32.9,Cheque,Verified
INV001882,2025-03-15,120504,sip,2275,Rajasthan,Udaipur,B30,26-35,Male,22.9,UPI,Verified
INV000940,2025-03-15,120504,sip,986,Telangana,Hyderabad,T30,36-45,Female,35.7,Cheque,Verified
INV004890,2025-03-15,118635,sip,482,Telangana,Hyderabad,T30,18-25,Female,5.8,Net Banking,Verified
INV004138,2025-03-15,149323,redemption,124655,Madhya Pradesh,Indore,T30,36-45,Male,18.2,Cheque,Verified
INV000783,2025-03-15,148567,sip,40212,Gujarat,Ahmedabad,T30,46-55,Male,92.0,UPI,Verified
INV003514,2025-03-15,118633,sip,12247,Delhi,Gurugram,T30,36-45,Female,40.2,Mandate,Verified
INV000544,2025-03-15,120844,redemption,365450,Madhya Pradesh,Bhopal,B30,18-25,Male,3.6,Net Banking,Verified
INV004739,2025-03-15,119120,sip,10490,Delhi,Gurugram,T30,18-25,Male,3.2,Cheque,Verified
INV004231,2025-03-15,149324,lumpsum,143773,West Bengal,Kolkata,T30,56+,Male,17.5,Mandate,Verified
INV000634,2025-03-15,101208,sip,1881,Karnataka,Bangalore,T30,26-35,Female,22.7,UPI,Pending
INV001586,2025-03-15,149323,sip,3405,Tamil Nadu,Chennai,T30,26-35,Male,6.4,Cheque,Verified
INV004485,2025-03-15,148567,lumpsum,50137,Haryana,Faridabad,B30,18-25,Male,6.6,UPI,Verified
INV002127,2025-03-15,101208,sip,8187,Rajasthan,Udaipur,B30,18-25,Male,7.4,Cheque,Verified
INV001220,2025-03-15,120504,sip,5884,Punjab,Chandigarh,T30,36-45,Male,48.3,Net Banking,Verified
INV002392,2025-03-15,100016,sip,3417,Madhya Pradesh,Indore,T30,56+,Female,68.4,Mandate,Pending
INV003300,2025-03-15,101208,sip,29737,Uttar Pradesh,Agra,B30,36-45,Male,13.3,UPI,Verified
INV003048,2025-03-16,119599,sip,10714,Rajasthan,Jaipur,T30,26-35,Female,20.6,Mandate,Verified
INV003626,2025-03-16,102886,lumpsum,169688,Madhya Pradesh,Indore,T30,26-35,Male,23.5,Cheque,Verified
INV001803,2025-03-16,102887,sip,14271,Rajasthan,Udaipur,B30,26-35,Female,20.6,Net Banking,Pending
INV000587,2025-03-16,118632,sip,3110,Punjab,Chandigarh,T30,26-35,Male,15.5,UPI,Pending
INV002859,2025-03-16,148569,sip,2518,Madhya Pradesh,Indore,T30,26-35,Male,20.1,Mandate,Verified
INV002703,2025-03-16,120504,sip,49812,Punjab,Amritsar,B30,18-25,Male,3.1,Cheque,Verified
INV000013,2025-03-16,118635,sip,499,Maharashtra,Nashik,B30,18-25,Male,5.2,Net Banking,Verified
INV003672,2025-03-16,102886,sip,585,Uttar Pradesh,Agra,B30,36-45,Male,32.5,UPI,Pending
INV004650,2025-03-16,120843,sip,5327,Punjab,Chandigarh,T30,56+,Male,28.2,Cheque,Verified
INV000971,2025-03-16,118634,sip,2855,Maharashtra,Mumbai,T30,36-45,Male,42.2,UPI,Verified
INV004203,2025-03-16,149324,sip,2793,Madhya Pradesh,Indore,T30,18-25,Male,7.9,Net Banking,Verified
INV001059,2025-03-16,119551,sip,25668,Karnataka,Mysore,B30,26-35,Male,24.2,Mandate,Verified
INV001795,2025-03-16,118633,sip,29400,Madhya Pradesh,Indore,T30,46-55,Male,17.7,Cheque,Pending
INV004064,2025-03-16,102885,redemption,67999,Uttar Pradesh,Lucknow,T30,26-35,Male,16.1,Mandate,Verified
INV001299,2025-03-16,148567,redemption,383249,Haryana,Faridabad,B30,26-35,Male,19.9,UPI,Pending
INV002635,2025-03-16,125498,lumpsum,67425,Telangana,Hyderabad,T30,18-25,Male,3.8,Net Banking,Verified
INV004471,2025-03-16,119092,sip,1919,Delhi,New Delhi,T30,26-35,Female,20.2,Cheque,Verified
INV001799,2025-03-16,120504,redemption,197711,Rajasthan,Udaipur,B30,56+,Female,45.2,Mandate,Verified
INV001224,2025-03-16,101208,sip,7410,West Bengal,Kolkata,T30,18-25,Female,6.8,Net Banking,Verified
INV003974,2025-03-16,148569,redemption,250996,Maharashtra,Nashik,B30,46-55,Male,73.6,Mandate,Verified
INV001757,2025-03-16,119120,sip,3290,Telangana,Hyderabad,T30,46-55,Male,87.3,Cheque,Verified
INV004896,2025-03-16,120507,sip,16798,Uttar Pradesh,Agra,B30,18-25,Female,3.5,Mandate,Verified
INV003598,2025-03-16,120503,sip,2964,Delhi,Gurugram,T30,26-35,Female,12.7,Mandate,Verified
INV002472,2025-03-16,148567,lumpsum,18813,Maharashtra,Mumbai,T30,26-35,Female,19.1,UPI,Verified
INV004124,2025-03-16,148569,sip,8105,Maharashtra,Nashik,B30,56+,Male,76.4,Net Banking,Verified
INV002042,2025-03-16,119551,sip,3340,Tamil Nadu,Chennai,T30,26-35,Female,10.0,Mandate,Verified
INV003997,2025-03-16,119552,sip,570,Telangana,Hyderabad,T30,36-45,Male,48.3,Cheque,Pending
INV003596,2025-03-16,102886,redemption,423059,Punjab,Chandigarh,T30,18-25,Male,3.8,Cheque,Verified
INV000824,2025-03-16,102885,sip,1085,Haryana,Gurugram,T30,36-45,Male,53.9,Net Banking,Verified
INV001959,2025-03-16,102885,sip,546,Tamil Nadu,Chennai,T30,18-25,Female,4.7,Mandate,Verified
INV003223,2025-03-16,149323,sip,12357,Tamil Nadu,Coimbatore,B30,26-35,Male,15.4,Net Banking,Verified
INV004364,2025-03-16,120506,redemption,128058,West Bengal,Kolkata,T30,36-45,Male,30.6,Net Banking,Verified
INV002292,2025-03-16,148568,sip,24485,Rajasthan,Udaipur,B30,36-45,Male,54.1,UPI,Verified
INV000427,2025-03-16,119551,sip,7227,Punjab,Amritsar,B30,56+,Female,18.6,Mandate,Pending
INV000391,2025-03-16,148567,sip,868,Tamil Nadu,Chennai,T30,18-25,Male,6.3,Cheque,Pending
INV000192,2025-03-16,149322,sip,9223,Haryana,Faridabad,B30,26-35,Male,24.4,Mandate,Verified
INV001322,2025-03-16,100025,lumpsum,24886,Uttar Pradesh,Lucknow,T30,26-35,Female,10.5,UPI,Verified
INV001920,2025-03-16,102887,sip,16470,Madhya Pradesh,Indore,T30,36-45,Female,24.5,UPI,Verified
INV001454,2025-03-16,120843,sip,2299,Tamil Nadu,Chennai,T30,26-35,Male,9.3,Mandate,Pending
INV004626,2025-03-16,125498,lumpsum,133058,Telangana,Hyderabad,T30,18-25,Female,5.5,Mandate,Verified
INV003160,2025-03-16,100025,redemption,194742,Delhi,Gurugram,T30,26-35,Male,24.9,Mandate,Verified
INV004819,2025-03-16,101206,sip,5760,Telangana,Hyderabad,T30,26-35,Female,14.8,Cheque,Verified
INV000720,2025-03-16,120842,sip,9493,Gujarat,Ahmedabad,T30,18-25,Female,5.8,Cheque,Verified
INV000297,2025-03-16,120507,sip,2221,Gujarat,Ahmedabad,T30,26-35,Male,13.0,Cheque,Verified
INV004654,2025-03-16,119092,lumpsum,463471,Haryana,Gurugram,T30,46-55,Female,95.0,UPI,Verified
INV002399,2025-03-16,101206,lumpsum,153101,Gujarat,Ahmedabad,T30,46-55,Female,34.7,Net Banking,Verified
INV002364,2025-03-16,125497,sip,27712,Rajasthan,Jaipur,T30,46-55,Male,51.3,Net Banking,Verified
INV003338,2025-03-16,119552,sip,53570,Haryana,Faridabad,B30,46-55,Male,69.2,Net Banking,Verified
INV000849,2025-03-16,118633,lumpsum,194328,Delhi,Gurugram,T30,56+,Female,32.5,Net Banking,Verified
INV003396,2025-03-16,119120,sip,806,Karnataka,Mysore,B30,26-35,Male,23.4,Mandate,Verified
INV000353,2025-03-16,119120,redemption,273428,Maharashtra,Pune,T30,26-35,Female,24.6,Cheque,Verified
INV003391,2025-03-16,120503,sip,5040,West Bengal,Kolkata,T30,26-35,Male,20.2,Net Banking,Verified
INV002469,2025-03-16,148567,sip,6493,Tamil Nadu,Chennai,T30,26-35,Female,12.3,Net Banking,Verified
INV003662,2025-03-16,148567,redemption,8267,Rajasthan,Jaipur,T30,18-25,Male,5.7,Mandate,Verified
INV003164,2025-03-16,102886,sip,1981,Madhya Pradesh,Indore,T30,26-35,Male,23.9,Cheque,Verified
INV004228,2025-03-16,120506,lumpsum,229182,Madhya Pradesh,Bhopal,B30,26-35,Female,18.0,UPI,Verified
INV000439,2025-03-16,120844,sip,568,Rajasthan,Udaipur,B30,56+,Male,23.4,Net Banking,Verified
INV003813,2025-03-16,119598,sip,10923,Rajasthan,Udaipur,B30,36-45,Male,23.6,Mandate,Verified
INV000897,2025-03-17,118636,lumpsum,337086,Maharashtra,Nashik,B30,36-45,Male,22.3,Cheque,Verified
INV000176,2025-03-17,125498,sip,5246,Rajasthan,Jaipur,T30,26-35,Male,13.4,UPI,Verified
INV000788,2025-03-17,119095,sip,3443,Haryana,Gurugram,T30,26-35,Male,20.7,Mandate,Verified
INV001075,2025-03-17,120503,sip,40357,Punjab,Chandigarh,T30,26-35,Female,24.5,UPI,Verified
INV001398,2025-03-17,119120,sip,59793,Madhya Pradesh,Indore,T30,26-35,Female,18.4,Mandate,Verified
INV002997,2025-03-17,118634,sip,21196,West Bengal,Kolkata,T30,26-35,Male,23.7,Cheque,Verified
INV003605,2025-03-17,120844,lumpsum,467952,Gujarat,Ahmedabad,T30,36-45,Male,15.5,Cheque,Verified
INV003967,2025-03-17,120506,sip,581,Tamil Nadu,Coimbatore,B30,46-55,Male,79.9,Mandate,Verified
INV001275,2025-03-17,120843,sip,1735,Delhi,Noida,T30,36-45,Female,37.4,Mandate,Verified
INV001227,2025-03-17,120505,sip,5055,Tamil Nadu,Coimbatore,B30,36-45,Male,58.3,UPI,Verified
INV002254,2025-03-17,148569,redemption,272637,West Bengal,Kolkata,T30,26-35,Male,7.7,Cheque,Verified
INV003697,2025-03-17,119599,lumpsum,383572,Maharashtra,Mumbai,T30,18-25,Male,6.3,Cheque,Verified
INV003847,2025-03-17,100016,redemption,82340,Telangana,Hyderabad,T30,26-35,Male,19.7,Cheque,Verified
INV000990,2025-03-17,119095,sip,805,West Bengal,Kolkata,T30,56+,Male,32.4,Net Banking,Verified
INV001651,2025-03-17,120842,lumpsum,235375,Gujarat,Ahmedabad,T30,18-25,Male,4.1,Mandate,Verified
INV000826,2025-03-17,118635,redemption,405713,Madhya Pradesh,Bhopal,B30,36-45,Female,44.3,Mandate,Verified
INV002255,2025-03-17,118633,redemption,435443,Rajasthan,Jaipur,T30,26-35,Male,24.0,Net Banking,Verified
INV003748,2025-03-17,119599,lumpsum,440332,Madhya Pradesh,Indore,T30,46-55,Male,66.4,Cheque,Verified
INV004142,2025-03-17,148567,sip,4585,West Bengal,Kolkata,T30,26-35,Male,12.0,Cheque,Verified
INV001521,2025-03-17,102887,lumpsum,320411,Haryana,Faridabad,B30,18-25,Male,4.9,Mandate,Verified
INV000894,2025-03-17,120503,sip,5595,Tamil Nadu,Coimbatore,B30,36-45,Female,32.0,Mandate,Verified
INV001257,2025-03-17,148568,sip,1051,Punjab,Chandigarh,T30,26-35,Female,6.3,Net Banking,Verified
INV000403,2025-03-17,125498,sip,1774,Rajasthan,Jaipur,T30,18-25,Female,7.7,Cheque,Verified
INV001770,2025-03-17,100033,sip,2466,Telangana,Hyderabad,T30,18-25,Male,6.3,Cheque,Verified
INV002735,2025-03-17,100033,sip,873,Tamil Nadu,Coimbatore,B30,18-25,Female,7.6,Mandate,Verified
INV004084,2025-03-17,119551,lumpsum,93837,Telangana,Hyderabad,T30,26-35,Male,9.9,Cheque,Verified
INV004779,2025-03-17,148567,lumpsum,355466,West Bengal,Kolkata,T30,36-45,Female,41.0,Mandate,Verified
INV002087,2025-03-17,120844,sip,58728,Delhi,Gurugram,T30,26-35,Male,24.8,UPI,Verified
INV001741,2025-03-17,100033,sip,20782,Rajasthan,Udaipur,B30,36-45,Male,52.8,Cheque,Verified
INV000074,2025-03-17,125498,redemption,325437,Rajasthan,Jaipur,T30,26-35,Female,8.4,Cheque,Verified
INV003128,2025-03-17,120841,redemption,311714,Uttar Pradesh,Kanpur,B30,18-25,Female,7.7,Net Banking,Pending
INV003684,2025-03-17,119598,redemption,378599,Karnataka,Bangalore,T30,36-45,Male,42.9,Cheque,Verified
INV000606,2025-03-17,102885,lumpsum,78573,Karnataka,Mysore,B30,18-25,Male,7.8,UPI,Verified
INV004307,2025-03-17,119599,lumpsum,467946,Haryana,Faridabad,B30,26-35,Male,19.3,Cheque,Verified
INV000417,2025-03-17,149324,sip,14712,Haryana,Gurugram,T30,26-35,Female,13.5,Mandate,Verified
INV003338,2025-03-17,125497,sip,2346,Haryana,Faridabad,B30,46-55,Male,69.2,UPI,Verified
INV000221,2025-03-17,148567,sip,2106,Uttar Pradesh,Agra,B30,36-45,Female,46.2,Mandate,Verified
INV002783,2025-03-17,120841,lumpsum,86026,West Bengal,Kolkata,T30,26-35,Male,7.0,Net Banking,Verified
INV002974,2025-03-17,101206,sip,54417,Telangana,Hyderabad,T30,26-35,Female,21.9,UPI,Verified
INV000493,2025-03-17,120842,redemption,148519,Punjab,Chandigarh,T30,18-25,Male,4.2,UPI,Verified
INV004952,2025-03-17,120506,sip,12876,Uttar Pradesh,Kanpur,B30,26-35,Male,15.9,UPI,Verified
INV001805,2025-03-17,149324,redemption,151757,Gujarat,Ahmedabad,T30,36-45,Male,44.9,Mandate,Verified
INV003737,2025-03-17,125498,sip,2460,Punjab,Chandigarh,T30,18-25,Male,4.4,Net Banking,Verified
INV004362,2025-03-17,102885,lumpsum,422672,West Bengal,Kolkata,T30,26-35,Female,12.1,UPI,Verified
INV003660,2025-03-17,119551,sip,426,Delhi,Noida,T30,26-35,Male,6.8,Mandate,Verified
INV004985,2025-03-17,102886,sip,9277,Madhya Pradesh,Indore,T30,56+,Female,79.4,Cheque,Verified
INV003070,2025-03-17,149323,sip,4766,West Bengal,Kolkata,T30,26-35,Male,23.7,Mandate,Verified
INV000849,2025-03-17,119599,sip,532,Delhi,Gurugram,T30,56+,Female,32.5,UPI,Verified
INV004805,2025-03-17,120506,sip,470,Madhya Pradesh,Indore,T30,26-35,Female,7.6,Net Banking,Pending
INV000191,2025-03-17,100025,sip,448,Karnataka,Bangalore,T30,26-35,Male,23.1,Mandate,Verified
INV002928,2025-03-17,148567,lumpsum,208511,Tamil Nadu,Coimbatore,B30,26-35,Male,9.4,UPI,Verified
INV004050,2025-03-17,120842,sip,993,West Bengal,Kolkata,T30,26-35,Male,15.5,Net Banking,Verified
INV001877,2025-03-17,120506,sip,6873,Tamil Nadu,Coimbatore,B30,56+,Male,62.1,Mandate,Verified
INV002150,2025-03-17,119552,sip,588,Uttar Pradesh,Kanpur,B30,26-35,Female,21.5,Mandate,Pending
INV002469,2025-03-17,120843,sip,1154,Tamil Nadu,Chennai,T30,26-35,Female,12.3,UPI,Verified
INV003720,2025-03-17,148567,sip,4637,Madhya Pradesh,Bhopal,B30,36-45,Female,49.4,UPI,Verified
INV004227,2025-03-17,149323,sip,16562,Gujarat,Surat,T30,18-25,Female,4.5,UPI,Verified
INV003250,2025-03-18,101206,redemption,113301,Gujarat,Ahmedabad,T30,26-35,Male,11.3,Net Banking,Verified
INV004508,2025-03-18,102887,redemption,197702,Punjab,Amritsar,B30,36-45,Female,36.5,Mandate,Verified
INV002349,2025-03-18,119093,redemption,9677,Punjab,Amritsar,B30,26-35,Female,9.6,Mandate,Verified
INV000621,2025-03-18,120507,redemption,254694,Rajasthan,Udaipur,B30,56+,Female,45.8,Net Banking,Verified
INV004978,2025-03-18,148569,sip,5868,Uttar Pradesh,Lucknow,T30,46-55,Male,34.3,Mandate,Verified
INV003747,2025-03-18,119598,sip,3356,Madhya Pradesh,Indore,T30,26-35,Female,21.7,Mandate,Verified
INV003492,2025-03-18,125498,sip,12606,Gujarat,Ahmedabad,T30,36-45,Male,35.2,Cheque,Verified
INV004365,2025-03-18,119599,sip,7579,Delhi,Gurugram,T30,26-35,Male,19.4,Mandate,Verified
INV004847,2025-03-18,102885,lumpsum,424736,Maharashtra,Pune,T30,26-35,Female,7.0,Cheque,Verified
INV002184,2025-03-18,118633,redemption,246540,Uttar Pradesh,Agra,B30,36-45,Female,38.1,Mandate,Pending
INV002214,2025-03-18,149322,redemption,149774,Delhi,Gurugram,T30,36-45,Female,50.5,Mandate,Verified
INV000392,2025-03-18,148569,redemption,204100,Gujarat,Surat,T30,26-35,Female,16.6,Net Banking,Verified
INV002635,2025-03-18,149324,redemption,82219,Telangana,Hyderabad,T30,18-25,Male,3.8,UPI,Verified
INV000669,2025-03-18,119092,lumpsum,72145,Madhya Pradesh,Indore,T30,36-45,Male,25.2,Net Banking,Verified
INV001318,2025-03-18,149322,sip,3027,Telangana,Hyderabad,T30,36-45,Male,59.3,UPI,Verified
INV004623,2025-03-18,118632,lumpsum,505575,Madhya Pradesh,Indore,T30,46-55,Female,44.9,Mandate,Verified
INV001214,2025-03-18,149324,lumpsum,50871,Telangana,Hyderabad,T30,36-45,Male,19.8,Net Banking,Verified
INV003820,2025-03-18,119094,sip,11926,Tamil Nadu,Chennai,T30,56+,Male,61.2,Net Banking,Verified
INV001483,2025-03-18,101208,sip,592,Rajasthan,Jaipur,T30,36-45,Male,38.8,Cheque,Verified
INV002783,2025-03-18,102886,sip,2160,West Bengal,Kolkata,T30,26-35,Male,7.0,Net Banking,Verified
INV004226,2025-03-18,120506,redemption,475159,Punjab,Chandigarh,T30,18-25,Male,3.9,UPI,Verified
INV001069,2025-03-18,120842,sip,59917,Telangana,Hyderabad,T30,26-35,Male,19.1,Mandate,Verified
INV002665,2025-03-18,120503,lumpsum,139830,Tamil Nadu,Chennai,T30,26-35,Male,8.9,UPI,Verified
INV000730,2025-03-18,120507,sip,50364,Maharashtra,Mumbai,T30,26-35,Male,19.5,UPI,Verified
INV001390,2025-03-18,149322,sip,11064,Haryana,Gurugram,T30,26-35,Female,13.0,Net Banking,Verified
INV002627,2025-03-18,100025,sip,454,West Bengal,Kolkata,T30,26-35,Male,19.0,Cheque,Pending
INV002726,2025-03-18,101206,lumpsum,260535,Gujarat,Ahmedabad,T30,36-45,Male,16.9,UPI,Verified
INV002829,2025-03-18,120503,sip,16239,West Bengal,Kolkata,T30,26-35,Male,6.1,Mandate,Verified
INV004742,2025-03-18,119551,redemption,166164,Punjab,Chandigarh,T30,26-35,Male,16.2,UPI,Verified
INV002904,2025-03-18,102887,sip,5524,West Bengal,Kolkata,T30,36-45,Male,52.2,Cheque,Verified
INV000954,2025-03-18,100016,redemption,87595,Haryana,Faridabad,B30,26-35,Female,8.3,UPI,Verified
INV003708,2025-03-18,149322,sip,6610,Punjab,Amritsar,B30,46-55,Male,38.6,UPI,Verified
INV000630,2025-03-18,101206,sip,8318,Uttar Pradesh,Kanpur,B30,26-35,Male,18.9,Cheque,Verified
INV004328,2025-03-18,118633,sip,4178,Telangana,Hyderabad,T30,26-35,Female,12.8,Cheque,Verified
INV001634,2025-03-18,148569,redemption,180480,Gujarat,Surat,T30,26-35,Male,23.9,Net Banking,Verified
INV003506,2025-03-18,102887,lumpsum,74358,Tamil Nadu,Chennai,T30,56+,Female,55.5,Mandate,Verified
INV001157,2025-03-18,118633,lumpsum,320434,Tamil Nadu,Coimbatore,B30,36-45,Female,23.0,Mandate,Pending
INV004776,2025-03-18,119094,sip,2708,Punjab,Chandigarh,T30,36-45,Male,22.9,UPI,Verified
INV004607,2025-03-18,118634,sip,2630,Telangana,Hyderabad,T30,26-35,Female,7.0,Mandate,Verified
INV004676,2025-03-18,118633,sip,24023,Gujarat,Ahmedabad,T30,56+,Male,23.9,Cheque,Verified
INV004513,2025-03-18,100033,sip,2264,Karnataka,Mysore,B30,36-45,Female,16.9,Net Banking,Verified
INV003829,2025-03-18,119120,sip,3332,Punjab,Amritsar,B30,36-45,Male,55.6,Net Banking,Verified
INV001308,2025-03-18,125497,sip,6783,Rajasthan,Jaipur,T30,36-45,Male,19.3,UPI,Verified
INV000100,2025-03-18,125497,redemption,319360,Rajasthan,Udaipur,B30,56+,Male,57.2,Mandate,Verified
INV004165,2025-03-18,119093,lumpsum,205950,West Bengal,Kolkata,T30,26-35,Male,9.3,Net Banking,Pending
INV002238,2025-03-18,149323,redemption,36831,Gujarat,Surat,T30,36-45,Male,58.3,Cheque,Verified
INV001250,2025-03-18,101206,sip,2951,Rajasthan,Udaipur,B30,26-35,Male,25.0,Cheque,Verified
INV001691,2025-03-18,118632,sip,2214,Maharashtra,Mumbai,T30,26-35,Male,10.3,Cheque,Verified
INV000671,2025-03-18,149323,lumpsum,372041,Uttar Pradesh,Agra,B30,36-45,Female,15.3,Net Banking,Verified
INV002899,2025-03-18,120505,lumpsum,419818,Punjab,Amritsar,B30,18-25,Male,7.6,Cheque,Verified
INV004843,2025-03-18,100025,sip,10936,Haryana,Faridabad,B30,56+,Male,49.8,UPI,Verified
INV004053,2025-03-18,149324,sip,2128,Tamil Nadu,Chennai,T30,26-35,Male,20.8,Cheque,Verified
INV004070,2025-03-18,119599,sip,1808,Maharashtra,Pune,T30,26-35,Male,13.8,Cheque,Verified
INV004319,2025-03-18,119551,redemption,8225,Gujarat,Surat,T30,18-25,Male,3.9,Net Banking,Pending
INV000228,2025-03-18,102886,sip,1743,Karnataka,Bangalore,T30,26-35,Male,7.2,Mandate,Verified
INV001661,2025-03-18,100025,sip,5106,Uttar Pradesh,Lucknow,T30,56+,Female,26.4,Cheque,Verified
INV002945,2025-03-18,119552,sip,5346,Maharashtra,Nashik,B30,26-35,Male,15.6,Net Banking,Verified
INV004655,2025-03-18,100025,lumpsum,526871,Telangana,Hyderabad,T30,36-45,Male,19.7,Mandate,Verified
INV000282,2025-03-18,120843,sip,8377,Uttar Pradesh,Agra,B30,36-45,Female,55.7,UPI,Verified
INV000141,2025-03-18,125498,sip,8219,Maharashtra,Pune,T30,26-35,Male,22.1,UPI,Verified
INV004901,2025-03-18,120504,sip,2230,Haryana,Gurugram,T30,26-35,Female,10.8,Cheque,Verified
INV000587,2025-03-18,101208,sip,2600,Punjab,Chandigarh,T30,26-35,Male,15.5,Net Banking,Verified
INV002916,2025-03-18,119094,lumpsum,375584,Maharashtra,Nashik,B30,18-25,Male,7.9,Mandate,Verified
INV004816,2025-03-18,120505,lumpsum,192183,Karnataka,Bangalore,T30,18-25,Male,4.1,Mandate,Verified
INV000736,2025-03-18,118633,sip,2327,Haryana,Faridabad,B30,36-45,Female,39.4,Cheque,Verified
INV003916,2025-03-19,119095,redemption,97645,Karnataka,Mysore,B30,26-35,Male,23.6,Net Banking,Verified
INV001446,2025-03-19,102887,lumpsum,344044,Delhi,Noida,T30,26-35,Male,6.6,Net Banking,Verified
INV000048,2025-03-19,120842,sip,8202,Rajasthan,Jaipur,T30,36-45,Female,15.0,Cheque,Verified
INV000330,2025-03-19,101207,lumpsum,251825,Madhya Pradesh,Bhopal,B30,26-35,Female,11.9,UPI,Verified
INV001975,2025-03-19,101206,sip,10638,Delhi,New Delhi,T30,36-45,Female,35.3,Mandate,Verified
INV001998,2025-03-19,119598,lumpsum,105624,Haryana,Faridabad,B30,26-35,Male,19.2,UPI,Verified
INV003812,2025-03-19,149322,sip,1193,Haryana,Faridabad,B30,18-25,Female,3.6,UPI,Verified
INV001174,2025-03-19,120841,sip,5203,Maharashtra,Nashik,B30,36-45,Male,12.7,Mandate,Verified
INV003617,2025-03-19,120506,sip,497,Maharashtra,Pune,T30,36-45,Male,39.0,Cheque,Verified
INV002942,2025-03-19,118635,sip,464,Delhi,Noida,T30,36-45,Male,27.8,Net Banking,Verified
INV004364,2025-03-19,149323,sip,11921,West Bengal,Kolkata,T30,36-45,Male,30.6,Cheque,Verified
INV000623,2025-03-19,120507,sip,4924,Tamil Nadu,Chennai,T30,46-55,Male,48.9,Mandate,Verified
INV001218,2025-03-19,101207,sip,2291,Madhya Pradesh,Bhopal,B30,36-45,Male,21.1,UPI,Verified
INV001049,2025-03-19,120842,sip,3057,Madhya Pradesh,Indore,T30,36-45,Female,52.5,Mandate,Verified
INV001510,2025-03-19,100016,sip,24468,Gujarat,Surat,T30,26-35,Male,15.4,Net Banking,Pending
INV004378,2025-03-19,120506,lumpsum,221149,Tamil Nadu,Chennai,T30,26-35,Female,23.2,Cheque,Verified
INV002555,2025-03-19,119094,sip,425,Gujarat,Ahmedabad,T30,36-45,Male,24.5,UPI,Verified
INV001684,2025-03-19,101208,sip,6315,Uttar Pradesh,Lucknow,T30,36-45,Male,51.6,Cheque,Verified
INV004107,2025-03-19,149324,sip,4591,Telangana,Hyderabad,T30,26-35,Male,12.6,Cheque,Verified
INV003448,2025-03-19,118633,lumpsum,166176,Rajasthan,Udaipur,B30,26-35,Male,16.4,Net Banking,Verified
INV000507,2025-03-19,120504,sip,8133,Gujarat,Ahmedabad,T30,36-45,Male,44.1,Cheque,Verified
INV004224,2025-03-19,118636,lumpsum,300166,Haryana,Faridabad,B30,56+,Male,34.4,UPI,Verified
INV001193,2025-03-19,118635,sip,9029,Delhi,New Delhi,T30,46-55,Female,66.3,Mandate,Verified
INV000852,2025-03-19,149324,lumpsum,160999,Maharashtra,Nashik,B30,26-35,Female,18.1,UPI,Pending
INV001114,2025-03-19,101206,sip,5339,West Bengal,Kolkata,T30,26-35,Male,24.1,UPI,Verified
INV001907,2025-03-19,118634,lumpsum,264776,Delhi,New Delhi,T30,26-35,Male,11.6,Mandate,Verified
INV001713,2025-03-19,119551,sip,8492,Uttar Pradesh,Agra,B30,46-55,Male,61.5,Cheque,Verified
INV004063,2025-03-19,118632,redemption,427667,Haryana,Gurugram,T30,36-45,Male,19.3,Cheque,Verified
INV002552,2025-03-19,149323,sip,8795,Delhi,Gurugram,T30,36-45,Male,24.4,Mandate,Verified
INV004428,2025-03-19,120504,lumpsum,42335,Rajasthan,Udaipur,B30,26-35,Female,6.7,Net Banking,Verified
INV001629,2025-03-19,120507,sip,5199,Madhya Pradesh,Indore,T30,26-35,Male,15.0,Mandate,Verified
INV002119,2025-03-19,119598,sip,29111,Tamil Nadu,Coimbatore,B30,26-35,Female,11.8,Mandate,Verified
INV000412,2025-03-19,120503,sip,15993,Rajasthan,Udaipur,B30,18-25,Male,7.4,Mandate,Verified
INV001141,2025-03-19,120504,lumpsum,180952,West Bengal,Kolkata,T30,18-25,Female,3.0,UPI,Pending
INV002619,2025-03-19,125498,sip,2079,Gujarat,Ahmedabad,T30,18-25,Male,3.4,Net Banking,Verified
INV001495,2025-03-19,120842,sip,59456,Punjab,Amritsar,B30,26-35,Male,16.6,Cheque,Verified
INV000683,2025-03-19,100016,sip,12664,Maharashtra,Mumbai,T30,26-35,Female,17.4,Cheque,Verified
INV002212,2025-03-19,149323,sip,5959,Telangana,Hyderabad,T30,36-45,Male,26.4,Cheque,Verified
INV004785,2025-03-19,149324,sip,2464,Punjab,Amritsar,B30,26-35,Female,14.5,Cheque,Verified
INV004560,2025-03-19,101208,sip,969,Tamil Nadu,Coimbatore,B30,36-45,Male,42.7,Net Banking,Verified
INV000982,2025-03-19,119095,sip,17410,Gujarat,Ahmedabad,T30,36-45,Male,46.9,Cheque,Verified
INV004001,2025-03-19,102885,sip,22052,Delhi,Noida,T30,56+,Female,52.7,Net Banking,Verified
INV000615,2025-03-19,100033,redemption,323197,Punjab,Amritsar,B30,36-45,Male,60.0,Mandate,Verified
INV001770,2025-03-19,118635,sip,4292,Telangana,Hyderabad,T30,18-25,Male,6.3,Cheque,Verified
INV002426,2025-03-19,120843,sip,2189,Haryana,Faridabad,B30,26-35,Male,10.9,UPI,Verified
INV000973,2025-03-19,120507,redemption,422460,Rajasthan,Jaipur,T30,26-35,Male,9.3,Net Banking,Verified
INV001308,2025-03-19,118636,lumpsum,259332,Rajasthan,Jaipur,T30,36-45,Male,19.3,Mandate,Verified
INV002912,2025-03-19,101207,lumpsum,538885,Maharashtra,Mumbai,T30,26-35,Female,23.6,Cheque,Verified
INV004961,2025-03-19,102885,lumpsum,46816,West Bengal,Kolkata,T30,36-45,Male,15.0,Mandate,Verified
INV000177,2025-03-19,125497,redemption,468506,Rajasthan,Jaipur,T30,26-35,Male,17.6,Net Banking,Verified
INV001281,2025-03-19,101206,sip,8990,Telangana,Hyderabad,T30,18-25,Male,7.9,Net Banking,Pending
INV000273,2025-03-19,120844,sip,11637,Delhi,New Delhi,T30,46-55,Male,93.4,UPI,Verified
INV003403,2025-03-19,120503,lumpsum,125616,Madhya Pradesh,Bhopal,B30,18-25,Male,6.3,UPI,Verified
INV000761,2025-03-19,120841,sip,2098,Rajasthan,Udaipur,B30,18-25,Female,7.5,Mandate,Verified
INV003102,2025-03-19,120503,lumpsum,476359,Maharashtra,Pune,T30,18-25,Male,4.3,UPI,Verified
INV004709,2025-03-20,100033,redemption,293161,Haryana,Gurugram,T30,36-45,Male,59.1,Cheque,Verified
INV000833,2025-03-20,119092,sip,14745,Maharashtra,Nashik,B30,18-25,Male,4.4,Net Banking,Verified
INV000482,2025-03-20,149322,lumpsum,58738,Maharashtra,Mumbai,T30,26-35,Male,7.6,Mandate,Verified
INV004393,2025-03-20,148568,sip,8524,Telangana,Hyderabad,T30,26-35,Female,21.5,UPI,Verified
INV001753,2025-03-20,101208,sip,2662,Rajasthan,Jaipur,T30,26-35,Male,10.0,UPI,Verified
INV003657,2025-03-20,120503,sip,596,Delhi,Noida,T30,36-45,Female,55.4,Cheque,Verified
INV004483,2025-03-20,120504,redemption,185489,Tamil Nadu,Chennai,T30,46-55,Female,72.3,UPI,Verified
INV004320,2025-03-20,101208,sip,8175,Delhi,Gurugram,T30,26-35,Female,8.1,Mandate,Verified
INV001573,2025-03-20,119092,sip,25512,Tamil Nadu,Coimbatore,B30,26-35,Male,20.7,Mandate,Pending
INV003940,2025-03-20,120843,sip,3110,West Bengal,Kolkata,T30,36-45,Male,21.6,Net Banking,Verified
INV001795,2025-03-20,148569,sip,6719,Madhya Pradesh,Indore,T30,46-55,Male,17.7,Mandate,Verified
INV000988,2025-03-20,149324,lumpsum,485778,Rajasthan,Jaipur,T30,36-45,Male,28.7,Net Banking,Verified
INV001312,2025-03-20,119094,lumpsum,24865,Delhi,Noida,T30,26-35,Male,6.9,Cheque,Verified
INV003693,2025-03-20,118636,sip,1151,Madhya Pradesh,Bhopal,B30,36-45,Male,25.2,Cheque,Verified
INV002902,2025-03-20,119093,sip,11837,Gujarat,Surat,T30,36-45,Male,35.1,Net Banking,Verified
INV002068,2025-03-20,118635,sip,11396,Delhi,Gurugram,T30,18-25,Female,3.1,UPI,Verified
INV003580,2025-03-20,100025,lumpsum,50635,Gujarat,Ahmedabad,T30,26-35,Male,22.5,Cheque,Verified
INV003637,2025-03-20,120843,sip,819,Telangana,Hyderabad,T30,36-45,Male,18.6,Net Banking,Verified
INV000806,2025-03-20,100033,lumpsum,435338,Maharashtra,Pune,T30,46-55,Male,90.4,Cheque,Verified
INV000728,2025-03-20,120842,redemption,322908,Telangana,Hyderabad,T30,26-35,Male,8.4,Net Banking,Pending
INV002557,2025-03-20,148567,sip,574,West Bengal,Kolkata,T30,26-35,Female,18.2,UPI,Verified
INV001373,2025-03-20,119092,redemption,180903,Madhya Pradesh,Indore,T30,26-35,Female,22.6,Cheque,Verified
INV004452,2025-03-20,118634,redemption,507031,Rajasthan,Udaipur,B30,26-35,Male,17.6,Cheque,Verified
INV003209,2025-03-20,101206,sip,12771,Delhi,Gurugram,T30,46-55,Male,76.0,Mandate,Verified
INV001242,2025-03-20,118635,redemption,22160,Tamil Nadu,Chennai,T30,36-45,Male,57.8,Mandate,Verified
INV000206,2025-03-20,102887,redemption,352432,Punjab,Amritsar,B30,26-35,Male,9.8,UPI,Verified
INV003389,2025-03-20,102886,lumpsum,435858,Telangana,Hyderabad,T30,26-35,Male,22.3,UPI,Verified
INV004784,2025-03-20,119095,sip,5218,Uttar Pradesh,Lucknow,T30,26-35,Female,15.8,UPI,Verified
INV001333,2025-03-20,120841,lumpsum,515183,Haryana,Faridabad,B30,26-35,Female,19.0,UPI,Verified
INV002599,2025-03-20,101208,sip,2991,Gujarat,Surat,T30,26-35,Male,11.4,Cheque,Verified
INV002595,2025-03-20,119599,sip,1194,Tamil Nadu,Coimbatore,B30,36-45,Male,27.8,UPI,Verified
INV003962,2025-03-20,120505,lumpsum,92116,Haryana,Gurugram,T30,26-35,Male,20.4,UPI,Pending
INV002553,2025-03-20,149323,redemption,417503,Gujarat,Ahmedabad,T30,36-45,Female,47.8,Net Banking,Verified
INV002783,2025-03-20,148569,sip,1767,West Bengal,Kolkata,T30,26-35,Male,7.0,Net Banking,Verified
INV004262,2025-03-20,119095,sip,1115,Uttar Pradesh,Agra,B30,26-35,Male,6.2,Cheque,Verified
INV003261,2025-03-20,119551,redemption,239766,Punjab,Amritsar,B30,26-35,Male,10.5,UPI,Verified
INV000298,2025-03-20,120503,sip,2000,Uttar Pradesh,Kanpur,B30,18-25,Male,6.3,Cheque,Verified
INV004626,2025-03-20,125498,redemption,501462,Telangana,Hyderabad,T30,18-25,Female,5.5,Net Banking,Verified
INV000600,2025-03-20,119552,sip,479,Maharashtra,Mumbai,T30,26-35,Male,17.3,Cheque,Verified
INV004293,2025-03-20,148568,sip,1094,Rajasthan,Jaipur,T30,36-45,Male,54.9,Mandate,Verified
INV003422,2025-03-20,120843,sip,5248,Uttar Pradesh,Lucknow,T30,26-35,Male,9.0,Mandate,Verified
INV000659,2025-03-20,102886,redemption,192601,Haryana,Faridabad,B30,26-35,Male,17.2,Net Banking,Pending
INV002438,2025-03-20,119552,sip,8198,Uttar Pradesh,Kanpur,B30,56+,Male,37.9,Mandate,Verified
INV004748,2025-03-20,119120,redemption,389983,Delhi,Noida,T30,26-35,Male,12.6,Mandate,Verified
INV002286,2025-03-20,119599,redemption,128118,Tamil Nadu,Coimbatore,B30,18-25,Male,5.9,Cheque,Verified
INV004605,2025-03-20,148567,redemption,414787,Maharashtra,Nashik,B30,36-45,Male,17.8,Mandate,Verified
INV004929,2025-03-20,120844,sip,2814,Telangana,Hyderabad,T30,36-45,Female,56.8,Cheque,Verified
INV002673,2025-03-20,120841,sip,587,Maharashtra,Mumbai,T30,26-35,Male,14.2,Cheque,Verified
INV001002,2025-03-20,120505,lumpsum,209893,Telangana,Hyderabad,T30,36-45,Male,52.5,Mandate,Verified
INV001195,2025-03-20,119092,sip,1107,Gujarat,Surat,T30,26-35,Male,6.4,UPI,Verified
INV002174,2025-03-20,118632,sip,476,Gujarat,Ahmedabad,T30,36-45,Male,25.1,Mandate,Verified
INV003405,2025-03-20,120503,sip,2028,Rajasthan,Jaipur,T30,26-35,Male,11.5,Net Banking,Verified
INV000117,2025-03-20,148567,lumpsum,500766,Karnataka,Bangalore,T30,26-35,Female,15.6,UPI,Verified
INV001837,2025-03-20,118633,sip,5598,Uttar Pradesh,Agra,B30,18-25,Male,5.5,Mandate,Verified
INV002121,2025-03-20,119552,sip,892,Madhya Pradesh,Bhopal,B30,18-25,Female,3.5,UPI,Verified
INV000696,2025-03-20,149324,sip,924,Madhya Pradesh,Indore,T30,26-35,Male,10.7,Net Banking,Verified
INV003097,2025-03-20,120842,sip,7594,Punjab,Chandigarh,T30,26-35,Male,21.5,Net Banking,Verified
INV003607,2025-03-20,120503,sip,887,Delhi,Gurugram,T30,18-25,Male,4.7,Mandate,Verified
INV003894,2025-03-20,120841,lumpsum,301626,Tamil Nadu,Coimbatore,B30,26-35,Male,14.9,Net Banking,Verified
INV003355,2025-03-20,149322,sip,20906,West Bengal,Kolkata,T30,26-35,Female,14.6,UPI,Verified
INV003140,2025-03-20,101207,sip,1610,West Bengal,Kolkata,T30,26-35,Male,16.9,Cheque,Verified
INV001057,2025-03-20,148567,redemption,501614,Rajasthan,Jaipur,T30,46-55,Male,68.0,Cheque,Verified
INV002983,2025-03-21,125498,lumpsum,226117,Karnataka,Mysore,B30,18-25,Male,6.2,Mandate,Verified
INV003722,2025-03-21,149323,sip,2225,Maharashtra,Nashik,B30,36-45,Female,50.8,UPI,Verified
INV002178,2025-03-21,149323,lumpsum,108728,Gujarat,Ahmedabad,T30,36-45,Female,33.8,Mandate,Verified
INV002048,2025-03-21,149323,sip,15142,Karnataka,Mysore,B30,46-55,Female,66.5,UPI,Verified
INV003398,2025-03-21,100025,sip,1191,Karnataka,Bangalore,T30,36-45,Male,42.0,UPI,Verified
INV000566,2025-03-21,120842,lumpsum,258932,Uttar Pradesh,Agra,B30,36-45,Male,18.2,Net Banking,Verified
INV004271,2025-03-21,120507,lumpsum,377975,Maharashtra,Mumbai,T30,18-25,Male,3.2,Net Banking,Verified
INV000407,2025-03-21,149322,sip,10891,Tamil Nadu,Coimbatore,B30,36-45,Male,32.8,Mandate,Verified
INV001239,2025-03-21,125497,sip,2731,Madhya Pradesh,Bhopal,B30,36-45,Male,43.5,Cheque,Pending
INV000610,2025-03-21,120843,redemption,307478,Madhya Pradesh,Indore,T30,26-35,Male,11.9,Net Banking,Verified
INV001399,2025-03-21,125497,redemption,160142,Delhi,New Delhi,T30,26-35,Female,16.4,Mandate,Verified
INV003046,2025-03-21,102886,lumpsum,294993,West Bengal,Kolkata,T30,36-45,Male,12.4,Net Banking,Verified
INV003836,2025-03-21,149324,lumpsum,183564,Karnataka,Bangalore,T30,36-45,Male,12.4,Net Banking,Verified
INV004379,2025-03-21,120505,lumpsum,181569,Delhi,Gurugram,T30,18-25,Male,6.0,UPI,Verified
INV002736,2025-03-21,119551,lumpsum,128732,Karnataka,Mysore,B30,18-25,Female,6.2,Cheque,Verified
INV000021,2025-03-21,120843,sip,5229,Uttar Pradesh,Agra,B30,46-55,Male,76.8,Mandate,Verified
INV001836,2025-03-21,125497,redemption,375885,Uttar Pradesh,Agra,B30,26-35,Male,17.4,Cheque,Verified
INV003406,2025-03-21,120844,sip,17997,Madhya Pradesh,Bhopal,B30,26-35,Male,21.2,Net Banking,Verified
INV003554,2025-03-21,102885,lumpsum,247908,Rajasthan,Jaipur,T30,26-35,Female,15.6,UPI,Verified
INV004338,2025-03-21,148569,sip,3065,Maharashtra,Mumbai,T30,46-55,Female,82.5,Cheque,Verified
INV003892,2025-03-21,120504,sip,12032,Punjab,Amritsar,B30,46-55,Male,24.4,Cheque,Verified
INV000322,2025-03-21,119092,redemption,415770,Rajasthan,Jaipur,T30,18-25,Male,5.9,Cheque,Verified
INV004410,2025-03-21,149324,lumpsum,404107,Tamil Nadu,Chennai,T30,36-45,Male,45.5,Net Banking,Pending
INV000789,2025-03-21,119551,sip,2694,Gujarat,Surat,T30,56+,Male,47.7,Cheque,Verified
INV002049,2025-03-21,102886,sip,2446,Tamil Nadu,Coimbatore,B30,36-45,Female,36.8,Mandate,Verified
INV000401,2025-03-21,119092,sip,3344,Uttar Pradesh,Agra,B30,26-35,Male,20.5,Mandate,Verified
INV001060,2025-03-21,118634,sip,2866,Telangana,Hyderabad,T30,36-45,Male,29.0,UPI,Verified
INV000099,2025-03-21,119092,sip,2024,Haryana,Gurugram,T30,36-45,Male,43.5,UPI,Verified
INV004930,2025-03-21,119120,redemption,418988,West Bengal,Kolkata,T30,26-35,Male,15.5,Net Banking,Verified
INV000217,2025-03-21,101206,lumpsum,253452,Tamil Nadu,Chennai,T30,56+,Male,50.1,Cheque,Verified
INV001817,2025-03-21,102885,lumpsum,469707,Maharashtra,Nashik,B30,26-35,Male,13.1,Cheque,Verified
INV001128,2025-03-21,120844,redemption,265800,West Bengal,Kolkata,T30,36-45,Female,43.2,UPI,Verified
INV002236,2025-03-21,125497,sip,6439,Delhi,New Delhi,T30,26-35,Male,21.6,Mandate,Verified
INV004285,2025-03-21,118632,lumpsum,33412,Punjab,Chandigarh,T30,26-35,Male,8.0,Mandate,Verified
INV004192,2025-03-21,119599,sip,2497,Maharashtra,Mumbai,T30,26-35,Male,17.1,UPI,Verified
INV000123,2025-03-21,120844,sip,21173,Punjab,Chandigarh,T30,46-55,Male,73.3,Cheque,Verified
INV003614,2025-03-21,101207,redemption,422519,Maharashtra,Mumbai,T30,26-35,Male,13.3,UPI,Pending
INV000841,2025-03-21,102887,sip,46205,Maharashtra,Mumbai,T30,36-45,Male,56.5,Cheque,Verified
INV002042,2025-03-21,120841,lumpsum,114167,Tamil Nadu,Chennai,T30,26-35,Female,10.0,UPI,Verified
INV000103,2025-03-21,119598,sip,4570,Punjab,Chandigarh,T30,26-35,Female,18.2,Mandate,Verified
INV003670,2025-03-21,119551,lumpsum,21160,Punjab,Chandigarh,T30,36-45,Male,38.4,Net Banking,Verified
INV003552,2025-03-21,101207,lumpsum,300035,Gujarat,Surat,T30,26-35,Male,17.0,Net Banking,Verified
INV000596,2025-03-21,118634,sip,53904,Madhya Pradesh,Indore,T30,56+,Male,21.3,Cheque,Verified
INV002214,2025-03-21,149324,sip,8065,Delhi,Gurugram,T30,36-45,Female,50.5,Cheque,Verified
INV001354,2025-03-21,120506,sip,29687,Tamil Nadu,Coimbatore,B30,18-25,Male,7.0,Cheque,Verified
INV002427,2025-03-21,102886,sip,4570,Karnataka,Mysore,B30,18-25,Female,6.5,UPI,Verified
INV001867,2025-03-21,119095,sip,599,Rajasthan,Jaipur,T30,26-35,Male,22.1,Mandate,Verified
INV000289,2025-03-21,120503,sip,1932,Delhi,Gurugram,T30,36-45,Male,54.2,Net Banking,Verified
INV000075,2025-03-21,119551,lumpsum,374679,Madhya Pradesh,Bhopal,B30,36-45,Male,27.2,UPI,Verified
INV000427,2025-03-21,148567,sip,518,Punjab,Amritsar,B30,56+,Female,18.6,Mandate,Verified
INV001512,2025-03-21,119598,sip,835,Haryana,Gurugram,T30,46-55,Male,49.4,Cheque,Verified
INV001138,2025-03-21,119092,sip,10392,Haryana,Faridabad,B30,46-55,Female,81.3,Net Banking,Verified
INV004075,2025-03-21,120841,sip,22622,Rajasthan,Jaipur,T30,36-45,Male,56.5,Mandate,Verified
INV000813,2025-03-21,102887,redemption,52299,Telangana,Hyderabad,T30,46-55,Male,38.7,Net Banking,Verified
INV001913,2025-03-21,100016,sip,2074,Tamil Nadu,Chennai,T30,26-35,Female,11.8,Net Banking,Verified
INV001940,2025-03-21,149322,sip,3336,Delhi,New Delhi,T30,36-45,Male,28.4,Net Banking,Verified
INV000097,2025-03-21,120841,sip,46091,Karnataka,Mysore,B30,18-25,Male,6.0,Mandate,Pending
INV003414,2025-03-21,119598,lumpsum,361784,Maharashtra,Pune,T30,36-45,Female,20.3,Net Banking,Verified
INV001580,2025-03-21,119092,sip,44335,Punjab,Chandigarh,T30,26-35,Male,18.7,Cheque,Verified
INV002942,2025-03-22,118632,sip,5342,Delhi,Noida,T30,36-45,Male,27.8,Net Banking,Verified
INV002707,2025-03-22,125497,sip,42704,Maharashtra,Mumbai,T30,26-35,Male,24.7,Net Banking,Verified
INV002400,2025-03-22,125497,sip,2233,Punjab,Chandigarh,T30,36-45,Male,15.5,UPI,Pending
INV004169,2025-03-22,100016,lumpsum,8387,Rajasthan,Udaipur,B30,26-35,Female,20.4,Cheque,Verified
INV001228,2025-03-22,102887,redemption,240574,Karnataka,Bangalore,T30,36-45,Female,29.8,UPI,Verified
INV002688,2025-03-22,118635,sip,2654,Uttar Pradesh,Lucknow,T30,26-35,Male,23.5,UPI,Verified
INV002549,2025-03-22,102886,lumpsum,306838,Delhi,New Delhi,T30,26-35,Male,12.5,Cheque,Verified
INV004293,2025-03-22,120841,sip,1114,Rajasthan,Jaipur,T30,36-45,Male,54.9,Mandate,Pending
INV003968,2025-03-22,120505,lumpsum,391254,Maharashtra,Mumbai,T30,46-55,Female,58.7,Net Banking,Verified
INV001697,2025-03-22,148569,sip,1802,Haryana,Gurugram,T30,18-25,Male,5.4,Cheque,Verified
INV003247,2025-03-22,100025,lumpsum,405322,Madhya Pradesh,Indore,T30,46-55,Female,93.1,Mandate,Verified
INV002367,2025-03-22,120505,sip,464,Telangana,Hyderabad,T30,26-35,Male,13.9,Net Banking,Verified
INV004964,2025-03-22,120507,sip,14955,Rajasthan,Jaipur,T30,56+,Male,20.5,Mandate,Verified
INV002970,2025-03-22,119092,lumpsum,477121,Telangana,Hyderabad,T30,26-35,Female,12.4,Cheque,Verified
INV000413,2025-03-22,119094,lumpsum,33427,Haryana,Gurugram,T30,36-45,Female,49.8,Net Banking,Verified
INV004481,2025-03-22,118635,lumpsum,227406,Rajasthan,Jaipur,T30,46-55,Male,60.1,UPI,Verified
INV003437,2025-03-22,120844,lumpsum,478882,Punjab,Amritsar,B30,46-55,Female,51.0,Cheque,Verified
INV000320,2025-03-22,148567,lumpsum,130193,Uttar Pradesh,Kanpur,B30,26-35,Male,19.7,Net Banking,Pending
INV004527,2025-03-22,119120,lumpsum,146197,West Bengal,Kolkata,T30,36-45,Male,39.6,Mandate,Verified
INV002640,2025-03-22,119552,sip,11869,Haryana,Faridabad,B30,56+,Female,50.5,Cheque,Verified
INV003019,2025-03-22,101206,sip,2828,Uttar Pradesh,Lucknow,T30,26-35,Male,12.5,Cheque,Verified
INV002539,2025-03-22,118635,sip,1089,Gujarat,Ahmedabad,T30,18-25,Male,6.4,UPI,Verified
INV000974,2025-03-22,118634,sip,2634,Maharashtra,Mumbai,T30,46-55,Male,88.6,Mandate,Verified
INV001548,2025-03-22,148567,sip,12541,Delhi,New Delhi,T30,26-35,Male,24.8,UPI,Verified
INV000537,2025-03-22,101207,lumpsum,212978,Uttar Pradesh,Lucknow,T30,36-45,Female,42.3,UPI,Verified
INV001224,2025-03-22,120507,sip,5779,West Bengal,Kolkata,T30,18-25,Female,6.8,UPI,Verified
INV003995,2025-03-22,120506,sip,3414,Uttar Pradesh,Agra,B30,36-45,Female,33.8,Mandate,Verified
INV003091,2025-03-22,101206,sip,543,Delhi,New Delhi,T30,36-45,Female,36.4,UPI,Verified
INV000118,2025-03-22,119552,sip,2956,Telangana,Hyderabad,T30,26-35,Male,20.2,Cheque,Verified
INV004076,2025-03-22,120506,sip,2774,Madhya Pradesh,Indore,T30,26-35,Male,15.7,Net Banking,Verified
INV004076,2025-03-22,119599,sip,29412,Madhya Pradesh,Indore,T30,26-35,Male,15.7,UPI,Verified
INV004621,2025-03-22,149323,sip,2539,Punjab,Amritsar,B30,36-45,Female,16.9,Mandate,Verified
INV001696,2025-03-22,102885,sip,10527,West Bengal,Kolkata,T30,56+,Female,55.8,Net Banking,Verified
INV004120,2025-03-22,125497,sip,14937,Telangana,Hyderabad,T30,18-25,Male,7.2,Cheque,Verified
INV004271,2025-03-22,101207,sip,15770,Maharashtra,Mumbai,T30,18-25,Male,3.2,Net Banking,Verified
INV004085,2025-03-22,120843,sip,13330,Maharashtra,Pune,T30,36-45,Female,34.5,UPI,Verified
INV002155,2025-03-22,118635,sip,2556,Telangana,Hyderabad,T30,56+,Male,26.2,UPI,Verified
INV000785,2025-03-22,119093,sip,8259,Tamil Nadu,Chennai,T30,36-45,Male,31.1,Cheque,Verified
INV002042,2025-03-22,118636,lumpsum,81798,Tamil Nadu,Chennai,T30,26-35,Female,10.0,Cheque,Verified
INV003757,2025-03-22,119599,sip,807,Uttar Pradesh,Agra,B30,18-25,Male,3.7,Cheque,Verified
INV002692,2025-03-22,119094,lumpsum,266251,West Bengal,Kolkata,T30,26-35,Male,16.7,Net Banking,Verified
INV000673,2025-03-22,102885,sip,44412,Maharashtra,Nashik,B30,36-45,Male,47.4,Mandate,Verified
INV003699,2025-03-22,102885,sip,41343,Uttar Pradesh,Agra,B30,26-35,Male,19.7,Mandate,Verified
INV004783,2025-03-22,102887,lumpsum,409092,Tamil Nadu,Coimbatore,B30,36-45,Male,39.0,Cheque,Verified
INV004241,2025-03-22,149324,lumpsum,332028,Maharashtra,Mumbai,T30,36-45,Male,18.9,UPI,Verified
INV003720,2025-03-22,149322,redemption,410692,Madhya Pradesh,Bhopal,B30,36-45,Female,49.4,Mandate,Verified
INV004494,2025-03-22,149324,lumpsum,228012,Delhi,Noida,T30,26-35,Female,22.0,Net Banking,Verified
INV004647,2025-03-22,148567,sip,2332,Madhya Pradesh,Indore,T30,36-45,Female,25.3,UPI,Verified
INV001997,2025-03-22,120841,sip,2690,Delhi,New Delhi,T30,56+,Female,24.8,Cheque,Pending
INV002006,2025-03-22,125497,sip,3422,Punjab,Chandigarh,T30,26-35,Male,15.3,Net Banking,Verified
INV003731,2025-03-22,120504,redemption,66317,Tamil Nadu,Coimbatore,B30,26-35,Female,9.9,Mandate,Verified
INV000732,2025-03-22,149323,sip,2361,Haryana,Faridabad,B30,46-55,Female,40.8,Net Banking,Verified
INV001514,2025-03-22,101207,lumpsum,15614,Delhi,Gurugram,T30,46-55,Male,75.8,Net Banking,Verified
INV000566,2025-03-22,118633,sip,477,Uttar Pradesh,Agra,B30,36-45,Male,18.2,Cheque,Verified
INV003405,2025-03-22,120503,sip,1775,Rajasthan,Jaipur,T30,26-35,Male,11.5,Mandate,Verified
INV001649,2025-03-22,118636,sip,1761,Telangana,Hyderabad,T30,36-45,Male,51.5,Cheque,Verified
INV000523,2025-03-22,102886,redemption,312036,West Bengal,Kolkata,T30,36-45,Male,13.1,Cheque,Pending
INV004194,2025-03-22,101208,sip,10199,Tamil Nadu,Chennai,T30,36-45,Female,25.3,Net Banking,Verified
INV000117,2025-03-22,120842,sip,2836,Karnataka,Bangalore,T30,26-35,Female,15.6,Net Banking,Verified
INV003762,2025-03-22,102885,lumpsum,502356,Telangana,Hyderabad,T30,36-45,Male,39.4,Mandate,Pending
INV001655,2025-03-23,119552,lumpsum,193746,Delhi,New Delhi,T30,26-35,Male,8.0,Cheque,Verified
INV004080,2025-03-23,101208,sip,8786,Punjab,Amritsar,B30,26-35,Female,18.7,UPI,Verified
INV003717,2025-03-23,148568,redemption,115924,Tamil Nadu,Coimbatore,B30,26-35,Female,20.8,Cheque,Verified
INV003709,2025-03-23,100025,sip,2876,Uttar Pradesh,Agra,B30,46-55,Female,21.0,UPI,Verified
INV004554,2025-03-23,101208,lumpsum,318879,Rajasthan,Jaipur,T30,26-35,Female,10.7,UPI,Verified
INV000665,2025-03-23,149324,sip,821,Rajasthan,Udaipur,B30,26-35,Female,6.6,Cheque,Verified
INV000635,2025-03-23,100033,sip,5806,Delhi,New Delhi,T30,18-25,Female,4.2,Cheque,Verified
INV004476,2025-03-23,120506,lumpsum,373524,Gujarat,Surat,T30,26-35,Male,9.3,Cheque,Verified
INV002315,2025-03-23,102885,sip,26134,Haryana,Faridabad,B30,18-25,Male,6.4,Net Banking,Verified
INV000193,2025-03-23,101207,sip,8347,Delhi,Gurugram,T30,26-35,Female,11.6,UPI,Verified
INV002841,2025-03-23,102885,sip,48408,Uttar Pradesh,Kanpur,B30,26-35,Male,13.2,Cheque,Verified
INV004085,2025-03-23,100016,sip,13383,Maharashtra,Pune,T30,36-45,Female,34.5,UPI,Verified
INV001931,2025-03-23,101208,sip,3236,Haryana,Gurugram,T30,36-45,Male,35.1,Net Banking,Verified
INV000017,2025-03-23,120503,sip,12884,Gujarat,Surat,T30,46-55,Female,31.5,UPI,Pending
INV002051,2025-03-23,119551,sip,13727,Gujarat,Ahmedabad,T30,46-55,Female,56.2,Mandate,Verified
INV001912,2025-03-23,119120,sip,413,Haryana,Gurugram,T30,26-35,Male,10.4,Mandate,Verified
INV002416,2025-03-23,148569,sip,8171,Telangana,Hyderabad,T30,26-35,Female,15.2,Cheque,Verified
INV002900,2025-03-23,118636,sip,5295,Haryana,Faridabad,B30,26-35,Female,14.2,Net Banking,Verified
INV003561,2025-03-23,119092,sip,4555,West Bengal,Kolkata,T30,26-35,Male,22.0,Mandate,Verified
INV004996,2025-03-23,149324,sip,1164,Delhi,New Delhi,T30,46-55,Male,87.8,Mandate,Verified
INV002366,2025-03-23,118636,sip,27142,Telangana,Hyderabad,T30,26-35,Female,20.4,UPI,Verified
INV004592,2025-03-23,120504,redemption,156275,Maharashtra,Pune,T30,36-45,Male,56.6,UPI,Verified
INV004208,2025-03-23,118632,redemption,305808,West Bengal,Kolkata,T30,36-45,Male,53.3,Net Banking,Verified
INV003200,2025-03-23,120841,sip,28060,Punjab,Chandigarh,T30,46-55,Male,61.2,UPI,Pending
INV002852,2025-03-23,148568,sip,8912,West Bengal,Kolkata,T30,46-55,Male,69.5,UPI,Pending
INV002937,2025-03-23,120841,sip,2092,Rajasthan,Jaipur,T30,56+,Male,64.5,Cheque,Verified
INV000158,2025-03-23,119092,lumpsum,426924,Madhya Pradesh,Bhopal,B30,36-45,Male,26.1,Net Banking,Verified
INV004025,2025-03-23,120505,sip,11904,Gujarat,Ahmedabad,T30,56+,Male,18.7,UPI,Pending
INV001131,2025-03-23,120844,redemption,254233,Tamil Nadu,Coimbatore,B30,36-45,Female,32.0,Net Banking,Verified
INV002595,2025-03-23,149322,sip,2315,Tamil Nadu,Coimbatore,B30,36-45,Male,27.8,Net Banking,Verified
INV001224,2025-03-23,101208,sip,599,West Bengal,Kolkata,T30,18-25,Female,6.8,Mandate,Verified
INV001051,2025-03-23,148569,sip,9599,Haryana,Gurugram,T30,26-35,Male,8.2,UPI,Verified
INV001930,2025-03-23,120844,lumpsum,22587,Tamil Nadu,Chennai,T30,26-35,Female,8.8,UPI,Verified
INV000714,2025-03-23,119095,lumpsum,278171,Uttar Pradesh,Kanpur,B30,26-35,Female,23.8,Net Banking,Verified
INV002493,2025-03-23,119095,lumpsum,115232,Maharashtra,Mumbai,T30,56+,Female,27.1,UPI,Verified
INV000747,2025-03-23,119093,sip,49544,West Bengal,Kolkata,T30,36-45,Female,40.3,Net Banking,Verified
INV001115,2025-03-23,118633,lumpsum,242207,Uttar Pradesh,Kanpur,B30,26-35,Male,20.7,Cheque,Verified
INV003778,2025-03-23,119599,redemption,287238,Tamil Nadu,Chennai,T30,36-45,Male,59.4,UPI,Verified
INV002242,2025-03-23,120505,sip,847,Gujarat,Ahmedabad,T30,26-35,Male,22.2,UPI,Verified
INV003474,2025-03-23,149322,sip,2983,Rajasthan,Jaipur,T30,56+,Female,22.1,Mandate,Verified
INV002699,2025-03-23,100016,sip,8885,Gujarat,Surat,T30,18-25,Female,6.1,Mandate,Verified
INV004992,2025-03-23,120505,redemption,277201,Rajasthan,Udaipur,B30,26-35,Male,11.1,Net Banking,Verified
INV002237,2025-03-23,149322,sip,8830,Uttar Pradesh,Agra,B30,46-55,Male,23.1,Net Banking,Verified
INV000885,2025-03-23,119095,lumpsum,433609,Gujarat,Ahmedabad,T30,26-35,Male,12.3,Mandate,Verified
INV003775,2025-03-23,149322,redemption,202499,Maharashtra,Mumbai,T30,56+,Male,12.8,UPI,Verified
INV003877,2025-03-23,119551,sip,5120,Rajasthan,Udaipur,B30,36-45,Female,25.4,Net Banking,Verified
INV002299,2025-03-23,101208,lumpsum,241925,Karnataka,Mysore,B30,36-45,Female,26.8,Mandate,Verified
INV002659,2025-03-23,100025,sip,1915,Madhya Pradesh,Bhopal,B30,36-45,Female,56.5,UPI,Verified
INV001317,2025-03-23,148569,sip,8923,Punjab,Chandigarh,T30,26-35,Female,8.9,Cheque,Verified
INV002568,2025-03-23,100033,sip,578,Uttar Pradesh,Lucknow,T30,26-35,Female,7.3,UPI,Verified
INV004063,2025-03-23,148569,lumpsum,125039,Haryana,Gurugram,T30,36-45,Male,19.3,UPI,Verified
INV003992,2025-03-24,102885,redemption,100161,Madhya Pradesh,Bhopal,B30,46-55,Female,86.8,UPI,Verified
INV002674,2025-03-24,118635,redemption,187535,Karnataka,Mysore,B30,26-35,Female,7.4,Cheque,Verified
INV001351,2025-03-24,101208,sip,48635,Uttar Pradesh,Kanpur,B30,26-35,Male,8.5,UPI,Verified
INV001061,2025-03-24,118634,sip,559,Punjab,Amritsar,B30,18-25,Male,7.4,Net Banking,Verified
INV000130,2025-03-24,102886,lumpsum,64520,Madhya Pradesh,Indore,T30,56+,Female,69.4,Cheque,Pending
INV004660,2025-03-24,119598,redemption,284257,Uttar Pradesh,Agra,B30,18-25,Male,4.9,Mandate,Verified
INV000129,2025-03-24,119552,sip,2469,Punjab,Amritsar,B30,26-35,Female,21.4,Net Banking,Verified
INV002242,2025-03-24,149324,redemption,172806,Gujarat,Ahmedabad,T30,26-35,Male,22.2,Cheque,Pending
INV000707,2025-03-24,102887,sip,599,Karnataka,Mysore,B30,36-45,Female,46.6,Net Banking,Verified
INV002377,2025-03-24,118633,sip,2547,Madhya Pradesh,Bhopal,B30,18-25,Male,7.1,UPI,Verified
INV003525,2025-03-24,120842,lumpsum,302396,Karnataka,Mysore,B30,36-45,Male,36.1,Mandate,Verified
INV003745,2025-03-24,120507,sip,11734,West Bengal,Kolkata,T30,36-45,Male,17.8,Cheque,Verified
INV004403,2025-03-24,102887,lumpsum,306727,West Bengal,Kolkata,T30,26-35,Male,17.6,Mandate,Verified
INV003702,2025-03-24,120506,sip,1044,Madhya Pradesh,Bhopal,B30,36-45,Male,53.2,Net Banking,Verified
INV000239,2025-03-24,119092,sip,9402,Punjab,Amritsar,B30,36-45,Female,13.2,Mandate,Verified
INV000274,2025-03-24,118635,sip,15513,Uttar Pradesh,Kanpur,B30,26-35,Male,23.7,Cheque,Verified
INV004699,2025-03-24,101207,sip,2041,Delhi,Gurugram,T30,46-55,Female,69.7,UPI,Verified
INV004627,2025-03-24,120843,sip,2919,West Bengal,Kolkata,T30,36-45,Male,47.7,Mandate,Verified
INV003729,2025-03-24,120841,sip,40906,Gujarat,Surat,T30,26-35,Male,21.3,Mandate,Verified
INV004502,2025-03-24,119552,sip,837,Rajasthan,Udaipur,B30,36-45,Male,59.0,Cheque,Verified
INV001324,2025-03-24,149322,sip,8360,Delhi,New Delhi,T30,26-35,Male,24.8,UPI,Verified
INV000330,2025-03-24,118634,redemption,408047,Madhya Pradesh,Bhopal,B30,26-35,Female,11.9,UPI,Verified
INV000552,2025-03-24,102885,lumpsum,345590,Uttar Pradesh,Lucknow,T30,36-45,Female,35.8,Cheque,Verified
INV003945,2025-03-24,102885,lumpsum,425326,Gujarat,Ahmedabad,T30,46-55,Female,48.3,UPI,Verified
INV003541,2025-03-24,120507,lumpsum,469621,Punjab,Chandigarh,T30,26-35,Female,10.5,Net Banking,Verified
INV001401,2025-03-24,101207,sip,3167,Tamil Nadu,Coimbatore,B30,26-35,Male,15.6,Mandate,Verified
INV004152,2025-03-24,149322,sip,890,Rajasthan,Udaipur,B30,56+,Male,44.0,Mandate,Verified
INV000312,2025-03-24,120842,lumpsum,495961,Gujarat,Ahmedabad,T30,18-25,Male,7.1,Net Banking,Verified
INV002808,2025-03-24,118632,sip,2758,Uttar Pradesh,Agra,B30,26-35,Male,24.1,UPI,Verified
INV003812,2025-03-24,120842,sip,14065,Haryana,Faridabad,B30,18-25,Female,3.6,Cheque,Verified
INV004235,2025-03-24,118633,sip,20032,Gujarat,Surat,T30,26-35,Male,7.7,Net Banking,Verified
INV000786,2025-03-24,120503,sip,836,Madhya Pradesh,Bhopal,B30,26-35,Male,17.9,Cheque,Verified
INV003696,2025-03-24,125497,sip,7901,Tamil Nadu,Coimbatore,B30,18-25,Female,4.0,Mandate,Verified
INV004827,2025-03-24,120506,redemption,49011,Uttar Pradesh,Kanpur,B30,56+,Female,43.7,Net Banking,Pending
INV003719,2025-03-24,125497,lumpsum,12774,Uttar Pradesh,Kanpur,B30,26-35,Female,8.3,UPI,Verified
INV001092,2025-03-24,125497,sip,21914,Haryana,Gurugram,T30,26-35,Male,14.9,Net Banking,Verified
INV004519,2025-03-24,101208,redemption,561940,Tamil Nadu,Coimbatore,B30,18-25,Female,6.2,Mandate,Verified
INV004835,2025-03-24,119120,lumpsum,461540,Maharashtra,Nashik,B30,56+,Male,12.9,Net Banking,Verified
INV002344,2025-03-24,120504,lumpsum,373460,Punjab,Chandigarh,T30,46-55,Female,92.9,Mandate,Verified
INV000779,2025-03-24,118632,sip,1937,Gujarat,Ahmedabad,T30,36-45,Male,35.3,UPI,Verified
INV002640,2025-03-24,119093,sip,7049,Haryana,Faridabad,B30,56+,Female,50.5,Mandate,Verified
INV003393,2025-03-24,102886,sip,2379,Delhi,New Delhi,T30,26-35,Male,17.1,Mandate,Verified
INV004079,2025-03-24,120505,sip,2029,Karnataka,Bangalore,T30,36-45,Female,57.2,Net Banking,Verified
INV002245,2025-03-24,120844,sip,44620,Karnataka,Mysore,B30,26-35,Female,24.6,Mandate,Verified
INV002535,2025-03-24,118635,redemption,49486,Rajasthan,Udaipur,B30,36-45,Male,22.6,Cheque,Verified
INV002909,2025-03-24,120504,sip,530,Rajasthan,Udaipur,B30,36-45,Male,44.1,Mandate,Verified
INV000760,2025-03-24,119093,lumpsum,436510,West Bengal,Kolkata,T30,36-45,Male,29.2,Net Banking,Verified
INV001307,2025-03-24,120844,sip,8352,Delhi,Gurugram,T30,56+,Male,18.2,Cheque,Verified
INV004689,2025-03-24,102886,lumpsum,413751,West Bengal,Kolkata,T30,26-35,Male,25.0,Mandate,Verified
INV002154,2025-03-24,100033,lumpsum,213156,Uttar Pradesh,Lucknow,T30,36-45,Male,40.5,Mandate,Verified
INV003037,2025-03-24,101208,redemption,88219,Telangana,Hyderabad,T30,18-25,Female,7.6,Net Banking,Verified
INV004642,2025-03-24,118634,lumpsum,280757,Uttar Pradesh,Kanpur,B30,46-55,Male,31.9,Mandate,Verified
INV004591,2025-03-24,149324,lumpsum,386476,Tamil Nadu,Chennai,T30,26-35,Male,7.8,Cheque,Verified
INV001729,2025-03-24,120503,redemption,59940,Uttar Pradesh,Kanpur,B30,18-25,Male,4.1,Mandate,Verified
INV004953,2025-03-24,101207,sip,7400,Haryana,Faridabad,B30,36-45,Male,36.3,UPI,Verified
INV002940,2025-03-24,119598,sip,10104,Haryana,Faridabad,B30,26-35,Male,18.3,Net Banking,Verified
INV003751,2025-03-24,120504,sip,2232,Delhi,New Delhi,T30,26-35,Male,14.1,Net Banking,Verified
INV002937,2025-03-24,119094,sip,52315,Rajasthan,Jaipur,T30,56+,Male,64.5,Net Banking,Verified
INV000530,2025-03-24,119552,lumpsum,28253,West Bengal,Kolkata,T30,18-25,Male,5.3,UPI,Pending
INV001497,2025-03-24,119092,redemption,35265,Maharashtra,Mumbai,T30,36-45,Male,56.8,Net Banking,Verified
INV001036,2025-03-24,120842,sip,9303,Punjab,Chandigarh,T30,46-55,Female,40.5,UPI,Verified
INV002476,2025-03-24,119551,sip,1111,Telangana,Hyderabad,T30,36-45,Female,58.6,UPI,Pending
INV002541,2025-03-24,100033,sip,1081,Karnataka,Mysore,B30,46-55,Male,63.8,Mandate,Verified
INV003746,2025-03-24,120843,lumpsum,356141,Uttar Pradesh,Agra,B30,56+,Female,57.0,UPI,Verified
INV004769,2025-03-24,118634,sip,593,Punjab,Amritsar,B30,46-55,Female,25.3,UPI,Verified
INV000150,2025-03-24,100016,sip,2713,Karnataka,Mysore,B30,18-25,Male,3.5,Net Banking,Verified
INV001074,2025-03-24,100025,sip,2700,Gujarat,Ahmedabad,T30,56+,Female,57.4,UPI,Verified
INV003141,2025-03-24,120841,sip,1002,Maharashtra,Pune,T30,36-45,Female,40.1,Mandate,Verified
INV000925,2025-03-24,149324,sip,8169,Karnataka,Mysore,B30,18-25,Male,3.6,Net Banking,Pending
INV004798,2025-03-24,118633,lumpsum,59969,Madhya Pradesh,Bhopal,B30,26-35,Male,8.4,Mandate,Verified
INV004958,2025-03-24,119551,sip,2472,Maharashtra,Mumbai,T30,36-45,Male,20.9,UPI,Verified
INV004585,2025-03-24,119092,sip,1772,Punjab,Amritsar,B30,18-25,Female,4.5,Net Banking,Verified
INV000335,2025-03-24,119551,redemption,302884,Maharashtra,Mumbai,T30,26-35,Male,11.6,Mandate,Verified
INV001016,2025-03-24,101206,sip,9560,Delhi,Gurugram,T30,36-45,Male,19.2,Net Banking,Verified
INV003354,2025-03-24,118632,sip,3487,Punjab,Chandigarh,T30,46-55,Male,48.5,Net Banking,Verified
INV002106,2025-03-24,119599,sip,1885,Uttar Pradesh,Lucknow,T30,26-35,Male,20.8,Cheque,Verified
INV004205,2025-03-25,149324,lumpsum,267500,Telangana,Hyderabad,T30,56+,Female,56.9,UPI,Verified
INV004241,2025-03-25,120841,lumpsum,43479,Maharashtra,Mumbai,T30,36-45,Male,18.9,Mandate,Pending
INV004988,2025-03-25,119094,redemption,321578,Delhi,Noida,T30,56+,Male,69.6,Mandate,Verified
INV000084,2025-03-25,148568,lumpsum,377192,West Bengal,Kolkata,T30,26-35,Male,11.2,Net Banking,Verified
INV004218,2025-03-25,120504,redemption,320141,Punjab,Chandigarh,T30,26-35,Male,14.9,Mandate,Verified
INV001875,2025-03-25,100033,sip,28601,Karnataka,Mysore,B30,56+,Female,64.4,Net Banking,Verified
INV003943,2025-03-25,120843,sip,17339,Telangana,Hyderabad,T30,46-55,Male,46.2,UPI,Verified
INV000526,2025-03-25,148568,sip,5740,Tamil Nadu,Coimbatore,B30,26-35,Female,16.5,Net Banking,Verified
INV003810,2025-03-25,118632,sip,9045,Maharashtra,Nashik,B30,26-35,Male,24.7,Cheque,Verified
INV004387,2025-03-25,148568,sip,13446,Punjab,Amritsar,B30,18-25,Male,4.1,UPI,Verified
INV004118,2025-03-25,119093,sip,3205,Punjab,Chandigarh,T30,36-45,Male,26.2,Mandate,Verified
INV003069,2025-03-25,119551,sip,2731,Punjab,Chandigarh,T30,56+,Female,59.5,Cheque,Verified
INV002393,2025-03-25,101208,lumpsum,327125,Madhya Pradesh,Bhopal,B30,26-35,Female,15.2,Cheque,Verified
INV004237,2025-03-25,120507,redemption,521112,Haryana,Faridabad,B30,36-45,Male,14.1,UPI,Verified
INV003120,2025-03-25,125497,lumpsum,363559,Punjab,Amritsar,B30,26-35,Male,19.1,Cheque,Verified
INV001279,2025-03-25,119599,sip,2557,Karnataka,Bangalore,T30,46-55,Male,76.7,UPI,Verified
INV004999,2025-03-25,100025,redemption,75502,Telangana,Hyderabad,T30,26-35,Male,24.8,Cheque,Pending
INV001624,2025-03-25,125498,lumpsum,227050,Uttar Pradesh,Lucknow,T30,26-35,Female,18.4,Net Banking,Verified
INV002337,2025-03-25,149323,lumpsum,472262,Telangana,Hyderabad,T30,26-35,Female,17.5,Cheque,Verified
INV004811,2025-03-25,148567,sip,54746,Punjab,Amritsar,B30,26-35,Female,9.4,UPI,Verified
INV004133,2025-03-25,119095,redemption,190108,Maharashtra,Nashik,B30,36-45,Male,41.6,Mandate,Verified
INV003130,2025-03-25,100016,sip,588,West Bengal,Kolkata,T30,18-25,Male,5.6,Mandate,Verified
INV001917,2025-03-25,119094,lumpsum,229914,Telangana,Hyderabad,T30,26-35,Male,22.9,UPI,Verified
INV000538,2025-03-25,148567,redemption,288000,West Bengal,Kolkata,T30,36-45,Male,26.5,Net Banking,Verified
INV002300,2025-03-25,120503,sip,1119,Punjab,Amritsar,B30,36-45,Female,21.1,UPI,Verified
INV002635,2025-03-25,120505,lumpsum,45058,Telangana,Hyderabad,T30,18-25,Male,3.8,Net Banking,Pending
INV002013,2025-03-25,119120,redemption,409255,Rajasthan,Jaipur,T30,46-55,Male,30.2,Mandate,Verified
INV002051,2025-03-25,118634,sip,26520,Gujarat,Ahmedabad,T30,46-55,Female,56.2,Net Banking,Verified
INV003830,2025-03-25,102887,lumpsum,108571,Punjab,Amritsar,B30,26-35,Male,17.6,UPI,Pending
INV003044,2025-03-25,118633,lumpsum,7639,West Bengal,Kolkata,T30,18-25,Female,3.2,Cheque,Verified
INV003357,2025-03-25,101208,sip,4533,Madhya Pradesh,Bhopal,B30,26-35,Female,15.3,UPI,Verified
INV002506,2025-03-25,118632,sip,12040,Karnataka,Bangalore,T30,18-25,Female,3.2,Cheque,Verified
INV003478,2025-03-25,125498,sip,45624,Punjab,Chandigarh,T30,26-35,Male,21.2,Mandate,Verified
INV004848,2025-03-25,119092,sip,2062,Haryana,Gurugram,T30,26-35,Male,15.6,Cheque,Verified
INV004339,2025-03-25,119092,sip,4187,Uttar Pradesh,Lucknow,T30,26-35,Female,7.3,Net Banking,Verified
INV003352,2025-03-25,118636,sip,48644,Maharashtra,Mumbai,T30,36-45,Male,59.3,Cheque,Verified
INV000726,2025-03-25,119599,lumpsum,368105,Punjab,Chandigarh,T30,26-35,Male,21.1,Cheque,Verified
INV004356,2025-03-25,118633,redemption,261409,West Bengal,Kolkata,T30,36-45,Male,37.3,Cheque,Verified
INV001027,2025-03-25,118635,sip,5059,West Bengal,Kolkata,T30,46-55,Female,62.7,Mandate,Verified
INV001839,2025-03-25,148569,sip,1040,Punjab,Chandigarh,T30,26-35,Male,18.6,Net Banking,Verified
INV002248,2025-03-25,102885,sip,5893,Delhi,New Delhi,T30,26-35,Male,8.1,Cheque,Verified
INV002723,2025-03-25,120841,sip,2110,West Bengal,Kolkata,T30,36-45,Female,54.4,Cheque,Verified
INV000617,2025-03-25,120504,sip,16790,Delhi,Gurugram,T30,26-35,Female,11.8,Net Banking,Verified
INV004290,2025-03-25,148569,sip,1108,Gujarat,Ahmedabad,T30,46-55,Male,41.9,Mandate,Pending
INV000741,2025-03-25,120507,lumpsum,226686,Rajasthan,Udaipur,B30,26-35,Male,17.4,Cheque,Verified
INV000642,2025-03-25,148569,lumpsum,396735,Gujarat,Surat,T30,26-35,Male,15.6,Mandate,Verified
INV004192,2025-03-25,101208,sip,2107,Maharashtra,Mumbai,T30,26-35,Male,17.1,Mandate,Verified
INV001573,2025-03-25,118632,redemption,6638,Tamil Nadu,Coimbatore,B30,26-35,Male,20.7,UPI,Verified
INV001383,2025-03-25,120842,sip,16087,Maharashtra,Pune,T30,26-35,Male,18.6,Net Banking,Verified
INV002426,2025-03-25,101207,lumpsum,258921,Haryana,Faridabad,B30,26-35,Male,10.9,Mandate,Verified
INV001202,2025-03-25,148568,lumpsum,385266,Karnataka,Bangalore,T30,26-35,Male,11.3,Mandate,Verified
INV001195,2025-03-25,120843,sip,58567,Gujarat,Surat,T30,26-35,Male,6.4,Net Banking,Verified
INV001560,2025-03-25,120841,sip,8112,Punjab,Amritsar,B30,26-35,Male,22.5,UPI,Verified
INV001784,2025-03-25,120841,sip,11371,Madhya Pradesh,Bhopal,B30,26-35,Male,15.5,Net Banking,Verified
INV001692,2025-03-25,119599,lumpsum,495004,Rajasthan,Jaipur,T30,26-35,Male,11.7,UPI,Verified
INV004282,2025-03-25,101208,sip,14286,Punjab,Amritsar,B30,26-35,Male,20.8,UPI,Verified
INV000418,2025-03-25,149323,sip,23399,Rajasthan,Jaipur,T30,26-35,Female,13.6,Net Banking,Verified
INV000310,2025-03-25,101206,lumpsum,514413,Delhi,Noida,T30,36-45,Male,58.4,UPI,Verified
INV003169,2025-03-25,100016,sip,3444,Telangana,Hyderabad,T30,26-35,Female,11.2,UPI,Verified
INV001442,2025-03-26,120507,redemption,85596,Uttar Pradesh,Lucknow,T30,26-35,Male,16.2,Mandate,Verified
INV002215,2025-03-26,120843,redemption,457109,Madhya Pradesh,Bhopal,B30,18-25,Male,3.4,Mandate,Pending
INV002679,2025-03-26,148568,redemption,256080,Uttar Pradesh,Agra,B30,36-45,Male,33.8,Net Banking,Verified
INV003264,2025-03-26,101207,redemption,18178,Haryana,Faridabad,B30,18-25,Male,4.9,Net Banking,Verified
INV001384,2025-03-26,118636,lumpsum,236256,Maharashtra,Mumbai,T30,26-35,Female,16.0,Cheque,Verified
INV002512,2025-03-26,119120,sip,10906,Rajasthan,Jaipur,T30,46-55,Male,74.6,Net Banking,Verified
INV002678,2025-03-26,119598,sip,472,Madhya Pradesh,Indore,T30,26-35,Female,22.5,UPI,Verified
INV000667,2025-03-26,119093,lumpsum,362440,Telangana,Hyderabad,T30,26-35,Male,7.5,Cheque,Verified
INV002707,2025-03-26,118635,lumpsum,408325,Maharashtra,Mumbai,T30,26-35,Male,24.7,Net Banking,Verified
INV003677,2025-03-26,125497,lumpsum,155371,Gujarat,Ahmedabad,T30,36-45,Female,23.8,Mandate,Verified
INV001125,2025-03-26,120506,lumpsum,475935,Gujarat,Ahmedabad,T30,46-55,Male,79.6,Cheque,Verified
INV000688,2025-03-26,120507,sip,17243,Madhya Pradesh,Bhopal,B30,36-45,Male,24.1,Cheque,Verified
INV002520,2025-03-26,101208,redemption,71876,Tamil Nadu,Chennai,T30,36-45,Male,48.9,Net Banking,Verified
INV000376,2025-03-26,120506,redemption,366519,Tamil Nadu,Chennai,T30,18-25,Male,3.0,UPI,Verified
INV001199,2025-03-26,148569,redemption,420662,Telangana,Hyderabad,T30,46-55,Male,94.6,Cheque,Verified
INV001580,2025-03-26,120504,redemption,203092,Punjab,Chandigarh,T30,26-35,Male,18.7,Mandate,Verified
INV001580,2025-03-26,100016,sip,2077,Punjab,Chandigarh,T30,26-35,Male,18.7,Cheque,Verified
INV004257,2025-03-26,119598,sip,934,Telangana,Hyderabad,T30,36-45,Male,22.0,Net Banking,Verified
INV004722,2025-03-26,148567,sip,2856,Haryana,Faridabad,B30,36-45,Female,29.7,UPI,Verified
INV002675,2025-03-26,148567,sip,451,Uttar Pradesh,Agra,B30,36-45,Male,17.9,Net Banking,Verified
INV000758,2025-03-26,120503,redemption,227301,Delhi,New Delhi,T30,56+,Male,61.5,Cheque,Verified
INV004575,2025-03-26,148567,sip,2729,West Bengal,Kolkata,T30,26-35,Male,9.0,Net Banking,Verified
INV000316,2025-03-26,120505,lumpsum,98333,Karnataka,Bangalore,T30,46-55,Female,39.5,Mandate,Verified
INV000793,2025-03-26,120841,sip,41968,West Bengal,Kolkata,T30,26-35,Female,8.4,Net Banking,Verified
INV004288,2025-03-26,120506,lumpsum,207715,Punjab,Amritsar,B30,18-25,Female,6.1,Net Banking,Verified
INV004290,2025-03-26,119095,sip,29106,Gujarat,Ahmedabad,T30,46-55,Male,41.9,Mandate,Verified
INV003184,2025-03-26,120506,lumpsum,338907,Maharashtra,Pune,T30,26-35,Male,8.1,UPI,Verified
INV003185,2025-03-26,100033,lumpsum,243185,Rajasthan,Udaipur,B30,26-35,Female,23.1,Net Banking,Verified
INV002157,2025-03-26,118635,redemption,154590,Punjab,Chandigarh,T30,26-35,Male,16.9,Mandate,Verified
INV002654,2025-03-26,118633,sip,9664,Delhi,New Delhi,T30,36-45,Female,38.2,Mandate,Verified
INV002740,2025-03-26,120505,lumpsum,311547,Maharashtra,Mumbai,T30,26-35,Female,24.5,Net Banking,Verified
INV002266,2025-03-26,118634,sip,6983,Telangana,Hyderabad,T30,26-35,Male,12.0,Net Banking,Verified
INV004952,2025-03-26,102887,lumpsum,337579,Uttar Pradesh,Kanpur,B30,26-35,Male,15.9,Mandate,Pending
INV004289,2025-03-26,119120,sip,2730,Karnataka,Bangalore,T30,26-35,Male,14.8,Mandate,Verified
INV003140,2025-03-26,120504,sip,2969,West Bengal,Kolkata,T30,26-35,Male,16.9,Net Banking,Pending
INV004821,2025-03-26,119094,redemption,340124,Tamil Nadu,Coimbatore,B30,26-35,Female,21.6,Net Banking,Verified
INV001739,2025-03-26,149323,sip,976,West Bengal,Kolkata,T30,36-45,Female,45.5,UPI,Verified
INV004172,2025-03-26,102885,sip,822,Madhya Pradesh,Indore,T30,26-35,Male,18.5,Net Banking,Verified
INV003496,2025-03-26,119095,lumpsum,465862,Telangana,Hyderabad,T30,26-35,Male,14.9,UPI,Verified
INV001676,2025-03-26,119598,sip,12751,Haryana,Faridabad,B30,56+,Female,30.9,Mandate,Verified
INV004780,2025-03-26,118635,sip,1006,Haryana,Gurugram,T30,36-45,Male,42.4,UPI,Verified
INV000858,2025-03-26,120841,sip,470,Tamil Nadu,Chennai,T30,36-45,Female,28.7,Mandate,Verified
INV001693,2025-03-26,119093,sip,2025,Tamil Nadu,Coimbatore,B30,36-45,Male,49.0,Cheque,Verified
INV003091,2025-03-26,102886,lumpsum,182989,Delhi,New Delhi,T30,36-45,Female,36.4,Mandate,Verified
INV004519,2025-03-26,119093,redemption,294555,Tamil Nadu,Coimbatore,B30,18-25,Female,6.2,Cheque,Verified
INV002088,2025-03-26,100033,sip,13813,Rajasthan,Jaipur,T30,46-55,Female,43.7,UPI,Verified
INV000849,2025-03-26,120843,lumpsum,215818,Delhi,Gurugram,T30,56+,Female,32.5,Net Banking,Verified
INV001234,2025-03-26,102886,sip,3078,Uttar Pradesh,Agra,B30,26-35,Male,24.4,Mandate,Verified
INV001265,2025-03-26,119599,redemption,280351,Tamil Nadu,Coimbatore,B30,26-35,Male,20.3,UPI,Verified
INV002360,2025-03-26,100016,sip,2063,Maharashtra,Mumbai,T30,26-35,Male,11.6,Mandate,Verified
INV003119,2025-03-26,118632,sip,27383,Karnataka,Bangalore,T30,18-25,Female,4.6,UPI,Verified
INV004511,2025-03-26,120505,sip,855,Gujarat,Ahmedabad,T30,46-55,Female,43.6,Cheque,Verified
INV000214,2025-03-26,119551,sip,427,Madhya Pradesh,Indore,T30,26-35,Female,20.7,Cheque,Verified
INV001722,2025-03-26,100025,sip,2794,Delhi,Noida,T30,36-45,Female,55.0,UPI,Verified
INV004508,2025-03-26,120841,redemption,113009,Punjab,Amritsar,B30,36-45,Female,36.5,Mandate,Verified
INV004818,2025-03-26,102887,sip,16678,Maharashtra,Pune,T30,26-35,Male,23.5,UPI,Verified
INV002659,2025-03-26,118634,sip,4725,Madhya Pradesh,Bhopal,B30,36-45,Female,56.5,Net Banking,Verified
INV002479,2025-03-26,119095,sip,2946,Haryana,Gurugram,T30,18-25,Male,3.3,Mandate,Verified
INV001802,2025-03-26,149323,sip,2780,Punjab,Chandigarh,T30,46-55,Male,77.7,Cheque,Verified
INV003647,2025-03-26,119095,lumpsum,147104,Haryana,Faridabad,B30,56+,Male,57.2,Net Banking,Pending
INV004002,2025-03-26,102886,sip,43735,Madhya Pradesh,Bhopal,B30,56+,Male,33.1,UPI,Verified
INV000698,2025-03-26,119095,sip,6042,Madhya Pradesh,Bhopal,B30,18-25,Male,7.1,Mandate,Verified
INV004011,2025-03-26,148567,sip,4459,Punjab,Amritsar,B30,18-25,Female,5.0,Mandate,Verified
INV004442,2025-03-26,118632,lumpsum,462452,Haryana,Faridabad,B30,18-25,Male,5.8,Cheque,Verified
INV000125,2025-03-26,148568,redemption,368790,Tamil Nadu,Coimbatore,B30,36-45,Male,35.6,UPI,Verified
INV001870,2025-03-26,100016,lumpsum,354003,Madhya Pradesh,Indore,T30,26-35,Male,19.3,Cheque,Pending
INV000523,2025-03-27,148569,lumpsum,173869,West Bengal,Kolkata,T30,36-45,Male,13.1,Net Banking,Verified
INV002015,2025-03-27,100016,lumpsum,232487,Delhi,New Delhi,T30,26-35,Female,11.1,UPI,Pending
INV003968,2025-03-27,119092,redemption,84527,Maharashtra,Mumbai,T30,46-55,Female,58.7,Cheque,Verified
INV003791,2025-03-27,119552,sip,13973,Tamil Nadu,Coimbatore,B30,46-55,Male,77.4,Mandate,Verified
INV003767,2025-03-27,100033,redemption,27445,Madhya Pradesh,Bhopal,B30,36-45,Female,13.6,Net Banking,Verified
INV003540,2025-03-27,118634,lumpsum,562264,Telangana,Hyderabad,T30,26-35,Male,23.6,Net Banking,Verified
INV003445,2025-03-27,119092,sip,7423,Maharashtra,Nashik,B30,36-45,Male,40.9,Mandate,Verified
INV004889,2025-03-27,120843,sip,26240,Rajasthan,Jaipur,T30,46-55,Male,34.5,Cheque,Verified
INV001151,2025-03-27,119095,sip,3041,Uttar Pradesh,Agra,B30,26-35,Male,11.2,Cheque,Verified
INV004622,2025-03-27,149324,sip,2974,Delhi,New Delhi,T30,36-45,Male,48.8,Cheque,Pending
INV004375,2025-03-27,125498,sip,53654,Madhya Pradesh,Bhopal,B30,26-35,Male,17.7,UPI,Verified
INV001524,2025-03-27,119093,lumpsum,353230,Madhya Pradesh,Bhopal,B30,26-35,Male,7.7,UPI,Verified
INV000304,2025-03-27,148567,sip,539,West Bengal,Kolkata,T30,36-45,Male,25.6,UPI,Verified
INV002453,2025-03-27,102885,sip,2576,Gujarat,Surat,T30,26-35,Female,16.1,Cheque,Verified
INV004922,2025-03-27,148567,lumpsum,194759,Haryana,Gurugram,T30,56+,Male,28.2,Net Banking,Verified
INV002580,2025-03-27,118632,sip,3264,Rajasthan,Jaipur,T30,36-45,Female,46.0,Mandate,Verified
INV001575,2025-03-27,102887,lumpsum,173964,Karnataka,Bangalore,T30,26-35,Male,12.0,Cheque,Verified
INV000026,2025-03-27,118632,sip,876,West Bengal,Kolkata,T30,36-45,Male,29.5,Mandate,Verified
INV002304,2025-03-27,102886,sip,23137,Karnataka,Mysore,B30,46-55,Male,57.7,Net Banking,Verified
INV003161,2025-03-27,102886,lumpsum,218617,Uttar Pradesh,Kanpur,B30,36-45,Female,30.2,Net Banking,Verified
INV004371,2025-03-27,120844,sip,46271,Rajasthan,Udaipur,B30,26-35,Female,19.7,Net Banking,Verified
INV000977,2025-03-27,149322,sip,59224,Karnataka,Mysore,B30,56+,Male,22.5,Mandate,Verified
INV003872,2025-03-27,100025,sip,11841,Uttar Pradesh,Kanpur,B30,26-35,Male,20.1,Net Banking,Verified
INV003518,2025-03-27,102886,sip,2231,Madhya Pradesh,Bhopal,B30,26-35,Male,6.7,Cheque,Verified
INV000758,2025-03-27,119551,sip,4826,Delhi,New Delhi,T30,56+,Male,61.5,Net Banking,Verified
INV001232,2025-03-27,102885,sip,10991,Uttar Pradesh,Agra,B30,46-55,Female,29.8,Cheque,Verified
INV001715,2025-03-27,120842,sip,49145,Gujarat,Surat,T30,18-25,Male,7.7,Cheque,Verified
INV000525,2025-03-27,119095,sip,1044,Gujarat,Ahmedabad,T30,56+,Female,12.6,Cheque,Verified
INV003379,2025-03-27,102886,lumpsum,562889,Uttar Pradesh,Lucknow,T30,36-45,Male,43.2,Mandate,Verified
INV001776,2025-03-27,120507,lumpsum,224379,Uttar Pradesh,Kanpur,B30,26-35,Female,24.1,Mandate,Verified
INV002213,2025-03-27,148568,lumpsum,174777,Maharashtra,Pune,T30,36-45,Female,33.8,UPI,Verified
INV001710,2025-03-27,125497,redemption,161439,Delhi,New Delhi,T30,56+,Male,33.0,Cheque,Verified
INV003985,2025-03-27,101208,redemption,127810,Tamil Nadu,Coimbatore,B30,18-25,Male,4.3,Net Banking,Verified
INV004066,2025-03-27,149322,lumpsum,369043,Gujarat,Surat,T30,46-55,Male,30.8,Cheque,Verified
INV000414,2025-03-27,119120,sip,4200,Tamil Nadu,Chennai,T30,36-45,Male,21.9,UPI,Pending
INV004091,2025-03-27,101208,sip,8746,Tamil Nadu,Chennai,T30,26-35,Male,7.2,UPI,Verified
INV002723,2025-03-27,100025,sip,10357,West Bengal,Kolkata,T30,36-45,Female,54.4,UPI,Verified
INV004980,2025-03-27,119093,redemption,278924,Punjab,Amritsar,B30,36-45,Female,36.6,Mandate,Verified
INV000708,2025-03-27,102887,sip,4515,Delhi,Noida,T30,26-35,Female,13.5,Net Banking,Verified
INV003681,2025-03-27,118634,sip,2751,Telangana,Hyderabad,T30,26-35,Female,17.4,Mandate,Verified
INV001837,2025-03-27,119092,sip,41969,Uttar Pradesh,Agra,B30,18-25,Male,5.5,Net Banking,Verified
INV003682,2025-03-27,119120,redemption,185554,Madhya Pradesh,Indore,T30,36-45,Male,45.6,Mandate,Verified
INV003329,2025-03-27,120843,sip,9137,Madhya Pradesh,Indore,T30,56+,Male,25.2,UPI,Verified
INV002469,2025-03-27,119551,sip,2492,Tamil Nadu,Chennai,T30,26-35,Female,12.3,Mandate,Verified
INV003979,2025-03-27,118634,sip,4732,Madhya Pradesh,Indore,T30,36-45,Male,44.4,Mandate,Verified
INV003635,2025-03-27,100033,sip,563,West Bengal,Kolkata,T30,56+,Female,55.1,UPI,Verified
INV002197,2025-03-27,120844,lumpsum,419197,Delhi,Noida,T30,18-25,Male,6.3,Net Banking,Verified
INV002406,2025-03-27,120842,sip,2701,Tamil Nadu,Chennai,T30,36-45,Male,31.9,Mandate,Verified
INV002370,2025-03-27,148569,sip,3313,Delhi,Noida,T30,26-35,Male,16.6,Cheque,Verified
INV001841,2025-03-27,149324,sip,8454,Madhya Pradesh,Bhopal,B30,36-45,Male,41.3,Net Banking,Verified
INV004821,2025-03-27,101206,sip,6358,Tamil Nadu,Coimbatore,B30,26-35,Female,21.6,Net Banking,Verified
INV004324,2025-03-27,120503,sip,5984,Madhya Pradesh,Indore,T30,36-45,Male,42.4,UPI,Verified
INV001251,2025-03-27,100016,sip,2013,Punjab,Chandigarh,T30,26-35,Female,11.7,Mandate,Verified
INV004418,2025-03-27,148569,sip,486,Haryana,Faridabad,B30,26-35,Female,23.2,Mandate,Pending
INV001223,2025-03-27,102885,sip,444,Punjab,Amritsar,B30,56+,Male,46.0,UPI,Verified
INV000362,2025-03-27,120844,lumpsum,126046,Telangana,Hyderabad,T30,26-35,Male,10.9,Net Banking,Verified
INV004505,2025-03-27,102887,sip,1815,Punjab,Amritsar,B30,26-35,Male,7.8,Cheque,Verified
INV003626,2025-03-27,119093,sip,5419,Madhya Pradesh,Indore,T30,26-35,Male,23.5,UPI,Verified
INV001165,2025-03-27,119095,sip,51485,Delhi,Noida,T30,46-55,Female,48.5,Mandate,Verified
INV004555,2025-03-27,101208,sip,8240,Uttar Pradesh,Lucknow,T30,36-45,Female,24.4,Mandate,Verified
INV001754,2025-03-27,149322,sip,25910,Maharashtra,Nashik,B30,46-55,Female,56.1,Mandate,Verified
INV003625,2025-03-27,125497,sip,22161,Telangana,Hyderabad,T30,26-35,Female,22.0,Mandate,Verified
INV004858,2025-03-27,101207,redemption,210242,Uttar Pradesh,Kanpur,B30,36-45,Male,56.4,Net Banking,Verified
INV003645,2025-03-27,125497,sip,2123,Punjab,Amritsar,B30,26-35,Male,13.4,Mandate,Verified
INV003761,2025-03-27,100025,sip,6857,Karnataka,Mysore,B30,46-55,Male,61.2,UPI,Pending
INV000891,2025-03-27,118636,sip,2669,Gujarat,Surat,T30,26-35,Male,20.9,Net Banking,Verified
INV001484,2025-03-27,119599,lumpsum,335239,Tamil Nadu,Chennai,T30,36-45,Male,13.1,Cheque,Verified
INV000521,2025-03-27,119599,lumpsum,129159,West Bengal,Kolkata,T30,26-35,Male,9.7,UPI,Verified
INV000488,2025-03-27,120843,redemption,211768,Karnataka,Mysore,B30,56+,Male,31.4,UPI,Verified
INV004231,2025-03-28,118632,sip,572,West Bengal,Kolkata,T30,56+,Male,17.5,Mandate,Verified
INV002853,2025-03-28,102885,redemption,379005,Gujarat,Ahmedabad,T30,26-35,Male,24.9,Net Banking,Verified
INV001462,2025-03-28,149322,lumpsum,272510,Gujarat,Surat,T30,26-35,Male,19.4,UPI,Verified
INV002902,2025-03-28,118636,lumpsum,250761,Gujarat,Surat,T30,36-45,Male,35.1,UPI,Verified
INV001616,2025-03-28,120507,sip,14033,Tamil Nadu,Chennai,T30,26-35,Male,23.2,Net Banking,Verified
INV001383,2025-03-28,118634,lumpsum,492207,Maharashtra,Pune,T30,26-35,Male,18.6,Mandate,Verified
INV000827,2025-03-28,102887,sip,7995,Maharashtra,Pune,T30,36-45,Male,28.8,UPI,Verified
INV000396,2025-03-28,149324,redemption,561670,Rajasthan,Jaipur,T30,46-55,Male,38.5,Mandate,Verified
INV001937,2025-03-28,119094,sip,449,Haryana,Gurugram,T30,18-25,Male,7.8,Mandate,Verified
INV000214,2025-03-28,118634,lumpsum,434156,Madhya Pradesh,Indore,T30,26-35,Female,20.7,Cheque,Verified
INV004737,2025-03-28,101206,sip,56185,Madhya Pradesh,Indore,T30,46-55,Male,98.4,Cheque,Pending
INV004825,2025-03-28,120844,lumpsum,256773,Delhi,Noida,T30,56+,Male,15.3,UPI,Verified
INV001913,2025-03-28,102885,redemption,263126,Tamil Nadu,Chennai,T30,26-35,Female,11.8,Cheque,Verified
INV002800,2025-03-28,119598,sip,453,West Bengal,Kolkata,T30,36-45,Male,51.9,Cheque,Pending
INV003298,2025-03-28,102887,lumpsum,97313,Gujarat,Surat,T30,26-35,Male,12.4,Mandate,Verified
INV003146,2025-03-28,101207,sip,6031,Rajasthan,Udaipur,B30,26-35,Male,20.2,Net Banking,Pending
INV004836,2025-03-28,119551,sip,44574,West Bengal,Kolkata,T30,26-35,Male,8.3,Cheque,Verified
INV000947,2025-03-28,118634,sip,2497,Delhi,Noida,T30,26-35,Male,11.0,UPI,Verified
INV000131,2025-03-28,120506,redemption,370675,Telangana,Hyderabad,T30,36-45,Female,16.8,Mandate,Verified
INV002332,2025-03-28,120505,sip,7856,Punjab,Chandigarh,T30,26-35,Female,13.4,Cheque,Verified
INV002413,2025-03-28,101208,sip,4801,Gujarat,Surat,T30,26-35,Male,14.4,Net Banking,Verified
INV003943,2025-03-28,101206,sip,3021,Telangana,Hyderabad,T30,46-55,Male,46.2,Cheque,Verified
INV002042,2025-03-28,118632,sip,12766,Tamil Nadu,Chennai,T30,26-35,Female,10.0,Net Banking,Verified
INV000472,2025-03-28,119120,lumpsum,208078,Uttar Pradesh,Lucknow,T30,46-55,Male,70.1,UPI,Verified
INV004356,2025-03-28,149322,sip,988,West Bengal,Kolkata,T30,36-45,Male,37.3,UPI,Verified
INV002061,2025-03-28,102887,redemption,123507,West Bengal,Kolkata,T30,26-35,Male,14.2,Cheque,Verified
INV000706,2025-03-28,119120,sip,3104,Telangana,Hyderabad,T30,26-35,Female,7.3,Cheque,Verified
INV004351,2025-03-28,120843,sip,2293,Karnataka,Bangalore,T30,18-25,Male,6.3,Net Banking,Verified
INV004147,2025-03-28,120504,sip,16498,Madhya Pradesh,Bhopal,B30,26-35,Female,10.1,Cheque,Verified
INV003370,2025-03-28,148569,sip,11772,Karnataka,Mysore,B30,56+,Female,54.8,Net Banking,Verified
INV003289,2025-03-28,120503,redemption,398385,Uttar Pradesh,Lucknow,T30,26-35,Male,11.2,Cheque,Verified
INV003093,2025-03-28,149323,lumpsum,451022,Haryana,Faridabad,B30,26-35,Male,16.8,Cheque,Verified
INV000858,2025-03-28,120507,sip,3356,Tamil Nadu,Chennai,T30,36-45,Female,28.7,Mandate,Verified
INV003975,2025-03-28,119095,sip,28627,Gujarat,Ahmedabad,T30,36-45,Male,26.2,UPI,Verified
INV000690,2025-03-28,118635,sip,28784,Delhi,Gurugram,T30,46-55,Male,98.7,Net Banking,Verified
INV004929,2025-03-28,119095,sip,25621,Telangana,Hyderabad,T30,36-45,Female,56.8,UPI,Verified
INV002473,2025-03-28,149323,sip,1116,Uttar Pradesh,Lucknow,T30,36-45,Male,41.8,UPI,Verified
INV003896,2025-03-28,148567,sip,584,Haryana,Faridabad,B30,56+,Female,14.3,Net Banking,Verified
INV002159,2025-03-28,120843,sip,1804,Haryana,Gurugram,T30,26-35,Male,7.0,Mandate,Verified
INV000108,2025-03-28,148569,lumpsum,435276,Uttar Pradesh,Agra,B30,36-45,Male,26.2,Mandate,Verified
INV002274,2025-03-28,102886,sip,475,Tamil Nadu,Coimbatore,B30,18-25,Female,6.9,Net Banking,Verified
INV003354,2025-03-28,149322,redemption,16104,Punjab,Chandigarh,T30,46-55,Male,48.5,Mandate,Verified
INV001340,2025-03-28,119094,sip,1777,Karnataka,Mysore,B30,36-45,Male,37.6,Net Banking,Verified
INV003477,2025-03-28,100025,lumpsum,268484,Delhi,Gurugram,T30,36-45,Female,23.1,Mandate,Verified
INV003751,2025-03-28,120503,sip,3554,Delhi,New Delhi,T30,26-35,Male,14.1,Net Banking,Verified
INV002828,2025-03-28,100016,sip,872,West Bengal,Kolkata,T30,26-35,Male,21.8,Cheque,Verified
INV000006,2025-03-28,120505,sip,27564,Madhya Pradesh,Bhopal,B30,46-55,Female,43.0,UPI,Verified
INV003731,2025-03-28,119094,sip,52710,Tamil Nadu,Coimbatore,B30,26-35,Female,9.9,Net Banking,Verified
INV000746,2025-03-28,101206,sip,25511,Madhya Pradesh,Bhopal,B30,36-45,Male,49.8,Net Banking,Verified
INV003993,2025-03-28,102887,sip,1848,Tamil Nadu,Chennai,T30,46-55,Male,32.2,Net Banking,Verified
INV003371,2025-03-28,149323,redemption,341680,Maharashtra,Pune,T30,26-35,Female,14.8,Net Banking,Verified
INV000207,2025-03-28,120841,sip,4822,Madhya Pradesh,Indore,T30,26-35,Female,18.0,Cheque,Verified
INV001262,2025-03-28,119120,sip,58142,Karnataka,Bangalore,T30,26-35,Male,14.0,Cheque,Verified
INV004715,2025-03-28,101206,sip,7782,Tamil Nadu,Chennai,T30,46-55,Male,56.9,Net Banking,Verified
INV003587,2025-03-28,118635,sip,926,Telangana,Hyderabad,T30,26-35,Female,16.4,UPI,Verified
INV004197,2025-03-28,102885,sip,2358,Maharashtra,Pune,T30,46-55,Male,62.9,Mandate,Verified
INV001198,2025-03-28,148569,lumpsum,356160,Maharashtra,Mumbai,T30,26-35,Female,20.4,Cheque,Verified
INV003099,2025-03-28,148569,sip,4496,Gujarat,Surat,T30,36-45,Male,14.4,Mandate,Verified
INV002089,2025-03-28,102885,sip,6347,Rajasthan,Udaipur,B30,46-55,Female,22.5,Cheque,Verified
INV001966,2025-03-28,118632,redemption,346047,Telangana,Hyderabad,T30,18-25,Male,4.0,UPI,Verified
INV001644,2025-03-28,118636,sip,2069,Madhya Pradesh,Bhopal,B30,18-25,Female,6.7,UPI,Pending
INV004651,2025-03-28,120843,lumpsum,375012,Rajasthan,Udaipur,B30,46-55,Male,39.1,Net Banking,Verified
INV000458,2025-03-28,120505,sip,3339,Rajasthan,Udaipur,B30,56+,Male,18.9,Cheque,Verified
INV001195,2025-03-28,120844,redemption,83007,Gujarat,Surat,T30,26-35,Male,6.4,Net Banking,Verified
INV002841,2025-03-28,148567,redemption,248647,Uttar Pradesh,Kanpur,B30,26-35,Male,13.2,UPI,Verified
INV002980,2025-03-28,120504,sip,558,Maharashtra,Pune,T30,26-35,Male,22.4,Mandate,Verified
INV004672,2025-03-28,120506,sip,2054,Rajasthan,Jaipur,T30,26-35,Male,23.9,Net Banking,Verified
INV004288,2025-03-28,120844,lumpsum,350323,Punjab,Amritsar,B30,18-25,Female,6.1,Mandate,Verified
INV000748,2025-03-28,120841,redemption,424317,Uttar Pradesh,Agra,B30,26-35,Male,18.7,Cheque,Verified
INV002177,2025-03-28,101206,sip,20734,Haryana,Gurugram,T30,26-35,Male,13.2,Net Banking,Pending
INV000177,2025-03-28,101207,sip,11913,Rajasthan,Jaipur,T30,26-35,Male,17.6,Net Banking,Pending
INV000004,2025-03-29,149324,sip,14282,Punjab,Chandigarh,T30,26-35,Male,20.0,Mandate,Verified
INV004920,2025-03-29,149322,sip,430,Rajasthan,Jaipur,T30,56+,Male,16.3,Cheque,Verified
INV002098,2025-03-29,118635,sip,2621,Gujarat,Ahmedabad,T30,26-35,Male,15.6,Net Banking,Verified
INV001392,2025-03-29,101206,sip,17220,Rajasthan,Udaipur,B30,26-35,Male,18.5,UPI,Pending
INV004892,2025-03-29,100025,sip,2196,West Bengal,Kolkata,T30,26-35,Female,22.7,Mandate,Verified
INV002206,2025-03-29,102885,redemption,419741,Tamil Nadu,Chennai,T30,18-25,Male,7.7,Mandate,Verified
INV002177,2025-03-29,148568,sip,41666,Haryana,Gurugram,T30,26-35,Male,13.2,Cheque,Verified
INV000684,2025-03-29,120503,sip,10564,Rajasthan,Udaipur,B30,26-35,Male,10.4,Net Banking,Pending
INV003511,2025-03-29,118633,sip,885,Haryana,Gurugram,T30,46-55,Male,36.8,Net Banking,Verified
INV002616,2025-03-29,118634,redemption,288593,Tamil Nadu,Coimbatore,B30,26-35,Male,21.9,Mandate,Verified
INV001715,2025-03-29,119120,sip,11043,Gujarat,Surat,T30,18-25,Male,7.7,Net Banking,Verified
INV002808,2025-03-29,100016,sip,21533,Uttar Pradesh,Agra,B30,26-35,Male,24.1,Mandate,Verified
INV000399,2025-03-29,118633,sip,8079,Karnataka,Bangalore,T30,26-35,Male,14.3,Mandate,Verified
INV002114,2025-03-29,100025,sip,41529,Rajasthan,Udaipur,B30,18-25,Female,5.5,Net Banking,Verified
INV002708,2025-03-29,101208,sip,8064,Karnataka,Mysore,B30,26-35,Male,14.0,Net Banking,Verified
INV000523,2025-03-29,125498,sip,14952,West Bengal,Kolkata,T30,36-45,Male,13.1,Cheque,Verified
INV004184,2025-03-29,118635,sip,1139,Karnataka,Bangalore,T30,26-35,Male,9.9,Mandate,Pending
INV000860,2025-03-29,125498,sip,854,Madhya Pradesh,Bhopal,B30,36-45,Female,51.8,Cheque,Verified
INV004212,2025-03-29,102887,lumpsum,449242,Uttar Pradesh,Kanpur,B30,36-45,Male,41.5,Cheque,Pending
INV004157,2025-03-29,119599,lumpsum,440649,Madhya Pradesh,Indore,T30,36-45,Male,39.1,Mandate,Verified
INV002529,2025-03-29,120843,redemption,410702,Maharashtra,Mumbai,T30,18-25,Female,5.3,Mandate,Verified
INV002200,2025-03-29,100016,sip,53916,Madhya Pradesh,Indore,T30,26-35,Male,23.1,Mandate,Verified
INV004016,2025-03-29,148569,lumpsum,183395,Delhi,New Delhi,T30,36-45,Male,21.0,Net Banking,Verified
INV002422,2025-03-29,120844,lumpsum,292576,Tamil Nadu,Chennai,T30,36-45,Male,20.5,Cheque,Verified
INV003196,2025-03-29,119094,sip,2662,West Bengal,Kolkata,T30,26-35,Female,20.1,Cheque,Verified
INV004843,2025-03-29,120503,sip,21793,Haryana,Faridabad,B30,56+,Male,49.8,Mandate,Verified
INV003634,2025-03-29,119120,lumpsum,562491,Punjab,Chandigarh,T30,46-55,Female,87.5,Cheque,Verified
INV003633,2025-03-29,118633,sip,1890,Madhya Pradesh,Bhopal,B30,26-35,Male,11.8,UPI,Verified
INV001897,2025-03-29,119094,lumpsum,290809,Maharashtra,Mumbai,T30,26-35,Male,8.6,Cheque,Verified
INV002512,2025-03-29,119092,sip,2301,Rajasthan,Jaipur,T30,46-55,Male,74.6,Net Banking,Verified
INV003379,2025-03-29,120504,sip,9820,Uttar Pradesh,Lucknow,T30,36-45,Male,43.2,UPI,Verified
INV000569,2025-03-29,102885,lumpsum,325876,Madhya Pradesh,Indore,T30,26-35,Male,8.0,UPI,Verified
INV000115,2025-03-29,100033,sip,5705,Tamil Nadu,Coimbatore,B30,36-45,Male,16.6,Cheque,Verified
INV001353,2025-03-29,101206,sip,8333,Punjab,Amritsar,B30,26-35,Male,6.5,UPI,Verified
INV000445,2025-03-29,148568,sip,3060,Madhya Pradesh,Bhopal,B30,26-35,Female,24.7,Cheque,Verified
INV003228,2025-03-29,118632,sip,3070,Madhya Pradesh,Bhopal,B30,26-35,Male,20.0,Cheque,Verified
INV002434,2025-03-29,120505,sip,11968,Uttar Pradesh,Agra,B30,26-35,Male,13.8,Cheque,Verified
INV001473,2025-03-29,101206,sip,5665,Delhi,Gurugram,T30,36-45,Male,29.1,Mandate,Verified
INV004589,2025-03-29,118632,lumpsum,460374,Gujarat,Ahmedabad,T30,36-45,Male,14.4,Net Banking,Pending
INV000729,2025-03-29,125497,sip,867,Telangana,Hyderabad,T30,36-45,Male,36.5,UPI,Verified
INV000438,2025-03-29,125498,redemption,41025,Delhi,New Delhi,T30,26-35,Male,11.6,Mandate,Verified
INV003686,2025-03-29,149324,lumpsum,299230,Gujarat,Surat,T30,18-25,Male,3.8,Net Banking,Verified
INV000439,2025-03-29,119093,redemption,384398,Rajasthan,Udaipur,B30,56+,Male,23.4,UPI,Verified
INV000044,2025-03-29,120506,lumpsum,98532,Karnataka,Mysore,B30,36-45,Male,34.9,Net Banking,Verified
INV003609,2025-03-29,148567,sip,421,Karnataka,Mysore,B30,26-35,Male,9.2,Mandate,Verified
INV001042,2025-03-29,120503,redemption,527412,Karnataka,Mysore,B30,26-35,Male,13.5,Net Banking,Verified
INV003295,2025-03-29,120842,sip,2316,Gujarat,Ahmedabad,T30,26-35,Male,20.8,UPI,Verified
INV004858,2025-03-29,118634,sip,8237,Uttar Pradesh,Kanpur,B30,36-45,Male,56.4,Cheque,Verified
INV002475,2025-03-29,120506,sip,1862,Delhi,New Delhi,T30,26-35,Male,14.4,Mandate,Verified
INV002706,2025-03-29,120504,sip,2163,Haryana,Faridabad,B30,46-55,Female,22.8,Net Banking,Verified
INV000567,2025-03-29,120504,sip,5127,Delhi,New Delhi,T30,26-35,Male,9.1,Mandate,Verified
INV000268,2025-03-29,125497,lumpsum,237813,Haryana,Gurugram,T30,18-25,Female,4.7,Net Banking,Verified
INV002483,2025-03-29,120504,redemption,309835,Delhi,New Delhi,T30,46-55,Female,60.8,Mandate,Verified
INV003428,2025-03-29,120844,redemption,174960,Tamil Nadu,Coimbatore,B30,26-35,Female,22.8,Net Banking,Verified
INV004982,2025-03-29,149322,lumpsum,185824,Haryana,Faridabad,B30,18-25,Female,7.9,UPI,Verified
INV001749,2025-03-29,118636,sip,45901,West Bengal,Kolkata,T30,46-55,Female,41.3,UPI,Verified
INV000546,2025-03-29,102885,sip,546,Karnataka,Mysore,B30,26-35,Male,9.5,Mandate,Verified
INV003413,2025-03-29,120843,sip,23522,West Bengal,Kolkata,T30,46-55,Female,59.4,UPI,Verified
INV004493,2025-03-29,120505,redemption,363753,Tamil Nadu,Chennai,T30,36-45,Male,19.3,UPI,Verified
INV002489,2025-03-29,118635,sip,2383,Haryana,Faridabad,B30,56+,Female,52.2,Net Banking,Verified
INV003387,2025-03-29,149324,sip,2590,Gujarat,Ahmedabad,T30,36-45,Male,15.4,UPI,Verified
INV000791,2025-03-29,125497,lumpsum,361789,Madhya Pradesh,Bhopal,B30,26-35,Male,18.4,UPI,Verified
INV003567,2025-03-29,120842,redemption,55481,Tamil Nadu,Chennai,T30,46-55,Male,76.1,Mandate,Verified
INV000133,2025-03-29,119093,sip,591,Karnataka,Bangalore,T30,26-35,Female,11.5,Mandate,Verified
INV000349,2025-03-29,120506,redemption,71820,Maharashtra,Mumbai,T30,18-25,Female,3.8,Net Banking,Verified
INV001841,2025-03-29,125497,sip,561,Madhya Pradesh,Bhopal,B30,36-45,Male,41.3,Mandate,Verified
INV001579,2025-03-29,102885,sip,3077,Karnataka,Bangalore,T30,46-55,Male,71.1,Cheque,Verified
INV002311,2025-03-29,125498,lumpsum,63691,Rajasthan,Udaipur,B30,36-45,Male,31.5,Cheque,Pending
INV000633,2025-03-29,100025,sip,50202,Karnataka,Bangalore,T30,46-55,Male,69.2,Mandate,Verified
INV003584,2025-03-29,119120,lumpsum,234569,Punjab,Amritsar,B30,26-35,Male,12.6,Cheque,Verified
INV000351,2025-03-29,118633,lumpsum,225187,Madhya Pradesh,Indore,T30,56+,Female,62.9,Mandate,Verified
INV003785,2025-03-29,120842,lumpsum,272454,Karnataka,Bangalore,T30,36-45,Male,28.2,Mandate,Pending
INV002241,2025-03-29,148568,redemption,115903,Punjab,Amritsar,B30,36-45,Female,41.4,Cheque,Verified
INV000602,2025-03-29,101206,sip,3288,West Bengal,Kolkata,T30,18-25,Male,8.0,UPI,Verified
INV004565,2025-03-29,120842,lumpsum,577969,Gujarat,Surat,T30,26-35,Male,9.2,Net Banking,Pending
INV004954,2025-03-30,120843,lumpsum,210018,Haryana,Faridabad,B30,26-35,Female,6.6,UPI,Verified
INV001247,2025-03-30,120506,redemption,353208,West Bengal,Kolkata,T30,36-45,Male,48.1,Cheque,Verified
INV000448,2025-03-30,120841,redemption,104710,West Bengal,Kolkata,T30,18-25,Male,3.4,UPI,Verified
INV003908,2025-03-30,100033,lumpsum,331519,Tamil Nadu,Coimbatore,B30,26-35,Female,13.8,Net Banking,Pending
INV002162,2025-03-30,120507,lumpsum,130627,Madhya Pradesh,Indore,T30,46-55,Male,40.2,Net Banking,Verified
INV000048,2025-03-30,119120,sip,879,Rajasthan,Jaipur,T30,36-45,Female,15.0,Net Banking,Verified
INV004925,2025-03-30,102887,sip,10728,Maharashtra,Pune,T30,18-25,Female,5.4,Mandate,Verified
INV002613,2025-03-30,120844,sip,2033,Karnataka,Bangalore,T30,46-55,Female,44.3,Net Banking,Verified
INV000539,2025-03-30,120504,redemption,472935,Haryana,Faridabad,B30,26-35,Female,13.4,UPI,Verified
INV000485,2025-03-30,120507,sip,3247,Rajasthan,Jaipur,T30,26-35,Male,19.5,Cheque,Verified
INV001355,2025-03-30,120843,lumpsum,182971,Tamil Nadu,Chennai,T30,46-55,Female,89.8,Mandate,Pending
INV000063,2025-03-30,119092,sip,2078,Uttar Pradesh,Agra,B30,46-55,Male,88.9,Cheque,Verified
INV003869,2025-03-30,119120,sip,10882,Maharashtra,Mumbai,T30,18-25,Male,5.0,UPI,Verified
INV000011,2025-03-30,119095,lumpsum,284305,West Bengal,Kolkata,T30,26-35,Male,9.6,UPI,Verified
INV001387,2025-03-30,118632,sip,10627,Tamil Nadu,Chennai,T30,36-45,Male,37.4,Mandate,Verified
INV002139,2025-03-30,120841,redemption,253507,Haryana,Gurugram,T30,36-45,Female,28.6,Cheque,Verified
INV004455,2025-03-30,120842,sip,1640,Telangana,Hyderabad,T30,18-25,Female,3.5,Cheque,Verified
INV004574,2025-03-30,101207,sip,2296,Maharashtra,Mumbai,T30,36-45,Male,54.3,Net Banking,Verified
INV003230,2025-03-30,119551,sip,1758,Punjab,Amritsar,B30,18-25,Female,3.2,UPI,Verified
INV002645,2025-03-30,101206,lumpsum,169326,Haryana,Gurugram,T30,46-55,Female,67.7,UPI,Verified
INV004603,2025-03-30,120842,sip,12698,Madhya Pradesh,Indore,T30,36-45,Male,35.4,Net Banking,Verified
INV003718,2025-03-30,120507,sip,8819,Telangana,Hyderabad,T30,46-55,Male,65.3,Cheque,Verified
INV001260,2025-03-30,119092,sip,451,Delhi,Gurugram,T30,26-35,Male,23.4,UPI,Verified
INV000008,2025-03-30,125497,lumpsum,429784,Punjab,Amritsar,B30,26-35,Female,18.6,Net Banking,Verified
INV001319,2025-03-30,119598,redemption,252300,Delhi,Gurugram,T30,26-35,Female,20.8,Mandate,Verified
INV001325,2025-03-30,125498,sip,4246,Rajasthan,Udaipur,B30,18-25,Male,4.4,UPI,Verified
INV002111,2025-03-30,120841,sip,542,Telangana,Hyderabad,T30,36-45,Female,29.2,Cheque,Verified
INV002187,2025-03-30,119092,sip,27363,Tamil Nadu,Chennai,T30,36-45,Male,15.0,UPI,Verified
INV001667,2025-03-30,102886,sip,8839,Delhi,New Delhi,T30,36-45,Female,14.1,Mandate,Verified
INV001547,2025-03-30,118633,redemption,90020,Tamil Nadu,Coimbatore,B30,36-45,Male,55.7,Mandate,Verified
INV003410,2025-03-30,120843,sip,6074,Madhya Pradesh,Indore,T30,26-35,Male,7.7,Cheque,Pending
INV000714,2025-03-30,148568,sip,2963,Uttar Pradesh,Kanpur,B30,26-35,Female,23.8,Net Banking,Verified
INV003560,2025-03-30,118632,sip,10565,Rajasthan,Udaipur,B30,26-35,Male,22.5,Cheque,Verified
INV003412,2025-03-30,148569,sip,2160,Rajasthan,Jaipur,T30,18-25,Male,7.8,Net Banking,Verified
INV001475,2025-03-30,148568,sip,52692,Madhya Pradesh,Indore,T30,36-45,Male,35.0,Mandate,Verified
INV004107,2025-03-30,120841,sip,2268,Telangana,Hyderabad,T30,26-35,Male,12.6,Net Banking,Verified
INV000707,2025-03-30,120507,sip,439,Karnataka,Mysore,B30,36-45,Female,46.6,Net Banking,Verified
INV000201,2025-03-30,119598,lumpsum,158911,Madhya Pradesh,Indore,T30,46-55,Male,87.0,UPI,Verified
INV004119,2025-03-30,100016,sip,5268,Uttar Pradesh,Kanpur,B30,26-35,Female,13.0,Mandate,Verified
INV000664,2025-03-30,100033,redemption,399972,West Bengal,Kolkata,T30,26-35,Male,21.1,Cheque,Verified
INV001732,2025-03-30,120507,redemption,173143,Gujarat,Surat,T30,18-25,Female,5.7,Mandate,Verified
INV001038,2025-03-30,119551,lumpsum,55324,West Bengal,Kolkata,T30,26-35,Male,24.4,Mandate,Verified
INV003672,2025-03-30,125498,lumpsum,247866,Uttar Pradesh,Agra,B30,36-45,Male,32.5,UPI,Verified
INV001413,2025-03-30,125498,sip,17386,Karnataka,Bangalore,T30,36-45,Male,41.8,UPI,Pending
INV004130,2025-03-30,120507,sip,43419,Punjab,Amritsar,B30,36-45,Male,57.9,UPI,Pending
INV003295,2025-03-30,148567,lumpsum,380828,Gujarat,Ahmedabad,T30,26-35,Male,20.8,Net Banking,Verified
INV002982,2025-03-30,120841,lumpsum,41136,Gujarat,Surat,T30,36-45,Male,22.1,Mandate,Verified
INV000215,2025-03-30,102886,sip,2500,Maharashtra,Nashik,B30,26-35,Female,18.3,UPI,Verified
INV004361,2025-03-30,120843,sip,3226,Haryana,Faridabad,B30,26-35,Female,18.4,Mandate,Verified
INV001718,2025-03-30,100016,sip,49722,Gujarat,Ahmedabad,T30,26-35,Male,11.3,Cheque,Verified
INV000108,2025-03-30,101206,redemption,45134,Uttar Pradesh,Agra,B30,36-45,Male,26.2,Cheque,Verified
INV001634,2025-03-30,120507,redemption,137346,Gujarat,Surat,T30,26-35,Male,23.9,Net Banking,Verified
INV000106,2025-03-30,148567,redemption,237919,Uttar Pradesh,Kanpur,B30,18-25,Female,5.1,UPI,Verified
INV002989,2025-03-30,149322,lumpsum,352999,Haryana,Faridabad,B30,46-55,Male,16.3,UPI,Verified
INV001645,2025-03-30,120843,redemption,205788,Uttar Pradesh,Kanpur,B30,46-55,Male,77.5,UPI,Verified
INV000153,2025-03-30,120506,lumpsum,151799,Karnataka,Mysore,B30,26-35,Male,14.1,Mandate,Verified
INV000710,2025-03-30,120507,sip,2024,Delhi,Noida,T30,26-35,Male,6.1,Mandate,Verified
INV004050,2025-03-30,125497,lumpsum,375154,West Bengal,Kolkata,T30,26-35,Male,15.5,Mandate,Verified
INV004078,2025-03-30,119599,sip,54984,Delhi,Noida,T30,18-25,Male,3.8,Cheque,Verified
INV001671,2025-03-30,100033,sip,2821,Punjab,Chandigarh,T30,56+,Male,31.2,Net Banking,Verified
INV000742,2025-03-30,120842,sip,2233,Uttar Pradesh,Lucknow,T30,36-45,Male,27.4,Cheque,Verified
INV000173,2025-03-30,100016,sip,11038,Maharashtra,Mumbai,T30,26-35,Male,7.6,Net Banking,Verified
INV000880,2025-03-30,120844,sip,6826,Madhya Pradesh,Indore,T30,26-35,Male,18.4,Mandate,Verified
INV004794,2025-03-30,100016,lumpsum,356586,Rajasthan,Udaipur,B30,36-45,Female,46.0,Mandate,Verified
INV002276,2025-03-30,101208,sip,4646,Telangana,Hyderabad,T30,46-55,Male,88.0,Net Banking,Verified
INV001681,2025-03-30,120841,redemption,173735,West Bengal,Kolkata,T30,26-35,Male,8.5,Net Banking,Verified
INV003615,2025-03-30,120842,redemption,61312,Rajasthan,Jaipur,T30,36-45,Male,32.6,UPI,Verified
INV002305,2025-03-30,102885,lumpsum,131100,Haryana,Gurugram,T30,36-45,Male,19.4,UPI,Verified
INV001778,2025-03-30,148567,sip,12666,Maharashtra,Mumbai,T30,26-35,Male,9.7,Mandate,Verified
INV004805,2025-03-30,119092,sip,7230,Madhya Pradesh,Indore,T30,26-35,Female,7.6,Net Banking,Verified
INV000194,2025-03-31,119092,sip,2440,Maharashtra,Pune,T30,36-45,Male,21.6,UPI,Verified
INV003534,2025-03-31,101208,sip,21379,Madhya Pradesh,Indore,T30,46-55,Male,75.7,UPI,Verified
INV004508,2025-03-31,149323,redemption,348062,Punjab,Amritsar,B30,36-45,Female,36.5,Cheque,Verified
INV000043,2025-03-31,101208,sip,22261,Madhya Pradesh,Indore,T30,26-35,Male,23.7,UPI,Verified
INV002939,2025-03-31,101206,redemption,436675,Rajasthan,Udaipur,B30,18-25,Male,3.1,Net Banking,Verified
INV004215,2025-03-31,119093,sip,7374,Madhya Pradesh,Indore,T30,18-25,Male,7.5,Net Banking,Verified
INV003530,2025-03-31,102886,lumpsum,53772,Maharashtra,Pune,T30,26-35,Male,9.4,Mandate,Verified
INV002772,2025-03-31,149323,sip,28379,Haryana,Faridabad,B30,26-35,Male,14.7,UPI,Verified
INV001371,2025-03-31,119093,sip,538,Tamil Nadu,Coimbatore,B30,26-35,Male,22.9,Cheque,Verified
INV003733,2025-03-31,120503,sip,1860,Telangana,Hyderabad,T30,26-35,Male,12.6,UPI,Verified
INV004308,2025-03-31,100033,redemption,44370,Gujarat,Surat,T30,26-35,Female,11.1,Cheque,Verified
INV001071,2025-03-31,101207,sip,7008,Maharashtra,Nashik,B30,36-45,Male,56.7,Mandate,Verified
INV004272,2025-03-31,118633,lumpsum,412881,Madhya Pradesh,Bhopal,B30,46-55,Female,25.5,UPI,Verified
INV003621,2025-03-31,101208,sip,1054,West Bengal,Kolkata,T30,26-35,Male,18.2,Net Banking,Verified
INV004860,2025-03-31,118634,sip,22445,Punjab,Amritsar,B30,46-55,Male,47.7,UPI,Verified
INV002290,2025-03-31,119094,lumpsum,347346,Gujarat,Ahmedabad,T30,36-45,Male,24.7,Net Banking,Verified
INV000529,2025-03-31,118636,sip,900,Maharashtra,Mumbai,T30,18-25,Male,4.7,UPI,Verified
INV002505,2025-03-31,118635,sip,420,Tamil Nadu,Coimbatore,B30,36-45,Female,21.1,UPI,Verified
INV003048,2025-03-31,102886,sip,5423,Rajasthan,Jaipur,T30,26-35,Female,20.6,Net Banking,Verified
INV003976,2025-03-31,119552,sip,8585,Telangana,Hyderabad,T30,46-55,Male,18.9,Mandate,Verified
INV000106,2025-03-31,120841,sip,53937,Uttar Pradesh,Kanpur,B30,18-25,Female,5.1,Cheque,Verified
INV000251,2025-03-31,118632,redemption,415959,Haryana,Faridabad,B30,26-35,Male,19.4,UPI,Verified
INV003883,2025-03-31,119552,sip,2150,West Bengal,Kolkata,T30,26-35,Male,6.7,Net Banking,Verified
INV001544,2025-03-31,120505,sip,14177,Uttar Pradesh,Kanpur,B30,18-25,Female,5.9,Cheque,Pending
INV002651,2025-03-31,148568,lumpsum,274541,Haryana,Faridabad,B30,26-35,Male,12.5,UPI,Verified
INV003876,2025-03-31,100016,sip,2621,Rajasthan,Udaipur,B30,18-25,Male,5.6,Net Banking,Verified
INV004649,2025-03-31,120844,sip,50516,Karnataka,Bangalore,T30,36-45,Male,48.4,UPI,Verified
INV004935,2025-03-31,102886,sip,8956,Telangana,Hyderabad,T30,56+,Female,44.7,Mandate,Verified
INV003761,2025-03-31,118636,sip,590,Karnataka,Mysore,B30,46-55,Male,61.2,Cheque,Verified
INV000477,2025-03-31,118634,sip,7464,Uttar Pradesh,Lucknow,T30,18-25,Female,5.3,UPI,Verified
INV002772,2025-03-31,125498,lumpsum,504868,Haryana,Faridabad,B30,26-35,Male,14.7,Mandate,Verified
INV003871,2025-03-31,102887,redemption,11610,Uttar Pradesh,Agra,B30,18-25,Male,7.6,Net Banking,Verified
INV002485,2025-03-31,119095,lumpsum,109003,Karnataka,Mysore,B30,46-55,Female,70.2,Net Banking,Verified
INV003728,2025-03-31,120842,lumpsum,520598,West Bengal,Kolkata,T30,26-35,Male,16.2,UPI,Pending
INV003355,2025-03-31,101208,redemption,399348,West Bengal,Kolkata,T30,26-35,Female,14.6,Mandate,Pending
INV003874,2025-03-31,102886,lumpsum,523284,Punjab,Amritsar,B30,26-35,Female,16.5,UPI,Verified
INV003136,2025-03-31,119094,sip,55680,Haryana,Gurugram,T30,56+,Male,34.4,Net Banking,Verified
INV004554,2025-03-31,120505,lumpsum,355652,Rajasthan,Jaipur,T30,26-35,Female,10.7,UPI,Verified
INV001522,2025-03-31,119598,sip,22236,Tamil Nadu,Chennai,T30,36-45,Female,59.4,Cheque,Verified
INV004102,2025-03-31,118634,sip,48385,Tamil Nadu,Coimbatore,B30,26-35,Female,6.6,Net Banking,Verified
INV001747,2025-03-31,118634,sip,56921,Madhya Pradesh,Indore,T30,18-25,Female,3.8,Net Banking,Verified
INV003161,2025-03-31,120504,sip,1924,Uttar Pradesh,Kanpur,B30,36-45,Female,30.2,Cheque,Verified
INV002239,2025-03-31,119093,lumpsum,72659,Gujarat,Surat,T30,26-35,Male,8.9,Mandate,Verified
INV001355,2025-03-31,125497,sip,10900,Tamil Nadu,Chennai,T30,46-55,Female,89.8,Net Banking,Verified
INV004657,2025-03-31,149322,lumpsum,493016,Madhya Pradesh,Indore,T30,26-35,Female,23.0,Mandate,Verified
INV003074,2025-03-31,118634,lumpsum,155629,Haryana,Faridabad,B30,26-35,Male,8.3,Cheque,Verified
INV003427,2025-03-31,125497,sip,22413,West Bengal,Kolkata,T30,18-25,Male,4.4,UPI,Verified
INV002656,2025-03-31,148568,lumpsum,273056,Tamil Nadu,Coimbatore,B30,26-35,Male,9.6,UPI,Verified
INV004888,2025-03-31,120504,sip,12998,Delhi,Gurugram,T30,26-35,Female,6.7,Net Banking,Verified
INV000592,2025-03-31,125498,lumpsum,396176,Maharashtra,Mumbai,T30,26-35,Male,21.2,Net Banking,Verified
INV003308,2025-03-31,120842,sip,2494,Telangana,Hyderabad,T30,56+,Male,58.2,Mandate,Verified
INV000723,2025-03-31,119551,sip,2443,Madhya Pradesh,Indore,T30,46-55,Female,31.4,Mandate,Verified
INV003134,2025-03-31,119552,sip,9348,Telangana,Hyderabad,T30,36-45,Female,41.3,Mandate,Verified
INV000779,2025-03-31,119551,sip,1082,Gujarat,Ahmedabad,T30,36-45,Male,35.3,Net Banking,Verified
INV000514,2025-03-31,101208,sip,4161,West Bengal,Kolkata,T30,36-45,Male,43.2,Mandate,Verified
INV003256,2025-03-31,118632,lumpsum,353722,Punjab,Amritsar,B30,46-55,Male,26.0,UPI,Verified
INV003479,2025-03-31,119598,sip,8314,West Bengal,Kolkata,T30,36-45,Female,44.7,Cheque,Verified
INV004146,2025-03-31,120505,sip,6674,Uttar Pradesh,Agra,B30,56+,Male,40.7,Mandate,Verified
INV001129,2025-03-31,120507,sip,489,Karnataka,Mysore,B30,18-25,Female,5.3,UPI,Verified
INV000103,2025-03-31,102885,sip,1158,Punjab,Chandigarh,T30,26-35,Female,18.2,Mandate,Verified
INV002212,2025-03-31,119093,sip,2022,Telangana,Hyderabad,T30,36-45,Male,26.4,Net Banking,Verified
INV001254,2025-03-31,119120,lumpsum,350131,Punjab,Chandigarh,T30,26-35,Male,20.5,Net Banking,Verified
INV003715,2025-03-31,120503,redemption,31888,Punjab,Amritsar,B30,18-25,Male,5.8,UPI,Verified
INV003879,2025-04-01,120844,sip,54264,West Bengal,Kolkata,T30,26-35,Male,13.6,Cheque,Verified
INV003724,2025-04-01,118636,redemption,178724,Punjab,Amritsar,B30,56+,Male,52.5,Net Banking,Verified
INV001767,2025-04-01,119093,lumpsum,349026,Karnataka,Bangalore,T30,36-45,Male,54.2,UPI,Verified
INV002451,2025-04-01,120505,sip,40677,Punjab,Chandigarh,T30,18-25,Male,6.6,Cheque,Verified
INV003822,2025-04-01,119094,sip,8395,Rajasthan,Jaipur,T30,26-35,Male,12.9,UPI,Verified
INV004822,2025-04-01,119120,sip,441,Rajasthan,Udaipur,B30,26-35,Male,14.8,UPI,Verified
INV000095,2025-04-01,119093,sip,28912,West Bengal,Kolkata,T30,18-25,Male,6.5,Mandate,Verified
INV000851,2025-04-01,120504,lumpsum,442066,Tamil Nadu,Chennai,T30,36-45,Male,39.2,Net Banking,Verified
INV001312,2025-04-01,125498,redemption,211702,Delhi,Noida,T30,26-35,Male,6.9,Mandate,Verified
INV003549,2025-04-01,118633,sip,16518,Maharashtra,Pune,T30,56+,Male,76.9,UPI,Verified
INV001790,2025-04-01,101206,lumpsum,237360,Punjab,Chandigarh,T30,46-55,Male,15.8,Net Banking,Verified
INV004863,2025-04-01,102887,sip,969,Maharashtra,Mumbai,T30,26-35,Male,21.1,Mandate,Verified
INV003753,2025-04-01,101208,sip,1817,Punjab,Chandigarh,T30,36-45,Male,57.4,Mandate,Verified
INV003570,2025-04-01,148568,lumpsum,455289,Delhi,New Delhi,T30,26-35,Male,12.3,Net Banking,Verified
INV001262,2025-04-01,120843,sip,28394,Karnataka,Bangalore,T30,26-35,Male,14.0,UPI,Verified
INV004943,2025-04-01,125498,redemption,450842,Telangana,Hyderabad,T30,26-35,Male,8.8,Net Banking,Verified
INV000895,2025-04-01,101207,sip,21643,Rajasthan,Udaipur,B30,26-35,Male,19.5,UPI,Verified
INV001784,2025-04-01,149323,lumpsum,315069,Madhya Pradesh,Bhopal,B30,26-35,Male,15.5,Mandate,Verified
INV001938,2025-04-01,102886,sip,579,Karnataka,Mysore,B30,26-35,Male,17.4,Cheque,Verified
INV004051,2025-04-01,100016,redemption,109867,Rajasthan,Udaipur,B30,36-45,Female,28.8,UPI,Verified
INV002444,2025-04-01,119552,lumpsum,58817,Uttar Pradesh,Lucknow,T30,18-25,Female,3.8,Mandate,Verified
INV001834,2025-04-01,119120,sip,579,Gujarat,Ahmedabad,T30,26-35,Male,11.4,Mandate,Verified
INV004833,2025-04-01,119120,redemption,418627,Madhya Pradesh,Bhopal,B30,26-35,Female,16.5,Cheque,Verified
INV003427,2025-04-01,119093,sip,4626,West Bengal,Kolkata,T30,18-25,Male,4.4,Mandate,Verified
INV004695,2025-04-01,118636,lumpsum,337941,Gujarat,Ahmedabad,T30,26-35,Female,14.3,Cheque,Verified
INV004376,2025-04-01,120504,sip,15192,West Bengal,Kolkata,T30,46-55,Female,92.6,Net Banking,Verified
INV002307,2025-04-01,120842,sip,5779,Gujarat,Ahmedabad,T30,26-35,Male,24.2,Cheque,Verified
INV003460,2025-04-01,100033,sip,2260,Delhi,New Delhi,T30,26-35,Male,14.6,Net Banking,Pending
INV000393,2025-04-01,100033,redemption,435535,Maharashtra,Mumbai,T30,36-45,Male,53.1,UPI,Pending
INV003239,2025-04-01,118634,sip,8803,Uttar Pradesh,Agra,B30,56+,Female,48.3,Mandate,Verified
INV002791,2025-04-01,119093,sip,12129,Madhya Pradesh,Indore,T30,36-45,Male,54.9,Net Banking,Verified
INV003519,2025-04-01,119093,sip,12557,Madhya Pradesh,Indore,T30,26-35,Male,9.8,Mandate,Verified
INV000997,2025-04-01,118636,sip,27887,Rajasthan,Udaipur,B30,26-35,Male,17.8,Net Banking,Verified
INV003110,2025-04-01,119120,redemption,9844,Rajasthan,Jaipur,T30,26-35,Male,9.0,Cheque,Verified
INV002229,2025-04-01,100033,lumpsum,90149,Rajasthan,Jaipur,T30,36-45,Male,24.6,Cheque,Verified
INV002361,2025-04-01,102886,redemption,38238,Gujarat,Surat,T30,36-45,Male,59.3,UPI,Verified
INV002214,2025-04-01,119598,redemption,107588,Delhi,Gurugram,T30,36-45,Female,50.5,UPI,Verified
INV004465,2025-04-01,148569,lumpsum,87940,Gujarat,Surat,T30,26-35,Male,14.2,Net Banking,Verified
INV001892,2025-04-01,118633,sip,1098,Rajasthan,Udaipur,B30,26-35,Male,18.9,Mandate,Verified
INV004731,2025-04-01,149324,redemption,351619,Punjab,Amritsar,B30,26-35,Male,17.6,Cheque,Verified
INV000891,2025-04-01,119092,redemption,263201,Gujarat,Surat,T30,26-35,Male,20.9,Net Banking,Verified
INV001564,2025-04-01,120504,sip,6606,Haryana,Faridabad,B30,46-55,Male,43.2,Cheque,Verified
INV003419,2025-04-01,119599,sip,22697,Maharashtra,Pune,T30,18-25,Male,5.3,Mandate,Verified
INV003543,2025-04-01,101208,sip,4864,Maharashtra,Nashik,B30,26-35,Male,8.3,Mandate,Verified
INV002574,2025-04-01,119599,lumpsum,305367,Maharashtra,Nashik,B30,26-35,Male,11.1,Net Banking,Verified
INV004417,2025-04-01,120505,redemption,101280,Rajasthan,Jaipur,T30,26-35,Male,7.2,Cheque,Verified
INV002503,2025-04-01,120843,lumpsum,146605,Gujarat,Ahmedabad,T30,26-35,Male,11.5,Net Banking,Verified
INV004463,2025-04-01,119598,redemption,493034,Karnataka,Bangalore,T30,26-35,Female,16.1,Cheque,Pending
INV000255,2025-04-01,119599,lumpsum,421584,Haryana,Gurugram,T30,26-35,Female,19.9,UPI,Pending
INV001551,2025-04-01,120504,sip,7542,Tamil Nadu,Chennai,T30,26-35,Female,21.7,UPI,Verified
INV000806,2025-04-01,125498,redemption,18364,Maharashtra,Pune,T30,46-55,Male,90.4,Net Banking,Verified
INV004598,2025-04-01,118636,sip,1048,Tamil Nadu,Chennai,T30,46-55,Male,60.5,Mandate,Verified
INV003161,2025-04-01,100025,redemption,327507,Uttar Pradesh,Kanpur,B30,36-45,Female,30.2,Cheque,Verified
INV001736,2025-04-02,101208,sip,4659,Rajasthan,Udaipur,B30,46-55,Female,69.5,Cheque,Verified
INV001332,2025-04-02,120844,sip,14060,Uttar Pradesh,Agra,B30,26-35,Female,19.9,Mandate,Verified
INV002135,2025-04-02,149324,lumpsum,140055,Gujarat,Ahmedabad,T30,56+,Male,18.3,Mandate,Verified
INV001611,2025-04-02,119599,lumpsum,388205,West Bengal,Kolkata,T30,18-25,Female,7.4,UPI,Verified
INV000728,2025-04-02,101208,lumpsum,359592,Telangana,Hyderabad,T30,26-35,Male,8.4,Mandate,Verified
INV003661,2025-04-02,118635,redemption,315003,Delhi,Noida,T30,18-25,Female,6.4,Mandate,Verified
INV002236,2025-04-02,149322,sip,11073,Delhi,New Delhi,T30,26-35,Male,21.6,Net Banking,Verified
INV004153,2025-04-02,119551,sip,28521,Uttar Pradesh,Agra,B30,46-55,Male,96.3,Mandate,Pending
INV003206,2025-04-02,119599,sip,6575,Gujarat,Ahmedabad,T30,26-35,Male,24.1,Net Banking,Verified
INV003000,2025-04-02,100025,sip,14105,Delhi,Gurugram,T30,36-45,Male,32.3,Net Banking,Verified
INV004334,2025-04-02,101208,lumpsum,406439,Punjab,Amritsar,B30,26-35,Female,6.6,Net Banking,Verified
INV001101,2025-04-02,119598,sip,2697,Madhya Pradesh,Bhopal,B30,18-25,Male,5.3,Cheque,Verified
INV000140,2025-04-02,149323,lumpsum,340007,Punjab,Amritsar,B30,56+,Male,74.0,UPI,Verified
INV002942,2025-04-02,102887,sip,58320,Delhi,Noida,T30,36-45,Male,27.8,Mandate,Verified
INV002314,2025-04-02,119120,redemption,6844,Tamil Nadu,Chennai,T30,18-25,Male,3.9,UPI,Verified
INV000441,2025-04-02,118634,sip,477,Tamil Nadu,Chennai,T30,26-35,Female,8.3,Mandate,Verified
INV002784,2025-04-02,148567,sip,2023,Karnataka,Mysore,B30,26-35,Male,17.7,Mandate,Verified
INV000097,2025-04-02,101206,sip,7846,Karnataka,Mysore,B30,18-25,Male,6.0,Net Banking,Verified
INV000593,2025-04-02,100033,sip,1059,Telangana,Hyderabad,T30,56+,Male,50.2,Net Banking,Verified
INV003049,2025-04-02,118634,sip,3402,Gujarat,Ahmedabad,T30,26-35,Male,15.5,Cheque,Verified
INV002493,2025-04-02,118635,sip,5084,Maharashtra,Mumbai,T30,56+,Female,27.1,Net Banking,Verified
INV001742,2025-04-02,148567,redemption,223176,Haryana,Gurugram,T30,18-25,Male,3.5,Net Banking,Verified
INV001213,2025-04-02,119598,lumpsum,73792,Punjab,Amritsar,B30,36-45,Male,57.7,UPI,Verified
INV004521,2025-04-02,119092,sip,11434,Gujarat,Ahmedabad,T30,18-25,Male,7.9,Cheque,Verified
INV000540,2025-04-02,101208,sip,7651,Tamil Nadu,Coimbatore,B30,26-35,Female,10.4,Cheque,Verified
INV003216,2025-04-02,149322,sip,2650,Delhi,New Delhi,T30,36-45,Male,12.6,Cheque,Verified
INV002769,2025-04-02,119094,redemption,460633,Maharashtra,Pune,T30,18-25,Female,4.5,Net Banking,Verified
INV001396,2025-04-02,148567,redemption,326434,Rajasthan,Jaipur,T30,26-35,Female,10.6,Net Banking,Verified
INV001979,2025-04-02,100016,redemption,198895,Maharashtra,Pune,T30,26-35,Male,12.2,Cheque,Verified
INV003718,2025-04-02,101206,sip,4611,Telangana,Hyderabad,T30,46-55,Male,65.3,UPI,Verified
INV000867,2025-04-02,119094,lumpsum,98373,Delhi,Noida,T30,26-35,Male,20.6,UPI,Verified
INV004148,2025-04-02,118633,sip,12954,Madhya Pradesh,Bhopal,B30,18-25,Male,5.1,Mandate,Verified
INV003607,2025-04-02,149323,sip,1149,Delhi,Gurugram,T30,18-25,Male,4.7,UPI,Verified
INV001070,2025-04-02,120503,redemption,163738,Tamil Nadu,Coimbatore,B30,26-35,Male,11.9,Mandate,Verified
INV003809,2025-04-02,149323,lumpsum,172326,Tamil Nadu,Coimbatore,B30,36-45,Male,45.3,Cheque,Verified
INV004607,2025-04-02,120842,sip,1990,Telangana,Hyderabad,T30,26-35,Female,7.0,UPI,Verified
INV001077,2025-04-02,120843,lumpsum,403067,Uttar Pradesh,Lucknow,T30,26-35,Male,6.4,Net Banking,Verified
INV000394,2025-04-02,100025,redemption,308623,Maharashtra,Mumbai,T30,26-35,Male,12.2,Mandate,Pending
INV003539,2025-04-02,120844,lumpsum,495071,Rajasthan,Udaipur,B30,56+,Female,54.9,UPI,Verified
INV002032,2025-04-02,119092,sip,1744,Haryana,Gurugram,T30,26-35,Male,14.2,UPI,Verified
INV003166,2025-04-02,119093,lumpsum,138057,Karnataka,Bangalore,T30,26-35,Female,7.1,Net Banking,Verified
INV001628,2025-04-02,100016,lumpsum,383724,Rajasthan,Jaipur,T30,36-45,Female,45.6,Mandate,Verified
INV000665,2025-04-02,149322,sip,4136,Rajasthan,Udaipur,B30,26-35,Female,6.6,Mandate,Verified
INV002650,2025-04-02,118632,lumpsum,134441,Telangana,Hyderabad,T30,26-35,Male,13.7,Cheque,Verified
INV001954,2025-04-02,149324,redemption,37795,Uttar Pradesh,Agra,B30,26-35,Male,15.6,Cheque,Verified
INV001439,2025-04-02,120505,sip,6790,Karnataka,Bangalore,T30,18-25,Female,5.3,UPI,Verified
INV003846,2025-04-02,118634,redemption,350198,Uttar Pradesh,Agra,B30,46-55,Female,44.2,Mandate,Verified
INV003381,2025-04-02,119094,redemption,243873,Madhya Pradesh,Indore,T30,36-45,Female,12.1,Net Banking,Verified
INV000734,2025-04-02,148568,sip,558,Maharashtra,Pune,T30,26-35,Female,15.2,Cheque,Verified
INV003974,2025-04-02,120842,redemption,10005,Maharashtra,Nashik,B30,46-55,Male,73.6,Mandate,Verified
INV004288,2025-04-02,101208,sip,2642,Punjab,Amritsar,B30,18-25,Female,6.1,Mandate,Verified
INV000752,2025-04-02,118632,sip,6376,Punjab,Chandigarh,T30,46-55,Male,32.7,Cheque,Verified
INV002393,2025-04-02,120507,sip,13157,Madhya Pradesh,Bhopal,B30,26-35,Female,15.2,Net Banking,Verified
INV004999,2025-04-02,100033,redemption,240037,Telangana,Hyderabad,T30,26-35,Male,24.8,Mandate,Verified
INV000753,2025-04-02,149322,lumpsum,175199,Haryana,Faridabad,B30,46-55,Male,82.4,Cheque,Verified
INV003897,2025-04-02,100033,sip,2152,Tamil Nadu,Coimbatore,B30,26-35,Male,24.0,UPI,Verified
INV003782,2025-04-02,148568,sip,8700,Tamil Nadu,Chennai,T30,36-45,Male,44.5,Net Banking,Verified
INV003078,2025-04-02,118635,sip,2575,Haryana,Gurugram,T30,36-45,Male,57.5,Mandate,Verified
INV003992,2025-04-02,120504,lumpsum,93836,Madhya Pradesh,Bhopal,B30,46-55,Female,86.8,UPI,Verified
INV003769,2025-04-03,148567,sip,441,Gujarat,Ahmedabad,T30,46-55,Female,74.8,UPI,Verified
INV000577,2025-04-03,119093,lumpsum,455871,Delhi,Noida,T30,36-45,Male,20.4,Cheque,Verified
INV002947,2025-04-03,101208,redemption,271758,Maharashtra,Nashik,B30,46-55,Male,73.3,Cheque,Verified
INV000874,2025-04-03,119599,sip,876,Tamil Nadu,Chennai,T30,56+,Male,19.1,Net Banking,Verified
INV002730,2025-04-03,119551,lumpsum,155942,Tamil Nadu,Coimbatore,B30,26-35,Male,7.5,Net Banking,Verified
INV003565,2025-04-03,120841,sip,2929,Gujarat,Surat,T30,26-35,Male,12.0,Net Banking,Verified
INV000410,2025-04-03,118634,lumpsum,266082,Rajasthan,Jaipur,T30,18-25,Female,5.3,Mandate,Verified
INV000439,2025-04-03,118633,redemption,320725,Rajasthan,Udaipur,B30,56+,Male,23.4,Mandate,Verified
INV002633,2025-04-03,120843,lumpsum,221252,Karnataka,Bangalore,T30,26-35,Female,8.1,Net Banking,Verified
INV002924,2025-04-03,102886,lumpsum,232546,Tamil Nadu,Chennai,T30,26-35,Female,14.5,Cheque,Verified
INV004446,2025-04-03,118632,lumpsum,190575,West Bengal,Kolkata,T30,26-35,Male,14.8,Net Banking,Verified
INV000480,2025-04-03,119093,sip,4762,Maharashtra,Mumbai,T30,18-25,Male,6.2,UPI,Verified
INV003047,2025-04-03,125497,sip,16323,Maharashtra,Mumbai,T30,46-55,Male,40.0,Cheque,Pending
INV000789,2025-04-03,120507,lumpsum,586355,Gujarat,Surat,T30,56+,Male,47.7,Cheque,Verified
INV003756,2025-04-03,119551,sip,1187,Telangana,Hyderabad,T30,26-35,Male,6.9,Mandate,Verified
INV001503,2025-04-03,102887,sip,23391,Telangana,Hyderabad,T30,18-25,Male,6.4,UPI,Verified
INV001780,2025-04-03,118635,lumpsum,102957,Punjab,Amritsar,B30,46-55,Male,84.1,Net Banking,Verified
INV000296,2025-04-03,118636,redemption,8492,Madhya Pradesh,Indore,T30,26-35,Male,16.7,Net Banking,Verified
INV004179,2025-04-03,120843,redemption,52852,Maharashtra,Pune,T30,26-35,Female,19.3,Cheque,Verified
INV004298,2025-04-03,102886,sip,820,Gujarat,Ahmedabad,T30,36-45,Female,55.5,Cheque,Verified
INV000558,2025-04-03,119093,sip,25351,Punjab,Chandigarh,T30,56+,Female,22.1,UPI,Verified
INV002767,2025-04-03,118636,redemption,259650,Madhya Pradesh,Indore,T30,26-35,Male,10.8,Mandate,Verified
INV003868,2025-04-03,118634,sip,13662,Gujarat,Surat,T30,36-45,Male,25.8,Net Banking,Pending
INV004270,2025-04-03,120841,lumpsum,538901,Rajasthan,Udaipur,B30,18-25,Male,5.7,UPI,Verified
INV004297,2025-04-03,120842,sip,15448,Karnataka,Bangalore,T30,36-45,Female,19.5,Cheque,Verified
INV004311,2025-04-03,102887,sip,5397,Uttar Pradesh,Agra,B30,26-35,Female,17.0,Mandate,Verified
INV004049,2025-04-03,125497,sip,2783,Gujarat,Ahmedabad,T30,36-45,Male,31.1,Cheque,Verified
INV003188,2025-04-03,118636,sip,10496,Tamil Nadu,Coimbatore,B30,26-35,Male,11.0,UPI,Verified
INV001562,2025-04-03,119092,sip,7300,Delhi,Noida,T30,26-35,Male,7.0,Cheque,Verified
INV002195,2025-04-03,120843,sip,13107,Telangana,Hyderabad,T30,26-35,Male,24.5,UPI,Verified
INV000303,2025-04-03,120844,sip,5078,West Bengal,Kolkata,T30,18-25,Female,5.0,UPI,Verified
INV004785,2025-04-03,119551,sip,6466,Punjab,Amritsar,B30,26-35,Female,14.5,UPI,Pending
INV001504,2025-04-03,118633,sip,49707,Haryana,Faridabad,B30,36-45,Male,25.5,Mandate,Verified
INV001334,2025-04-03,102887,sip,936,Punjab,Amritsar,B30,36-45,Male,38.6,UPI,Pending
INV004056,2025-04-03,120506,sip,2545,Haryana,Gurugram,T30,26-35,Male,8.3,UPI,Verified
INV002139,2025-04-03,118632,sip,52448,Haryana,Gurugram,T30,36-45,Female,28.6,UPI,Verified
INV004581,2025-04-03,125497,sip,439,Gujarat,Surat,T30,26-35,Male,14.7,Mandate,Verified
INV000326,2025-04-03,119120,sip,2154,Madhya Pradesh,Bhopal,B30,26-35,Female,11.0,Mandate,Verified
INV003570,2025-04-03,119551,sip,15147,Delhi,New Delhi,T30,26-35,Male,12.3,Mandate,Verified
INV000475,2025-04-03,119599,redemption,345799,West Bengal,Kolkata,T30,56+,Female,49.7,Cheque,Verified
INV002818,2025-04-03,118633,sip,2718,Haryana,Gurugram,T30,46-55,Female,50.2,Mandate,Verified
INV004523,2025-04-03,120507,sip,22375,Haryana,Gurugram,T30,26-35,Female,13.5,Net Banking,Verified
INV004602,2025-04-03,119093,sip,2234,Delhi,Noida,T30,26-35,Female,9.4,Net Banking,Verified
INV001061,2025-04-03,119094,sip,11989,Punjab,Amritsar,B30,18-25,Male,7.4,Net Banking,Verified
INV002218,2025-04-03,101207,lumpsum,343828,Punjab,Amritsar,B30,36-45,Male,52.7,Cheque,Pending
INV002590,2025-04-03,125498,sip,2287,West Bengal,Kolkata,T30,36-45,Male,45.1,Cheque,Pending
INV003120,2025-04-03,118634,lumpsum,296566,Punjab,Amritsar,B30,26-35,Male,19.1,Net Banking,Pending
INV004360,2025-04-03,120844,sip,592,Madhya Pradesh,Bhopal,B30,26-35,Female,15.9,Net Banking,Verified
INV002208,2025-04-03,148569,sip,8125,Punjab,Chandigarh,T30,56+,Male,61.1,Cheque,Pending
INV001260,2025-04-03,149322,sip,12039,Delhi,Gurugram,T30,26-35,Male,23.4,Mandate,Verified
INV000914,2025-04-03,120504,sip,14144,Karnataka,Mysore,B30,18-25,Male,3.8,Net Banking,Verified
INV001411,2025-04-03,102886,sip,41092,Delhi,Gurugram,T30,26-35,Female,7.1,UPI,Verified
INV002351,2025-04-03,120505,sip,3459,Gujarat,Ahmedabad,T30,36-45,Male,18.9,Net Banking,Pending
INV000511,2025-04-03,120506,lumpsum,158469,Punjab,Chandigarh,T30,46-55,Male,88.7,UPI,Verified
INV001608,2025-04-03,149323,sip,2632,Delhi,Gurugram,T30,26-35,Male,13.1,Mandate,Verified
INV002499,2025-04-03,120507,redemption,158021,Gujarat,Surat,T30,26-35,Male,23.0,UPI,Verified
INV003534,2025-04-03,118634,sip,8942,Madhya Pradesh,Indore,T30,46-55,Male,75.7,Net Banking,Pending
INV003680,2025-04-03,102887,sip,520,Karnataka,Mysore,B30,26-35,Male,21.3,Cheque,Verified
INV000543,2025-04-03,120843,sip,53610,Haryana,Gurugram,T30,36-45,Male,45.4,Mandate,Verified
INV003237,2025-04-03,118632,sip,8111,Delhi,Gurugram,T30,46-55,Male,66.7,Mandate,Verified
INV004518,2025-04-03,120507,sip,2017,Uttar Pradesh,Lucknow,T30,26-35,Female,24.4,Net Banking,Verified
INV003738,2025-04-03,120844,lumpsum,13893,Delhi,Noida,T30,26-35,Male,19.0,UPI,Verified
INV002961,2025-04-03,101207,sip,2169,Gujarat,Ahmedabad,T30,26-35,Male,13.0,Cheque,Verified
INV004807,2025-04-03,102885,sip,2013,Maharashtra,Mumbai,T30,36-45,Male,31.4,UPI,Verified
INV004190,2025-04-03,102887,lumpsum,311489,Gujarat,Surat,T30,46-55,Male,38.9,UPI,Verified
INV000251,2025-04-03,120844,redemption,320615,Haryana,Faridabad,B30,26-35,Male,19.4,UPI,Pending
INV000626,2025-04-03,120504,sip,850,Haryana,Gurugram,T30,26-35,Female,12.3,Net Banking,Verified
INV003028,2025-04-03,100016,sip,15034,Tamil Nadu,Chennai,T30,26-35,Female,12.8,Cheque,Pending
INV000709,2025-04-03,148569,lumpsum,353865,Telangana,Hyderabad,T30,26-35,Female,13.6,UPI,Verified
INV004264,2025-04-04,120505,sip,6572,Gujarat,Ahmedabad,T30,36-45,Female,45.2,Cheque,Verified
INV000299,2025-04-04,118635,sip,542,Delhi,Noida,T30,26-35,Male,24.4,Net Banking,Verified
INV004585,2025-04-04,120504,sip,407,Punjab,Amritsar,B30,18-25,Female,4.5,UPI,Verified
INV004752,2025-04-04,100016,redemption,123524,Delhi,Gurugram,T30,36-45,Female,14.9,UPI,Verified
INV003348,2025-04-04,102885,sip,43012,Madhya Pradesh,Indore,T30,46-55,Male,53.4,UPI,Verified
INV002235,2025-04-04,119120,redemption,176702,Uttar Pradesh,Agra,B30,36-45,Female,32.1,Net Banking,Verified
INV004567,2025-04-04,149324,sip,2990,Telangana,Hyderabad,T30,56+,Male,75.0,Net Banking,Verified
INV004547,2025-04-04,118636,redemption,461424,Madhya Pradesh,Bhopal,B30,36-45,Female,42.8,Mandate,Verified
INV004722,2025-04-04,120505,lumpsum,367090,Haryana,Faridabad,B30,36-45,Female,29.7,Cheque,Verified
INV002346,2025-04-04,120842,lumpsum,13962,Maharashtra,Mumbai,T30,36-45,Male,54.5,Mandate,Verified
INV004348,2025-04-04,119093,sip,14688,Delhi,New Delhi,T30,26-35,Female,13.4,UPI,Verified
INV003900,2025-04-04,149323,sip,2090,Gujarat,Ahmedabad,T30,36-45,Male,27.7,Net Banking,Verified
INV002409,2025-04-04,118636,sip,2469,Punjab,Amritsar,B30,18-25,Female,4.9,Net Banking,Verified
INV003004,2025-04-04,148568,lumpsum,55108,Tamil Nadu,Chennai,T30,46-55,Female,34.6,UPI,Pending
INV002950,2025-04-04,148569,lumpsum,18305,Madhya Pradesh,Indore,T30,46-55,Female,37.4,Cheque,Verified
INV001286,2025-04-04,102886,sip,27852,Maharashtra,Pune,T30,36-45,Male,44.6,Net Banking,Verified
INV000564,2025-04-04,119551,sip,412,Maharashtra,Nashik,B30,56+,Female,58.4,UPI,Verified
INV003281,2025-04-04,148568,lumpsum,333400,Tamil Nadu,Coimbatore,B30,26-35,Male,21.9,Net Banking,Verified
INV000900,2025-04-04,149322,lumpsum,219699,Tamil Nadu,Coimbatore,B30,26-35,Male,6.2,Cheque,Verified
INV002393,2025-04-04,148567,redemption,345705,Madhya Pradesh,Bhopal,B30,26-35,Female,15.2,Net Banking,Verified
INV002436,2025-04-04,119598,sip,1725,Gujarat,Surat,T30,46-55,Male,28.8,Mandate,Pending
INV004992,2025-04-04,119095,sip,12103,Rajasthan,Udaipur,B30,26-35,Male,11.1,UPI,Verified
INV000035,2025-04-04,118634,sip,874,Gujarat,Ahmedabad,T30,26-35,Male,20.9,Cheque,Verified
INV003491,2025-04-04,118634,redemption,140634,Delhi,Noida,T30,46-55,Male,92.5,Cheque,Verified
INV003595,2025-04-04,100016,sip,17655,Tamil Nadu,Coimbatore,B30,56+,Female,74.5,Cheque,Verified
INV000747,2025-04-04,120505,redemption,228599,West Bengal,Kolkata,T30,36-45,Female,40.3,Net Banking,Verified
INV002373,2025-04-04,100025,lumpsum,264114,Maharashtra,Pune,T30,36-45,Male,56.3,Net Banking,Verified
INV001718,2025-04-04,102886,sip,54712,Gujarat,Ahmedabad,T30,26-35,Male,11.3,Cheque,Verified
INV002143,2025-04-04,125497,sip,852,Uttar Pradesh,Lucknow,T30,26-35,Male,11.8,UPI,Verified
INV003446,2025-04-04,118634,sip,16680,Delhi,New Delhi,T30,36-45,Male,14.5,UPI,Verified
INV001888,2025-04-04,101207,sip,6928,Delhi,New Delhi,T30,18-25,Female,6.4,Net Banking,Verified
INV002088,2025-04-04,119120,lumpsum,539022,Rajasthan,Jaipur,T30,46-55,Female,43.7,Cheque,Verified
INV003387,2025-04-04,101206,lumpsum,303481,Gujarat,Ahmedabad,T30,36-45,Male,15.4,Cheque,Verified
INV002798,2025-04-04,149324,sip,27705,Tamil Nadu,Coimbatore,B30,26-35,Female,24.5,Cheque,Verified
INV003952,2025-04-04,120507,lumpsum,102823,Tamil Nadu,Chennai,T30,36-45,Male,48.8,Cheque,Verified
INV002593,2025-04-04,119095,sip,454,Madhya Pradesh,Indore,T30,36-45,Male,36.5,UPI,Pending
INV001887,2025-04-04,119092,sip,2305,Karnataka,Mysore,B30,26-35,Female,8.1,UPI,Verified
INV003893,2025-04-04,120844,sip,427,Karnataka,Bangalore,T30,46-55,Male,78.5,Cheque,Verified
INV004646,2025-04-04,119092,lumpsum,408996,Madhya Pradesh,Indore,T30,18-25,Female,5.5,Net Banking,Verified
INV001109,2025-04-04,119095,redemption,66634,Delhi,Noida,T30,26-35,Male,18.4,Net Banking,Verified
INV002402,2025-04-04,119095,sip,4690,Uttar Pradesh,Lucknow,T30,46-55,Male,55.5,Cheque,Pending
INV003301,2025-04-04,119599,sip,8844,Rajasthan,Udaipur,B30,26-35,Male,14.2,UPI,Verified
INV002446,2025-04-04,148568,sip,3273,Tamil Nadu,Coimbatore,B30,26-35,Male,12.9,Mandate,Verified
INV001811,2025-04-04,148568,sip,8131,Punjab,Amritsar,B30,18-25,Male,7.8,Mandate,Verified
INV003970,2025-04-04,120843,lumpsum,94122,Telangana,Hyderabad,T30,18-25,Male,4.1,Cheque,Verified
INV000419,2025-04-04,102886,sip,439,Haryana,Gurugram,T30,56+,Female,27.6,UPI,Verified
INV004028,2025-04-04,149322,sip,26952,Rajasthan,Jaipur,T30,18-25,Male,3.3,Net Banking,Verified
INV004335,2025-04-04,148567,sip,25880,Gujarat,Ahmedabad,T30,26-35,Female,6.6,Cheque,Verified
INV003331,2025-04-04,118636,sip,4582,Karnataka,Bangalore,T30,26-35,Female,7.1,Cheque,Pending
INV000289,2025-04-04,149323,sip,22155,Delhi,Gurugram,T30,36-45,Male,54.2,Cheque,Verified
INV004872,2025-04-04,148568,redemption,583821,West Bengal,Kolkata,T30,26-35,Male,13.8,Cheque,Verified
INV004661,2025-04-04,119599,sip,7630,Maharashtra,Nashik,B30,26-35,Male,9.8,UPI,Pending
INV001844,2025-04-04,120843,lumpsum,241320,West Bengal,Kolkata,T30,26-35,Female,18.8,Cheque,Verified
INV000132,2025-04-04,120843,sip,58826,Karnataka,Bangalore,T30,46-55,Female,37.1,Mandate,Verified
INV004254,2025-04-04,119599,sip,946,Madhya Pradesh,Bhopal,B30,36-45,Male,58.3,Cheque,Verified
INV003817,2025-04-04,149324,lumpsum,105619,Gujarat,Surat,T30,26-35,Male,9.0,Mandate,Verified
INV001159,2025-04-04,149322,lumpsum,454540,Gujarat,Ahmedabad,T30,46-55,Female,29.4,Mandate,Verified
INV002258,2025-04-04,148568,lumpsum,409573,Madhya Pradesh,Bhopal,B30,36-45,Male,33.7,Net Banking,Verified
INV001339,2025-04-04,149322,sip,2734,Gujarat,Ahmedabad,T30,46-55,Male,88.8,UPI,Verified
INV003664,2025-04-04,118636,sip,4893,Rajasthan,Udaipur,B30,46-55,Male,29.4,Cheque,Verified
INV001494,2025-04-04,120507,sip,6089,Madhya Pradesh,Indore,T30,18-25,Male,5.7,Cheque,Verified
INV001040,2025-04-04,120841,sip,987,Punjab,Chandigarh,T30,56+,Female,43.4,Net Banking,Verified
INV001930,2025-04-04,119551,redemption,221495,Tamil Nadu,Chennai,T30,26-35,Female,8.8,UPI,Verified
INV004781,2025-04-04,119094,lumpsum,44425,Haryana,Faridabad,B30,18-25,Female,5.7,Cheque,Verified
INV001980,2025-04-04,119095,sip,1037,Tamil Nadu,Chennai,T30,26-35,Female,21.1,Cheque,Verified
INV003559,2025-04-04,119120,sip,21509,Uttar Pradesh,Kanpur,B30,26-35,Female,9.4,Mandate,Verified
INV000133,2025-04-04,102886,lumpsum,396240,Karnataka,Bangalore,T30,26-35,Female,11.5,Net Banking,Verified
INV004483,2025-04-04,119094,lumpsum,561386,Tamil Nadu,Chennai,T30,46-55,Female,72.3,Cheque,Verified
INV003258,2025-04-04,120507,sip,29126,Rajasthan,Udaipur,B30,26-35,Male,14.7,UPI,Verified
INV000959,2025-04-04,120507,sip,4525,Haryana,Faridabad,B30,46-55,Male,33.9,Mandate,Verified
INV001549,2025-04-05,148568,lumpsum,13780,Haryana,Gurugram,T30,36-45,Male,19.5,Mandate,Verified
INV000023,2025-04-05,148569,sip,5284,West Bengal,Kolkata,T30,46-55,Female,61.9,Cheque,Verified
INV004871,2025-04-05,120504,sip,2290,Punjab,Chandigarh,T30,26-35,Male,9.2,Cheque,Pending
INV002326,2025-04-05,118632,sip,4642,Telangana,Hyderabad,T30,36-45,Female,33.2,Net Banking,Verified
INV001784,2025-04-05,119095,lumpsum,87767,Madhya Pradesh,Bhopal,B30,26-35,Male,15.5,Net Banking,Verified
INV003597,2025-04-05,119551,lumpsum,153109,Punjab,Chandigarh,T30,18-25,Male,5.6,Cheque,Verified
INV002534,2025-04-05,102885,redemption,264852,Madhya Pradesh,Indore,T30,46-55,Male,31.0,UPI,Pending
INV000441,2025-04-05,125497,sip,5801,Tamil Nadu,Chennai,T30,26-35,Female,8.3,Cheque,Pending
INV004646,2025-04-05,125497,sip,1905,Madhya Pradesh,Indore,T30,18-25,Female,5.5,UPI,Verified
INV001079,2025-04-05,125498,lumpsum,171636,West Bengal,Kolkata,T30,26-35,Male,10.1,Net Banking,Verified
INV001904,2025-04-05,119598,redemption,98699,West Bengal,Kolkata,T30,36-45,Female,55.0,Net Banking,Pending
INV002189,2025-04-05,100033,lumpsum,162832,Uttar Pradesh,Lucknow,T30,36-45,Male,37.4,UPI,Pending
INV001597,2025-04-05,119552,sip,27855,West Bengal,Kolkata,T30,36-45,Male,46.1,UPI,Verified
INV003981,2025-04-05,100016,sip,2438,Haryana,Faridabad,B30,46-55,Male,46.7,Mandate,Verified
INV001311,2025-04-05,118636,sip,1788,Telangana,Hyderabad,T30,26-35,Male,20.9,Cheque,Pending
INV000039,2025-04-05,119095,sip,28830,Madhya Pradesh,Bhopal,B30,26-35,Male,6.5,Cheque,Verified
INV001641,2025-04-05,118635,sip,8452,Haryana,Faridabad,B30,26-35,Male,15.4,Net Banking,Verified
INV004900,2025-04-05,120503,redemption,227387,Delhi,Noida,T30,36-45,Male,32.1,UPI,Verified
INV000418,2025-04-05,120843,lumpsum,387280,Rajasthan,Jaipur,T30,26-35,Female,13.6,UPI,Pending
INV000911,2025-04-05,101207,sip,49460,Madhya Pradesh,Bhopal,B30,26-35,Female,20.1,Net Banking,Verified
INV004361,2025-04-05,148567,sip,6424,Haryana,Faridabad,B30,26-35,Female,18.4,Cheque,Verified
INV002533,2025-04-05,118634,lumpsum,30666,Haryana,Faridabad,B30,46-55,Male,73.5,Mandate,Verified
INV002111,2025-04-05,120504,sip,6651,Telangana,Hyderabad,T30,36-45,Female,29.2,Mandate,Pending
INV000721,2025-04-05,120842,sip,8806,Maharashtra,Nashik,B30,36-45,Male,59.1,Cheque,Verified
INV004443,2025-04-05,100016,sip,501,Maharashtra,Nashik,B30,26-35,Female,13.0,Mandate,Verified
INV002095,2025-04-05,120503,redemption,280093,Punjab,Amritsar,B30,26-35,Male,9.2,Cheque,Verified
INV000307,2025-04-05,120841,redemption,311757,Telangana,Hyderabad,T30,18-25,Male,7.8,Cheque,Verified
INV004473,2025-04-05,102887,sip,2357,Karnataka,Mysore,B30,18-25,Male,5.6,Net Banking,Verified
INV000994,2025-04-05,119094,lumpsum,67103,Maharashtra,Pune,T30,26-35,Female,6.1,Net Banking,Pending
INV004411,2025-04-05,120507,lumpsum,223375,Maharashtra,Mumbai,T30,26-35,Female,13.8,Cheque,Verified
INV003188,2025-04-05,118636,sip,2646,Tamil Nadu,Coimbatore,B30,26-35,Male,11.0,Cheque,Verified
INV001509,2025-04-05,120503,sip,1882,West Bengal,Kolkata,T30,18-25,Male,8.0,Mandate,Pending
INV002034,2025-04-05,148569,lumpsum,269740,Uttar Pradesh,Lucknow,T30,26-35,Male,10.0,Cheque,Verified
INV000403,2025-04-05,119094,lumpsum,446276,Rajasthan,Jaipur,T30,18-25,Female,7.7,Cheque,Pending
INV004885,2025-04-05,102887,lumpsum,205827,Punjab,Amritsar,B30,26-35,Male,11.7,Cheque,Verified
INV004179,2025-04-05,100016,sip,10791,Maharashtra,Pune,T30,26-35,Female,19.3,Net Banking,Verified
INV000204,2025-04-05,120843,redemption,464869,Punjab,Chandigarh,T30,36-45,Male,17.7,Cheque,Verified
INV002696,2025-04-05,119598,redemption,210730,Punjab,Amritsar,B30,18-25,Male,7.1,UPI,Verified
INV002407,2025-04-05,119094,sip,3067,West Bengal,Kolkata,T30,36-45,Male,35.9,UPI,Verified
INV004619,2025-04-05,119092,redemption,354341,Gujarat,Ahmedabad,T30,46-55,Male,47.9,Mandate,Verified
INV002684,2025-04-05,100025,redemption,54182,Delhi,New Delhi,T30,36-45,Female,56.2,Mandate,Verified
INV003987,2025-04-05,101206,lumpsum,202747,Tamil Nadu,Coimbatore,B30,26-35,Female,24.1,Net Banking,Verified
INV002832,2025-04-05,102886,lumpsum,450241,Uttar Pradesh,Lucknow,T30,26-35,Male,15.9,Cheque,Verified
INV001836,2025-04-05,148567,redemption,223426,Uttar Pradesh,Agra,B30,26-35,Male,17.4,Cheque,Verified
INV003191,2025-04-05,120506,sip,9560,Madhya Pradesh,Bhopal,B30,18-25,Female,6.8,Mandate,Verified
INV003310,2025-04-05,101206,sip,951,Telangana,Hyderabad,T30,26-35,Male,8.0,Cheque,Verified
INV001356,2025-04-05,149323,sip,8631,Gujarat,Ahmedabad,T30,26-35,Male,19.7,UPI,Verified
INV000129,2025-04-05,101206,redemption,203736,Punjab,Amritsar,B30,26-35,Female,21.4,Net Banking,Verified
INV000272,2025-04-05,120506,sip,55006,Karnataka,Mysore,B30,46-55,Male,24.8,Net Banking,Verified
INV000555,2025-04-05,101206,sip,26273,Tamil Nadu,Coimbatore,B30,26-35,Female,24.6,UPI,Verified
INV002807,2025-04-05,148568,lumpsum,312672,Madhya Pradesh,Indore,T30,46-55,Male,26.7,Net Banking,Verified
INV000183,2025-04-05,148569,sip,56386,Tamil Nadu,Coimbatore,B30,26-35,Male,9.8,Net Banking,Verified
INV004091,2025-04-05,118636,redemption,63809,Tamil Nadu,Chennai,T30,26-35,Male,7.2,UPI,Verified
INV001958,2025-04-05,118635,lumpsum,304672,Gujarat,Surat,T30,36-45,Male,57.7,Cheque,Verified
INV000894,2025-04-05,120842,sip,12971,Tamil Nadu,Coimbatore,B30,36-45,Female,32.0,Mandate,Verified
INV002275,2025-04-05,119551,sip,41982,Maharashtra,Mumbai,T30,18-25,Male,7.1,Cheque,Verified
INV004547,2025-04-05,120841,sip,4989,Madhya Pradesh,Bhopal,B30,36-45,Female,42.8,UPI,Verified
INV000470,2025-04-05,120844,sip,23091,Madhya Pradesh,Bhopal,B30,26-35,Male,17.8,Net Banking,Verified
INV002869,2025-04-05,119094,sip,9647,Haryana,Faridabad,B30,26-35,Male,19.9,Net Banking,Verified
INV001103,2025-04-05,120507,lumpsum,281617,Karnataka,Mysore,B30,26-35,Female,6.4,Net Banking,Verified
INV001108,2025-04-05,119552,redemption,162528,Karnataka,Bangalore,T30,26-35,Male,23.1,Cheque,Verified
INV004254,2025-04-05,120844,sip,2620,Madhya Pradesh,Bhopal,B30,36-45,Male,58.3,Net Banking,Verified
INV001858,2025-04-05,148567,sip,8391,Punjab,Amritsar,B30,36-45,Male,16.6,Net Banking,Verified
INV004306,2025-04-05,119094,sip,20942,Telangana,Hyderabad,T30,26-35,Female,20.4,UPI,Verified
INV001287,2025-04-06,119092,redemption,186672,Telangana,Hyderabad,T30,36-45,Female,19.1,UPI,Verified
INV001579,2025-04-06,119093,redemption,111886,Karnataka,Bangalore,T30,46-55,Male,71.1,UPI,Verified
INV001595,2025-04-06,149324,lumpsum,425658,Gujarat,Ahmedabad,T30,56+,Male,78.5,UPI,Verified
INV004104,2025-04-06,118634,lumpsum,336808,Tamil Nadu,Coimbatore,B30,26-35,Male,10.5,UPI,Verified
INV001314,2025-04-06,119552,sip,1071,Gujarat,Ahmedabad,T30,26-35,Female,19.2,Cheque,Verified
INV003459,2025-04-06,102886,sip,5524,Karnataka,Mysore,B30,26-35,Female,23.5,Cheque,Verified
INV004142,2025-04-06,148568,lumpsum,282935,West Bengal,Kolkata,T30,26-35,Male,12.0,Cheque,Verified
INV004259,2025-04-06,119551,redemption,399233,Tamil Nadu,Chennai,T30,26-35,Female,24.3,Net Banking,Verified
INV000522,2025-04-06,120843,lumpsum,465431,Punjab,Chandigarh,T30,26-35,Female,10.8,Cheque,Verified
INV003805,2025-04-06,118636,sip,2309,Madhya Pradesh,Indore,T30,26-35,Female,17.0,Cheque,Verified
INV001256,2025-04-06,119095,sip,13121,West Bengal,Kolkata,T30,18-25,Male,7.0,Net Banking,Verified
INV001740,2025-04-06,118632,sip,17898,Uttar Pradesh,Kanpur,B30,36-45,Female,53.9,Cheque,Verified
INV003102,2025-04-06,120503,lumpsum,159511,Maharashtra,Pune,T30,18-25,Male,4.3,Cheque,Verified
INV001241,2025-04-06,125497,sip,5954,Tamil Nadu,Chennai,T30,36-45,Female,18.3,Net Banking,Verified
INV002060,2025-04-06,125497,sip,25739,Madhya Pradesh,Indore,T30,36-45,Male,31.8,UPI,Verified
INV000981,2025-04-06,119552,redemption,127608,West Bengal,Kolkata,T30,36-45,Female,59.7,UPI,Verified
INV004252,2025-04-06,119552,sip,28574,Haryana,Faridabad,B30,36-45,Male,58.7,Mandate,Verified
INV000533,2025-04-06,125498,sip,59960,Rajasthan,Jaipur,T30,56+,Male,25.1,UPI,Verified
INV004160,2025-04-06,148568,sip,2856,Uttar Pradesh,Kanpur,B30,18-25,Male,3.9,Cheque,Verified
INV000966,2025-04-06,101207,lumpsum,60065,Telangana,Hyderabad,T30,26-35,Male,22.8,UPI,Verified
INV000899,2025-04-06,100016,sip,29679,Tamil Nadu,Chennai,T30,36-45,Male,51.7,UPI,Verified
INV002862,2025-04-06,148567,sip,1644,Telangana,Hyderabad,T30,56+,Male,72.7,UPI,Verified
INV001619,2025-04-06,120507,sip,10381,Uttar Pradesh,Lucknow,T30,36-45,Male,20.7,Net Banking,Verified
INV004135,2025-04-06,120841,sip,2493,Tamil Nadu,Coimbatore,B30,26-35,Female,18.7,Net Banking,Verified
INV003475,2025-04-06,125498,sip,2200,Telangana,Hyderabad,T30,26-35,Male,20.7,UPI,Verified
INV003473,2025-04-06,101208,redemption,357217,Telangana,Hyderabad,T30,26-35,Male,16.5,Net Banking,Verified
INV003793,2025-04-06,102885,sip,1042,Delhi,New Delhi,T30,46-55,Male,94.3,UPI,Verified
INV001566,2025-04-06,119599,sip,5930,West Bengal,Kolkata,T30,18-25,Male,7.8,Cheque,Verified
INV000972,2025-04-06,118635,lumpsum,462564,Telangana,Hyderabad,T30,18-25,Female,5.9,Cheque,Verified
INV002900,2025-04-06,119552,sip,13022,Haryana,Faridabad,B30,26-35,Female,14.2,Cheque,Verified
INV002099,2025-04-06,118632,sip,6379,Tamil Nadu,Chennai,T30,36-45,Female,34.9,UPI,Verified
INV001690,2025-04-06,101206,sip,25230,Rajasthan,Jaipur,T30,36-45,Male,27.6,Cheque,Verified
INV002018,2025-04-06,100025,lumpsum,507719,Uttar Pradesh,Agra,B30,26-35,Female,18.0,UPI,Verified
INV004339,2025-04-06,120505,sip,9500,Uttar Pradesh,Lucknow,T30,26-35,Female,7.3,Cheque,Verified
INV001982,2025-04-06,119092,sip,9579,Karnataka,Mysore,B30,26-35,Male,14.9,Net Banking,Verified
INV000613,2025-04-06,119598,redemption,189413,Uttar Pradesh,Lucknow,T30,26-35,Male,11.5,Net Banking,Verified
INV000402,2025-04-06,119093,lumpsum,257816,Telangana,Hyderabad,T30,18-25,Male,4.8,Net Banking,Verified
INV002655,2025-04-06,125498,sip,57952,Haryana,Faridabad,B30,56+,Male,44.4,Net Banking,Verified
INV003633,2025-04-06,119095,lumpsum,247375,Madhya Pradesh,Bhopal,B30,26-35,Male,11.8,UPI,Verified
INV002187,2025-04-06,102885,sip,1729,Tamil Nadu,Chennai,T30,36-45,Male,15.0,UPI,Verified
INV003017,2025-04-06,101206,lumpsum,412755,West Bengal,Kolkata,T30,56+,Male,75.3,Cheque,Verified
INV003015,2025-04-06,149322,sip,40332,Madhya Pradesh,Indore,T30,18-25,Male,4.4,UPI,Verified
INV002716,2025-04-06,149322,sip,4576,Tamil Nadu,Chennai,T30,56+,Female,47.4,Net Banking,Verified
INV002465,2025-04-06,120503,sip,10828,Rajasthan,Jaipur,T30,26-35,Female,7.0,Cheque,Verified
INV004913,2025-04-06,100016,sip,1748,Rajasthan,Udaipur,B30,26-35,Male,8.6,UPI,Verified
INV004694,2025-04-06,118635,sip,8277,Gujarat,Surat,T30,26-35,Male,9.9,UPI,Verified
INV004956,2025-04-06,125497,sip,2100,Maharashtra,Mumbai,T30,46-55,Male,62.4,Mandate,Verified
INV002153,2025-04-06,119095,sip,8407,Maharashtra,Nashik,B30,18-25,Female,3.5,Cheque,Verified
INV001053,2025-04-06,148567,lumpsum,366925,West Bengal,Kolkata,T30,46-55,Female,79.0,UPI,Verified
INV001810,2025-04-06,118635,sip,595,Uttar Pradesh,Kanpur,B30,26-35,Female,10.1,Mandate,Verified
INV002520,2025-04-06,118632,lumpsum,260832,Tamil Nadu,Chennai,T30,36-45,Male,48.9,Net Banking,Verified
INV001180,2025-04-06,120506,sip,2950,Telangana,Hyderabad,T30,26-35,Male,10.5,Cheque,Pending
INV004452,2025-04-06,100033,redemption,378854,Rajasthan,Udaipur,B30,26-35,Male,17.6,Cheque,Pending
INV001880,2025-04-06,120507,sip,2575,Madhya Pradesh,Bhopal,B30,26-35,Male,23.0,Mandate,Verified
INV002555,2025-04-06,120844,sip,4490,Gujarat,Ahmedabad,T30,36-45,Male,24.5,UPI,Verified
INV001165,2025-04-06,149324,sip,24993,Delhi,Noida,T30,46-55,Female,48.5,Cheque,Verified
INV000612,2025-04-06,120844,sip,2887,Punjab,Amritsar,B30,18-25,Male,6.3,Net Banking,Verified
INV002541,2025-04-06,148569,lumpsum,277250,Karnataka,Mysore,B30,46-55,Male,63.8,Mandate,Pending
INV001870,2025-04-06,118632,sip,59998,Madhya Pradesh,Indore,T30,26-35,Male,19.3,Net Banking,Pending
INV004344,2025-04-06,125497,lumpsum,481481,Haryana,Faridabad,B30,26-35,Male,13.5,Cheque,Verified
INV003329,2025-04-06,119095,sip,22411,Madhya Pradesh,Indore,T30,56+,Male,25.2,Mandate,Pending
INV002982,2025-04-06,101207,redemption,398897,Gujarat,Surat,T30,36-45,Male,22.1,UPI,Verified
INV004445,2025-04-06,148568,sip,26223,Delhi,Noida,T30,36-45,Male,25.7,UPI,Verified
INV004288,2025-04-06,149324,sip,6821,Punjab,Amritsar,B30,18-25,Female,6.1,Cheque,Verified
INV001058,2025-04-06,100033,sip,887,Uttar Pradesh,Kanpur,B30,36-45,Male,28.2,Mandate,Verified
INV003681,2025-04-06,125498,lumpsum,433499,Telangana,Hyderabad,T30,26-35,Female,17.4,Mandate,Verified
INV000137,2025-04-07,120503,lumpsum,338750,Rajasthan,Jaipur,T30,26-35,Female,12.0,UPI,Verified
INV001775,2025-04-07,118633,sip,2029,Uttar Pradesh,Kanpur,B30,26-35,Female,8.3,UPI,Verified
INV002040,2025-04-07,119092,sip,20267,Karnataka,Mysore,B30,36-45,Female,49.1,Cheque,Verified
INV002350,2025-04-07,120844,lumpsum,76267,Tamil Nadu,Chennai,T30,26-35,Male,23.0,Mandate,Verified
INV004741,2025-04-07,119092,sip,3042,Telangana,Hyderabad,T30,26-35,Female,24.9,UPI,Verified
INV004044,2025-04-07,100033,redemption,136744,Rajasthan,Jaipur,T30,46-55,Male,82.3,Net Banking,Verified
INV003734,2025-04-07,119092,sip,412,Tamil Nadu,Coimbatore,B30,56+,Male,70.3,Cheque,Pending
INV001825,2025-04-07,120842,lumpsum,325563,Haryana,Faridabad,B30,26-35,Male,21.7,Cheque,Verified
INV002598,2025-04-07,119120,sip,1766,Uttar Pradesh,Lucknow,T30,26-35,Male,14.6,Net Banking,Verified
INV002950,2025-04-07,119598,sip,8407,Madhya Pradesh,Indore,T30,46-55,Female,37.4,Net Banking,Verified
INV001970,2025-04-07,119552,redemption,161584,Gujarat,Surat,T30,36-45,Male,55.1,Mandate,Verified
INV001906,2025-04-07,101208,sip,15051,Tamil Nadu,Coimbatore,B30,36-45,Female,55.6,UPI,Verified
INV002331,2025-04-07,119551,redemption,132828,Haryana,Gurugram,T30,26-35,Female,22.6,UPI,Verified
INV001851,2025-04-07,120844,sip,517,Gujarat,Ahmedabad,T30,26-35,Male,16.2,Mandate,Verified
INV003395,2025-04-07,119120,sip,24732,Gujarat,Ahmedabad,T30,36-45,Male,39.2,Mandate,Verified
INV000851,2025-04-07,148567,lumpsum,265394,Tamil Nadu,Chennai,T30,36-45,Male,39.2,Mandate,Verified
INV002777,2025-04-07,100033,lumpsum,408646,Madhya Pradesh,Indore,T30,26-35,Male,10.6,Cheque,Verified
INV003727,2025-04-07,125497,sip,2027,Gujarat,Surat,T30,18-25,Female,7.2,UPI,Verified
INV003528,2025-04-07,102887,sip,1745,Madhya Pradesh,Bhopal,B30,18-25,Female,3.6,Net Banking,Verified
INV001623,2025-04-07,101207,redemption,163472,Gujarat,Surat,T30,26-35,Female,17.3,Mandate,Verified
INV003844,2025-04-07,120507,sip,16467,Maharashtra,Nashik,B30,26-35,Female,15.9,Mandate,Verified
INV001033,2025-04-07,102885,sip,17157,Punjab,Amritsar,B30,36-45,Male,19.9,Cheque,Verified
INV000495,2025-04-07,100033,lumpsum,165149,Gujarat,Surat,T30,26-35,Female,7.6,Cheque,Verified
INV004140,2025-04-07,102885,lumpsum,386512,Punjab,Amritsar,B30,46-55,Female,41.6,UPI,Verified
INV004096,2025-04-07,120506,lumpsum,439475,Tamil Nadu,Coimbatore,B30,36-45,Male,57.1,Mandate,Verified
INV000495,2025-04-07,119092,redemption,205742,Gujarat,Surat,T30,26-35,Female,7.6,Net Banking,Verified
INV004319,2025-04-07,148569,sip,7177,Gujarat,Surat,T30,18-25,Male,3.9,Cheque,Verified
INV003342,2025-04-07,149324,redemption,77874,Tamil Nadu,Chennai,T30,56+,Male,32.8,Mandate,Verified
INV000623,2025-04-07,119599,lumpsum,88234,Tamil Nadu,Chennai,T30,46-55,Male,48.9,Net Banking,Verified
INV001507,2025-04-07,118635,sip,2855,Uttar Pradesh,Lucknow,T30,26-35,Male,20.4,Net Banking,Verified
INV003902,2025-04-07,118636,lumpsum,168063,Karnataka,Mysore,B30,26-35,Male,23.1,Mandate,Verified
INV001508,2025-04-07,148567,lumpsum,508657,Tamil Nadu,Coimbatore,B30,46-55,Male,63.3,UPI,Verified
INV001291,2025-04-07,120503,lumpsum,231562,Uttar Pradesh,Lucknow,T30,46-55,Male,89.1,Cheque,Verified
INV001591,2025-04-07,100016,sip,2875,Rajasthan,Jaipur,T30,56+,Male,28.1,Net Banking,Verified
INV001757,2025-04-07,120506,lumpsum,172956,Telangana,Hyderabad,T30,46-55,Male,87.3,Net Banking,Verified
INV000242,2025-04-07,120843,redemption,280493,Maharashtra,Nashik,B30,36-45,Male,40.2,UPI,Verified
INV000949,2025-04-07,118635,sip,836,Tamil Nadu,Coimbatore,B30,26-35,Male,11.2,UPI,Verified
INV000998,2025-04-07,101206,sip,2433,Haryana,Gurugram,T30,26-35,Female,13.2,Net Banking,Verified
INV004628,2025-04-07,118632,sip,3259,Madhya Pradesh,Bhopal,B30,36-45,Male,27.2,UPI,Verified
INV001395,2025-04-07,102885,lumpsum,228006,Telangana,Hyderabad,T30,56+,Male,53.5,Mandate,Verified
INV003181,2025-04-07,102885,lumpsum,111840,Karnataka,Bangalore,T30,18-25,Female,3.9,Cheque,Verified
INV003586,2025-04-07,119092,sip,504,Haryana,Faridabad,B30,46-55,Male,68.9,Net Banking,Verified
INV001620,2025-04-07,102885,sip,6845,Punjab,Amritsar,B30,26-35,Male,8.1,Net Banking,Verified
INV000314,2025-04-07,120844,redemption,257363,West Bengal,Kolkata,T30,26-35,Male,20.5,Mandate,Verified
INV001315,2025-04-07,120844,redemption,166814,Telangana,Hyderabad,T30,46-55,Female,32.9,UPI,Verified
INV001319,2025-04-07,149323,lumpsum,272291,Delhi,Gurugram,T30,26-35,Female,20.8,Mandate,Verified
INV001118,2025-04-07,101206,lumpsum,10145,Haryana,Gurugram,T30,18-25,Male,6.7,UPI,Verified
INV000319,2025-04-07,118636,sip,2206,Maharashtra,Mumbai,T30,56+,Male,74.8,Mandate,Verified
INV001455,2025-04-07,119599,sip,5420,Madhya Pradesh,Indore,T30,36-45,Male,26.8,Cheque,Verified
INV004524,2025-04-07,119092,sip,15699,Gujarat,Surat,T30,18-25,Male,4.3,Net Banking,Verified
INV003920,2025-04-07,118635,redemption,339906,Punjab,Chandigarh,T30,26-35,Male,20.3,Mandate,Pending
INV004974,2025-04-08,119095,sip,2043,Gujarat,Ahmedabad,T30,56+,Female,62.6,Cheque,Verified
INV000761,2025-04-08,148567,sip,54988,Rajasthan,Udaipur,B30,18-25,Female,7.5,Cheque,Verified
INV004559,2025-04-08,148567,redemption,266608,West Bengal,Kolkata,T30,26-35,Male,15.9,Net Banking,Verified
INV003252,2025-04-08,118632,sip,25221,Tamil Nadu,Chennai,T30,46-55,Male,95.5,Mandate,Verified
INV003165,2025-04-08,119120,sip,4005,Punjab,Amritsar,B30,26-35,Male,19.4,Cheque,Verified
INV002761,2025-04-08,118635,sip,22750,Rajasthan,Jaipur,T30,26-35,Male,14.9,UPI,Verified
INV001772,2025-04-08,120841,sip,8758,Telangana,Hyderabad,T30,36-45,Male,31.2,Mandate,Verified
INV004883,2025-04-08,102885,sip,9626,West Bengal,Kolkata,T30,26-35,Male,9.7,Net Banking,Verified
INV000930,2025-04-08,125497,lumpsum,460432,Rajasthan,Udaipur,B30,18-25,Female,4.1,Mandate,Verified
INV002770,2025-04-08,101207,lumpsum,226935,West Bengal,Kolkata,T30,36-45,Female,21.5,Net Banking,Verified
INV000784,2025-04-08,149322,lumpsum,59590,Tamil Nadu,Chennai,T30,36-45,Male,19.6,Net Banking,Verified
INV003708,2025-04-08,149322,redemption,458929,Punjab,Amritsar,B30,46-55,Male,38.6,Net Banking,Verified
INV003150,2025-04-08,125498,lumpsum,51891,Gujarat,Ahmedabad,T30,26-35,Female,13.6,Net Banking,Verified
INV001867,2025-04-08,149324,lumpsum,350738,Rajasthan,Jaipur,T30,26-35,Male,22.1,Mandate,Pending
INV003849,2025-04-08,119598,sip,17720,Karnataka,Mysore,B30,26-35,Male,7.6,Mandate,Verified
INV004418,2025-04-08,119598,sip,5358,Haryana,Faridabad,B30,26-35,Female,23.2,Mandate,Verified
INV003978,2025-04-08,148569,sip,1194,Telangana,Hyderabad,T30,26-35,Female,6.2,UPI,Verified
INV004508,2025-04-08,120841,sip,14696,Punjab,Amritsar,B30,36-45,Female,36.5,Mandate,Verified
INV003865,2025-04-08,101206,sip,2645,Gujarat,Ahmedabad,T30,18-25,Female,3.3,UPI,Verified
INV004469,2025-04-08,119598,lumpsum,58119,Delhi,Noida,T30,26-35,Female,24.1,UPI,Verified
INV004868,2025-04-08,100016,sip,9366,Karnataka,Bangalore,T30,36-45,Male,49.4,Mandate,Pending
INV003527,2025-04-08,149324,sip,414,Telangana,Hyderabad,T30,36-45,Female,26.2,Cheque,Verified
INV002586,2025-04-08,119093,sip,3101,West Bengal,Kolkata,T30,26-35,Female,9.1,UPI,Verified
INV000065,2025-04-08,149323,sip,47265,Maharashtra,Mumbai,T30,46-55,Female,43.2,UPI,Verified
INV002368,2025-04-08,119552,sip,2364,Telangana,Hyderabad,T30,26-35,Male,13.7,Mandate,Verified
INV000104,2025-04-08,101208,lumpsum,417829,Madhya Pradesh,Indore,T30,26-35,Male,8.1,Cheque,Verified
INV001300,2025-04-08,148567,redemption,245122,Uttar Pradesh,Agra,B30,36-45,Female,53.8,Mandate,Pending
INV003211,2025-04-08,120842,sip,43293,Uttar Pradesh,Lucknow,T30,36-45,Male,55.1,UPI,Pending
INV001067,2025-04-08,120843,sip,3111,Haryana,Gurugram,T30,26-35,Male,16.6,Mandate,Verified
INV003374,2025-04-08,118636,sip,816,Karnataka,Mysore,B30,26-35,Male,15.8,Mandate,Verified
INV003430,2025-04-08,119092,sip,529,Gujarat,Ahmedabad,T30,26-35,Female,14.8,Mandate,Verified
INV003412,2025-04-08,120842,lumpsum,72438,Rajasthan,Jaipur,T30,18-25,Male,7.8,Net Banking,Pending
INV000452,2025-04-08,102885,sip,418,Tamil Nadu,Coimbatore,B30,26-35,Male,18.1,UPI,Verified
INV003613,2025-04-08,119094,sip,3051,Punjab,Amritsar,B30,26-35,Male,13.5,Cheque,Verified
INV004689,2025-04-08,118635,lumpsum,133410,West Bengal,Kolkata,T30,26-35,Male,25.0,Mandate,Verified
INV002994,2025-04-08,119599,lumpsum,54606,Karnataka,Mysore,B30,18-25,Male,8.0,UPI,Verified
INV000810,2025-04-08,102885,sip,3254,Rajasthan,Jaipur,T30,26-35,Male,11.2,Net Banking,Verified
INV001007,2025-04-08,102887,lumpsum,425825,West Bengal,Kolkata,T30,18-25,Male,7.2,Net Banking,Verified
INV001618,2025-04-08,125497,redemption,251571,Karnataka,Bangalore,T30,56+,Female,28.0,Cheque,Verified
INV002677,2025-04-08,100025,sip,3298,Telangana,Hyderabad,T30,56+,Male,21.7,Mandate,Verified
INV002751,2025-04-08,120505,redemption,322995,Delhi,New Delhi,T30,36-45,Male,45.4,Net Banking,Verified
INV003453,2025-04-08,119599,sip,8474,Punjab,Chandigarh,T30,36-45,Male,56.3,Mandate,Verified
INV002179,2025-04-08,120843,lumpsum,372154,Haryana,Gurugram,T30,26-35,Female,12.0,Net Banking,Verified
INV000288,2025-04-08,118634,sip,5869,Telangana,Hyderabad,T30,26-35,Male,10.1,Net Banking,Verified
INV003387,2025-04-08,120843,lumpsum,318624,Gujarat,Ahmedabad,T30,36-45,Male,15.4,Cheque,Verified
INV003713,2025-04-08,120844,lumpsum,13394,West Bengal,Kolkata,T30,36-45,Female,29.9,UPI,Verified
INV004892,2025-04-08,120841,sip,994,West Bengal,Kolkata,T30,26-35,Female,22.7,Net Banking,Verified
INV003516,2025-04-08,120841,sip,9931,Delhi,Gurugram,T30,36-45,Female,14.0,Cheque,Pending
INV003995,2025-04-08,119599,sip,4350,Uttar Pradesh,Agra,B30,36-45,Female,33.8,UPI,Verified
INV003994,2025-04-08,119093,sip,40466,Punjab,Amritsar,B30,18-25,Male,4.5,Mandate,Verified
INV004511,2025-04-08,119599,sip,14102,Gujarat,Ahmedabad,T30,46-55,Female,43.6,Cheque,Verified
INV001788,2025-04-08,120507,sip,47137,Tamil Nadu,Chennai,T30,18-25,Female,4.8,UPI,Verified
INV001391,2025-04-09,119598,redemption,540893,Madhya Pradesh,Bhopal,B30,36-45,Male,18.5,Mandate,Verified
INV003407,2025-04-09,148568,sip,4940,West Bengal,Kolkata,T30,26-35,Male,6.7,Mandate,Verified
INV000912,2025-04-09,100033,sip,10180,Haryana,Faridabad,B30,36-45,Male,26.7,Net Banking,Verified
INV003908,2025-04-09,120504,sip,465,Tamil Nadu,Coimbatore,B30,26-35,Female,13.8,Cheque,Verified
INV000497,2025-04-09,120843,sip,1040,Madhya Pradesh,Bhopal,B30,36-45,Male,45.7,Cheque,Verified
INV000205,2025-04-09,148569,sip,10083,Haryana,Faridabad,B30,18-25,Male,4.4,Mandate,Verified
INV003957,2025-04-09,120843,sip,15777,Delhi,Noida,T30,36-45,Male,30.9,Cheque,Verified
INV001664,2025-04-09,149323,lumpsum,254965,Karnataka,Mysore,B30,36-45,Female,30.3,Net Banking,Verified
INV002633,2025-04-09,100025,redemption,218084,Karnataka,Bangalore,T30,26-35,Female,8.1,Mandate,Verified
INV002913,2025-04-09,101206,sip,21655,Delhi,New Delhi,T30,56+,Male,28.5,Cheque,Verified
INV002961,2025-04-09,118635,sip,2631,Gujarat,Ahmedabad,T30,26-35,Male,13.0,Mandate,Pending
INV001990,2025-04-09,120504,sip,2789,Punjab,Amritsar,B30,26-35,Male,9.3,Mandate,Verified
INV002307,2025-04-09,119599,sip,28161,Gujarat,Ahmedabad,T30,26-35,Male,24.2,Mandate,Pending
INV004034,2025-04-09,102886,redemption,338703,Karnataka,Mysore,B30,46-55,Male,71.0,Net Banking,Pending
INV002291,2025-04-09,120503,lumpsum,492687,Telangana,Hyderabad,T30,26-35,Male,8.2,Net Banking,Verified
INV004686,2025-04-09,119120,sip,29197,Punjab,Amritsar,B30,36-45,Female,37.2,Cheque,Verified
INV001998,2025-04-09,119094,sip,1016,Haryana,Faridabad,B30,26-35,Male,19.2,Mandate,Verified
INV003808,2025-04-09,120842,lumpsum,265408,Madhya Pradesh,Bhopal,B30,46-55,Female,62.5,UPI,Verified
INV004587,2025-04-09,100033,lumpsum,304990,Uttar Pradesh,Kanpur,B30,18-25,Male,4.0,Cheque,Verified
INV001398,2025-04-09,119552,lumpsum,140030,Madhya Pradesh,Indore,T30,26-35,Female,18.4,Mandate,Verified
INV000493,2025-04-09,120843,sip,44398,Punjab,Chandigarh,T30,18-25,Male,4.2,UPI,Pending
INV004498,2025-04-09,149322,lumpsum,38109,Punjab,Chandigarh,T30,26-35,Male,6.7,Net Banking,Pending
INV000662,2025-04-09,119551,sip,13167,Gujarat,Surat,T30,36-45,Female,20.1,Net Banking,Verified
INV004506,2025-04-09,120507,sip,8840,Karnataka,Mysore,B30,46-55,Male,76.9,Mandate,Verified
INV003582,2025-04-09,118632,sip,8426,Uttar Pradesh,Kanpur,B30,36-45,Male,43.1,Mandate,Verified
INV004776,2025-04-09,119551,sip,8268,Punjab,Chandigarh,T30,36-45,Male,22.9,Mandate,Verified
INV000855,2025-04-09,119551,sip,1185,Maharashtra,Pune,T30,56+,Male,57.1,Cheque,Verified
INV000100,2025-04-09,118633,sip,58723,Rajasthan,Udaipur,B30,56+,Male,57.2,Mandate,Verified
INV000331,2025-04-09,120844,lumpsum,200432,Madhya Pradesh,Indore,T30,36-45,Male,15.5,UPI,Verified
INV003708,2025-04-09,120507,lumpsum,354016,Punjab,Amritsar,B30,46-55,Male,38.6,Net Banking,Verified
INV002415,2025-04-09,100016,sip,47287,West Bengal,Kolkata,T30,36-45,Male,13.9,Mandate,Verified
INV000580,2025-04-09,119551,lumpsum,312314,Uttar Pradesh,Agra,B30,56+,Male,31.8,Mandate,Verified
INV004833,2025-04-09,119120,lumpsum,437811,Madhya Pradesh,Bhopal,B30,26-35,Female,16.5,Cheque,Pending
INV003731,2025-04-09,102887,sip,576,Tamil Nadu,Coimbatore,B30,26-35,Female,9.9,Net Banking,Verified
INV002658,2025-04-09,118633,lumpsum,143656,Madhya Pradesh,Indore,T30,26-35,Female,16.8,Mandate,Verified
INV000558,2025-04-09,100025,redemption,394171,Punjab,Chandigarh,T30,56+,Female,22.1,UPI,Verified
INV001282,2025-04-09,149324,sip,9883,West Bengal,Kolkata,T30,18-25,Female,5.2,UPI,Verified
INV004574,2025-04-09,120503,sip,7982,Maharashtra,Mumbai,T30,36-45,Male,54.3,Mandate,Verified
INV001877,2025-04-09,119093,sip,551,Tamil Nadu,Coimbatore,B30,56+,Male,62.1,Net Banking,Verified
INV000954,2025-04-09,118636,sip,3076,Haryana,Faridabad,B30,26-35,Female,8.3,UPI,Verified
INV000309,2025-04-09,102886,lumpsum,483980,Delhi,Gurugram,T30,26-35,Male,18.1,Cheque,Verified
INV001376,2025-04-09,120844,sip,590,Gujarat,Surat,T30,26-35,Male,15.8,Mandate,Verified
INV001359,2025-04-09,100033,sip,439,Haryana,Gurugram,T30,36-45,Female,41.8,Cheque,Verified
INV000177,2025-04-10,118636,sip,999,Rajasthan,Jaipur,T30,26-35,Male,17.6,Mandate,Verified
INV002495,2025-04-10,101208,redemption,104369,Maharashtra,Nashik,B30,26-35,Male,6.6,Net Banking,Verified
INV001047,2025-04-10,148569,lumpsum,194029,Tamil Nadu,Chennai,T30,56+,Female,78.8,UPI,Verified
INV000537,2025-04-10,118634,sip,5883,Uttar Pradesh,Lucknow,T30,36-45,Female,42.3,Net Banking,Verified
INV001969,2025-04-10,118636,lumpsum,546315,Uttar Pradesh,Kanpur,B30,26-35,Male,9.7,Cheque,Verified
INV000263,2025-04-10,100016,sip,58446,Madhya Pradesh,Bhopal,B30,56+,Male,21.8,Cheque,Verified
INV003668,2025-04-10,118636,sip,444,West Bengal,Kolkata,T30,36-45,Female,44.1,UPI,Verified
INV001623,2025-04-10,119095,sip,861,Gujarat,Surat,T30,26-35,Female,17.3,UPI,Verified
INV000073,2025-04-10,120506,sip,4776,Punjab,Amritsar,B30,18-25,Male,5.5,UPI,Verified
INV002967,2025-04-10,101206,sip,16226,Karnataka,Mysore,B30,18-25,Female,4.7,Mandate,Verified
INV001971,2025-04-10,120505,sip,7386,Gujarat,Ahmedabad,T30,26-35,Male,21.0,Cheque,Verified
INV002626,2025-04-10,119120,sip,8121,Karnataka,Bangalore,T30,36-45,Male,29.4,Net Banking,Verified
INV003847,2025-04-10,120843,sip,2637,Telangana,Hyderabad,T30,26-35,Male,19.7,Net Banking,Verified
INV000607,2025-04-10,149324,lumpsum,164795,Rajasthan,Jaipur,T30,56+,Male,33.9,Cheque,Verified
INV004945,2025-04-10,102887,sip,5904,West Bengal,Kolkata,T30,36-45,Female,56.8,UPI,Verified
INV002343,2025-04-10,100016,sip,5446,Punjab,Amritsar,B30,26-35,Male,22.1,Mandate,Verified
INV000243,2025-04-10,149323,sip,29199,Punjab,Chandigarh,T30,26-35,Male,21.5,Cheque,Verified
INV003829,2025-04-10,149323,sip,503,Punjab,Amritsar,B30,36-45,Male,55.6,Mandate,Verified
INV003007,2025-04-10,119093,redemption,128820,Haryana,Faridabad,B30,26-35,Male,21.8,Cheque,Verified
INV002198,2025-04-10,119092,sip,5624,Delhi,Gurugram,T30,36-45,Female,43.3,Net Banking,Verified
INV000853,2025-04-10,119598,sip,6183,Punjab,Chandigarh,T30,26-35,Female,8.0,Net Banking,Verified
INV002655,2025-04-10,120843,redemption,226689,Haryana,Faridabad,B30,56+,Male,44.4,UPI,Verified
INV000774,2025-04-10,100025,sip,20996,Telangana,Hyderabad,T30,36-45,Male,34.9,UPI,Verified
INV001308,2025-04-10,119598,sip,1978,Rajasthan,Jaipur,T30,36-45,Male,19.3,Mandate,Verified
INV001241,2025-04-10,120505,sip,1847,Tamil Nadu,Chennai,T30,36-45,Female,18.3,UPI,Verified
INV000466,2025-04-10,118633,sip,14459,Haryana,Faridabad,B30,18-25,Male,4.4,Mandate,Verified
INV004840,2025-04-10,120507,lumpsum,373299,Maharashtra,Pune,T30,18-25,Male,6.5,Mandate,Pending
INV004376,2025-04-10,120844,lumpsum,227097,West Bengal,Kolkata,T30,46-55,Female,92.6,Cheque,Verified
INV003964,2025-04-10,118635,sip,2650,Punjab,Chandigarh,T30,26-35,Male,16.7,Mandate,Verified
INV002928,2025-04-10,118632,lumpsum,223067,Tamil Nadu,Coimbatore,B30,26-35,Male,9.4,UPI,Verified
INV002834,2025-04-10,120843,lumpsum,52184,West Bengal,Kolkata,T30,18-25,Male,6.9,Cheque,Verified
INV000858,2025-04-10,100025,lumpsum,149672,Tamil Nadu,Chennai,T30,36-45,Female,28.7,UPI,Verified
INV002387,2025-04-10,149322,lumpsum,279066,Telangana,Hyderabad,T30,26-35,Male,13.1,Mandate,Verified
INV000181,2025-04-10,118635,redemption,103213,Uttar Pradesh,Lucknow,T30,36-45,Male,36.2,Cheque,Verified
INV003604,2025-04-10,119092,sip,23413,Punjab,Chandigarh,T30,18-25,Female,7.4,UPI,Verified
INV003958,2025-04-10,148568,sip,1072,Haryana,Faridabad,B30,18-25,Male,6.6,Cheque,Verified
INV002933,2025-04-10,119598,redemption,287274,Madhya Pradesh,Indore,T30,36-45,Female,39.4,Cheque,Verified
INV000733,2025-04-10,125498,redemption,11947,Uttar Pradesh,Lucknow,T30,18-25,Male,3.9,Cheque,Verified
INV000104,2025-04-10,149322,sip,6434,Madhya Pradesh,Indore,T30,26-35,Male,8.1,Net Banking,Verified
INV001804,2025-04-10,102886,lumpsum,463602,Punjab,Amritsar,B30,26-35,Male,20.1,Net Banking,Pending
INV002322,2025-04-10,120504,sip,5281,Tamil Nadu,Chennai,T30,18-25,Male,3.3,Cheque,Verified
INV004988,2025-04-10,100016,sip,21548,Delhi,Noida,T30,56+,Male,69.6,Mandate,Verified
INV003223,2025-04-10,120841,sip,850,Tamil Nadu,Coimbatore,B30,26-35,Male,15.4,Net Banking,Verified
INV002416,2025-04-10,149322,lumpsum,451804,Telangana,Hyderabad,T30,26-35,Female,15.2,Mandate,Verified
INV002892,2025-04-10,149323,sip,1078,West Bengal,Kolkata,T30,18-25,Male,4.4,Mandate,Verified
INV004098,2025-04-10,119551,sip,1790,Delhi,Noida,T30,26-35,Male,11.3,Net Banking,Verified
INV001375,2025-04-10,119094,sip,2141,Haryana,Gurugram,T30,18-25,Male,6.3,Mandate,Pending
INV002399,2025-04-10,118634,sip,13638,Gujarat,Ahmedabad,T30,46-55,Female,34.7,Net Banking,Verified
INV000671,2025-04-10,125498,lumpsum,105156,Uttar Pradesh,Agra,B30,36-45,Female,15.3,Net Banking,Verified
INV000394,2025-04-10,120503,redemption,113970,Maharashtra,Mumbai,T30,26-35,Male,12.2,UPI,Verified
INV000874,2025-04-10,119092,sip,16521,Tamil Nadu,Chennai,T30,56+,Male,19.1,Cheque,Verified
INV002260,2025-04-10,118636,redemption,511461,Telangana,Hyderabad,T30,26-35,Female,10.1,Mandate,Verified
INV004314,2025-04-10,119092,sip,52358,Haryana,Gurugram,T30,26-35,Male,19.2,Cheque,Verified
INV004731,2025-04-10,119120,redemption,474839,Punjab,Amritsar,B30,26-35,Male,17.6,Cheque,Verified
INV001510,2025-04-10,120503,sip,15303,Gujarat,Surat,T30,26-35,Male,15.4,Cheque,Verified
INV002134,2025-04-10,118633,lumpsum,353967,Rajasthan,Udaipur,B30,26-35,Male,24.8,Cheque,Verified
INV004066,2025-04-10,148569,sip,24890,Gujarat,Surat,T30,46-55,Male,30.8,UPI,Verified
INV003277,2025-04-10,149322,lumpsum,435273,Rajasthan,Jaipur,T30,18-25,Male,3.3,Mandate,Verified
INV004677,2025-04-10,125497,lumpsum,382161,Punjab,Amritsar,B30,26-35,Male,6.2,UPI,Pending
INV001107,2025-04-10,119120,lumpsum,301772,Gujarat,Ahmedabad,T30,26-35,Male,19.5,UPI,Verified
INV001393,2025-04-11,118632,sip,24059,Punjab,Chandigarh,T30,56+,Male,67.6,Net Banking,Verified
INV004787,2025-04-11,119599,sip,6437,Haryana,Faridabad,B30,26-35,Male,8.2,UPI,Verified
INV003487,2025-04-11,100025,redemption,456349,Gujarat,Ahmedabad,T30,26-35,Female,12.0,Mandate,Pending
INV002098,2025-04-11,102886,sip,552,Gujarat,Ahmedabad,T30,26-35,Male,15.6,Cheque,Verified
INV001928,2025-04-11,102886,sip,7150,Telangana,Hyderabad,T30,46-55,Female,29.2,Net Banking,Verified
INV002792,2025-04-11,102886,redemption,282179,Gujarat,Surat,T30,18-25,Male,3.6,Mandate,Verified
INV003532,2025-04-11,149323,lumpsum,40185,Punjab,Amritsar,B30,36-45,Female,18.8,Mandate,Verified
INV000082,2025-04-11,119120,sip,2532,Rajasthan,Udaipur,B30,26-35,Female,19.6,Cheque,Verified
INV001724,2025-04-11,120506,sip,5682,Madhya Pradesh,Indore,T30,26-35,Female,11.9,UPI,Verified
INV004646,2025-04-11,102886,sip,541,Madhya Pradesh,Indore,T30,18-25,Female,5.5,UPI,Verified
INV000510,2025-04-11,149322,lumpsum,166794,West Bengal,Kolkata,T30,46-55,Male,55.0,Net Banking,Pending
INV000535,2025-04-11,119095,sip,510,Tamil Nadu,Coimbatore,B30,36-45,Male,18.7,Mandate,Verified
INV000417,2025-04-11,118636,sip,2262,Haryana,Gurugram,T30,26-35,Female,13.5,UPI,Verified
INV001413,2025-04-11,120505,sip,50745,Karnataka,Bangalore,T30,36-45,Male,41.8,Mandate,Pending
INV004614,2025-04-11,148567,sip,22504,Delhi,New Delhi,T30,18-25,Male,7.7,Cheque,Verified
INV001641,2025-04-11,102886,redemption,339374,Haryana,Faridabad,B30,26-35,Male,15.4,UPI,Pending
INV004517,2025-04-11,119552,sip,6040,West Bengal,Kolkata,T30,46-55,Female,68.5,Net Banking,Verified
INV003457,2025-04-11,125497,sip,2522,Karnataka,Bangalore,T30,36-45,Male,48.6,UPI,Verified
INV002388,2025-04-11,120505,lumpsum,76209,Haryana,Faridabad,B30,18-25,Male,4.8,Mandate,Verified
INV001893,2025-04-11,100016,sip,14725,Punjab,Chandigarh,T30,26-35,Female,12.7,UPI,Verified
INV002019,2025-04-11,120506,sip,477,Delhi,New Delhi,T30,36-45,Male,19.8,UPI,Verified
INV003324,2025-04-11,120507,redemption,184940,Karnataka,Mysore,B30,26-35,Male,20.7,Mandate,Verified
INV002656,2025-04-11,125497,lumpsum,198657,Tamil Nadu,Coimbatore,B30,26-35,Male,9.6,Net Banking,Pending
INV003759,2025-04-11,149324,redemption,28582,Haryana,Gurugram,T30,26-35,Male,6.1,Net Banking,Pending
INV003147,2025-04-11,148567,sip,8058,West Bengal,Kolkata,T30,26-35,Male,18.9,Cheque,Verified
INV002414,2025-04-11,120507,lumpsum,64163,Gujarat,Surat,T30,26-35,Female,24.1,Cheque,Verified
INV002722,2025-04-11,101206,sip,2305,Delhi,Noida,T30,36-45,Female,50.9,Net Banking,Verified
INV003882,2025-04-11,119598,sip,2690,Maharashtra,Nashik,B30,36-45,Male,51.6,UPI,Verified
INV001299,2025-04-11,125498,sip,1190,Haryana,Faridabad,B30,26-35,Male,19.9,Net Banking,Pending
INV000744,2025-04-11,100016,sip,13644,Uttar Pradesh,Kanpur,B30,56+,Female,49.8,Cheque,Verified
INV004100,2025-04-11,120841,redemption,399515,Delhi,Gurugram,T30,26-35,Male,20.7,Net Banking,Verified
INV003179,2025-04-11,100033,sip,26993,Rajasthan,Jaipur,T30,36-45,Male,53.3,UPI,Verified
INV000803,2025-04-11,102886,sip,10542,Karnataka,Mysore,B30,26-35,Female,20.6,UPI,Verified
INV004472,2025-04-11,148568,sip,6585,West Bengal,Kolkata,T30,26-35,Female,19.1,Mandate,Verified
INV002949,2025-04-11,120503,sip,53873,Rajasthan,Jaipur,T30,26-35,Female,16.8,Mandate,Verified
INV002566,2025-04-11,118633,lumpsum,236650,Uttar Pradesh,Kanpur,B30,26-35,Female,23.0,Mandate,Verified
INV002146,2025-04-11,120503,sip,25249,Telangana,Hyderabad,T30,26-35,Male,19.0,Mandate,Verified
INV001534,2025-04-11,149322,sip,2326,Tamil Nadu,Coimbatore,B30,36-45,Male,26.5,UPI,Verified
INV004446,2025-04-11,149324,sip,958,West Bengal,Kolkata,T30,26-35,Male,14.8,Cheque,Verified
INV003351,2025-04-11,120842,sip,8263,Delhi,New Delhi,T30,26-35,Male,9.5,Net Banking,Verified
INV003388,2025-04-11,149322,redemption,72161,Haryana,Faridabad,B30,56+,Female,39.3,Cheque,Verified
INV002867,2025-04-11,119095,sip,2659,West Bengal,Kolkata,T30,18-25,Male,5.0,Mandate,Verified
INV003053,2025-04-11,102887,lumpsum,76439,Delhi,Gurugram,T30,46-55,Male,57.4,Mandate,Verified
INV003597,2025-04-11,119598,sip,4733,Punjab,Chandigarh,T30,18-25,Male,5.6,Mandate,Verified
INV003669,2025-04-11,119552,sip,2899,West Bengal,Kolkata,T30,18-25,Female,7.8,Mandate,Verified
INV003665,2025-04-11,125498,sip,7254,Maharashtra,Nashik,B30,26-35,Female,11.8,Net Banking,Verified
INV002931,2025-04-11,149322,sip,1727,Tamil Nadu,Coimbatore,B30,56+,Female,32.4,Cheque,Verified
INV001824,2025-04-11,100033,redemption,253769,Tamil Nadu,Coimbatore,B30,26-35,Female,8.9,Cheque,Verified
INV002761,2025-04-11,120503,redemption,131403,Rajasthan,Jaipur,T30,26-35,Male,14.9,Mandate,Verified
INV002305,2025-04-11,119551,lumpsum,134048,Haryana,Gurugram,T30,36-45,Male,19.4,Net Banking,Verified
INV004943,2025-04-11,148568,sip,12779,Telangana,Hyderabad,T30,26-35,Male,8.8,Mandate,Verified
INV003918,2025-04-11,118636,redemption,298235,Madhya Pradesh,Indore,T30,56+,Male,51.2,Mandate,Verified
INV001359,2025-04-11,118634,sip,2195,Haryana,Gurugram,T30,36-45,Female,41.8,Cheque,Verified
INV002277,2025-04-11,102886,lumpsum,43267,Haryana,Gurugram,T30,26-35,Female,10.3,Mandate,Verified
INV003977,2025-04-12,101207,sip,29445,Rajasthan,Udaipur,B30,46-55,Male,77.8,Cheque,Pending
INV004711,2025-04-12,101208,redemption,239052,Rajasthan,Udaipur,B30,56+,Male,70.9,Net Banking,Verified
INV003146,2025-04-12,118635,sip,7746,Rajasthan,Udaipur,B30,26-35,Male,20.2,Net Banking,Verified
INV001001,2025-04-12,119092,sip,2246,Madhya Pradesh,Indore,T30,26-35,Female,20.7,Net Banking,Verified
INV001921,2025-04-12,120504,lumpsum,27251,Gujarat,Surat,T30,26-35,Female,13.5,Mandate,Verified
INV001323,2025-04-12,119092,sip,17888,Rajasthan,Jaipur,T30,36-45,Male,52.3,UPI,Verified
INV002394,2025-04-12,118635,sip,26412,Delhi,Gurugram,T30,46-55,Male,84.9,Net Banking,Verified
INV003226,2025-04-12,101206,lumpsum,42437,Haryana,Gurugram,T30,26-35,Male,21.5,Cheque,Verified
INV003118,2025-04-12,118634,redemption,156305,Uttar Pradesh,Lucknow,T30,26-35,Male,6.8,Cheque,Verified
INV001711,2025-04-12,102887,sip,912,Madhya Pradesh,Bhopal,B30,46-55,Male,99.0,Mandate,Verified
INV004950,2025-04-12,120844,sip,3529,Madhya Pradesh,Indore,T30,26-35,Male,9.8,Net Banking,Verified
INV002988,2025-04-12,120841,sip,2703,Uttar Pradesh,Kanpur,B30,36-45,Male,40.1,Mandate,Verified
INV003393,2025-04-12,125497,sip,21879,Delhi,New Delhi,T30,26-35,Male,17.1,Net Banking,Verified
INV000975,2025-04-12,102887,redemption,272585,Uttar Pradesh,Kanpur,B30,36-45,Male,22.6,Cheque,Verified
INV002270,2025-04-12,125497,lumpsum,97778,Madhya Pradesh,Indore,T30,46-55,Female,23.9,Net Banking,Verified
INV000046,2025-04-12,118635,lumpsum,156296,Gujarat,Ahmedabad,T30,26-35,Female,24.5,UPI,Verified
INV000081,2025-04-12,125498,redemption,376581,Gujarat,Surat,T30,36-45,Male,31.0,Cheque,Verified
INV002841,2025-04-12,120842,sip,4204,Uttar Pradesh,Kanpur,B30,26-35,Male,13.2,UPI,Verified
INV002513,2025-04-12,120506,sip,20111,Punjab,Amritsar,B30,26-35,Female,10.6,Mandate,Verified
INV000581,2025-04-12,119094,lumpsum,82150,Tamil Nadu,Coimbatore,B30,36-45,Male,26.4,Mandate,Verified
INV000454,2025-04-12,119551,sip,12465,Uttar Pradesh,Lucknow,T30,18-25,Female,6.6,UPI,Verified
INV002461,2025-04-12,120503,sip,1635,West Bengal,Kolkata,T30,26-35,Male,19.5,UPI,Verified
INV000722,2025-04-12,120503,lumpsum,510875,Punjab,Chandigarh,T30,26-35,Female,8.1,Cheque,Verified
INV002139,2025-04-12,119095,lumpsum,445855,Haryana,Gurugram,T30,36-45,Female,28.6,UPI,Verified
INV001333,2025-04-12,149324,sip,3401,Haryana,Faridabad,B30,26-35,Female,19.0,Mandate,Verified
INV002989,2025-04-12,100016,sip,5160,Haryana,Faridabad,B30,46-55,Male,16.3,UPI,Verified
INV000557,2025-04-12,100033,redemption,323686,West Bengal,Kolkata,T30,26-35,Male,10.3,Net Banking,Verified
INV004969,2025-04-12,120507,lumpsum,501214,Karnataka,Bangalore,T30,36-45,Male,40.2,Mandate,Verified
INV003202,2025-04-12,120505,sip,2113,Maharashtra,Pune,T30,46-55,Male,48.9,Mandate,Verified
INV003611,2025-04-12,118632,redemption,224334,Uttar Pradesh,Kanpur,B30,18-25,Male,4.8,Cheque,Verified
INV001977,2025-04-12,120844,sip,8706,Punjab,Amritsar,B30,18-25,Female,3.3,Mandate,Verified
INV001961,2025-04-12,148567,lumpsum,203368,Delhi,Gurugram,T30,26-35,Male,23.4,UPI,Verified
INV001605,2025-04-12,119093,lumpsum,272484,Uttar Pradesh,Kanpur,B30,26-35,Female,12.4,Mandate,Verified
INV002828,2025-04-12,118633,lumpsum,350636,West Bengal,Kolkata,T30,26-35,Male,21.8,UPI,Verified
INV002412,2025-04-12,149324,lumpsum,273399,Karnataka,Bangalore,T30,26-35,Male,11.4,UPI,Verified
INV003496,2025-04-12,120844,lumpsum,66572,Telangana,Hyderabad,T30,26-35,Male,14.9,Net Banking,Verified
INV000280,2025-04-12,149322,sip,17980,Punjab,Amritsar,B30,26-35,Female,22.9,UPI,Verified
INV001656,2025-04-12,149324,sip,3192,Madhya Pradesh,Bhopal,B30,26-35,Male,19.4,Mandate,Verified
INV002026,2025-04-12,100033,sip,43435,Telangana,Hyderabad,T30,26-35,Male,6.8,Cheque,Verified
INV003594,2025-04-12,120503,lumpsum,174589,Madhya Pradesh,Indore,T30,18-25,Male,5.8,Net Banking,Verified
INV002759,2025-04-12,119551,lumpsum,354050,Delhi,Noida,T30,36-45,Male,44.6,Mandate,Verified
INV004847,2025-04-12,119092,sip,4940,Maharashtra,Pune,T30,26-35,Female,7.0,Mandate,Verified
INV001479,2025-04-12,119092,sip,3043,Rajasthan,Udaipur,B30,26-35,Female,19.0,Net Banking,Verified
INV003130,2025-04-12,100033,redemption,127921,West Bengal,Kolkata,T30,18-25,Male,5.6,Mandate,Pending
INV004243,2025-04-12,100016,redemption,83177,Punjab,Amritsar,B30,36-45,Female,38.7,Mandate,Verified
INV000261,2025-04-12,119598,redemption,139957,Gujarat,Ahmedabad,T30,18-25,Male,3.5,Net Banking,Verified
INV003803,2025-04-12,118634,lumpsum,375831,Rajasthan,Jaipur,T30,26-35,Male,10.8,Net Banking,Verified
INV004280,2025-04-12,102886,lumpsum,178925,Rajasthan,Jaipur,T30,26-35,Female,8.5,Cheque,Verified
INV003951,2025-04-12,119120,sip,11820,Uttar Pradesh,Lucknow,T30,18-25,Male,7.8,UPI,Verified
INV000497,2025-04-12,125497,lumpsum,295357,Madhya Pradesh,Bhopal,B30,36-45,Male,45.7,UPI,Verified
INV002912,2025-04-12,101208,sip,1087,Maharashtra,Mumbai,T30,26-35,Female,23.6,UPI,Pending
INV001291,2025-04-12,119095,sip,8629,Uttar Pradesh,Lucknow,T30,46-55,Male,89.1,Cheque,Verified
INV003793,2025-04-12,148567,sip,57596,Delhi,New Delhi,T30,46-55,Male,94.3,Cheque,Verified
INV004492,2025-04-12,119552,sip,5975,Madhya Pradesh,Bhopal,B30,26-35,Male,18.6,Mandate,Pending
INV001844,2025-04-12,101207,sip,15302,West Bengal,Kolkata,T30,26-35,Female,18.8,Mandate,Verified
INV001425,2025-04-12,120503,sip,5857,Uttar Pradesh,Agra,B30,26-35,Male,16.8,Net Banking,Verified
INV002127,2025-04-12,102887,lumpsum,446935,Rajasthan,Udaipur,B30,18-25,Male,7.4,Net Banking,Verified
INV003713,2025-04-12,149324,sip,2356,West Bengal,Kolkata,T30,36-45,Female,29.9,Net Banking,Verified
INV002679,2025-04-12,120507,sip,57103,Uttar Pradesh,Agra,B30,36-45,Male,33.8,Cheque,Verified
INV002799,2025-04-12,118633,lumpsum,84735,Uttar Pradesh,Lucknow,T30,36-45,Male,50.5,UPI,Verified
INV002184,2025-04-12,119599,lumpsum,418302,Uttar Pradesh,Agra,B30,36-45,Female,38.1,Cheque,Verified
INV002277,2025-04-13,120841,sip,2072,Haryana,Gurugram,T30,26-35,Female,10.3,UPI,Verified
INV002654,2025-04-13,119095,sip,411,Delhi,New Delhi,T30,36-45,Female,38.2,UPI,Pending
INV004165,2025-04-13,120505,sip,9234,West Bengal,Kolkata,T30,26-35,Male,9.3,UPI,Verified
INV001547,2025-04-13,119598,lumpsum,363822,Tamil Nadu,Coimbatore,B30,36-45,Male,55.7,UPI,Verified
INV003696,2025-04-13,120503,sip,2631,Tamil Nadu,Coimbatore,B30,18-25,Female,4.0,Mandate,Verified
INV003248,2025-04-13,119093,sip,3269,Karnataka,Mysore,B30,26-35,Male,6.5,Mandate,Verified
INV004297,2025-04-13,120505,lumpsum,275071,Karnataka,Bangalore,T30,36-45,Female,19.5,Net Banking,Verified
INV002284,2025-04-13,119092,sip,24947,Karnataka,Bangalore,T30,36-45,Male,55.3,Net Banking,Verified
INV004922,2025-04-13,119551,sip,6521,Haryana,Gurugram,T30,56+,Male,28.2,UPI,Verified
INV003601,2025-04-13,120506,sip,27866,Haryana,Faridabad,B30,26-35,Female,17.0,Net Banking,Verified
INV004626,2025-04-13,149323,sip,2637,Telangana,Hyderabad,T30,18-25,Female,5.5,Net Banking,Verified
INV002207,2025-04-13,148569,sip,5011,Madhya Pradesh,Indore,T30,26-35,Female,6.6,Mandate,Verified
INV004780,2025-04-13,125498,sip,43017,Haryana,Gurugram,T30,36-45,Male,42.4,Mandate,Verified
INV004381,2025-04-13,119598,lumpsum,61953,West Bengal,Kolkata,T30,46-55,Female,27.2,Mandate,Verified
INV002910,2025-04-13,148568,sip,29517,Haryana,Faridabad,B30,26-35,Female,22.0,Net Banking,Verified
INV003770,2025-04-13,148569,lumpsum,272053,Gujarat,Surat,T30,46-55,Male,77.8,Cheque,Verified
INV004916,2025-04-13,102886,sip,9608,Haryana,Faridabad,B30,26-35,Male,12.5,Net Banking,Verified
INV001679,2025-04-13,101206,lumpsum,11769,Haryana,Faridabad,B30,36-45,Female,46.7,Mandate,Verified
INV003771,2025-04-13,148568,sip,2653,Telangana,Hyderabad,T30,46-55,Male,47.6,Mandate,Verified
INV001612,2025-04-13,102885,sip,2007,Haryana,Gurugram,T30,26-35,Female,12.0,Net Banking,Verified
INV003940,2025-04-13,119120,lumpsum,109140,West Bengal,Kolkata,T30,36-45,Male,21.6,Cheque,Verified
INV000774,2025-04-13,148567,sip,2929,Telangana,Hyderabad,T30,36-45,Male,34.9,Cheque,Verified
INV002359,2025-04-13,125497,lumpsum,136118,Gujarat,Ahmedabad,T30,36-45,Male,30.5,UPI,Verified
INV001584,2025-04-13,102885,redemption,66422,Maharashtra,Nashik,B30,26-35,Male,10.0,Cheque,Verified
INV000772,2025-04-13,149323,lumpsum,97200,Karnataka,Bangalore,T30,56+,Female,16.1,Mandate,Pending
INV001132,2025-04-13,148567,sip,6240,Uttar Pradesh,Lucknow,T30,46-55,Female,62.1,UPI,Verified
INV001625,2025-04-13,119095,lumpsum,198622,Uttar Pradesh,Kanpur,B30,46-55,Female,78.2,Cheque,Verified
INV000797,2025-04-13,125498,sip,50998,Rajasthan,Jaipur,T30,36-45,Female,53.7,Net Banking,Verified
INV003936,2025-04-13,120503,sip,586,Punjab,Chandigarh,T30,36-45,Male,19.8,Net Banking,Verified
INV000057,2025-04-13,120842,sip,28928,Tamil Nadu,Chennai,T30,36-45,Male,59.9,Net Banking,Verified
INV000671,2025-04-13,120844,lumpsum,307772,Uttar Pradesh,Agra,B30,36-45,Female,15.3,Net Banking,Verified
INV004493,2025-04-13,119598,sip,510,Tamil Nadu,Chennai,T30,36-45,Male,19.3,UPI,Verified
INV002631,2025-04-13,118633,redemption,495162,Uttar Pradesh,Kanpur,B30,46-55,Female,93.8,Cheque,Verified
INV001138,2025-04-13,120507,sip,1696,Haryana,Faridabad,B30,46-55,Female,81.3,Cheque,Pending
INV001220,2025-04-13,118636,lumpsum,56321,Punjab,Chandigarh,T30,36-45,Male,48.3,Cheque,Verified
INV001460,2025-04-13,101207,sip,12412,Uttar Pradesh,Kanpur,B30,36-45,Male,45.4,Mandate,Verified
INV000020,2025-04-13,101208,lumpsum,367585,Delhi,Noida,T30,36-45,Female,17.0,UPI,Verified
INV004942,2025-04-13,101207,lumpsum,125054,Maharashtra,Mumbai,T30,26-35,Female,6.3,Net Banking,Verified
INV000698,2025-04-13,119094,sip,7496,Madhya Pradesh,Bhopal,B30,18-25,Male,7.1,Cheque,Verified
INV001448,2025-04-13,119552,lumpsum,77723,Telangana,Hyderabad,T30,26-35,Female,14.2,UPI,Verified
INV002126,2025-04-13,125497,redemption,89696,Delhi,New Delhi,T30,26-35,Female,22.0,Cheque,Verified
INV004734,2025-04-13,119598,sip,4261,Uttar Pradesh,Kanpur,B30,36-45,Male,32.4,Mandate,Pending
INV000090,2025-04-13,101206,redemption,281549,Rajasthan,Udaipur,B30,26-35,Female,23.7,Net Banking,Verified
INV001304,2025-04-13,100025,lumpsum,302198,Gujarat,Ahmedabad,T30,26-35,Male,21.8,Cheque,Verified
INV003695,2025-04-13,100016,redemption,213469,Karnataka,Bangalore,T30,36-45,Male,31.0,Mandate,Verified
INV003899,2025-04-13,100016,sip,5317,Haryana,Gurugram,T30,36-45,Female,21.3,Net Banking,Verified
INV000783,2025-04-13,119552,lumpsum,186658,Gujarat,Ahmedabad,T30,46-55,Male,92.0,Mandate,Verified
INV000665,2025-04-13,118632,sip,16682,Rajasthan,Udaipur,B30,26-35,Female,6.6,Mandate,Verified
INV001024,2025-04-13,101208,redemption,284446,Uttar Pradesh,Agra,B30,18-25,Female,6.7,Mandate,Verified
INV000370,2025-04-13,119093,sip,6492,Delhi,Noida,T30,26-35,Female,12.4,Cheque,Pending
INV001990,2025-04-13,100033,lumpsum,254863,Punjab,Amritsar,B30,26-35,Male,9.3,Cheque,Verified
INV002766,2025-04-13,148569,sip,7074,Punjab,Chandigarh,T30,26-35,Female,8.7,UPI,Verified
INV003230,2025-04-13,119552,redemption,159930,Punjab,Amritsar,B30,18-25,Female,3.2,UPI,Verified
INV004836,2025-04-13,102886,sip,2773,West Bengal,Kolkata,T30,26-35,Male,8.3,UPI,Verified
INV002460,2025-04-13,119095,sip,2660,Madhya Pradesh,Bhopal,B30,36-45,Male,44.8,Cheque,Pending
INV003465,2025-04-13,118634,redemption,281266,Maharashtra,Pune,T30,36-45,Female,51.8,Net Banking,Verified
INV002488,2025-04-14,149322,sip,8061,Delhi,Gurugram,T30,26-35,Male,12.2,UPI,Verified
INV002331,2025-04-14,120503,lumpsum,464157,Haryana,Gurugram,T30,26-35,Female,22.6,UPI,Verified
INV000221,2025-04-14,101207,lumpsum,155254,Uttar Pradesh,Agra,B30,36-45,Female,46.2,UPI,Verified
INV004548,2025-04-14,100016,sip,58238,Delhi,Noida,T30,36-45,Female,58.1,Mandate,Verified
INV004687,2025-04-14,120843,redemption,182432,Madhya Pradesh,Bhopal,B30,36-45,Female,15.1,Net Banking,Verified
INV004791,2025-04-14,149322,lumpsum,122411,Telangana,Hyderabad,T30,18-25,Female,4.6,Net Banking,Verified
INV002339,2025-04-14,120507,lumpsum,41652,Delhi,New Delhi,T30,36-45,Male,46.4,Cheque,Verified
INV002786,2025-04-14,119599,sip,4868,Tamil Nadu,Coimbatore,B30,26-35,Female,13.3,Net Banking,Verified
INV002575,2025-04-14,149323,redemption,184714,West Bengal,Kolkata,T30,18-25,Male,7.9,Net Banking,Verified
INV000028,2025-04-14,101207,sip,932,Gujarat,Surat,T30,18-25,Female,6.1,Mandate,Verified
INV002954,2025-04-14,119094,redemption,71132,Delhi,New Delhi,T30,26-35,Female,6.0,Net Banking,Verified
INV002207,2025-04-14,118634,redemption,430286,Madhya Pradesh,Indore,T30,26-35,Female,6.6,Cheque,Verified
INV002992,2025-04-14,100016,redemption,26172,Tamil Nadu,Chennai,T30,26-35,Male,14.6,Mandate,Verified
INV002708,2025-04-14,101206,redemption,402250,Karnataka,Mysore,B30,26-35,Male,14.0,Net Banking,Verified
INV004596,2025-04-14,119093,lumpsum,20856,Rajasthan,Udaipur,B30,26-35,Male,22.8,UPI,Verified
INV002841,2025-04-14,119092,sip,2184,Uttar Pradesh,Kanpur,B30,26-35,Male,13.2,Cheque,Verified
INV000194,2025-04-14,120843,redemption,288609,Maharashtra,Pune,T30,36-45,Male,21.6,Mandate,Verified
INV002581,2025-04-14,119093,redemption,336586,Tamil Nadu,Chennai,T30,26-35,Male,21.4,Mandate,Verified
INV004848,2025-04-14,118636,lumpsum,239220,Haryana,Gurugram,T30,26-35,Male,15.6,UPI,Verified
INV000042,2025-04-14,119551,redemption,490971,Punjab,Amritsar,B30,26-35,Female,15.3,Mandate,Verified
INV004974,2025-04-14,125498,sip,8432,Gujarat,Ahmedabad,T30,56+,Female,62.6,Mandate,Verified
INV004543,2025-04-14,120506,lumpsum,91342,Karnataka,Mysore,B30,36-45,Female,50.1,Mandate,Verified
INV000148,2025-04-14,118636,sip,16300,Telangana,Hyderabad,T30,18-25,Female,3.5,Mandate,Verified
INV000621,2025-04-14,118634,lumpsum,20090,Rajasthan,Udaipur,B30,56+,Female,45.8,Net Banking,Verified
INV004152,2025-04-14,101208,redemption,136494,Rajasthan,Udaipur,B30,56+,Male,44.0,UPI,Verified
INV003215,2025-04-14,120842,redemption,409267,Gujarat,Surat,T30,26-35,Female,20.9,Mandate,Pending
INV001844,2025-04-14,125498,lumpsum,352669,West Bengal,Kolkata,T30,26-35,Female,18.8,Cheque,Verified
INV004281,2025-04-14,120503,lumpsum,548937,Rajasthan,Jaipur,T30,26-35,Female,15.9,Mandate,Pending
INV004512,2025-04-14,119551,sip,4709,Maharashtra,Mumbai,T30,26-35,Male,16.9,UPI,Verified
INV003695,2025-04-14,125498,sip,2112,Karnataka,Bangalore,T30,36-45,Male,31.0,Net Banking,Verified
INV001166,2025-04-14,148568,lumpsum,207397,Punjab,Chandigarh,T30,26-35,Male,21.4,UPI,Pending
INV003327,2025-04-14,119598,redemption,220785,Punjab,Chandigarh,T30,36-45,Female,42.7,UPI,Verified
INV000885,2025-04-14,149324,sip,47708,Gujarat,Ahmedabad,T30,26-35,Male,12.3,UPI,Verified
INV001287,2025-04-14,102886,sip,2329,Telangana,Hyderabad,T30,36-45,Female,19.1,UPI,Verified
INV003158,2025-04-14,102886,sip,4714,Karnataka,Mysore,B30,26-35,Male,21.1,Mandate,Verified
INV003308,2025-04-14,120844,sip,7571,Telangana,Hyderabad,T30,56+,Male,58.2,Mandate,Verified
INV000961,2025-04-14,101207,sip,2894,Rajasthan,Udaipur,B30,36-45,Male,17.2,UPI,Verified
INV003617,2025-04-14,149323,lumpsum,13977,Maharashtra,Pune,T30,36-45,Male,39.0,Cheque,Verified
INV004425,2025-04-14,119551,sip,1077,Haryana,Faridabad,B30,26-35,Female,18.6,Net Banking,Verified
INV001213,2025-04-14,120506,lumpsum,203207,Punjab,Amritsar,B30,36-45,Male,57.7,UPI,Verified
INV003913,2025-04-14,148567,sip,2301,Telangana,Hyderabad,T30,36-45,Male,51.7,UPI,Verified
INV000913,2025-04-14,148567,lumpsum,500105,Gujarat,Ahmedabad,T30,26-35,Female,22.5,UPI,Verified
INV001951,2025-04-14,119094,sip,4951,Punjab,Chandigarh,T30,26-35,Male,10.6,Net Banking,Verified
INV001570,2025-04-14,102887,redemption,196815,Maharashtra,Pune,T30,26-35,Male,16.0,UPI,Verified
INV004196,2025-04-14,120842,sip,49488,West Bengal,Kolkata,T30,46-55,Male,44.4,Cheque,Pending
INV004442,2025-04-14,120507,sip,1060,Haryana,Faridabad,B30,18-25,Male,5.8,Cheque,Verified
INV003998,2025-04-14,100025,lumpsum,320880,Telangana,Hyderabad,T30,26-35,Male,12.5,Mandate,Pending
INV003705,2025-04-14,120506,lumpsum,100100,Telangana,Hyderabad,T30,26-35,Male,8.0,Mandate,Verified
INV003140,2025-04-14,120843,sip,1790,West Bengal,Kolkata,T30,26-35,Male,16.9,Cheque,Verified
INV001391,2025-04-14,118634,sip,5906,Madhya Pradesh,Bhopal,B30,36-45,Male,18.5,Cheque,Verified
INV003892,2025-04-14,119552,sip,50761,Punjab,Amritsar,B30,46-55,Male,24.4,Cheque,Verified
INV001839,2025-04-14,118634,lumpsum,24985,Punjab,Chandigarh,T30,26-35,Male,18.6,UPI,Verified
INV001900,2025-04-14,120842,sip,875,Tamil Nadu,Coimbatore,B30,36-45,Female,19.7,Cheque,Verified
INV001912,2025-04-14,101206,lumpsum,481883,Haryana,Gurugram,T30,26-35,Male,10.4,Mandate,Verified
INV003824,2025-04-14,120503,sip,2823,Telangana,Hyderabad,T30,26-35,Male,9.4,Net Banking,Verified
INV003556,2025-04-14,118635,lumpsum,72900,Karnataka,Mysore,B30,18-25,Male,3.7,UPI,Verified
INV000830,2025-04-14,119552,sip,11524,Tamil Nadu,Chennai,T30,36-45,Female,43.0,UPI,Verified
INV000877,2025-04-14,119092,sip,56767,Telangana,Hyderabad,T30,36-45,Female,15.8,UPI,Verified
INV001635,2025-04-14,125497,lumpsum,55610,Tamil Nadu,Chennai,T30,26-35,Male,18.6,UPI,Verified
INV004202,2025-04-15,101207,sip,10473,West Bengal,Kolkata,T30,36-45,Female,56.9,Mandate,Verified
INV000487,2025-04-15,119093,redemption,438388,Telangana,Hyderabad,T30,36-45,Male,41.7,Cheque,Verified
INV003405,2025-04-15,120507,sip,4659,Rajasthan,Jaipur,T30,26-35,Male,11.5,Cheque,Verified
INV000913,2025-04-15,102887,lumpsum,203390,Gujarat,Ahmedabad,T30,26-35,Female,22.5,UPI,Verified
INV002304,2025-04-15,120505,sip,10476,Karnataka,Mysore,B30,46-55,Male,57.7,Net Banking,Verified
INV004366,2025-04-15,120842,redemption,295929,Delhi,New Delhi,T30,46-55,Female,81.1,Mandate,Verified
INV004410,2025-04-15,101208,sip,941,Tamil Nadu,Chennai,T30,36-45,Male,45.5,Net Banking,Verified
INV002737,2025-04-15,119094,redemption,144555,Gujarat,Ahmedabad,T30,18-25,Female,5.4,Mandate,Verified
INV004207,2025-04-15,120842,sip,5802,Gujarat,Ahmedabad,T30,56+,Female,53.3,Mandate,Verified
INV001275,2025-04-15,102885,redemption,334868,Delhi,Noida,T30,36-45,Female,37.4,Net Banking,Verified
INV001758,2025-04-15,119093,lumpsum,415268,Gujarat,Surat,T30,18-25,Female,7.9,Mandate,Verified
INV004371,2025-04-15,119092,sip,25410,Rajasthan,Udaipur,B30,26-35,Female,19.7,Net Banking,Verified
INV001373,2025-04-15,119552,lumpsum,98898,Madhya Pradesh,Indore,T30,26-35,Female,22.6,UPI,Verified
INV002211,2025-04-15,149323,sip,16844,Gujarat,Surat,T30,26-35,Male,11.3,Mandate,Pending
INV004857,2025-04-15,149323,lumpsum,286057,Delhi,Noida,T30,26-35,Male,15.3,UPI,Verified
INV000559,2025-04-15,119095,sip,1138,Madhya Pradesh,Indore,T30,26-35,Male,6.1,Net Banking,Verified
INV003526,2025-04-15,119552,sip,1970,Maharashtra,Nashik,B30,36-45,Male,24.2,Cheque,Verified
INV001771,2025-04-15,118635,lumpsum,265220,Gujarat,Surat,T30,46-55,Male,85.9,Net Banking,Pending
INV002458,2025-04-15,120842,sip,50247,West Bengal,Kolkata,T30,18-25,Male,7.1,Mandate,Verified
INV000642,2025-04-15,102885,sip,21407,Gujarat,Surat,T30,26-35,Male,15.6,Net Banking,Verified
INV000783,2025-04-15,125497,lumpsum,152245,Gujarat,Ahmedabad,T30,46-55,Male,92.0,UPI,Verified
INV001631,2025-04-15,119093,sip,5538,Haryana,Faridabad,B30,36-45,Male,55.9,Mandate,Verified
INV001269,2025-04-15,149322,sip,2232,Maharashtra,Mumbai,T30,26-35,Male,14.4,Mandate,Verified
INV003964,2025-04-15,119092,sip,5972,Punjab,Chandigarh,T30,26-35,Male,16.7,Cheque,Verified
INV003613,2025-04-15,149323,lumpsum,320148,Punjab,Amritsar,B30,26-35,Male,13.5,Mandate,Verified
INV001220,2025-04-15,102887,sip,817,Punjab,Chandigarh,T30,36-45,Male,48.3,UPI,Verified
INV004629,2025-04-15,100033,sip,17370,Karnataka,Bangalore,T30,18-25,Female,4.9,Net Banking,Verified
INV001779,2025-04-15,120844,lumpsum,492418,Telangana,Hyderabad,T30,36-45,Male,27.4,Cheque,Pending
INV000393,2025-04-15,120505,redemption,446392,Maharashtra,Mumbai,T30,36-45,Male,53.1,UPI,Verified
INV000867,2025-04-15,100016,lumpsum,299588,Delhi,Noida,T30,26-35,Male,20.6,Cheque,Verified
INV000042,2025-04-15,119599,sip,55677,Punjab,Amritsar,B30,26-35,Female,15.3,UPI,Verified
INV002626,2025-04-15,119599,sip,24480,Karnataka,Bangalore,T30,36-45,Male,29.4,Mandate,Pending
INV000806,2025-04-15,119120,lumpsum,410897,Maharashtra,Pune,T30,46-55,Male,90.4,Cheque,Verified
INV004602,2025-04-15,119552,sip,5885,Delhi,Noida,T30,26-35,Female,9.4,UPI,Verified
INV000275,2025-04-15,120503,redemption,223031,Karnataka,Mysore,B30,26-35,Male,10.2,Mandate,Verified
INV000613,2025-04-15,118636,sip,9023,Uttar Pradesh,Lucknow,T30,26-35,Male,11.5,UPI,Verified
INV001460,2025-04-15,119552,sip,4613,Uttar Pradesh,Kanpur,B30,36-45,Male,45.4,Mandate,Verified
INV004294,2025-04-15,149323,sip,53393,Punjab,Chandigarh,T30,56+,Female,76.0,Net Banking,Verified
INV001506,2025-04-15,118633,lumpsum,245881,Delhi,Noida,T30,26-35,Female,16.0,Net Banking,Verified
INV001169,2025-04-15,119093,sip,16238,Haryana,Gurugram,T30,36-45,Female,12.5,Net Banking,Verified
INV003995,2025-04-15,119599,sip,864,Uttar Pradesh,Agra,B30,36-45,Female,33.8,Net Banking,Verified
INV003185,2025-04-15,148568,sip,17836,Rajasthan,Udaipur,B30,26-35,Female,23.1,Cheque,Verified
INV002243,2025-04-15,119094,sip,2792,Tamil Nadu,Coimbatore,B30,26-35,Male,7.8,UPI,Verified
INV003033,2025-04-15,148568,sip,575,Gujarat,Ahmedabad,T30,36-45,Male,17.3,UPI,Verified
INV004876,2025-04-15,119095,sip,1053,Karnataka,Bangalore,T30,18-25,Male,7.1,Cheque,Pending
INV001986,2025-04-15,119095,sip,20459,Madhya Pradesh,Indore,T30,36-45,Female,17.4,Net Banking,Verified
INV000224,2025-04-15,119120,redemption,117055,Telangana,Hyderabad,T30,26-35,Male,23.6,Net Banking,Verified
INV001757,2025-04-15,149323,lumpsum,394463,Telangana,Hyderabad,T30,46-55,Male,87.3,Cheque,Verified
INV000588,2025-04-15,102885,sip,1886,Gujarat,Surat,T30,36-45,Female,28.6,Net Banking,Verified
INV002956,2025-04-15,120505,lumpsum,577928,Gujarat,Surat,T30,36-45,Female,53.7,UPI,Verified
INV004513,2025-04-15,119092,lumpsum,458839,Karnataka,Mysore,B30,36-45,Female,16.9,Cheque,Verified
INV001954,2025-04-15,148567,sip,12315,Uttar Pradesh,Agra,B30,26-35,Male,15.6,Net Banking,Verified
INV002145,2025-04-15,120841,redemption,449069,Delhi,Gurugram,T30,36-45,Male,32.8,UPI,Verified
INV004421,2025-04-15,120842,sip,2136,Punjab,Amritsar,B30,26-35,Male,20.5,Mandate,Verified
INV003223,2025-04-15,118635,sip,10085,Tamil Nadu,Coimbatore,B30,26-35,Male,15.4,Net Banking,Verified
INV002608,2025-04-15,118635,sip,42344,Uttar Pradesh,Agra,B30,36-45,Female,22.2,Net Banking,Pending
INV004015,2025-04-15,120503,sip,558,Maharashtra,Mumbai,T30,18-25,Female,7.6,UPI,Verified
INV000437,2025-04-16,120503,lumpsum,555270,Telangana,Hyderabad,T30,26-35,Female,6.1,Cheque,Verified
INV004961,2025-04-16,100016,lumpsum,25150,West Bengal,Kolkata,T30,36-45,Male,15.0,Cheque,Verified
INV001744,2025-04-16,102887,sip,1044,Karnataka,Mysore,B30,26-35,Male,15.9,Cheque,Verified
INV002629,2025-04-16,149322,sip,17760,Karnataka,Mysore,B30,36-45,Male,32.9,Net Banking,Verified
INV000274,2025-04-16,120844,sip,7002,Uttar Pradesh,Kanpur,B30,26-35,Male,23.7,Mandate,Verified
INV004443,2025-04-16,149323,lumpsum,438530,Maharashtra,Nashik,B30,26-35,Female,13.0,Cheque,Verified
INV000584,2025-04-16,119094,lumpsum,418795,Uttar Pradesh,Kanpur,B30,46-55,Female,20.9,Net Banking,Verified
INV000548,2025-04-16,120843,lumpsum,233831,Karnataka,Mysore,B30,36-45,Male,53.2,UPI,Verified
INV004225,2025-04-16,149322,lumpsum,152320,Karnataka,Bangalore,T30,26-35,Male,24.8,Net Banking,Verified
INV003779,2025-04-16,118633,sip,7704,Delhi,New Delhi,T30,26-35,Male,21.9,Mandate,Verified
INV004920,2025-04-16,119095,sip,7083,Rajasthan,Jaipur,T30,56+,Male,16.3,Net Banking,Verified
INV001174,2025-04-16,101207,lumpsum,131768,Maharashtra,Nashik,B30,36-45,Male,12.7,Cheque,Verified
INV001006,2025-04-16,100033,redemption,343183,Tamil Nadu,Coimbatore,B30,56+,Female,75.6,Mandate,Verified
INV004633,2025-04-16,120507,redemption,216174,Telangana,Hyderabad,T30,18-25,Female,4.9,Cheque,Pending
INV002131,2025-04-16,119092,redemption,183929,Madhya Pradesh,Bhopal,B30,46-55,Male,75.1,Net Banking,Verified
INV004917,2025-04-16,101206,sip,24703,Uttar Pradesh,Kanpur,B30,26-35,Male,18.3,Mandate,Verified
INV003590,2025-04-16,149324,sip,2701,Karnataka,Bangalore,T30,46-55,Female,23.1,Cheque,Verified
INV003920,2025-04-16,119551,sip,5083,Punjab,Chandigarh,T30,26-35,Male,20.3,Mandate,Verified
INV000189,2025-04-16,125497,lumpsum,105769,Uttar Pradesh,Lucknow,T30,36-45,Male,47.3,Net Banking,Verified
INV001145,2025-04-16,119552,sip,856,Delhi,Gurugram,T30,18-25,Female,4.3,Cheque,Verified
INV004938,2025-04-16,119092,sip,6595,Karnataka,Bangalore,T30,18-25,Male,6.3,UPI,Verified
INV002030,2025-04-16,148567,lumpsum,422384,Madhya Pradesh,Bhopal,B30,36-45,Male,31.7,UPI,Verified
INV003171,2025-04-16,119095,redemption,280716,Rajasthan,Jaipur,T30,36-45,Female,16.3,Mandate,Verified
INV003566,2025-04-16,119551,redemption,247946,Tamil Nadu,Coimbatore,B30,26-35,Male,8.7,Cheque,Verified
INV003536,2025-04-16,119551,redemption,388934,Maharashtra,Nashik,B30,36-45,Male,36.9,Mandate,Verified
INV000253,2025-04-16,149324,sip,26261,Delhi,New Delhi,T30,26-35,Female,7.2,Mandate,Verified
INV003936,2025-04-16,120841,lumpsum,493266,Punjab,Chandigarh,T30,36-45,Male,19.8,Net Banking,Verified
INV002668,2025-04-16,102885,lumpsum,290449,Delhi,Gurugram,T30,26-35,Male,9.8,Cheque,Pending
INV003158,2025-04-16,120503,sip,2074,Karnataka,Mysore,B30,26-35,Male,21.1,UPI,Verified
INV003158,2025-04-16,120506,sip,2388,Karnataka,Mysore,B30,26-35,Male,21.1,Net Banking,Verified
INV002896,2025-04-16,120507,sip,1905,Maharashtra,Nashik,B30,26-35,Male,21.5,Mandate,Verified
INV000079,2025-04-16,120504,sip,1079,Gujarat,Surat,T30,26-35,Male,17.0,Mandate,Verified
INV000032,2025-04-16,102885,redemption,374154,Delhi,Noida,T30,36-45,Male,21.8,Net Banking,Verified
INV001752,2025-04-16,125498,sip,1153,Rajasthan,Udaipur,B30,26-35,Female,13.4,Cheque,Verified
INV000616,2025-04-16,119092,lumpsum,542928,Maharashtra,Nashik,B30,36-45,Male,50.4,UPI,Verified
INV002882,2025-04-16,120503,redemption,304225,Gujarat,Ahmedabad,T30,36-45,Male,52.7,Cheque,Verified
INV003227,2025-04-16,100016,sip,2695,Maharashtra,Mumbai,T30,36-45,Male,41.8,UPI,Verified
INV003009,2025-04-16,118636,sip,3082,Karnataka,Bangalore,T30,26-35,Male,20.1,Cheque,Verified
INV001284,2025-04-16,102886,sip,24551,West Bengal,Kolkata,T30,36-45,Male,49.0,Mandate,Verified
INV002177,2025-04-16,118633,sip,2544,Haryana,Gurugram,T30,26-35,Male,13.2,Mandate,Verified
INV004237,2025-04-16,148569,sip,2430,Haryana,Faridabad,B30,36-45,Male,14.1,Cheque,Verified
INV003908,2025-04-16,101206,sip,3163,Tamil Nadu,Coimbatore,B30,26-35,Female,13.8,Mandate,Verified
INV000657,2025-04-16,101208,sip,2271,Tamil Nadu,Coimbatore,B30,26-35,Female,11.4,Mandate,Verified
INV001110,2025-04-16,120843,redemption,114866,Punjab,Amritsar,B30,26-35,Male,21.9,Net Banking,Verified
INV003381,2025-04-16,118636,redemption,14150,Madhya Pradesh,Indore,T30,36-45,Female,12.1,Net Banking,Verified
INV003324,2025-04-16,120843,redemption,576758,Karnataka,Mysore,B30,26-35,Male,20.7,Net Banking,Verified
INV001066,2025-04-16,101206,lumpsum,314748,Haryana,Gurugram,T30,26-35,Male,23.2,UPI,Verified
INV000530,2025-04-16,149323,lumpsum,46713,West Bengal,Kolkata,T30,18-25,Male,5.3,Mandate,Verified
INV000223,2025-04-16,120507,sip,3273,West Bengal,Kolkata,T30,26-35,Male,6.3,Cheque,Verified
INV003844,2025-04-16,125497,lumpsum,397726,Maharashtra,Nashik,B30,26-35,Female,15.9,UPI,Verified
INV001255,2025-04-16,149324,sip,2879,Punjab,Amritsar,B30,26-35,Male,14.3,Net Banking,Verified
INV001023,2025-04-16,119094,sip,4274,Gujarat,Ahmedabad,T30,36-45,Male,27.1,Cheque,Verified
INV000865,2025-04-16,100025,sip,26677,Tamil Nadu,Coimbatore,B30,26-35,Male,24.2,Cheque,Verified
INV003712,2025-04-16,101208,sip,55025,Maharashtra,Pune,T30,46-55,Male,82.6,Net Banking,Verified
INV000312,2025-04-16,100033,redemption,528668,Gujarat,Ahmedabad,T30,18-25,Male,7.1,Cheque,Verified
INV000495,2025-04-16,119120,lumpsum,210318,Gujarat,Surat,T30,26-35,Female,7.6,Cheque,Verified
INV000318,2025-04-16,125498,sip,8203,Madhya Pradesh,Bhopal,B30,46-55,Female,47.5,Net Banking,Verified
INV004283,2025-04-16,119095,sip,45663,Telangana,Hyderabad,T30,26-35,Male,9.6,UPI,Verified
INV002462,2025-04-16,119598,sip,7150,Madhya Pradesh,Indore,T30,36-45,Male,19.6,UPI,Verified
INV000221,2025-04-16,101207,sip,1147,Uttar Pradesh,Agra,B30,36-45,Female,46.2,Mandate,Verified
INV002744,2025-04-16,119120,sip,10686,Karnataka,Bangalore,T30,36-45,Male,25.9,UPI,Verified
INV001051,2025-04-16,120844,sip,6502,Haryana,Gurugram,T30,26-35,Male,8.2,Net Banking,Verified
INV004680,2025-04-16,118634,sip,409,Punjab,Chandigarh,T30,36-45,Male,26.8,Cheque,Pending
INV001895,2025-04-16,120841,lumpsum,208680,Gujarat,Ahmedabad,T30,36-45,Male,56.4,Net Banking,Verified
INV004166,2025-04-16,119552,redemption,189745,Telangana,Hyderabad,T30,26-35,Male,6.1,UPI,Verified
INV000072,2025-04-17,119599,redemption,590635,Gujarat,Ahmedabad,T30,18-25,Female,6.4,UPI,Verified
INV002869,2025-04-17,119599,lumpsum,147396,Haryana,Faridabad,B30,26-35,Male,19.9,Cheque,Verified
INV000830,2025-04-17,120844,sip,7824,Tamil Nadu,Chennai,T30,36-45,Female,43.0,Net Banking,Verified
INV003683,2025-04-17,101208,sip,10577,Telangana,Hyderabad,T30,26-35,Female,21.0,Net Banking,Verified
INV000701,2025-04-17,119552,sip,3199,West Bengal,Kolkata,T30,36-45,Female,55.6,Cheque,Verified
INV003927,2025-04-17,102885,sip,2058,Haryana,Gurugram,T30,36-45,Female,15.3,Cheque,Verified
INV001564,2025-04-17,148569,sip,8651,Haryana,Faridabad,B30,46-55,Male,43.2,Net Banking,Verified
INV003037,2025-04-17,119092,sip,1610,Telangana,Hyderabad,T30,18-25,Female,7.6,Cheque,Verified
INV002094,2025-04-17,120506,sip,29767,Punjab,Amritsar,B30,26-35,Female,25.0,Net Banking,Verified
INV001933,2025-04-17,102886,lumpsum,126992,Rajasthan,Udaipur,B30,26-35,Male,16.4,Mandate,Verified
INV003928,2025-04-17,119599,sip,51667,Rajasthan,Jaipur,T30,36-45,Male,22.8,UPI,Verified
INV003580,2025-04-17,101206,sip,17051,Gujarat,Ahmedabad,T30,26-35,Male,22.5,Mandate,Pending
INV003684,2025-04-17,102885,lumpsum,529049,Karnataka,Bangalore,T30,36-45,Male,42.9,Cheque,Verified
INV003043,2025-04-17,149323,sip,587,Karnataka,Bangalore,T30,26-35,Male,21.2,Mandate,Verified
INV000639,2025-04-17,102887,sip,53339,Tamil Nadu,Coimbatore,B30,18-25,Female,3.6,Cheque,Verified
INV001079,2025-04-17,102887,sip,58029,West Bengal,Kolkata,T30,26-35,Male,10.1,Cheque,Verified
INV003124,2025-04-17,148569,lumpsum,236095,West Bengal,Kolkata,T30,36-45,Male,28.8,Mandate,Verified
INV003345,2025-04-17,119095,sip,4704,Maharashtra,Pune,T30,26-35,Female,17.7,Cheque,Verified
INV002227,2025-04-17,101206,lumpsum,106087,Uttar Pradesh,Lucknow,T30,26-35,Female,12.5,Net Banking,Verified
INV002870,2025-04-17,148567,lumpsum,13883,Karnataka,Mysore,B30,26-35,Female,23.7,Net Banking,Verified
INV000038,2025-04-17,120504,lumpsum,237886,West Bengal,Kolkata,T30,56+,Female,22.4,Net Banking,Verified
INV003054,2025-04-17,102886,sip,4822,Telangana,Hyderabad,T30,56+,Female,77.1,Mandate,Verified
INV003815,2025-04-17,125498,sip,9785,Gujarat,Surat,T30,36-45,Male,38.7,Net Banking,Verified
INV003906,2025-04-17,102887,sip,820,Haryana,Faridabad,B30,36-45,Male,39.7,UPI,Verified
INV003355,2025-04-17,100025,redemption,441044,West Bengal,Kolkata,T30,26-35,Female,14.6,Mandate,Verified
INV002872,2025-04-17,119120,sip,417,West Bengal,Kolkata,T30,36-45,Male,47.5,Mandate,Verified
INV004025,2025-04-17,120506,lumpsum,294086,Gujarat,Ahmedabad,T30,56+,Male,18.7,Net Banking,Verified
INV002712,2025-04-17,120504,sip,20347,Karnataka,Bangalore,T30,46-55,Male,24.8,Mandate,Verified
INV001345,2025-04-17,120505,lumpsum,175458,Tamil Nadu,Coimbatore,B30,26-35,Male,17.3,UPI,Pending
INV001651,2025-04-17,120843,redemption,5101,Gujarat,Ahmedabad,T30,18-25,Male,4.1,Net Banking,Verified
INV002712,2025-04-17,101207,sip,9060,Karnataka,Bangalore,T30,46-55,Male,24.8,Cheque,Verified
INV004519,2025-04-17,101208,sip,9469,Tamil Nadu,Coimbatore,B30,18-25,Female,6.2,Cheque,Verified
INV001202,2025-04-17,120842,sip,6835,Karnataka,Bangalore,T30,26-35,Male,11.3,UPI,Pending
INV000709,2025-04-17,148569,lumpsum,256660,Telangana,Hyderabad,T30,26-35,Female,13.6,Mandate,Verified
INV000574,2025-04-17,118633,redemption,160777,Rajasthan,Jaipur,T30,46-55,Female,37.0,Net Banking,Verified
INV001671,2025-04-17,101208,sip,2769,Punjab,Chandigarh,T30,56+,Male,31.2,UPI,Verified
INV002458,2025-04-17,120504,sip,16299,West Bengal,Kolkata,T30,18-25,Male,7.1,UPI,Pending
INV001740,2025-04-17,120842,redemption,171037,Uttar Pradesh,Kanpur,B30,36-45,Female,53.9,Net Banking,Verified
INV002926,2025-04-17,120842,sip,8288,Telangana,Hyderabad,T30,26-35,Male,16.6,Mandate,Verified
INV001024,2025-04-17,119598,lumpsum,267420,Uttar Pradesh,Agra,B30,18-25,Female,6.7,UPI,Verified
INV004764,2025-04-17,102887,sip,927,Punjab,Amritsar,B30,46-55,Female,79.4,UPI,Verified
INV003785,2025-04-17,102887,sip,58728,Karnataka,Bangalore,T30,36-45,Male,28.2,Mandate,Verified
INV002154,2025-04-17,148569,sip,8237,Uttar Pradesh,Lucknow,T30,36-45,Male,40.5,UPI,Verified
INV001236,2025-04-17,102886,sip,898,Telangana,Hyderabad,T30,46-55,Male,93.7,Net Banking,Verified
INV001497,2025-04-17,102887,sip,2525,Maharashtra,Mumbai,T30,36-45,Male,56.8,Cheque,Verified
INV002182,2025-04-17,118632,sip,2246,Madhya Pradesh,Bhopal,B30,36-45,Male,54.3,Mandate,Verified
INV001074,2025-04-17,120503,sip,2141,Gujarat,Ahmedabad,T30,56+,Female,57.4,UPI,Pending
INV000623,2025-04-17,120506,sip,1750,Tamil Nadu,Chennai,T30,46-55,Male,48.9,Mandate,Verified
INV000779,2025-04-17,119598,lumpsum,314218,Gujarat,Ahmedabad,T30,36-45,Male,35.3,Mandate,Verified
INV001794,2025-04-17,119092,lumpsum,37810,Haryana,Gurugram,T30,26-35,Male,23.2,Cheque,Verified
INV000401,2025-04-17,118633,sip,40912,Uttar Pradesh,Agra,B30,26-35,Male,20.5,Net Banking,Verified
INV002133,2025-04-17,118633,sip,4192,Rajasthan,Udaipur,B30,26-35,Male,23.0,Cheque,Verified
INV000553,2025-04-17,119093,sip,897,Rajasthan,Jaipur,T30,36-45,Male,50.4,Net Banking,Verified
INV002134,2025-04-17,119599,redemption,291376,Rajasthan,Udaipur,B30,26-35,Male,24.8,Cheque,Verified
INV001790,2025-04-17,120503,lumpsum,44621,Punjab,Chandigarh,T30,46-55,Male,15.8,Net Banking,Verified
INV004851,2025-04-17,120503,lumpsum,234468,Uttar Pradesh,Lucknow,T30,26-35,Male,9.3,Mandate,Verified
INV001698,2025-04-17,120844,sip,10016,Maharashtra,Mumbai,T30,26-35,Male,9.7,Cheque,Verified
INV002198,2025-04-17,101207,sip,5293,Delhi,Gurugram,T30,36-45,Female,43.3,Cheque,Verified
INV002122,2025-04-17,149324,sip,15373,Gujarat,Ahmedabad,T30,46-55,Male,46.3,Cheque,Verified
INV002904,2025-04-17,100025,sip,5899,West Bengal,Kolkata,T30,36-45,Male,52.2,UPI,Verified
INV002906,2025-04-17,119598,redemption,323552,Telangana,Hyderabad,T30,26-35,Male,19.9,Net Banking,Verified
INV003799,2025-04-17,119094,sip,20584,Punjab,Amritsar,B30,18-25,Male,5.6,UPI,Verified
INV001922,2025-04-17,100016,sip,1196,West Bengal,Kolkata,T30,18-25,Male,5.5,UPI,Verified
INV003191,2025-04-17,102887,lumpsum,27146,Madhya Pradesh,Bhopal,B30,18-25,Female,6.8,Mandate,Pending
INV000383,2025-04-17,120841,sip,1839,Telangana,Hyderabad,T30,26-35,Female,23.4,Net Banking,Verified
INV002688,2025-04-17,118634,sip,2426,Uttar Pradesh,Lucknow,T30,26-35,Male,23.5,Mandate,Verified
INV004064,2025-04-17,119093,sip,5235,Uttar Pradesh,Lucknow,T30,26-35,Male,16.1,Net Banking,Verified
INV002681,2025-04-17,102885,sip,2891,Maharashtra,Nashik,B30,18-25,Female,7.2,Cheque,Verified
INV004709,2025-04-17,120507,lumpsum,401820,Haryana,Gurugram,T30,36-45,Male,59.1,Cheque,Verified
INV004926,2025-04-17,119598,sip,467,Karnataka,Mysore,B30,36-45,Male,45.3,Mandate,Verified
INV003009,2025-04-17,119598,sip,2724,Karnataka,Bangalore,T30,26-35,Male,20.1,Net Banking,Verified
INV004807,2025-04-17,125497,sip,1179,Maharashtra,Mumbai,T30,36-45,Male,31.4,Mandate,Verified
INV001555,2025-04-17,118632,lumpsum,21851,Punjab,Amritsar,B30,26-35,Male,14.2,Net Banking,Verified
INV001277,2025-04-17,148569,sip,26286,Maharashtra,Mumbai,T30,18-25,Male,7.0,UPI,Verified
INV001843,2025-04-18,102885,sip,504,West Bengal,Kolkata,T30,46-55,Male,51.9,UPI,Verified
INV004601,2025-04-18,149324,lumpsum,211154,Tamil Nadu,Chennai,T30,46-55,Male,54.6,Mandate,Verified
INV002696,2025-04-18,102886,redemption,447255,Punjab,Amritsar,B30,18-25,Male,7.1,Cheque,Verified
INV004664,2025-04-18,119551,sip,29019,Karnataka,Bangalore,T30,26-35,Male,18.6,Mandate,Verified
INV001115,2025-04-18,120842,sip,25561,Uttar Pradesh,Kanpur,B30,26-35,Male,20.7,Mandate,Pending
INV004789,2025-04-18,148567,redemption,321192,Gujarat,Surat,T30,56+,Male,78.2,Net Banking,Verified
INV003851,2025-04-18,100033,lumpsum,148435,Karnataka,Bangalore,T30,46-55,Male,60.6,Mandate,Pending
INV004326,2025-04-18,119552,sip,11057,Delhi,Gurugram,T30,26-35,Male,7.5,UPI,Verified
INV001024,2025-04-18,149324,sip,3248,Uttar Pradesh,Agra,B30,18-25,Female,6.7,UPI,Verified
INV002294,2025-04-18,120503,lumpsum,300237,Haryana,Gurugram,T30,26-35,Male,22.3,Net Banking,Verified
INV001591,2025-04-18,120505,redemption,516443,Rajasthan,Jaipur,T30,56+,Male,28.1,UPI,Verified
INV003824,2025-04-18,118632,lumpsum,207101,Telangana,Hyderabad,T30,26-35,Male,9.4,Mandate,Verified
INV001658,2025-04-18,100016,sip,49967,Rajasthan,Jaipur,T30,36-45,Female,48.4,Mandate,Verified
INV003344,2025-04-18,119552,sip,15659,Haryana,Gurugram,T30,36-45,Female,52.5,UPI,Verified
INV000093,2025-04-18,101207,redemption,331902,Maharashtra,Mumbai,T30,36-45,Female,59.0,Cheque,Pending
INV003189,2025-04-18,148569,sip,2093,Tamil Nadu,Chennai,T30,36-45,Female,44.6,Net Banking,Verified
INV001899,2025-04-18,118633,sip,8430,Gujarat,Ahmedabad,T30,26-35,Male,7.6,Mandate,Verified
INV003641,2025-04-18,120842,sip,439,Telangana,Hyderabad,T30,26-35,Female,13.1,UPI,Verified
INV002567,2025-04-18,119094,lumpsum,494585,Madhya Pradesh,Indore,T30,36-45,Male,20.3,UPI,Verified
INV002939,2025-04-18,120843,sip,549,Rajasthan,Udaipur,B30,18-25,Male,3.1,Mandate,Verified
INV002060,2025-04-18,118632,sip,853,Madhya Pradesh,Indore,T30,36-45,Male,31.8,Mandate,Verified
INV000271,2025-04-18,149323,lumpsum,340513,Tamil Nadu,Coimbatore,B30,26-35,Female,6.4,Net Banking,Verified
INV002723,2025-04-18,120843,sip,6917,West Bengal,Kolkata,T30,36-45,Female,54.4,Cheque,Verified
INV002729,2025-04-18,148567,lumpsum,55147,Uttar Pradesh,Kanpur,B30,26-35,Female,15.4,Net Banking,Verified
INV000734,2025-04-18,119552,lumpsum,450470,Maharashtra,Pune,T30,26-35,Female,15.2,Mandate,Verified
INV003655,2025-04-18,119092,sip,4537,Madhya Pradesh,Bhopal,B30,36-45,Female,24.9,Cheque,Verified
INV003658,2025-04-18,120844,redemption,101876,West Bengal,Kolkata,T30,26-35,Male,6.3,Mandate,Verified
INV002911,2025-04-18,118635,lumpsum,135843,Gujarat,Surat,T30,26-35,Male,24.1,UPI,Verified
INV000128,2025-04-18,100016,lumpsum,11439,Rajasthan,Jaipur,T30,36-45,Female,50.9,Net Banking,Verified
INV003713,2025-04-18,119599,redemption,30252,West Bengal,Kolkata,T30,36-45,Female,29.9,UPI,Verified
INV002332,2025-04-18,119552,lumpsum,82237,Punjab,Chandigarh,T30,26-35,Female,13.4,Mandate,Verified
INV004763,2025-04-18,118636,sip,11290,Karnataka,Bangalore,T30,46-55,Female,19.6,UPI,Pending
INV001286,2025-04-18,101208,sip,9252,Maharashtra,Pune,T30,36-45,Male,44.6,UPI,Verified
INV002241,2025-04-18,149324,sip,853,Punjab,Amritsar,B30,36-45,Female,41.4,Mandate,Verified
INV002534,2025-04-18,101206,sip,2272,Madhya Pradesh,Indore,T30,46-55,Male,31.0,Net Banking,Verified
INV003736,2025-04-18,120843,sip,1757,Karnataka,Mysore,B30,18-25,Male,4.9,Mandate,Verified
INV003296,2025-04-18,100016,lumpsum,354117,Haryana,Gurugram,T30,26-35,Female,11.3,Net Banking,Verified
INV003627,2025-04-18,120504,sip,877,Telangana,Hyderabad,T30,36-45,Male,39.9,UPI,Verified
INV000257,2025-04-18,100025,lumpsum,48184,Gujarat,Surat,T30,36-45,Male,27.9,Mandate,Verified
INV000177,2025-04-18,148569,sip,889,Rajasthan,Jaipur,T30,26-35,Male,17.6,UPI,Verified
INV004660,2025-04-18,118632,lumpsum,54839,Uttar Pradesh,Agra,B30,18-25,Male,4.9,Mandate,Pending
INV001369,2025-04-18,149322,redemption,366798,Gujarat,Ahmedabad,T30,46-55,Male,83.8,Mandate,Verified
INV000072,2025-04-18,120844,sip,5755,Gujarat,Ahmedabad,T30,18-25,Female,6.4,Cheque,Verified
INV004978,2025-04-18,120841,sip,8051,Uttar Pradesh,Lucknow,T30,46-55,Male,34.3,Net Banking,Verified
INV001933,2025-04-18,102887,sip,6752,Rajasthan,Udaipur,B30,26-35,Male,16.4,UPI,Verified
INV002134,2025-04-18,149324,sip,4454,Rajasthan,Udaipur,B30,26-35,Male,24.8,Net Banking,Verified
INV004653,2025-04-18,119120,sip,1857,Rajasthan,Jaipur,T30,46-55,Female,32.2,UPI,Verified
INV003500,2025-04-18,120503,sip,426,Maharashtra,Mumbai,T30,26-35,Male,15.5,Cheque,Verified
INV004394,2025-04-18,119552,sip,563,Tamil Nadu,Coimbatore,B30,26-35,Female,21.9,Cheque,Verified
INV004285,2025-04-18,148567,sip,3044,Punjab,Chandigarh,T30,26-35,Male,8.0,Cheque,Verified
INV000692,2025-04-18,149324,sip,1897,Uttar Pradesh,Agra,B30,46-55,Female,37.5,Cheque,Verified
INV001418,2025-04-18,102886,sip,432,Delhi,Noida,T30,36-45,Male,39.2,Cheque,Verified
INV003450,2025-04-18,149322,sip,432,Maharashtra,Nashik,B30,18-25,Female,4.2,Net Banking,Verified
INV001550,2025-04-18,100016,sip,4040,Punjab,Chandigarh,T30,18-25,Male,4.1,Net Banking,Pending
INV002754,2025-04-18,148568,sip,50223,Karnataka,Bangalore,T30,46-55,Male,82.6,UPI,Verified
INV002758,2025-04-18,100016,sip,561,Delhi,Gurugram,T30,26-35,Male,7.3,Mandate,Verified
INV003696,2025-04-18,119092,sip,50697,Tamil Nadu,Coimbatore,B30,18-25,Female,4.0,Net Banking,Verified
INV003225,2025-04-18,100016,sip,1639,West Bengal,Kolkata,T30,26-35,Male,9.2,Net Banking,Pending
INV001069,2025-04-18,102887,lumpsum,369580,Telangana,Hyderabad,T30,26-35,Male,19.1,Net Banking,Verified
INV004864,2025-04-18,102885,redemption,173772,Punjab,Amritsar,B30,26-35,Female,10.5,Cheque,Verified
INV001409,2025-04-18,149324,sip,2720,Haryana,Faridabad,B30,18-25,Male,4.5,UPI,Verified
INV004293,2025-04-18,100016,redemption,79201,Rajasthan,Jaipur,T30,36-45,Male,54.9,Mandate,Verified
INV002615,2025-04-18,120503,sip,4382,Tamil Nadu,Chennai,T30,26-35,Female,11.6,Cheque,Verified
INV002292,2025-04-19,119599,lumpsum,304133,Rajasthan,Udaipur,B30,36-45,Male,54.1,Cheque,Verified
INV004228,2025-04-19,120504,sip,1190,Madhya Pradesh,Bhopal,B30,26-35,Female,18.0,Net Banking,Pending
INV000784,2025-04-19,149324,sip,2196,Tamil Nadu,Chennai,T30,36-45,Male,19.6,Mandate,Verified
INV002866,2025-04-19,120505,sip,57572,Telangana,Hyderabad,T30,46-55,Male,95.2,Net Banking,Verified
INV002342,2025-04-19,149324,sip,1911,Maharashtra,Mumbai,T30,26-35,Male,15.8,Cheque,Verified
INV003611,2025-04-19,149324,lumpsum,16656,Uttar Pradesh,Kanpur,B30,18-25,Male,4.8,Cheque,Verified
INV001442,2025-04-19,118636,sip,4271,Uttar Pradesh,Lucknow,T30,26-35,Male,16.2,UPI,Verified
INV000751,2025-04-19,148569,lumpsum,73752,Uttar Pradesh,Kanpur,B30,36-45,Male,17.7,UPI,Verified
INV001331,2025-04-19,120842,sip,3264,Gujarat,Ahmedabad,T30,26-35,Male,17.5,Cheque,Verified
INV003247,2025-04-19,120844,redemption,333326,Madhya Pradesh,Indore,T30,46-55,Female,93.1,Cheque,Verified
INV002990,2025-04-19,119552,lumpsum,377628,Uttar Pradesh,Kanpur,B30,46-55,Female,79.4,Cheque,Verified
INV003041,2025-04-19,119093,lumpsum,244213,Madhya Pradesh,Bhopal,B30,36-45,Male,32.0,Net Banking,Verified
INV002183,2025-04-19,119094,sip,407,Uttar Pradesh,Kanpur,B30,46-55,Female,98.2,Cheque,Verified
INV002224,2025-04-19,148567,lumpsum,252690,Rajasthan,Udaipur,B30,26-35,Male,21.4,Net Banking,Verified
INV000413,2025-04-19,148567,lumpsum,65241,Haryana,Gurugram,T30,36-45,Female,49.8,UPI,Verified
INV001070,2025-04-19,102886,redemption,535320,Tamil Nadu,Coimbatore,B30,26-35,Male,11.9,Cheque,Verified
INV001933,2025-04-19,119599,lumpsum,413600,Rajasthan,Udaipur,B30,26-35,Male,16.4,Mandate,Verified
INV003000,2025-04-19,101206,sip,15067,Delhi,Gurugram,T30,36-45,Male,32.3,Net Banking,Verified
INV003981,2025-04-19,102887,sip,2183,Haryana,Faridabad,B30,46-55,Male,46.7,Mandate,Verified
INV003717,2025-04-19,119598,redemption,372160,Tamil Nadu,Coimbatore,B30,26-35,Female,20.8,Cheque,Verified
INV000675,2025-04-19,118633,sip,526,Uttar Pradesh,Kanpur,B30,36-45,Male,27.9,Net Banking,Verified
INV001787,2025-04-19,118633,redemption,357773,Maharashtra,Nashik,B30,56+,Female,37.0,Net Banking,Verified
INV000432,2025-04-19,148567,sip,2290,Maharashtra,Pune,T30,18-25,Female,6.7,Mandate,Verified
INV004334,2025-04-19,100016,sip,7515,Punjab,Amritsar,B30,26-35,Female,6.6,UPI,Verified
INV003374,2025-04-19,148568,sip,8397,Karnataka,Mysore,B30,26-35,Male,15.8,UPI,Verified
INV001770,2025-04-19,101208,sip,3289,Telangana,Hyderabad,T30,18-25,Male,6.3,Net Banking,Verified
INV002993,2025-04-19,125497,sip,26402,Maharashtra,Pune,T30,46-55,Male,36.0,UPI,Verified
INV000286,2025-04-19,118634,sip,2403,Madhya Pradesh,Indore,T30,26-35,Female,9.8,Net Banking,Verified
INV003274,2025-04-19,149323,sip,4507,Uttar Pradesh,Agra,B30,46-55,Male,74.6,UPI,Verified
INV004833,2025-04-19,120503,sip,10936,Madhya Pradesh,Bhopal,B30,26-35,Female,16.5,Mandate,Verified
INV002745,2025-04-19,120507,sip,2506,Uttar Pradesh,Agra,B30,18-25,Male,7.6,Net Banking,Pending
INV002913,2025-04-19,102887,lumpsum,426075,Delhi,New Delhi,T30,56+,Male,28.5,UPI,Verified
INV000964,2025-04-19,118632,redemption,88262,Haryana,Faridabad,B30,26-35,Male,6.7,Mandate,Verified
INV002308,2025-04-19,120843,lumpsum,415831,Tamil Nadu,Chennai,T30,26-35,Male,19.0,Mandate,Verified
INV004320,2025-04-19,120503,redemption,332548,Delhi,Gurugram,T30,26-35,Female,8.1,Net Banking,Verified
INV001794,2025-04-19,148568,redemption,365170,Haryana,Gurugram,T30,26-35,Male,23.2,UPI,Verified
INV004529,2025-04-19,119094,sip,11516,Uttar Pradesh,Kanpur,B30,18-25,Male,6.3,Mandate,Verified
INV003179,2025-04-19,119094,sip,1159,Rajasthan,Jaipur,T30,36-45,Male,53.3,UPI,Verified
INV000849,2025-04-19,119120,sip,3329,Delhi,Gurugram,T30,56+,Female,32.5,Mandate,Verified
INV004486,2025-04-19,119092,sip,2726,Uttar Pradesh,Agra,B30,26-35,Male,14.4,Cheque,Verified
INV002057,2025-04-19,148567,lumpsum,407002,Rajasthan,Udaipur,B30,18-25,Male,3.3,Mandate,Verified
INV002592,2025-04-19,100025,sip,2465,Madhya Pradesh,Bhopal,B30,26-35,Female,15.7,Mandate,Verified
INV000914,2025-04-19,101206,lumpsum,180835,Karnataka,Mysore,B30,18-25,Male,3.8,Mandate,Verified
INV004989,2025-04-19,101206,lumpsum,425386,Karnataka,Bangalore,T30,26-35,Male,6.4,Net Banking,Verified
INV000489,2025-04-19,101206,sip,9398,Uttar Pradesh,Agra,B30,18-25,Male,7.4,UPI,Verified
INV001316,2025-04-19,120503,redemption,67435,Punjab,Chandigarh,T30,18-25,Male,7.3,Mandate,Verified
INV001221,2025-04-19,148569,redemption,438289,Delhi,New Delhi,T30,26-35,Female,22.4,UPI,Verified
INV002123,2025-04-19,118633,sip,56938,West Bengal,Kolkata,T30,26-35,Male,14.7,Mandate,Verified
INV004973,2025-04-19,120507,lumpsum,253320,Tamil Nadu,Coimbatore,B30,26-35,Male,11.3,UPI,Verified
INV004764,2025-04-19,118632,redemption,115662,Punjab,Amritsar,B30,46-55,Female,79.4,UPI,Verified
INV001644,2025-04-19,119095,lumpsum,278173,Madhya Pradesh,Bhopal,B30,18-25,Female,6.7,UPI,Verified
INV002838,2025-04-19,119095,sip,2377,West Bengal,Kolkata,T30,56+,Female,71.9,Net Banking,Verified
INV003806,2025-04-19,120507,sip,5354,Karnataka,Bangalore,T30,26-35,Male,14.7,UPI,Pending
INV003160,2025-04-19,120841,lumpsum,223412,Delhi,Gurugram,T30,26-35,Male,24.9,Net Banking,Verified
INV004482,2025-04-19,101208,sip,7441,Uttar Pradesh,Kanpur,B30,18-25,Female,6.8,Mandate,Verified
INV001234,2025-04-19,119120,lumpsum,419679,Uttar Pradesh,Agra,B30,26-35,Male,24.4,UPI,Verified
INV004505,2025-04-19,120503,sip,29736,Punjab,Amritsar,B30,26-35,Male,7.8,Mandate,Verified
INV001267,2025-04-19,120506,sip,2468,Uttar Pradesh,Kanpur,B30,46-55,Female,26.8,UPI,Verified
INV004794,2025-04-19,119093,redemption,361444,Rajasthan,Udaipur,B30,36-45,Female,46.0,UPI,Pending
INV003478,2025-04-19,125498,sip,52371,Punjab,Chandigarh,T30,26-35,Male,21.2,Mandate,Pending
INV002843,2025-04-19,148567,sip,586,Haryana,Faridabad,B30,26-35,Male,11.8,Cheque,Verified
INV002643,2025-04-20,120844,lumpsum,126161,Telangana,Hyderabad,T30,36-45,Male,29.2,Net Banking,Verified
INV001801,2025-04-20,101207,sip,6049,Delhi,New Delhi,T30,36-45,Male,44.3,UPI,Verified
INV003419,2025-04-20,100016,sip,4327,Maharashtra,Pune,T30,18-25,Male,5.3,UPI,Verified
INV003445,2025-04-20,149324,lumpsum,399290,Maharashtra,Nashik,B30,36-45,Male,40.9,Mandate,Verified
INV004338,2025-04-20,100016,sip,486,Maharashtra,Mumbai,T30,46-55,Female,82.5,Mandate,Pending
INV002280,2025-04-20,120841,sip,20803,Karnataka,Mysore,B30,18-25,Male,3.5,Net Banking,Verified
INV001738,2025-04-20,120505,lumpsum,290932,Karnataka,Bangalore,T30,36-45,Female,41.2,Net Banking,Pending
INV002913,2025-04-20,100033,sip,26412,Delhi,New Delhi,T30,56+,Male,28.5,Mandate,Verified
INV002657,2025-04-20,119092,sip,57944,Punjab,Amritsar,B30,36-45,Male,50.0,Cheque,Verified
INV004365,2025-04-20,149324,lumpsum,58440,Delhi,Gurugram,T30,26-35,Male,19.4,Net Banking,Verified
INV000667,2025-04-20,101208,sip,45318,Telangana,Hyderabad,T30,26-35,Male,7.5,Cheque,Verified
INV004282,2025-04-20,119120,sip,5939,Punjab,Amritsar,B30,26-35,Male,20.8,UPI,Verified
INV001263,2025-04-20,120842,lumpsum,519866,Rajasthan,Jaipur,T30,36-45,Male,54.6,Mandate,Verified
INV001868,2025-04-20,120505,redemption,89359,Tamil Nadu,Coimbatore,B30,26-35,Male,17.3,Mandate,Verified
INV002897,2025-04-20,102885,sip,14565,Maharashtra,Pune,T30,26-35,Male,23.1,Net Banking,Pending
INV001886,2025-04-20,118634,sip,955,Haryana,Gurugram,T30,18-25,Male,7.7,UPI,Verified
INV004862,2025-04-20,125498,sip,2005,Telangana,Hyderabad,T30,26-35,Female,18.6,Net Banking,Pending
INV003906,2025-04-20,148567,lumpsum,242575,Haryana,Faridabad,B30,36-45,Male,39.7,UPI,Verified
INV001406,2025-04-20,149323,sip,8539,Telangana,Hyderabad,T30,46-55,Male,86.0,UPI,Verified
INV002415,2025-04-20,118635,sip,873,West Bengal,Kolkata,T30,36-45,Male,13.9,Mandate,Verified
INV004239,2025-04-20,100016,sip,1097,Karnataka,Bangalore,T30,18-25,Female,6.3,Mandate,Verified
INV001597,2025-04-20,119551,sip,15692,West Bengal,Kolkata,T30,36-45,Male,46.1,Net Banking,Verified
INV001348,2025-04-20,119598,lumpsum,172513,Haryana,Gurugram,T30,26-35,Female,8.6,UPI,Verified
INV001351,2025-04-20,118636,lumpsum,161265,Uttar Pradesh,Kanpur,B30,26-35,Male,8.5,UPI,Verified
INV003506,2025-04-20,102887,sip,493,Tamil Nadu,Chennai,T30,56+,Female,55.5,UPI,Verified
INV000505,2025-04-20,119095,lumpsum,156251,Rajasthan,Jaipur,T30,36-45,Male,40.9,Net Banking,Verified
INV003853,2025-04-20,149324,redemption,458003,Tamil Nadu,Coimbatore,B30,26-35,Male,16.1,UPI,Verified
INV001820,2025-04-20,120506,sip,4483,Maharashtra,Mumbai,T30,36-45,Female,39.3,Mandate,Verified
INV000425,2025-04-20,148568,lumpsum,545273,Rajasthan,Jaipur,T30,56+,Male,77.2,Cheque,Verified
INV002261,2025-04-20,120841,redemption,354175,Uttar Pradesh,Kanpur,B30,18-25,Male,5.0,Cheque,Verified
INV002264,2025-04-20,102886,sip,9465,Tamil Nadu,Coimbatore,B30,46-55,Female,21.2,UPI,Verified
INV001825,2025-04-20,119095,lumpsum,469130,Haryana,Faridabad,B30,26-35,Male,21.7,Cheque,Pending
INV001045,2025-04-20,101206,sip,5200,Punjab,Chandigarh,T30,36-45,Female,45.5,Cheque,Verified
INV001211,2025-04-20,119092,sip,435,Telangana,Hyderabad,T30,26-35,Male,20.2,Mandate,Verified
INV000181,2025-04-20,101208,redemption,224140,Uttar Pradesh,Lucknow,T30,36-45,Male,36.2,Cheque,Verified
INV001929,2025-04-20,148567,redemption,423207,Rajasthan,Jaipur,T30,56+,Male,60.1,UPI,Verified
INV000639,2025-04-20,102885,lumpsum,44974,Tamil Nadu,Coimbatore,B30,18-25,Female,3.6,Net Banking,Verified
INV001485,2025-04-20,101207,sip,446,Rajasthan,Jaipur,T30,56+,Female,24.4,UPI,Verified
INV000414,2025-04-20,118635,sip,2459,Tamil Nadu,Chennai,T30,36-45,Male,21.9,Cheque,Verified
INV002040,2025-04-20,100025,sip,5327,Karnataka,Mysore,B30,36-45,Female,49.1,Net Banking,Verified
INV002583,2025-04-20,149322,lumpsum,453454,Gujarat,Ahmedabad,T30,46-55,Male,48.5,Net Banking,Verified
INV003582,2025-04-20,100025,lumpsum,387081,Uttar Pradesh,Kanpur,B30,36-45,Male,43.1,Cheque,Verified
INV003769,2025-04-20,119094,sip,16595,Gujarat,Ahmedabad,T30,46-55,Female,74.8,Mandate,Verified
INV000492,2025-04-20,120842,sip,855,Telangana,Hyderabad,T30,36-45,Male,12.4,Mandate,Verified
INV000663,2025-04-20,120506,sip,5621,Haryana,Gurugram,T30,26-35,Female,13.8,Mandate,Verified
INV003580,2025-04-20,120844,lumpsum,404530,Gujarat,Ahmedabad,T30,26-35,Male,22.5,Cheque,Verified
INV001602,2025-04-20,148567,sip,499,West Bengal,Kolkata,T30,36-45,Male,27.0,Cheque,Verified
INV004835,2025-04-20,118635,sip,2023,Maharashtra,Nashik,B30,56+,Male,12.9,UPI,Verified
INV000150,2025-04-20,100033,lumpsum,71260,Karnataka,Mysore,B30,18-25,Male,3.5,Cheque,Verified
INV002384,2025-04-20,120842,sip,4066,Karnataka,Mysore,B30,26-35,Male,24.3,Net Banking,Verified
INV002251,2025-04-20,118634,sip,59033,Punjab,Chandigarh,T30,26-35,Female,16.8,Cheque,Verified
INV002142,2025-04-20,148568,sip,9103,Tamil Nadu,Chennai,T30,18-25,Male,3.6,Mandate,Verified
INV001608,2025-04-20,119551,lumpsum,66342,Delhi,Gurugram,T30,26-35,Male,13.1,Mandate,Pending
INV004274,2025-04-20,120505,sip,56463,Rajasthan,Udaipur,B30,26-35,Male,20.4,UPI,Verified
INV000388,2025-04-21,100025,sip,3052,Maharashtra,Nashik,B30,36-45,Male,33.6,UPI,Verified
INV002392,2025-04-21,101207,lumpsum,303385,Madhya Pradesh,Indore,T30,56+,Female,68.4,Net Banking,Verified
INV000029,2025-04-21,120844,lumpsum,40092,Rajasthan,Udaipur,B30,26-35,Female,7.6,Mandate,Verified
INV002897,2025-04-21,119094,redemption,90543,Maharashtra,Pune,T30,26-35,Male,23.1,Cheque,Verified
INV001523,2025-04-21,119599,redemption,283709,Rajasthan,Jaipur,T30,36-45,Female,52.4,UPI,Verified
INV001131,2025-04-21,100016,lumpsum,402204,Tamil Nadu,Coimbatore,B30,36-45,Female,32.0,UPI,Verified
INV000784,2025-04-21,149322,lumpsum,392096,Tamil Nadu,Chennai,T30,36-45,Male,19.6,Cheque,Verified
INV003844,2025-04-21,100033,sip,10873,Maharashtra,Nashik,B30,26-35,Female,15.9,Net Banking,Verified
INV003932,2025-04-21,148568,sip,16232,Karnataka,Mysore,B30,26-35,Male,15.7,UPI,Verified
INV002666,2025-04-21,148568,sip,963,Madhya Pradesh,Bhopal,B30,46-55,Female,93.7,Net Banking,Verified
INV002847,2025-04-21,119092,sip,3536,Haryana,Faridabad,B30,26-35,Male,13.4,Mandate,Verified
INV000858,2025-04-21,120504,sip,852,Tamil Nadu,Chennai,T30,36-45,Female,28.7,Cheque,Pending
INV002996,2025-04-21,149322,lumpsum,6236,Madhya Pradesh,Bhopal,B30,26-35,Male,20.7,Mandate,Verified
INV003853,2025-04-21,149322,sip,11579,Tamil Nadu,Coimbatore,B30,26-35,Male,16.1,Net Banking,Verified
INV003782,2025-04-21,102886,redemption,171668,Tamil Nadu,Chennai,T30,36-45,Male,44.5,Net Banking,Verified
INV000310,2025-04-21,119598,sip,14933,Delhi,Noida,T30,36-45,Male,58.4,Cheque,Verified
INV002623,2025-04-21,119599,sip,2184,Tamil Nadu,Chennai,T30,36-45,Male,49.3,Mandate,Verified
INV000281,2025-04-21,100033,lumpsum,154408,Punjab,Chandigarh,T30,26-35,Male,20.5,UPI,Verified
INV004265,2025-04-21,120841,sip,6835,Punjab,Amritsar,B30,18-25,Male,7.6,Net Banking,Verified
INV000758,2025-04-21,101206,sip,22951,Delhi,New Delhi,T30,56+,Male,61.5,Mandate,Verified
INV000673,2025-04-21,120504,sip,26396,Maharashtra,Nashik,B30,36-45,Male,47.4,UPI,Verified
INV002641,2025-04-21,120841,redemption,45785,Maharashtra,Nashik,B30,56+,Male,27.1,Mandate,Verified
INV003725,2025-04-21,148569,sip,49192,Gujarat,Ahmedabad,T30,26-35,Female,8.4,Net Banking,Verified
INV002152,2025-04-21,149323,redemption,482839,Tamil Nadu,Coimbatore,B30,46-55,Male,69.8,Mandate,Verified
INV004079,2025-04-21,120843,redemption,188946,Karnataka,Bangalore,T30,36-45,Female,57.2,Mandate,Verified
INV003511,2025-04-21,118633,sip,25502,Haryana,Gurugram,T30,46-55,Male,36.8,Cheque,Verified
INV001651,2025-04-21,120843,sip,27336,Gujarat,Ahmedabad,T30,18-25,Male,4.1,Mandate,Verified
INV003545,2025-04-21,102886,sip,21874,Gujarat,Ahmedabad,T30,26-35,Female,15.7,Mandate,Verified
INV002714,2025-04-21,119552,sip,502,West Bengal,Kolkata,T30,46-55,Male,65.7,Net Banking,Verified
INV004161,2025-04-21,118633,redemption,167076,Telangana,Hyderabad,T30,46-55,Male,94.7,Net Banking,Pending
INV001428,2025-04-21,101206,lumpsum,187610,Delhi,New Delhi,T30,26-35,Male,17.8,Mandate,Verified
INV004533,2025-04-21,148567,sip,17644,Gujarat,Ahmedabad,T30,36-45,Male,51.5,Cheque,Verified
INV001662,2025-04-21,119092,lumpsum,230009,Delhi,Gurugram,T30,36-45,Male,45.6,Net Banking,Verified
INV001257,2025-04-21,148569,sip,15444,Punjab,Chandigarh,T30,26-35,Female,6.3,Mandate,Verified
INV002939,2025-04-21,120506,sip,26976,Rajasthan,Udaipur,B30,18-25,Male,3.1,Mandate,Verified
INV003620,2025-04-21,149323,sip,24140,Uttar Pradesh,Kanpur,B30,36-45,Female,15.7,UPI,Verified
INV004820,2025-04-21,101206,lumpsum,318737,Punjab,Chandigarh,T30,26-35,Male,10.4,UPI,Verified
INV004665,2025-04-21,120844,sip,2751,Madhya Pradesh,Bhopal,B30,36-45,Male,17.1,Mandate,Verified
INV000597,2025-04-21,102886,sip,42969,Gujarat,Surat,T30,46-55,Male,48.6,Cheque,Verified
INV004104,2025-04-21,102886,sip,929,Tamil Nadu,Coimbatore,B30,26-35,Male,10.5,Cheque,Verified
INV000933,2025-04-21,120844,sip,53835,Rajasthan,Jaipur,T30,36-45,Female,14.9,UPI,Verified
INV003495,2025-04-21,149322,sip,24653,West Bengal,Kolkata,T30,26-35,Female,22.9,Net Banking,Verified
INV004455,2025-04-21,120507,sip,1665,Telangana,Hyderabad,T30,18-25,Female,3.5,Net Banking,Verified
INV001486,2025-04-21,100033,lumpsum,332839,Gujarat,Surat,T30,46-55,Male,17.1,Cheque,Verified
INV002245,2025-04-21,102885,redemption,377163,Karnataka,Mysore,B30,26-35,Female,24.6,Mandate,Verified
INV000584,2025-04-21,120503,sip,23302,Uttar Pradesh,Kanpur,B30,46-55,Female,20.9,Cheque,Verified
INV004755,2025-04-21,148568,sip,7849,Uttar Pradesh,Agra,B30,18-25,Female,6.5,Net Banking,Verified
INV004903,2025-04-21,100025,sip,578,Karnataka,Bangalore,T30,26-35,Male,11.4,Cheque,Verified
INV004695,2025-04-21,101206,lumpsum,441357,Gujarat,Ahmedabad,T30,26-35,Female,14.3,UPI,Verified
INV001599,2025-04-21,120844,redemption,43409,Haryana,Faridabad,B30,36-45,Female,31.0,UPI,Verified
INV004529,2025-04-21,101206,sip,10674,Uttar Pradesh,Kanpur,B30,18-25,Male,6.3,Cheque,Verified
INV003769,2025-04-22,120504,sip,2070,Gujarat,Ahmedabad,T30,46-55,Female,74.8,Mandate,Pending
INV002422,2025-04-22,120507,sip,2341,Tamil Nadu,Chennai,T30,36-45,Male,20.5,Net Banking,Verified
INV003511,2025-04-22,120842,sip,4674,Haryana,Gurugram,T30,46-55,Male,36.8,Mandate,Verified
INV001790,2025-04-22,119120,lumpsum,203747,Punjab,Chandigarh,T30,46-55,Male,15.8,Net Banking,Verified
INV004973,2025-04-22,149323,sip,6603,Tamil Nadu,Coimbatore,B30,26-35,Male,11.3,Cheque,Verified
INV004228,2025-04-22,102887,lumpsum,204022,Madhya Pradesh,Bhopal,B30,26-35,Female,18.0,Net Banking,Verified
INV002826,2025-04-22,148569,lumpsum,80480,Haryana,Gurugram,T30,26-35,Male,20.5,UPI,Verified
INV002497,2025-04-22,118635,lumpsum,94119,Telangana,Hyderabad,T30,26-35,Female,13.0,Cheque,Pending
INV003137,2025-04-22,102886,sip,23493,Tamil Nadu,Coimbatore,B30,36-45,Male,15.9,Mandate,Verified
INV001366,2025-04-22,119551,sip,4121,Maharashtra,Pune,T30,26-35,Female,13.6,Cheque,Verified
INV004206,2025-04-22,118635,sip,2214,Maharashtra,Pune,T30,26-35,Female,20.9,Net Banking,Verified
INV001388,2025-04-22,119599,redemption,70098,Punjab,Amritsar,B30,46-55,Male,72.8,Cheque,Verified
INV001184,2025-04-22,120506,sip,1000,Punjab,Amritsar,B30,26-35,Female,15.4,Mandate,Verified
INV004874,2025-04-22,120504,lumpsum,152999,Tamil Nadu,Coimbatore,B30,46-55,Male,35.2,UPI,Verified
INV002560,2025-04-22,119551,sip,2345,Haryana,Faridabad,B30,26-35,Male,6.4,Cheque,Verified
INV003496,2025-04-22,120843,sip,483,Telangana,Hyderabad,T30,26-35,Male,14.9,Cheque,Verified
INV001997,2025-04-22,118635,redemption,266188,Delhi,New Delhi,T30,56+,Female,24.8,Cheque,Verified
INV003798,2025-04-22,125498,redemption,184189,Karnataka,Bangalore,T30,36-45,Male,53.9,Net Banking,Verified
INV001926,2025-04-22,120504,sip,6287,Uttar Pradesh,Agra,B30,46-55,Female,26.9,UPI,Verified
INV002104,2025-04-22,119551,sip,2657,Maharashtra,Mumbai,T30,26-35,Female,15.0,Mandate,Verified
INV003451,2025-04-22,118636,sip,44501,Punjab,Amritsar,B30,18-25,Female,5.2,Cheque,Verified
INV000564,2025-04-22,120503,lumpsum,347184,Maharashtra,Nashik,B30,56+,Female,58.4,Net Banking,Pending
INV003248,2025-04-22,100025,redemption,519895,Karnataka,Mysore,B30,26-35,Male,6.5,UPI,Verified
INV004685,2025-04-22,120843,sip,544,Haryana,Faridabad,B30,56+,Female,24.5,Cheque,Verified
INV000939,2025-04-22,118634,sip,1119,Karnataka,Bangalore,T30,26-35,Male,19.6,UPI,Pending
INV001214,2025-04-22,120844,sip,473,Telangana,Hyderabad,T30,36-45,Male,19.8,Net Banking,Verified
INV003013,2025-04-22,119092,lumpsum,135900,Uttar Pradesh,Lucknow,T30,56+,Male,44.8,Net Banking,Pending
INV004531,2025-04-22,125498,sip,14876,Haryana,Gurugram,T30,26-35,Male,8.4,Mandate,Verified
INV003821,2025-04-22,148569,lumpsum,75894,Delhi,Noida,T30,18-25,Female,6.4,Net Banking,Verified
INV002902,2025-04-22,118632,redemption,505923,Gujarat,Surat,T30,36-45,Male,35.1,Cheque,Verified
INV004267,2025-04-22,100016,sip,911,Gujarat,Surat,T30,46-55,Male,99.7,UPI,Verified
INV000656,2025-04-22,100033,lumpsum,66643,Gujarat,Surat,T30,18-25,Male,5.2,UPI,Verified
INV000545,2025-04-22,119599,redemption,336632,Telangana,Hyderabad,T30,26-35,Male,23.6,Net Banking,Verified
INV004610,2025-04-22,100025,lumpsum,580462,Telangana,Hyderabad,T30,26-35,Female,19.9,Mandate,Verified
INV004050,2025-04-22,120503,sip,1149,West Bengal,Kolkata,T30,26-35,Male,15.5,Mandate,Verified
INV003681,2025-04-22,119120,sip,10709,Telangana,Hyderabad,T30,26-35,Female,17.4,Mandate,Verified
INV003537,2025-04-22,118636,redemption,347515,Punjab,Amritsar,B30,18-25,Male,3.7,Cheque,Verified
INV002571,2025-04-22,119552,sip,24593,Delhi,New Delhi,T30,36-45,Female,32.1,UPI,Verified
INV000238,2025-04-22,119598,sip,2535,Telangana,Hyderabad,T30,36-45,Male,26.3,Cheque,Verified
INV000964,2025-04-22,118633,lumpsum,29303,Haryana,Faridabad,B30,26-35,Male,6.7,Mandate,Verified
INV004465,2025-04-22,100016,lumpsum,270584,Gujarat,Surat,T30,26-35,Male,14.2,Mandate,Verified
INV001740,2025-04-22,100016,lumpsum,24759,Uttar Pradesh,Kanpur,B30,36-45,Female,53.9,Mandate,Verified
INV003205,2025-04-22,119120,sip,3536,Punjab,Chandigarh,T30,26-35,Female,16.1,Cheque,Verified
INV004763,2025-04-22,118635,sip,1040,Karnataka,Bangalore,T30,46-55,Female,19.6,Net Banking,Verified
INV000528,2025-04-22,100033,sip,5187,Telangana,Hyderabad,T30,56+,Male,58.0,UPI,Pending
INV002239,2025-04-22,118636,sip,8518,Gujarat,Surat,T30,26-35,Male,8.9,Net Banking,Verified
INV000453,2025-04-22,100033,sip,24579,Rajasthan,Udaipur,B30,46-55,Male,40.4,Mandate,Verified
INV001196,2025-04-22,149323,sip,1615,Punjab,Chandigarh,T30,26-35,Male,21.4,Cheque,Verified
INV004547,2025-04-22,120503,sip,1690,Madhya Pradesh,Bhopal,B30,36-45,Female,42.8,Cheque,Verified
INV004044,2025-04-22,149323,redemption,217970,Rajasthan,Jaipur,T30,46-55,Male,82.3,Cheque,Verified
INV001491,2025-04-22,119092,sip,946,Tamil Nadu,Chennai,T30,56+,Male,78.5,Cheque,Verified
INV004366,2025-04-22,149322,sip,2316,Delhi,New Delhi,T30,46-55,Female,81.1,Cheque,Verified
INV002153,2025-04-22,102887,redemption,131091,Maharashtra,Nashik,B30,18-25,Female,3.5,Net Banking,Verified
INV004817,2025-04-22,118636,sip,41476,Haryana,Faridabad,B30,26-35,Male,20.4,UPI,Verified
INV000918,2025-04-22,120504,sip,4239,Delhi,Gurugram,T30,26-35,Male,23.2,Mandate,Verified
INV000687,2025-04-22,118636,sip,11480,Maharashtra,Pune,T30,36-45,Male,41.0,UPI,Verified
INV004151,2025-04-22,119551,sip,12136,Karnataka,Mysore,B30,26-35,Male,21.6,Mandate,Verified
INV002814,2025-04-22,119551,sip,4670,West Bengal,Kolkata,T30,36-45,Male,40.4,Mandate,Verified
INV004154,2025-04-22,119093,sip,975,Karnataka,Mysore,B30,18-25,Male,4.7,UPI,Pending
INV000611,2025-04-22,120841,sip,827,Uttar Pradesh,Agra,B30,26-35,Male,11.4,Net Banking,Verified
INV000056,2025-04-22,119092,redemption,221278,Haryana,Faridabad,B30,26-35,Female,22.5,Mandate,Verified
INV004981,2025-04-23,120504,redemption,136229,Haryana,Faridabad,B30,18-25,Male,3.5,Mandate,Pending
INV002119,2025-04-23,119120,sip,863,Tamil Nadu,Coimbatore,B30,26-35,Female,11.8,Cheque,Verified
INV003590,2025-04-23,119093,redemption,336713,Karnataka,Bangalore,T30,46-55,Female,23.1,Cheque,Pending
INV003311,2025-04-23,100016,sip,2223,Madhya Pradesh,Bhopal,B30,26-35,Male,9.5,Mandate,Verified
INV000081,2025-04-23,120843,redemption,201068,Gujarat,Surat,T30,36-45,Male,31.0,Mandate,Verified
INV000158,2025-04-23,100016,sip,59926,Madhya Pradesh,Bhopal,B30,36-45,Male,26.1,Net Banking,Verified
INV002801,2025-04-23,101207,redemption,324307,Madhya Pradesh,Indore,T30,18-25,Male,6.4,UPI,Verified
INV004505,2025-04-23,102885,sip,5892,Punjab,Amritsar,B30,26-35,Male,7.8,Net Banking,Verified
INV002597,2025-04-23,100033,sip,2066,West Bengal,Kolkata,T30,26-35,Male,12.0,Cheque,Verified
INV002682,2025-04-23,101207,sip,889,Karnataka,Mysore,B30,26-35,Male,17.9,Net Banking,Pending
INV003306,2025-04-23,118633,lumpsum,118319,Gujarat,Ahmedabad,T30,36-45,Male,14.6,Net Banking,Verified
INV000533,2025-04-23,120842,lumpsum,145993,Rajasthan,Jaipur,T30,56+,Male,25.1,Mandate,Verified
INV004178,2025-04-23,118635,sip,9248,Rajasthan,Jaipur,T30,26-35,Male,24.4,Cheque,Verified
INV004841,2025-04-23,119552,sip,2369,West Bengal,Kolkata,T30,26-35,Male,21.4,Cheque,Pending
INV000690,2025-04-23,118635,redemption,40774,Delhi,Gurugram,T30,46-55,Male,98.7,Mandate,Verified
INV001071,2025-04-23,148569,sip,13811,Maharashtra,Nashik,B30,36-45,Male,56.7,Cheque,Verified
INV004390,2025-04-23,148568,redemption,551211,Gujarat,Ahmedabad,T30,18-25,Female,6.0,UPI,Verified
INV000988,2025-04-23,118634,lumpsum,167986,Rajasthan,Jaipur,T30,36-45,Male,28.7,Net Banking,Verified
INV000507,2025-04-23,149324,sip,1158,Gujarat,Ahmedabad,T30,36-45,Male,44.1,UPI,Verified
INV001445,2025-04-23,119094,sip,55664,Tamil Nadu,Chennai,T30,26-35,Female,9.5,UPI,Verified
INV001279,2025-04-23,120842,sip,13090,Karnataka,Bangalore,T30,46-55,Male,76.7,UPI,Verified
INV000117,2025-04-23,102887,redemption,307334,Karnataka,Bangalore,T30,26-35,Female,15.6,Mandate,Pending
INV002365,2025-04-23,120843,sip,1082,Gujarat,Ahmedabad,T30,46-55,Male,76.9,Mandate,Verified
INV004277,2025-04-23,118632,sip,453,Telangana,Hyderabad,T30,26-35,Male,19.6,Mandate,Verified
INV002989,2025-04-23,125497,sip,21482,Haryana,Faridabad,B30,46-55,Male,16.3,Mandate,Verified
INV003091,2025-04-23,102885,sip,12263,Delhi,New Delhi,T30,36-45,Female,36.4,Cheque,Verified
INV004984,2025-04-23,100025,sip,42609,Uttar Pradesh,Agra,B30,46-55,Female,78.8,Cheque,Verified
INV002444,2025-04-23,101207,lumpsum,226089,Uttar Pradesh,Lucknow,T30,18-25,Female,3.8,Cheque,Verified
INV002602,2025-04-23,101207,sip,563,Gujarat,Surat,T30,56+,Female,45.7,Cheque,Verified
INV001115,2025-04-23,102885,redemption,296398,Uttar Pradesh,Kanpur,B30,26-35,Male,20.7,UPI,Verified
INV004531,2025-04-23,120507,redemption,74267,Haryana,Gurugram,T30,26-35,Male,8.4,Net Banking,Verified
INV002707,2025-04-23,119598,sip,514,Maharashtra,Mumbai,T30,26-35,Male,24.7,Net Banking,Verified
INV001001,2025-04-23,102885,redemption,210192,Madhya Pradesh,Indore,T30,26-35,Female,20.7,Net Banking,Verified
INV003707,2025-04-23,120507,redemption,328113,Telangana,Hyderabad,T30,36-45,Female,55.5,Cheque,Verified
INV003948,2025-04-23,120843,sip,9694,Madhya Pradesh,Indore,T30,18-25,Female,7.5,Net Banking,Verified
INV004363,2025-04-23,120504,redemption,85565,Delhi,Noida,T30,26-35,Male,20.5,Net Banking,Verified
INV002984,2025-04-23,100033,sip,2584,Delhi,Gurugram,T30,26-35,Male,18.1,Cheque,Verified
INV000217,2025-04-23,125497,sip,4612,Tamil Nadu,Chennai,T30,56+,Male,50.1,Net Banking,Verified
INV001034,2025-04-23,102886,lumpsum,113001,Maharashtra,Pune,T30,26-35,Male,20.4,Mandate,Verified
INV001648,2025-04-23,120844,lumpsum,199817,Telangana,Hyderabad,T30,46-55,Female,96.8,UPI,Verified
INV003069,2025-04-23,118635,redemption,516189,Punjab,Chandigarh,T30,56+,Female,59.5,Mandate,Pending
INV001923,2025-04-23,119598,lumpsum,361331,Gujarat,Surat,T30,18-25,Female,4.0,Mandate,Verified
INV004912,2025-04-23,102887,sip,1198,West Bengal,Kolkata,T30,18-25,Male,6.4,UPI,Verified
INV001281,2025-04-23,102887,sip,12392,Telangana,Hyderabad,T30,18-25,Male,7.9,UPI,Verified
INV002685,2025-04-23,102885,redemption,185365,Madhya Pradesh,Bhopal,B30,18-25,Male,3.7,UPI,Verified
INV004454,2025-04-23,118632,sip,2471,West Bengal,Kolkata,T30,36-45,Male,37.4,UPI,Verified
INV002397,2025-04-23,119092,sip,8720,Tamil Nadu,Coimbatore,B30,26-35,Male,20.2,Net Banking,Verified
INV004307,2025-04-23,120844,sip,8447,Haryana,Faridabad,B30,26-35,Male,19.3,Net Banking,Verified
INV000436,2025-04-23,120844,sip,56233,Rajasthan,Jaipur,T30,26-35,Male,14.4,UPI,Verified
INV002788,2025-04-23,119094,sip,4738,Uttar Pradesh,Agra,B30,26-35,Male,23.5,Mandate,Verified
INV004207,2025-04-23,100025,sip,6645,Gujarat,Ahmedabad,T30,56+,Female,53.3,UPI,Verified
INV002153,2025-04-23,100033,sip,2648,Maharashtra,Nashik,B30,18-25,Female,3.5,UPI,Verified
INV003923,2025-04-23,101207,redemption,381923,Delhi,Noida,T30,26-35,Female,6.7,Mandate,Pending
INV001167,2025-04-23,100025,sip,8998,Punjab,Amritsar,B30,36-45,Male,26.7,Net Banking,Verified
INV003882,2025-04-23,119551,lumpsum,390687,Maharashtra,Nashik,B30,36-45,Male,51.6,Net Banking,Pending
INV003011,2025-04-23,119598,lumpsum,34001,Gujarat,Ahmedabad,T30,18-25,Male,4.4,Net Banking,Pending
INV003918,2025-04-23,100025,sip,4050,Madhya Pradesh,Indore,T30,56+,Male,51.2,UPI,Pending
INV001331,2025-04-23,120841,lumpsum,52890,Gujarat,Ahmedabad,T30,26-35,Male,17.5,UPI,Verified
INV004471,2025-04-23,120841,sip,2124,Delhi,New Delhi,T30,26-35,Female,20.2,Cheque,Verified
INV000833,2025-04-23,120504,sip,1945,Maharashtra,Nashik,B30,18-25,Male,4.4,Net Banking,Verified
INV001739,2025-04-23,118632,sip,436,West Bengal,Kolkata,T30,36-45,Female,45.5,Net Banking,Verified
INV001218,2025-04-23,120506,sip,7149,Madhya Pradesh,Bhopal,B30,36-45,Male,21.1,UPI,Verified
INV001580,2025-04-23,119095,sip,2379,Punjab,Chandigarh,T30,26-35,Male,18.7,Cheque,Pending
INV001145,2025-04-23,149324,sip,8130,Delhi,Gurugram,T30,18-25,Female,4.3,Mandate,Verified
INV000432,2025-04-23,120505,lumpsum,271515,Maharashtra,Pune,T30,18-25,Female,6.7,Mandate,Verified
INV003412,2025-04-23,120842,sip,8334,Rajasthan,Jaipur,T30,18-25,Male,7.8,Mandate,Verified
INV000654,2025-04-24,102887,lumpsum,347711,Rajasthan,Udaipur,B30,18-25,Female,7.9,Net Banking,Verified
INV000775,2025-04-24,118634,sip,11383,Gujarat,Surat,T30,26-35,Male,15.1,UPI,Verified
INV001166,2025-04-24,119095,sip,46034,Punjab,Chandigarh,T30,26-35,Male,21.4,UPI,Verified
INV004191,2025-04-24,119093,lumpsum,254812,Maharashtra,Nashik,B30,26-35,Female,19.5,UPI,Verified
INV004993,2025-04-24,119552,redemption,460750,Karnataka,Bangalore,T30,36-45,Female,55.6,Mandate,Pending
INV001920,2025-04-24,148568,sip,4510,Madhya Pradesh,Indore,T30,36-45,Female,24.5,Net Banking,Verified
INV003926,2025-04-24,120507,sip,2108,West Bengal,Kolkata,T30,46-55,Male,92.8,Mandate,Verified
INV001649,2025-04-24,120503,sip,11617,Telangana,Hyderabad,T30,36-45,Male,51.5,Mandate,Verified
INV001079,2025-04-24,100016,lumpsum,528384,West Bengal,Kolkata,T30,26-35,Male,10.1,Net Banking,Verified
INV002235,2025-04-24,119120,sip,8730,Uttar Pradesh,Agra,B30,36-45,Female,32.1,Net Banking,Verified
INV000854,2025-04-24,119598,sip,1914,Karnataka,Bangalore,T30,46-55,Female,79.7,Mandate,Verified
INV001569,2025-04-24,120504,sip,10541,Punjab,Chandigarh,T30,46-55,Male,50.1,Net Banking,Verified
INV001103,2025-04-24,101207,sip,3495,Karnataka,Mysore,B30,26-35,Female,6.4,Cheque,Verified
INV002025,2025-04-24,101207,sip,9432,Karnataka,Mysore,B30,26-35,Female,23.7,Mandate,Verified
INV002590,2025-04-24,119120,lumpsum,561069,West Bengal,Kolkata,T30,36-45,Male,45.1,Mandate,Verified
INV002670,2025-04-24,148568,sip,1987,Uttar Pradesh,Agra,B30,36-45,Male,48.7,Cheque,Verified
INV004606,2025-04-24,101207,lumpsum,310752,Gujarat,Surat,T30,36-45,Male,57.2,UPI,Verified
INV004919,2025-04-24,119094,sip,5096,Telangana,Hyderabad,T30,26-35,Male,6.6,Net Banking,Verified
INV000677,2025-04-24,149322,lumpsum,113385,Telangana,Hyderabad,T30,26-35,Male,16.6,Net Banking,Verified
INV002435,2025-04-24,148568,sip,7417,Maharashtra,Nashik,B30,56+,Female,58.6,Mandate,Verified
INV003227,2025-04-24,119094,lumpsum,161774,Maharashtra,Mumbai,T30,36-45,Male,41.8,UPI,Verified
INV002547,2025-04-24,120505,sip,2444,Haryana,Gurugram,T30,26-35,Male,7.3,Mandate,Verified
INV002354,2025-04-24,119120,redemption,74849,Uttar Pradesh,Agra,B30,46-55,Male,86.9,Net Banking,Verified
INV003060,2025-04-24,120844,sip,11301,Rajasthan,Jaipur,T30,56+,Female,16.6,UPI,Verified
INV001392,2025-04-24,119095,sip,7854,Rajasthan,Udaipur,B30,26-35,Male,18.5,Mandate,Verified
INV002879,2025-04-24,148567,sip,8156,Tamil Nadu,Coimbatore,B30,46-55,Male,26.0,Cheque,Verified
INV002590,2025-04-24,149323,sip,59126,West Bengal,Kolkata,T30,36-45,Male,45.1,Mandate,Verified
INV004124,2025-04-24,120844,sip,28400,Maharashtra,Nashik,B30,56+,Male,76.4,Mandate,Verified
INV003478,2025-04-24,119598,sip,5486,Punjab,Chandigarh,T30,26-35,Male,21.2,UPI,Verified
INV003633,2025-04-24,101207,sip,48130,Madhya Pradesh,Bhopal,B30,26-35,Male,11.8,Net Banking,Verified
INV004254,2025-04-24,100025,lumpsum,134070,Madhya Pradesh,Bhopal,B30,36-45,Male,58.3,UPI,Verified
INV002189,2025-04-24,120503,sip,485,Uttar Pradesh,Lucknow,T30,36-45,Male,37.4,Cheque,Verified
INV000556,2025-04-24,119552,redemption,564587,Rajasthan,Udaipur,B30,18-25,Male,7.2,UPI,Verified
INV000147,2025-04-24,119093,sip,2474,Rajasthan,Jaipur,T30,26-35,Male,15.7,Cheque,Verified
INV004457,2025-04-24,125497,lumpsum,257619,Telangana,Hyderabad,T30,18-25,Male,6.7,Cheque,Verified
INV001842,2025-04-24,148567,sip,29211,Gujarat,Surat,T30,26-35,Male,14.4,UPI,Verified
INV003829,2025-04-24,101208,sip,1966,Punjab,Amritsar,B30,36-45,Male,55.6,Cheque,Verified
INV002680,2025-04-24,120503,redemption,168614,West Bengal,Kolkata,T30,36-45,Male,17.4,Net Banking,Verified
INV003354,2025-04-24,125497,lumpsum,75352,Punjab,Chandigarh,T30,46-55,Male,48.5,Net Banking,Verified
INV001666,2025-04-24,119095,redemption,338991,Madhya Pradesh,Bhopal,B30,36-45,Male,58.1,UPI,Verified
INV001055,2025-04-24,120503,sip,12026,Haryana,Gurugram,T30,26-35,Female,17.6,Cheque,Verified
INV002557,2025-04-24,120842,sip,807,West Bengal,Kolkata,T30,26-35,Female,18.2,Mandate,Verified
INV003112,2025-04-24,120843,sip,2578,Maharashtra,Pune,T30,26-35,Female,8.5,UPI,Verified
INV001811,2025-04-24,120507,sip,6105,Punjab,Amritsar,B30,18-25,Male,7.8,Cheque,Verified
INV004301,2025-04-24,120506,redemption,401124,Haryana,Faridabad,B30,18-25,Male,6.2,Net Banking,Verified
INV000725,2025-04-24,101206,sip,2305,Telangana,Hyderabad,T30,18-25,Male,6.9,UPI,Verified
INV001848,2025-04-24,119095,lumpsum,442664,Punjab,Chandigarh,T30,26-35,Male,10.9,Cheque,Verified
INV004955,2025-04-24,148567,sip,404,Madhya Pradesh,Bhopal,B30,46-55,Male,63.3,UPI,Verified
INV004961,2025-04-24,119598,sip,1657,West Bengal,Kolkata,T30,36-45,Male,15.0,UPI,Verified
INV002193,2025-04-24,119095,sip,1011,Haryana,Gurugram,T30,36-45,Female,49.7,Cheque,Verified
INV000230,2025-04-24,101206,lumpsum,102762,Haryana,Faridabad,B30,18-25,Male,3.3,Net Banking,Verified
INV001333,2025-04-24,125497,sip,2025,Haryana,Faridabad,B30,26-35,Female,19.0,UPI,Verified
INV000230,2025-04-24,102886,lumpsum,52502,Haryana,Faridabad,B30,18-25,Male,3.3,Net Banking,Verified
INV002563,2025-04-24,120842,lumpsum,346909,Madhya Pradesh,Indore,T30,18-25,Female,6.8,UPI,Verified
INV001470,2025-04-24,148567,sip,22359,Haryana,Gurugram,T30,36-45,Male,26.2,Cheque,Verified
INV003553,2025-04-24,102887,lumpsum,104265,Punjab,Amritsar,B30,36-45,Male,33.0,Net Banking,Verified
INV003545,2025-04-24,120843,lumpsum,449825,Gujarat,Ahmedabad,T30,26-35,Female,15.7,Cheque,Verified
INV004254,2025-04-24,148568,sip,16694,Madhya Pradesh,Bhopal,B30,36-45,Male,58.3,Net Banking,Verified
INV000124,2025-04-24,118633,sip,11721,Punjab,Amritsar,B30,36-45,Female,46.2,Net Banking,Verified
INV003194,2025-04-25,120842,sip,8449,Haryana,Faridabad,B30,26-35,Female,19.5,Mandate,Verified
INV004646,2025-04-25,119120,sip,7214,Madhya Pradesh,Indore,T30,18-25,Female,5.5,UPI,Verified
INV003297,2025-04-25,120841,sip,4668,Madhya Pradesh,Bhopal,B30,36-45,Female,16.3,Mandate,Pending
INV001227,2025-04-25,120506,lumpsum,521214,Tamil Nadu,Coimbatore,B30,36-45,Male,58.3,UPI,Verified
INV004948,2025-04-25,119093,sip,5231,Madhya Pradesh,Indore,T30,56+,Male,54.1,Cheque,Verified
INV002261,2025-04-25,149324,sip,5050,Uttar Pradesh,Kanpur,B30,18-25,Male,5.0,UPI,Verified
INV003041,2025-04-25,119092,sip,2533,Madhya Pradesh,Bhopal,B30,36-45,Male,32.0,Net Banking,Verified
INV004591,2025-04-25,102885,lumpsum,334397,Tamil Nadu,Chennai,T30,26-35,Male,7.8,Cheque,Verified
INV000826,2025-04-25,100016,sip,2178,Madhya Pradesh,Bhopal,B30,36-45,Female,44.3,UPI,Verified
INV003613,2025-04-25,119599,sip,2341,Punjab,Amritsar,B30,26-35,Male,13.5,UPI,Verified
INV004602,2025-04-25,118633,sip,4631,Delhi,Noida,T30,26-35,Female,9.4,Cheque,Verified
INV003381,2025-04-25,119094,redemption,167404,Madhya Pradesh,Indore,T30,36-45,Female,12.1,Mandate,Verified
INV004212,2025-04-25,119093,redemption,34615,Uttar Pradesh,Kanpur,B30,36-45,Male,41.5,Mandate,Verified
INV002622,2025-04-25,101208,sip,4116,Karnataka,Mysore,B30,18-25,Female,4.0,Mandate,Verified
INV000032,2025-04-25,102886,redemption,209290,Delhi,Noida,T30,36-45,Male,21.8,Mandate,Verified
INV004875,2025-04-25,102885,redemption,324185,West Bengal,Kolkata,T30,26-35,Male,25.0,Net Banking,Verified
INV000098,2025-04-25,120842,sip,493,Telangana,Hyderabad,T30,36-45,Male,33.8,Mandate,Verified
INV001757,2025-04-25,102885,sip,2398,Telangana,Hyderabad,T30,46-55,Male,87.3,Mandate,Verified
INV003708,2025-04-25,102886,sip,12623,Punjab,Amritsar,B30,46-55,Male,38.6,Cheque,Verified
INV001156,2025-04-25,119598,sip,2856,Madhya Pradesh,Indore,T30,56+,Female,58.8,UPI,Verified
INV003353,2025-04-25,102887,lumpsum,156461,Rajasthan,Udaipur,B30,26-35,Female,13.3,Mandate,Pending
INV004043,2025-04-25,148569,sip,512,Punjab,Amritsar,B30,36-45,Female,39.5,Cheque,Verified
INV000873,2025-04-25,119120,sip,565,Uttar Pradesh,Lucknow,T30,26-35,Male,8.9,UPI,Verified
INV000821,2025-04-25,118636,lumpsum,32656,Uttar Pradesh,Kanpur,B30,36-45,Male,50.1,Cheque,Verified
INV000744,2025-04-25,119120,lumpsum,509502,Uttar Pradesh,Kanpur,B30,56+,Female,49.8,Mandate,Verified
INV004996,2025-04-25,148569,sip,2027,Delhi,New Delhi,T30,46-55,Male,87.8,Net Banking,Verified
INV000745,2025-04-25,120504,sip,2287,Punjab,Chandigarh,T30,26-35,Female,13.2,UPI,Pending
INV001806,2025-04-25,149322,redemption,354063,Telangana,Hyderabad,T30,36-45,Male,32.6,UPI,Verified
INV003201,2025-04-25,101206,lumpsum,427481,Rajasthan,Jaipur,T30,36-45,Female,12.2,Mandate,Pending
INV002707,2025-04-25,119095,redemption,117680,Maharashtra,Mumbai,T30,26-35,Male,24.7,Cheque,Verified
INV000746,2025-04-25,101207,redemption,204780,Madhya Pradesh,Bhopal,B30,36-45,Male,49.8,Cheque,Verified
INV004216,2025-04-25,148568,lumpsum,133240,Karnataka,Bangalore,T30,26-35,Male,8.3,Mandate,Verified
INV003636,2025-04-25,125498,sip,13165,West Bengal,Kolkata,T30,46-55,Female,94.0,Mandate,Verified
INV001735,2025-04-25,120507,sip,811,Maharashtra,Pune,T30,56+,Male,41.9,Net Banking,Verified
INV001680,2025-04-25,118636,sip,5096,Madhya Pradesh,Indore,T30,26-35,Male,22.8,Cheque,Verified
INV001446,2025-04-25,120843,redemption,352130,Delhi,Noida,T30,26-35,Male,6.6,Mandate,Pending
INV001448,2025-04-25,118634,lumpsum,295585,Telangana,Hyderabad,T30,26-35,Female,14.2,Cheque,Verified
INV002933,2025-04-25,101207,sip,2285,Madhya Pradesh,Indore,T30,36-45,Female,39.4,Net Banking,Verified
INV003882,2025-04-25,120841,sip,2721,Maharashtra,Nashik,B30,36-45,Male,51.6,Net Banking,Verified
INV001842,2025-04-25,119551,redemption,263735,Gujarat,Surat,T30,26-35,Male,14.4,UPI,Verified
INV003310,2025-04-25,120841,lumpsum,364041,Telangana,Hyderabad,T30,26-35,Male,8.0,Cheque,Verified
INV000693,2025-04-25,119552,sip,9911,Haryana,Faridabad,B30,26-35,Male,11.0,Net Banking,Verified
INV000809,2025-04-25,101207,lumpsum,323113,Tamil Nadu,Chennai,T30,56+,Male,59.1,Cheque,Verified
INV002825,2025-04-25,125497,sip,4607,Delhi,New Delhi,T30,36-45,Male,52.4,Cheque,Verified
INV002230,2025-04-25,125497,sip,51708,Delhi,Noida,T30,36-45,Male,21.7,Cheque,Verified
INV004123,2025-04-25,100016,sip,2054,Haryana,Gurugram,T30,36-45,Male,53.8,Cheque,Pending
INV004436,2025-04-25,119598,lumpsum,428983,Delhi,New Delhi,T30,56+,Male,30.3,UPI,Verified
INV004324,2025-04-25,120844,sip,3576,Madhya Pradesh,Indore,T30,36-45,Male,42.4,UPI,Verified
INV002702,2025-04-25,119120,redemption,152599,Punjab,Chandigarh,T30,36-45,Male,25.4,UPI,Verified
INV004703,2025-04-25,149322,redemption,204909,Gujarat,Ahmedabad,T30,56+,Female,45.6,UPI,Verified
INV004283,2025-04-25,125498,redemption,64720,Telangana,Hyderabad,T30,26-35,Male,9.6,Mandate,Pending
INV003077,2025-04-25,148568,sip,29523,Tamil Nadu,Coimbatore,B30,18-25,Female,4.6,Net Banking,Verified
INV001594,2025-04-25,120841,redemption,206556,Madhya Pradesh,Bhopal,B30,26-35,Male,13.9,Net Banking,Verified
INV001790,2025-04-25,118634,sip,41858,Punjab,Chandigarh,T30,46-55,Male,15.8,Cheque,Verified
INV000641,2025-04-25,118632,sip,25786,Punjab,Amritsar,B30,26-35,Male,14.5,UPI,Verified
INV002913,2025-04-25,120843,sip,24582,Delhi,New Delhi,T30,56+,Male,28.5,Net Banking,Verified
INV001697,2025-04-25,119094,sip,55683,Haryana,Gurugram,T30,18-25,Male,5.4,Cheque,Verified
INV002365,2025-04-25,148568,redemption,57133,Gujarat,Ahmedabad,T30,46-55,Male,76.9,Cheque,Verified
INV003924,2025-04-25,118634,sip,4951,Telangana,Hyderabad,T30,26-35,Male,20.1,Net Banking,Verified
INV001217,2025-04-25,120841,sip,15085,Rajasthan,Jaipur,T30,26-35,Male,21.5,Cheque,Verified
INV003797,2025-04-25,101208,lumpsum,365341,Madhya Pradesh,Indore,T30,26-35,Male,6.6,Cheque,Pending
INV001529,2025-04-25,120505,redemption,379592,Haryana,Faridabad,B30,56+,Male,72.6,UPI,Verified
INV001782,2025-04-25,119551,redemption,440974,Uttar Pradesh,Agra,B30,36-45,Female,47.5,UPI,Verified
INV004942,2025-04-25,118633,sip,8357,Maharashtra,Mumbai,T30,26-35,Female,6.3,Net Banking,Verified
INV004193,2025-04-25,120503,lumpsum,411919,Telangana,Hyderabad,T30,26-35,Male,17.1,Net Banking,Verified
INV001927,2025-04-25,118632,redemption,396112,Rajasthan,Jaipur,T30,56+,Male,58.7,UPI,Verified
INV000550,2025-04-25,120843,sip,2240,Rajasthan,Udaipur,B30,26-35,Male,6.7,Cheque,Verified
INV000251,2025-04-25,148567,redemption,189747,Haryana,Faridabad,B30,26-35,Male,19.4,Mandate,Verified
INV002528,2025-04-25,101207,redemption,216728,Gujarat,Ahmedabad,T30,46-55,Male,16.3,Cheque,Verified
INV000657,2025-04-25,100025,sip,8418,Tamil Nadu,Coimbatore,B30,26-35,Female,11.4,Mandate,Verified
INV000018,2025-04-25,101208,lumpsum,85818,Telangana,Hyderabad,T30,56+,Male,37.9,Cheque,Verified
INV002138,2025-04-25,120503,sip,4074,Karnataka,Bangalore,T30,46-55,Female,78.2,Net Banking,Verified
INV001378,2025-04-25,149324,lumpsum,324906,Delhi,Noida,T30,36-45,Male,21.1,Cheque,Verified
INV000090,2025-04-25,119552,sip,8536,Rajasthan,Udaipur,B30,26-35,Female,23.7,Mandate,Verified
INV001293,2025-04-25,120841,redemption,416560,Gujarat,Ahmedabad,T30,36-45,Male,43.6,UPI,Verified
INV000649,2025-04-25,101207,lumpsum,149708,Tamil Nadu,Chennai,T30,36-45,Male,27.3,UPI,Verified
INV002200,2025-04-25,148568,sip,28571,Madhya Pradesh,Indore,T30,26-35,Male,23.1,Mandate,Verified
INV001937,2025-04-25,120504,sip,950,Haryana,Gurugram,T30,18-25,Male,7.8,Cheque,Verified
INV003399,2025-04-25,119598,redemption,109986,Telangana,Hyderabad,T30,26-35,Female,16.0,UPI,Verified
INV001385,2025-04-25,149324,sip,524,Tamil Nadu,Chennai,T30,26-35,Male,13.7,Net Banking,Verified
INV003863,2025-04-25,125498,sip,1061,Gujarat,Surat,T30,36-45,Male,13.9,Mandate,Verified
INV004388,2025-04-25,118632,redemption,429657,Gujarat,Surat,T30,26-35,Female,10.3,Cheque,Verified
INV003253,2025-04-25,125497,lumpsum,78045,West Bengal,Kolkata,T30,56+,Male,30.2,UPI,Verified
INV002353,2025-04-25,100025,redemption,471172,West Bengal,Kolkata,T30,46-55,Male,40.5,Mandate,Verified
INV002128,2025-04-25,120505,lumpsum,279359,Rajasthan,Udaipur,B30,26-35,Female,21.6,Cheque,Verified
INV003940,2025-04-25,100025,redemption,191056,West Bengal,Kolkata,T30,36-45,Male,21.6,Mandate,Verified
INV004839,2025-04-25,148569,lumpsum,231149,Karnataka,Mysore,B30,26-35,Male,19.1,Cheque,Pending
INV004343,2025-04-26,148569,sip,11560,Madhya Pradesh,Bhopal,B30,18-25,Male,7.9,Net Banking,Verified
INV004668,2025-04-26,125498,sip,12936,Gujarat,Ahmedabad,T30,26-35,Male,6.4,Cheque,Verified
INV001765,2025-04-26,100033,redemption,306945,Uttar Pradesh,Kanpur,B30,46-55,Male,95.2,Cheque,Verified
INV001312,2025-04-26,119598,lumpsum,21334,Delhi,Noida,T30,26-35,Male,6.9,Net Banking,Verified
INV002784,2025-04-26,119551,lumpsum,112479,Karnataka,Mysore,B30,26-35,Male,17.7,UPI,Verified
INV003672,2025-04-26,101208,lumpsum,73398,Uttar Pradesh,Agra,B30,36-45,Male,32.5,Cheque,Verified
INV000752,2025-04-26,125497,lumpsum,116302,Punjab,Chandigarh,T30,46-55,Male,32.7,Net Banking,Verified
INV003340,2025-04-26,148568,sip,1629,Madhya Pradesh,Indore,T30,26-35,Male,22.5,Net Banking,Verified
INV003044,2025-04-26,119093,sip,599,West Bengal,Kolkata,T30,18-25,Female,3.2,Net Banking,Verified
INV000651,2025-04-26,125498,sip,6188,Delhi,New Delhi,T30,18-25,Male,6.0,Cheque,Verified
INV001744,2025-04-26,119552,sip,2183,Karnataka,Mysore,B30,26-35,Male,15.9,Mandate,Pending
INV003853,2025-04-26,101208,sip,3496,Tamil Nadu,Coimbatore,B30,26-35,Male,16.1,UPI,Verified
INV003639,2025-04-26,118635,sip,6970,Telangana,Hyderabad,T30,36-45,Female,22.9,UPI,Verified
INV004139,2025-04-26,102887,redemption,299284,West Bengal,Kolkata,T30,56+,Female,61.1,Cheque,Verified
INV004857,2025-04-26,119599,lumpsum,165836,Delhi,Noida,T30,26-35,Male,15.3,Mandate,Verified
INV000442,2025-04-26,119552,sip,2836,Delhi,Noida,T30,26-35,Male,16.2,UPI,Verified
INV001233,2025-04-26,118635,redemption,136432,Telangana,Hyderabad,T30,26-35,Male,11.7,Net Banking,Pending
INV002758,2025-04-26,119094,sip,5729,Delhi,Gurugram,T30,26-35,Male,7.3,Net Banking,Pending
INV001810,2025-04-26,119092,redemption,209249,Uttar Pradesh,Kanpur,B30,26-35,Female,10.1,UPI,Verified
INV000626,2025-04-26,149322,lumpsum,134245,Haryana,Gurugram,T30,26-35,Female,12.3,UPI,Verified
INV004934,2025-04-26,119095,sip,5533,West Bengal,Kolkata,T30,26-35,Female,22.0,Cheque,Verified
INV000005,2025-04-26,119095,lumpsum,312113,Punjab,Amritsar,B30,26-35,Female,10.4,Mandate,Verified
INV003989,2025-04-26,120507,lumpsum,335960,Maharashtra,Nashik,B30,26-35,Male,24.6,UPI,Verified
INV001858,2025-04-26,119092,sip,2886,Punjab,Amritsar,B30,36-45,Male,16.6,Mandate,Verified
INV004392,2025-04-26,120504,sip,3147,West Bengal,Kolkata,T30,18-25,Male,6.7,Mandate,Verified
INV004734,2025-04-26,120844,sip,55013,Uttar Pradesh,Kanpur,B30,36-45,Male,32.4,UPI,Verified
INV004594,2025-04-26,148568,sip,13561,Haryana,Gurugram,T30,26-35,Female,9.8,Net Banking,Verified
INV003033,2025-04-26,118635,lumpsum,353264,Gujarat,Ahmedabad,T30,36-45,Male,17.3,Cheque,Verified
INV004196,2025-04-26,120843,lumpsum,177675,West Bengal,Kolkata,T30,46-55,Male,44.4,Mandate,Verified
INV002945,2025-04-26,148569,sip,9107,Maharashtra,Nashik,B30,26-35,Male,15.6,Cheque,Verified
INV000480,2025-04-26,102887,redemption,53506,Maharashtra,Mumbai,T30,18-25,Male,6.2,Cheque,Verified
INV003208,2025-04-26,102885,sip,2324,Madhya Pradesh,Bhopal,B30,46-55,Male,80.0,Mandate,Verified
INV002306,2025-04-26,149324,sip,3532,Tamil Nadu,Chennai,T30,18-25,Male,3.4,Cheque,Verified
INV002894,2025-04-26,149322,redemption,121472,Delhi,Noida,T30,26-35,Male,10.4,Mandate,Verified
INV003808,2025-04-26,119120,redemption,329191,Madhya Pradesh,Bhopal,B30,46-55,Female,62.5,Cheque,Pending
INV001725,2025-04-26,149324,sip,9743,Tamil Nadu,Coimbatore,B30,36-45,Male,30.0,UPI,Verified
INV003961,2025-04-26,120842,lumpsum,192957,Rajasthan,Udaipur,B30,46-55,Male,39.6,Cheque,Verified
INV000428,2025-04-26,119120,redemption,376098,Delhi,Gurugram,T30,36-45,Male,27.2,Cheque,Verified
INV000667,2025-04-26,118633,sip,25031,Telangana,Hyderabad,T30,26-35,Male,7.5,Net Banking,Verified
INV000458,2025-04-26,119093,lumpsum,75429,Rajasthan,Udaipur,B30,56+,Male,18.9,Net Banking,Verified
INV003343,2025-04-26,100033,sip,45635,Telangana,Hyderabad,T30,36-45,Male,26.0,UPI,Verified
INV002327,2025-04-26,149322,redemption,87967,Punjab,Amritsar,B30,26-35,Male,7.0,Mandate,Verified
INV004420,2025-04-26,119093,sip,548,Haryana,Gurugram,T30,36-45,Male,14.6,UPI,Verified
INV000145,2025-04-26,149322,redemption,125128,Delhi,New Delhi,T30,26-35,Male,9.3,UPI,Verified
INV001394,2025-04-26,118633,sip,16085,Karnataka,Bangalore,T30,56+,Male,42.9,Net Banking,Verified
INV000577,2025-04-26,119551,redemption,99831,Delhi,Noida,T30,36-45,Male,20.4,Mandate,Verified
INV004566,2025-04-26,120841,sip,58248,Punjab,Chandigarh,T30,26-35,Male,20.1,Cheque,Verified
INV002486,2025-04-26,101208,redemption,132552,Gujarat,Surat,T30,56+,Male,16.2,Net Banking,Verified
INV004451,2025-04-26,120503,sip,8560,Madhya Pradesh,Bhopal,B30,56+,Male,78.6,Mandate,Verified
INV002625,2025-04-26,120507,lumpsum,461585,Karnataka,Bangalore,T30,46-55,Female,99.3,UPI,Verified
INV003448,2025-04-26,118635,sip,1006,Rajasthan,Udaipur,B30,26-35,Male,16.4,Mandate,Verified
INV002040,2025-04-26,148568,sip,15655,Karnataka,Mysore,B30,36-45,Female,49.1,Net Banking,Verified
INV002475,2025-04-26,148567,redemption,64620,Delhi,New Delhi,T30,26-35,Male,14.4,Cheque,Verified
INV000801,2025-04-26,102886,sip,5011,Karnataka,Mysore,B30,36-45,Male,18.3,UPI,Pending
INV003695,2025-04-26,119551,sip,3272,Karnataka,Bangalore,T30,36-45,Male,31.0,Mandate,Verified
INV001545,2025-04-27,125498,lumpsum,389619,Madhya Pradesh,Bhopal,B30,26-35,Male,11.5,Net Banking,Verified
INV002986,2025-04-27,120505,lumpsum,290990,Punjab,Amritsar,B30,26-35,Male,11.9,Net Banking,Verified
INV000531,2025-04-27,120842,sip,48301,Delhi,Gurugram,T30,56+,Male,64.9,Mandate,Verified
INV001948,2025-04-27,125497,sip,22055,Tamil Nadu,Coimbatore,B30,18-25,Female,4.2,UPI,Verified
INV004510,2025-04-27,120504,lumpsum,424756,Haryana,Gurugram,T30,56+,Male,71.8,Cheque,Verified
INV000776,2025-04-27,119095,sip,570,Rajasthan,Jaipur,T30,26-35,Male,12.4,Net Banking,Verified
INV002496,2025-04-27,149323,sip,17255,Karnataka,Mysore,B30,36-45,Male,40.5,Net Banking,Verified
INV000955,2025-04-27,125498,sip,6412,Gujarat,Surat,T30,26-35,Male,6.7,Mandate,Verified
INV002051,2025-04-27,102885,sip,17564,Gujarat,Ahmedabad,T30,46-55,Female,56.2,Cheque,Verified
INV004898,2025-04-27,120842,lumpsum,354785,Haryana,Faridabad,B30,56+,Female,48.9,Cheque,Verified
INV002520,2025-04-27,118636,sip,936,Tamil Nadu,Chennai,T30,36-45,Male,48.9,Net Banking,Verified
INV004918,2025-04-27,120844,redemption,437609,Punjab,Amritsar,B30,56+,Female,46.9,Mandate,Verified
INV000854,2025-04-27,120506,sip,4161,Karnataka,Bangalore,T30,46-55,Female,79.7,Net Banking,Verified
INV001037,2025-04-27,119120,redemption,548950,Haryana,Faridabad,B30,36-45,Female,41.8,UPI,Verified
INV002532,2025-04-27,102887,sip,49169,Telangana,Hyderabad,T30,56+,Female,11.7,Mandate,Verified
INV001576,2025-04-27,120841,sip,27620,Delhi,Noida,T30,46-55,Female,46.5,Mandate,Verified
INV004078,2025-04-27,102887,lumpsum,205962,Delhi,Noida,T30,18-25,Male,3.8,UPI,Verified
INV002155,2025-04-27,148567,sip,543,Telangana,Hyderabad,T30,56+,Male,26.2,Net Banking,Pending
INV004694,2025-04-27,120507,sip,2959,Gujarat,Surat,T30,26-35,Male,9.9,Mandate,Verified
INV001849,2025-04-27,149323,sip,416,Gujarat,Ahmedabad,T30,36-45,Female,49.3,Net Banking,Verified
INV002161,2025-04-27,119552,redemption,180152,Maharashtra,Nashik,B30,26-35,Male,11.4,Net Banking,Verified
INV002039,2025-04-27,101206,lumpsum,438431,Madhya Pradesh,Bhopal,B30,46-55,Male,17.3,Cheque,Verified
INV001548,2025-04-27,119552,sip,2844,Delhi,New Delhi,T30,26-35,Male,24.8,Cheque,Verified
INV001329,2025-04-27,119599,lumpsum,128802,Punjab,Amritsar,B30,36-45,Female,37.2,UPI,Verified
INV001771,2025-04-27,120505,lumpsum,366048,Gujarat,Surat,T30,46-55,Male,85.9,Mandate,Verified
INV001367,2025-04-27,118633,sip,28146,Maharashtra,Nashik,B30,36-45,Male,32.2,Mandate,Verified
INV000359,2025-04-27,149323,sip,5164,Tamil Nadu,Chennai,T30,18-25,Male,3.1,UPI,Verified
INV004944,2025-04-27,120841,redemption,188219,West Bengal,Kolkata,T30,18-25,Male,4.5,Mandate,Verified
INV001483,2025-04-27,118636,lumpsum,178632,Rajasthan,Jaipur,T30,36-45,Male,38.8,Cheque,Verified
INV002675,2025-04-27,100016,sip,919,Uttar Pradesh,Agra,B30,36-45,Male,17.9,Net Banking,Verified
INV004984,2025-04-27,118636,sip,41483,Uttar Pradesh,Agra,B30,46-55,Female,78.8,UPI,Verified
INV003459,2025-04-27,120503,redemption,184281,Karnataka,Mysore,B30,26-35,Female,23.5,Cheque,Verified
INV000444,2025-04-27,125497,sip,10659,Maharashtra,Pune,T30,36-45,Female,42.1,Mandate,Verified
INV003591,2025-04-27,101207,lumpsum,249026,Haryana,Faridabad,B30,26-35,Female,8.8,Mandate,Verified
INV004535,2025-04-27,119551,sip,40422,Gujarat,Surat,T30,26-35,Female,19.2,UPI,Verified
INV003911,2025-04-27,148567,sip,555,Telangana,Hyderabad,T30,36-45,Male,21.5,Cheque,Pending
INV004747,2025-04-27,118633,lumpsum,238793,Punjab,Amritsar,B30,36-45,Male,23.4,UPI,Verified
INV001456,2025-04-27,125497,sip,8987,Punjab,Chandigarh,T30,36-45,Male,36.3,Net Banking,Verified
INV002808,2025-04-27,118636,sip,2864,Uttar Pradesh,Agra,B30,26-35,Male,24.1,UPI,Pending
INV004934,2025-04-27,125498,sip,1100,West Bengal,Kolkata,T30,26-35,Female,22.0,UPI,Verified
INV000894,2025-04-27,120842,sip,1779,Tamil Nadu,Coimbatore,B30,36-45,Female,32.0,UPI,Verified
INV002994,2025-04-27,118635,sip,6152,Karnataka,Mysore,B30,18-25,Male,8.0,UPI,Verified
INV000912,2025-04-27,119093,lumpsum,381066,Haryana,Faridabad,B30,36-45,Male,26.7,Mandate,Verified
INV000678,2025-04-27,148568,sip,16172,Gujarat,Surat,T30,26-35,Male,19.1,Net Banking,Verified
INV002096,2025-04-27,148567,sip,22219,Delhi,New Delhi,T30,18-25,Female,6.9,Net Banking,Verified
INV000079,2025-04-27,118633,sip,2684,Gujarat,Surat,T30,26-35,Male,17.0,Mandate,Verified
INV002135,2025-04-27,119092,lumpsum,157087,Gujarat,Ahmedabad,T30,56+,Male,18.3,UPI,Pending
INV003077,2025-04-27,102885,sip,2510,Tamil Nadu,Coimbatore,B30,18-25,Female,4.6,Cheque,Verified
INV004226,2025-04-27,119120,sip,29665,Punjab,Chandigarh,T30,18-25,Male,3.9,Cheque,Verified
INV000419,2025-04-27,119120,sip,12669,Haryana,Gurugram,T30,56+,Female,27.6,UPI,Verified
INV002578,2025-04-27,100033,sip,28132,Telangana,Hyderabad,T30,26-35,Male,20.9,Cheque,Verified
INV004803,2025-04-27,119093,sip,8460,Haryana,Gurugram,T30,18-25,Female,7.7,Mandate,Verified
INV003431,2025-04-27,120844,lumpsum,319417,Karnataka,Mysore,B30,18-25,Male,6.3,Mandate,Verified
INV003971,2025-04-27,119120,sip,24812,Haryana,Gurugram,T30,26-35,Male,14.1,Mandate,Verified
INV003512,2025-04-27,119552,lumpsum,14830,Delhi,Gurugram,T30,56+,Female,31.5,Cheque,Verified
INV002187,2025-04-27,118632,sip,8626,Tamil Nadu,Chennai,T30,36-45,Male,15.0,UPI,Verified
INV002394,2025-04-27,101207,sip,476,Delhi,Gurugram,T30,46-55,Male,84.9,Cheque,Verified
INV002786,2025-04-27,120503,redemption,362213,Tamil Nadu,Coimbatore,B30,26-35,Female,13.3,Cheque,Verified
INV001409,2025-04-27,118636,sip,2589,Haryana,Faridabad,B30,18-25,Male,4.5,Mandate,Verified
INV000102,2025-04-27,119598,lumpsum,277400,Gujarat,Surat,T30,26-35,Male,21.9,UPI,Verified
INV004923,2025-04-27,119092,redemption,295041,Karnataka,Mysore,B30,26-35,Male,19.3,UPI,Pending
INV003732,2025-04-27,101207,redemption,534090,West Bengal,Kolkata,T30,36-45,Male,56.1,Cheque,Verified
INV001815,2025-04-27,125497,redemption,266239,West Bengal,Kolkata,T30,26-35,Female,23.7,UPI,Verified
INV002943,2025-04-27,125498,sip,2408,Karnataka,Bangalore,T30,26-35,Female,7.6,Cheque,Verified
INV001783,2025-04-27,118636,lumpsum,322746,Madhya Pradesh,Bhopal,B30,36-45,Female,52.6,Cheque,Verified
INV001424,2025-04-27,100033,sip,2358,Haryana,Gurugram,T30,26-35,Male,18.9,UPI,Verified
INV002903,2025-04-27,120842,sip,11816,Madhya Pradesh,Indore,T30,36-45,Male,45.0,Net Banking,Pending
INV002834,2025-04-27,149324,lumpsum,368314,West Bengal,Kolkata,T30,18-25,Male,6.9,Mandate,Pending
INV000417,2025-04-27,101206,lumpsum,18783,Haryana,Gurugram,T30,26-35,Female,13.5,UPI,Verified
INV001886,2025-04-27,119093,sip,8404,Haryana,Gurugram,T30,18-25,Male,7.7,UPI,Pending
INV003260,2025-04-27,149324,redemption,202599,Madhya Pradesh,Indore,T30,18-25,Male,7.9,UPI,Verified
INV004040,2025-04-27,119599,sip,1076,Gujarat,Ahmedabad,T30,36-45,Male,54.3,Mandate,Verified
INV003975,2025-04-27,119120,sip,559,Gujarat,Ahmedabad,T30,36-45,Male,26.2,UPI,Verified
INV001816,2025-04-27,102887,lumpsum,15875,Telangana,Hyderabad,T30,26-35,Male,9.0,Mandate,Verified
INV002092,2025-04-28,120503,lumpsum,314972,Punjab,Amritsar,B30,18-25,Male,7.7,Mandate,Verified
INV000046,2025-04-28,119551,sip,448,Gujarat,Ahmedabad,T30,26-35,Female,24.5,Mandate,Verified
INV003108,2025-04-28,119599,sip,582,Gujarat,Ahmedabad,T30,26-35,Female,15.5,Cheque,Verified
INV001445,2025-04-28,119120,lumpsum,237312,Tamil Nadu,Chennai,T30,26-35,Female,9.5,Mandate,Verified
INV001320,2025-04-28,148568,lumpsum,239382,Punjab,Amritsar,B30,36-45,Male,31.8,Mandate,Verified
INV004009,2025-04-28,119598,sip,14342,Gujarat,Ahmedabad,T30,18-25,Male,5.6,Net Banking,Verified
INV001835,2025-04-28,119095,lumpsum,88681,Delhi,Noida,T30,26-35,Female,13.2,UPI,Verified
INV004227,2025-04-28,120504,sip,2210,Gujarat,Surat,T30,18-25,Female,4.5,Cheque,Verified
INV003825,2025-04-28,120505,lumpsum,286965,Telangana,Hyderabad,T30,56+,Male,69.6,Mandate,Verified
INV001660,2025-04-28,119120,sip,2080,Karnataka,Bangalore,T30,18-25,Female,6.4,Net Banking,Verified
INV002843,2025-04-28,148569,sip,2647,Haryana,Faridabad,B30,26-35,Male,11.8,Net Banking,Verified
INV002543,2025-04-28,118635,sip,52059,Madhya Pradesh,Indore,T30,18-25,Female,7.7,Mandate,Verified
INV003898,2025-04-28,120843,sip,479,Madhya Pradesh,Indore,T30,26-35,Male,6.2,Mandate,Verified
INV001173,2025-04-28,120507,sip,24626,Punjab,Chandigarh,T30,26-35,Female,7.8,Net Banking,Verified
INV004997,2025-04-28,102886,sip,11521,Tamil Nadu,Coimbatore,B30,36-45,Female,54.3,Mandate,Verified
INV004788,2025-04-28,102886,lumpsum,435652,Punjab,Amritsar,B30,18-25,Male,5.0,UPI,Verified
INV000732,2025-04-28,125498,lumpsum,399882,Haryana,Faridabad,B30,46-55,Female,40.8,Net Banking,Pending
INV000228,2025-04-28,120507,sip,13832,Karnataka,Bangalore,T30,26-35,Male,7.2,UPI,Verified
INV004296,2025-04-28,120842,lumpsum,244135,Telangana,Hyderabad,T30,26-35,Male,18.2,Net Banking,Verified
INV002473,2025-04-28,119093,sip,7999,Uttar Pradesh,Lucknow,T30,36-45,Male,41.8,UPI,Verified
INV003345,2025-04-28,118636,sip,28131,Maharashtra,Pune,T30,26-35,Female,17.7,Net Banking,Pending
INV001241,2025-04-28,120505,sip,14551,Tamil Nadu,Chennai,T30,36-45,Female,18.3,Cheque,Verified
INV001274,2025-04-28,148569,sip,17972,Maharashtra,Mumbai,T30,36-45,Female,55.7,UPI,Pending
INV004593,2025-04-28,100025,sip,59050,Punjab,Amritsar,B30,26-35,Male,13.7,UPI,Verified
INV002856,2025-04-28,119552,lumpsum,325227,Telangana,Hyderabad,T30,26-35,Male,13.2,Net Banking,Verified
INV004413,2025-04-28,149323,sip,471,Maharashtra,Mumbai,T30,26-35,Male,14.7,UPI,Verified
INV003695,2025-04-28,119552,sip,13282,Karnataka,Bangalore,T30,36-45,Male,31.0,Net Banking,Verified
INV001750,2025-04-28,120842,sip,8705,Telangana,Hyderabad,T30,36-45,Female,38.8,Cheque,Verified
INV001200,2025-04-28,125497,sip,2996,West Bengal,Kolkata,T30,46-55,Male,40.5,Mandate,Verified
INV001913,2025-04-28,118633,sip,14250,Tamil Nadu,Chennai,T30,26-35,Female,11.8,Net Banking,Verified
INV000377,2025-04-28,120504,redemption,565589,Karnataka,Bangalore,T30,26-35,Male,19.8,Net Banking,Pending
INV000262,2025-04-28,120844,sip,4912,Telangana,Hyderabad,T30,36-45,Male,47.6,Net Banking,Verified
INV001228,2025-04-28,119552,lumpsum,428141,Karnataka,Bangalore,T30,36-45,Female,29.8,UPI,Verified
INV001415,2025-04-28,119093,sip,418,Haryana,Gurugram,T30,56+,Male,33.1,UPI,Verified
INV000481,2025-04-28,101207,lumpsum,581364,Madhya Pradesh,Bhopal,B30,26-35,Female,13.4,Net Banking,Verified
INV004701,2025-04-28,102885,lumpsum,357894,Haryana,Gurugram,T30,26-35,Male,7.3,Cheque,Verified
INV003974,2025-04-28,149324,redemption,56711,Maharashtra,Nashik,B30,46-55,Male,73.6,UPI,Verified
INV003877,2025-04-28,120503,sip,7646,Rajasthan,Udaipur,B30,36-45,Female,25.4,UPI,Verified
INV001535,2025-04-28,119095,sip,16217,Rajasthan,Udaipur,B30,56+,Male,74.1,UPI,Verified
INV003696,2025-04-28,125498,sip,29627,Tamil Nadu,Coimbatore,B30,18-25,Female,4.0,Net Banking,Verified
INV004961,2025-04-28,148569,lumpsum,142736,West Bengal,Kolkata,T30,36-45,Male,15.0,Mandate,Verified
INV002995,2025-04-28,119093,sip,17009,Gujarat,Ahmedabad,T30,26-35,Male,21.7,Net Banking,Verified
INV003069,2025-04-28,119599,sip,493,Punjab,Chandigarh,T30,56+,Female,59.5,Mandate,Verified
INV001395,2025-04-28,120503,sip,598,Telangana,Hyderabad,T30,56+,Male,53.5,Cheque,Verified
INV002889,2025-04-28,149324,lumpsum,434316,West Bengal,Kolkata,T30,26-35,Male,12.6,Mandate,Verified
INV003073,2025-04-28,120842,lumpsum,468162,Punjab,Amritsar,B30,26-35,Male,11.9,Mandate,Verified
INV000169,2025-04-28,119551,sip,4423,Rajasthan,Jaipur,T30,26-35,Male,6.9,Mandate,Verified
INV003961,2025-04-28,120503,sip,12636,Rajasthan,Udaipur,B30,46-55,Male,39.6,UPI,Verified
INV002523,2025-04-28,101207,redemption,443565,Telangana,Hyderabad,T30,46-55,Female,57.2,Cheque,Verified
INV003534,2025-04-28,102885,lumpsum,425907,Madhya Pradesh,Indore,T30,46-55,Male,75.7,Net Banking,Verified
INV004146,2025-04-28,149323,sip,3556,Uttar Pradesh,Agra,B30,56+,Male,40.7,Cheque,Verified
INV004553,2025-04-28,102887,redemption,157444,Tamil Nadu,Coimbatore,B30,26-35,Male,13.7,Cheque,Verified
INV002184,2025-04-28,118634,redemption,376660,Uttar Pradesh,Agra,B30,36-45,Female,38.1,Cheque,Verified
INV001403,2025-04-28,101208,sip,4398,Haryana,Gurugram,T30,46-55,Male,31.8,UPI,Verified
INV002856,2025-04-28,119092,sip,2352,Telangana,Hyderabad,T30,26-35,Male,13.2,UPI,Verified
INV004853,2025-04-28,118635,redemption,200111,Haryana,Gurugram,T30,26-35,Female,15.6,Net Banking,Verified
INV004496,2025-04-28,119093,lumpsum,77899,Madhya Pradesh,Indore,T30,18-25,Female,6.3,Net Banking,Verified
INV000676,2025-04-28,119095,sip,436,Rajasthan,Udaipur,B30,56+,Male,71.7,UPI,Verified
INV001271,2025-04-28,118636,sip,2881,Haryana,Gurugram,T30,36-45,Male,52.4,UPI,Verified
INV002205,2025-04-28,120504,sip,24647,Gujarat,Surat,T30,26-35,Female,10.9,Mandate,Verified
INV000457,2025-04-28,148568,lumpsum,168976,Haryana,Faridabad,B30,26-35,Female,22.3,Net Banking,Verified
INV001266,2025-04-28,149324,sip,1087,Madhya Pradesh,Indore,T30,46-55,Male,74.2,UPI,Verified
INV000652,2025-04-28,101207,sip,1637,Delhi,Gurugram,T30,26-35,Male,8.0,Net Banking,Verified
INV003985,2025-04-28,149322,sip,3588,Tamil Nadu,Coimbatore,B30,18-25,Male,4.3,Cheque,Verified
INV000596,2025-04-28,119551,lumpsum,111654,Madhya Pradesh,Indore,T30,56+,Male,21.3,UPI,Verified
INV003678,2025-04-28,120503,sip,1125,Gujarat,Ahmedabad,T30,26-35,Male,6.6,UPI,Verified
INV001076,2025-04-28,119552,sip,43445,Delhi,Noida,T30,26-35,Female,6.2,UPI,Verified
INV002788,2025-04-28,100016,lumpsum,111666,Uttar Pradesh,Agra,B30,26-35,Male,23.5,Mandate,Verified
INV001336,2025-04-28,118635,sip,2009,Tamil Nadu,Coimbatore,B30,18-25,Male,5.0,Mandate,Verified
INV004751,2025-04-28,119094,lumpsum,316174,Maharashtra,Pune,T30,36-45,Female,15.6,UPI,Verified
INV001119,2025-04-28,148568,redemption,36114,West Bengal,Kolkata,T30,46-55,Female,63.4,Mandate,Verified
INV000441,2025-04-28,118633,sip,15532,Tamil Nadu,Chennai,T30,26-35,Female,8.3,Mandate,Verified
INV001064,2025-04-28,120505,sip,23583,West Bengal,Kolkata,T30,46-55,Male,67.9,Net Banking,Verified
INV002244,2025-04-28,120842,sip,25453,Maharashtra,Mumbai,T30,36-45,Male,49.4,Cheque,Verified
INV001026,2025-04-28,101207,lumpsum,309678,Haryana,Gurugram,T30,26-35,Male,12.1,UPI,Verified
INV002497,2025-04-28,101208,sip,9539,Telangana,Hyderabad,T30,26-35,Female,13.0,Mandate,Verified
INV000595,2025-04-28,119092,sip,11802,Gujarat,Surat,T30,18-25,Male,7.6,UPI,Verified
INV002080,2025-04-28,120505,sip,3265,Tamil Nadu,Coimbatore,B30,26-35,Male,21.3,Cheque,Verified
INV001167,2025-04-28,102885,sip,7253,Punjab,Amritsar,B30,36-45,Male,26.7,UPI,Pending
INV002530,2025-04-28,149324,sip,27071,Telangana,Hyderabad,T30,36-45,Male,53.9,Net Banking,Verified
INV003373,2025-04-28,148569,lumpsum,153021,Gujarat,Surat,T30,56+,Male,62.9,UPI,Verified
INV000749,2025-04-28,120842,sip,3307,Uttar Pradesh,Kanpur,B30,36-45,Male,36.1,Net Banking,Verified
INV000497,2025-04-28,118636,sip,4840,Madhya Pradesh,Bhopal,B30,36-45,Male,45.7,Net Banking,Verified
INV002554,2025-04-28,119552,lumpsum,329113,Madhya Pradesh,Bhopal,B30,18-25,Male,5.4,Cheque,Verified
INV003311,2025-04-28,118634,sip,2293,Madhya Pradesh,Bhopal,B30,26-35,Male,9.5,UPI,Verified
INV003375,2025-04-28,101207,sip,6381,Telangana,Hyderabad,T30,56+,Female,62.2,UPI,Verified
INV004443,2025-04-28,102885,redemption,175760,Maharashtra,Nashik,B30,26-35,Female,13.0,Cheque,Verified
INV002012,2025-04-28,102886,redemption,175922,Telangana,Hyderabad,T30,36-45,Male,38.4,UPI,Verified
INV000760,2025-04-29,119120,lumpsum,158774,West Bengal,Kolkata,T30,36-45,Male,29.2,Mandate,Verified
INV002838,2025-04-29,119551,sip,51709,West Bengal,Kolkata,T30,56+,Female,71.9,Cheque,Verified
INV002747,2025-04-29,149323,lumpsum,348290,Haryana,Faridabad,B30,46-55,Male,34.0,Cheque,Verified
INV000743,2025-04-29,119551,sip,40078,Telangana,Hyderabad,T30,26-35,Male,22.8,Net Banking,Verified
INV000214,2025-04-29,149323,sip,26684,Madhya Pradesh,Indore,T30,26-35,Female,20.7,Net Banking,Verified
INV003616,2025-04-29,148567,lumpsum,136942,Rajasthan,Jaipur,T30,36-45,Female,14.0,Cheque,Verified
INV000297,2025-04-29,119599,sip,598,Gujarat,Ahmedabad,T30,26-35,Male,13.0,Net Banking,Verified
INV002269,2025-04-29,148568,sip,53084,Punjab,Amritsar,B30,36-45,Female,49.0,Cheque,Verified
INV001720,2025-04-29,120503,sip,6684,Karnataka,Mysore,B30,36-45,Male,43.6,UPI,Pending
INV000775,2025-04-29,148568,sip,5465,Gujarat,Surat,T30,26-35,Male,15.1,Cheque,Pending
INV001691,2025-04-29,148569,sip,14384,Maharashtra,Mumbai,T30,26-35,Male,10.3,Cheque,Verified
INV002863,2025-04-29,101206,lumpsum,102688,Rajasthan,Udaipur,B30,36-45,Female,49.8,Net Banking,Verified
INV004174,2025-04-29,118635,redemption,469093,Rajasthan,Udaipur,B30,18-25,Male,4.7,Mandate,Pending
INV004302,2025-04-29,119552,sip,2353,Karnataka,Mysore,B30,46-55,Male,63.4,Mandate,Verified
INV000263,2025-04-29,119598,sip,4062,Madhya Pradesh,Bhopal,B30,56+,Male,21.8,Cheque,Verified
INV002777,2025-04-29,119599,redemption,439283,Madhya Pradesh,Indore,T30,26-35,Male,10.6,Net Banking,Verified
INV003509,2025-04-29,102885,sip,55492,Haryana,Gurugram,T30,36-45,Male,14.5,Net Banking,Verified
INV002905,2025-04-29,119093,lumpsum,387060,Tamil Nadu,Chennai,T30,36-45,Female,32.4,Mandate,Verified
INV003438,2025-04-29,120504,sip,2480,Delhi,Noida,T30,26-35,Female,19.6,Cheque,Verified
INV002416,2025-04-29,102886,sip,47503,Telangana,Hyderabad,T30,26-35,Female,15.2,Net Banking,Pending
INV004239,2025-04-29,120841,sip,486,Karnataka,Bangalore,T30,18-25,Female,6.3,Mandate,Pending
INV004088,2025-04-29,120842,redemption,278733,Tamil Nadu,Chennai,T30,36-45,Male,26.8,UPI,Verified
INV000814,2025-04-29,100025,sip,10789,Delhi,New Delhi,T30,26-35,Male,17.8,UPI,Verified
INV000256,2025-04-29,120844,lumpsum,389903,Delhi,New Delhi,T30,36-45,Male,14.0,UPI,Verified
INV004154,2025-04-29,120844,sip,20208,Karnataka,Mysore,B30,18-25,Male,4.7,Mandate,Verified
INV004804,2025-04-29,101207,redemption,563000,Maharashtra,Mumbai,T30,36-45,Male,44.1,Mandate,Verified
INV002822,2025-04-29,120506,sip,28523,Karnataka,Bangalore,T30,46-55,Male,79.5,Net Banking,Verified
INV000031,2025-04-29,119094,sip,6551,Madhya Pradesh,Indore,T30,36-45,Male,27.3,Net Banking,Verified
INV004973,2025-04-29,118634,sip,9974,Tamil Nadu,Coimbatore,B30,26-35,Male,11.3,Net Banking,Verified
INV003168,2025-04-29,100033,sip,3531,Uttar Pradesh,Lucknow,T30,18-25,Male,5.1,Net Banking,Verified
INV002186,2025-04-29,120505,sip,8376,Haryana,Faridabad,B30,18-25,Female,7.9,Mandate,Verified
INV004979,2025-04-29,101206,lumpsum,262548,Punjab,Chandigarh,T30,26-35,Male,21.5,Cheque,Verified
INV003737,2025-04-29,118636,lumpsum,495531,Punjab,Chandigarh,T30,18-25,Male,4.4,UPI,Verified
INV001971,2025-04-29,120842,sip,6201,Gujarat,Ahmedabad,T30,26-35,Male,21.0,Net Banking,Verified
INV001216,2025-04-29,125498,sip,5381,Delhi,New Delhi,T30,18-25,Male,3.4,Mandate,Verified
INV002632,2025-04-29,148568,sip,8668,Tamil Nadu,Chennai,T30,26-35,Female,14.1,Net Banking,Verified
INV003689,2025-04-29,119551,lumpsum,328864,Haryana,Gurugram,T30,46-55,Male,79.9,Cheque,Verified
INV000437,2025-04-29,149322,lumpsum,121619,Telangana,Hyderabad,T30,26-35,Female,6.1,Net Banking,Verified
INV003144,2025-04-29,120842,sip,8680,Haryana,Gurugram,T30,36-45,Female,38.0,Mandate,Verified
INV001221,2025-04-29,119552,sip,8612,Delhi,New Delhi,T30,26-35,Female,22.4,Net Banking,Verified
INV003829,2025-04-29,119599,redemption,337259,Punjab,Amritsar,B30,36-45,Male,55.6,UPI,Verified
INV003852,2025-04-29,119092,sip,487,Maharashtra,Mumbai,T30,56+,Male,12.2,Cheque,Verified
INV003028,2025-04-29,101208,redemption,239146,Tamil Nadu,Chennai,T30,26-35,Female,12.8,Mandate,Verified
INV000549,2025-04-29,118632,sip,963,Tamil Nadu,Coimbatore,B30,46-55,Female,59.6,Mandate,Verified
INV003978,2025-04-29,148567,sip,2629,Telangana,Hyderabad,T30,26-35,Female,6.2,UPI,Verified
INV002711,2025-04-29,149323,sip,3177,Haryana,Gurugram,T30,26-35,Male,12.4,Net Banking,Verified
INV001280,2025-04-29,120507,redemption,345748,Rajasthan,Jaipur,T30,18-25,Male,4.7,UPI,Verified
INV004601,2025-04-29,120843,redemption,153419,Tamil Nadu,Chennai,T30,46-55,Male,54.6,Net Banking,Verified
INV001064,2025-04-29,119094,sip,7070,West Bengal,Kolkata,T30,46-55,Male,67.9,Cheque,Verified
INV003234,2025-04-29,101206,sip,7636,Telangana,Hyderabad,T30,26-35,Male,13.5,Net Banking,Verified
INV004938,2025-04-29,119095,sip,1193,Karnataka,Bangalore,T30,18-25,Male,6.3,Cheque,Verified
INV002708,2025-04-29,100033,sip,17639,Karnataka,Mysore,B30,26-35,Male,14.0,Net Banking,Pending
INV003920,2025-04-29,100033,sip,8927,Punjab,Chandigarh,T30,26-35,Male,20.3,Cheque,Verified
INV002956,2025-04-29,119551,sip,28005,Gujarat,Surat,T30,36-45,Female,53.7,Net Banking,Verified
INV003324,2025-04-29,119598,lumpsum,253087,Karnataka,Mysore,B30,26-35,Male,20.7,Cheque,Verified
INV003113,2025-04-29,125498,sip,532,Rajasthan,Jaipur,T30,26-35,Male,22.0,Cheque,Verified
INV004656,2025-04-29,101208,sip,1125,Haryana,Gurugram,T30,18-25,Male,4.7,Net Banking,Verified
INV002722,2025-04-29,120844,redemption,255813,Delhi,Noida,T30,36-45,Female,50.9,Net Banking,Verified
INV003756,2025-04-29,101208,lumpsum,326143,Telangana,Hyderabad,T30,26-35,Male,6.9,Mandate,Pending
INV003036,2025-04-29,148569,sip,1883,Telangana,Hyderabad,T30,26-35,Male,18.2,Mandate,Verified
INV002606,2025-04-29,102886,redemption,101296,Telangana,Hyderabad,T30,26-35,Female,8.1,Net Banking,Verified
INV000053,2025-04-29,120506,sip,3572,Maharashtra,Pune,T30,36-45,Male,52.3,UPI,Verified
INV003203,2025-04-29,118636,redemption,21779,Telangana,Hyderabad,T30,26-35,Male,22.5,Net Banking,Pending
INV001127,2025-04-29,100016,lumpsum,491602,West Bengal,Kolkata,T30,26-35,Female,14.9,UPI,Verified
INV002548,2025-04-29,120842,sip,569,Haryana,Gurugram,T30,26-35,Male,21.3,Mandate,Verified
INV003725,2025-04-29,148569,lumpsum,285486,Gujarat,Ahmedabad,T30,26-35,Female,8.4,Cheque,Verified
INV000373,2025-04-30,118636,lumpsum,294458,Gujarat,Surat,T30,26-35,Male,8.0,Mandate,Verified
INV004063,2025-04-30,120507,sip,5001,Haryana,Gurugram,T30,36-45,Male,19.3,Cheque,Pending
INV002655,2025-04-30,149323,sip,8169,Haryana,Faridabad,B30,56+,Male,44.4,Cheque,Verified
INV000174,2025-04-30,119551,sip,472,Karnataka,Bangalore,T30,36-45,Male,58.1,Net Banking,Pending
INV001330,2025-04-30,119551,lumpsum,133879,Delhi,Gurugram,T30,46-55,Male,76.9,UPI,Verified
INV001600,2025-04-30,118636,redemption,294062,Rajasthan,Jaipur,T30,26-35,Female,22.9,Mandate,Verified
INV001613,2025-04-30,120843,sip,9427,Telangana,Hyderabad,T30,26-35,Female,17.7,Cheque,Verified
INV001544,2025-04-30,119092,sip,3540,Uttar Pradesh,Kanpur,B30,18-25,Female,5.9,Cheque,Verified
INV004061,2025-04-30,119598,lumpsum,446983,Punjab,Chandigarh,T30,26-35,Male,22.2,Net Banking,Verified
INV002204,2025-04-30,149323,sip,27184,Punjab,Amritsar,B30,36-45,Male,36.1,UPI,Verified
INV002553,2025-04-30,119551,sip,20281,Gujarat,Ahmedabad,T30,36-45,Female,47.8,Net Banking,Verified
INV001117,2025-04-30,120506,sip,898,Punjab,Amritsar,B30,18-25,Male,3.9,UPI,Verified
INV001731,2025-04-30,118632,sip,843,Madhya Pradesh,Bhopal,B30,46-55,Male,30.4,Net Banking,Verified
INV004341,2025-04-30,149323,redemption,370920,Tamil Nadu,Coimbatore,B30,18-25,Male,7.5,Net Banking,Pending
INV001990,2025-04-30,118635,sip,836,Punjab,Amritsar,B30,26-35,Male,9.3,Mandate,Verified
INV001119,2025-04-30,120506,sip,2785,West Bengal,Kolkata,T30,46-55,Female,63.4,Mandate,Verified
INV003196,2025-04-30,125498,sip,7906,West Bengal,Kolkata,T30,26-35,Female,20.1,Cheque,Verified
INV000593,2025-04-30,102887,lumpsum,272309,Telangana,Hyderabad,T30,56+,Male,50.2,Cheque,Verified
INV002347,2025-04-30,149322,sip,875,Delhi,New Delhi,T30,26-35,Female,6.5,Net Banking,Verified
INV003424,2025-04-30,120842,sip,2321,Madhya Pradesh,Indore,T30,26-35,Female,19.7,UPI,Verified
INV001539,2025-04-30,100016,lumpsum,247984,Madhya Pradesh,Indore,T30,36-45,Male,32.1,Cheque,Pending
INV002018,2025-04-30,149323,redemption,105068,Uttar Pradesh,Agra,B30,26-35,Female,18.0,Net Banking,Verified
INV001106,2025-04-30,120504,sip,812,Tamil Nadu,Chennai,T30,26-35,Male,13.1,Net Banking,Verified
INV003958,2025-04-30,148568,lumpsum,430557,Haryana,Faridabad,B30,18-25,Male,6.6,UPI,Verified
INV002414,2025-04-30,148569,sip,3234,Gujarat,Surat,T30,26-35,Female,24.1,Cheque,Verified
INV000667,2025-04-30,101206,lumpsum,251527,Telangana,Hyderabad,T30,26-35,Male,7.5,Cheque,Verified
INV002521,2025-04-30,100033,sip,2156,Punjab,Chandigarh,T30,26-35,Male,12.3,UPI,Verified
INV001011,2025-04-30,120843,redemption,130372,Madhya Pradesh,Bhopal,B30,26-35,Male,14.4,UPI,Verified
INV004817,2025-04-30,119599,sip,2532,Haryana,Faridabad,B30,26-35,Male,20.4,Net Banking,Verified
INV004863,2025-04-30,102886,sip,2237,Maharashtra,Mumbai,T30,26-35,Male,21.1,Mandate,Verified
INV000445,2025-04-30,118632,sip,1776,Madhya Pradesh,Bhopal,B30,26-35,Female,24.7,UPI,Verified
INV000292,2025-04-30,118633,redemption,298330,Uttar Pradesh,Lucknow,T30,18-25,Male,3.3,Cheque,Verified
INV002142,2025-04-30,120503,sip,2204,Tamil Nadu,Chennai,T30,18-25,Male,3.6,UPI,Verified
INV003864,2025-04-30,120841,lumpsum,483355,Gujarat,Ahmedabad,T30,36-45,Female,49.8,Net Banking,Verified
INV003791,2025-04-30,102886,sip,941,Tamil Nadu,Coimbatore,B30,46-55,Male,77.4,Net Banking,Verified
INV001880,2025-04-30,148567,sip,2506,Madhya Pradesh,Bhopal,B30,26-35,Male,23.0,Net Banking,Verified
INV004704,2025-04-30,118634,sip,9079,Delhi,New Delhi,T30,26-35,Male,23.1,UPI,Verified
INV000103,2025-04-30,100033,lumpsum,414356,Punjab,Chandigarh,T30,26-35,Female,18.2,Cheque,Verified
INV003717,2025-04-30,148567,sip,9829,Tamil Nadu,Coimbatore,B30,26-35,Female,20.8,Cheque,Verified
INV002990,2025-04-30,120506,lumpsum,151409,Uttar Pradesh,Kanpur,B30,46-55,Female,79.4,Cheque,Verified
INV003972,2025-04-30,119095,sip,5645,Uttar Pradesh,Agra,B30,26-35,Male,10.2,Cheque,Verified
INV000195,2025-04-30,102887,sip,2570,Madhya Pradesh,Bhopal,B30,36-45,Female,56.5,Mandate,Verified
INV000837,2025-04-30,148569,redemption,29909,Telangana,Hyderabad,T30,56+,Male,9.8,Mandate,Verified
INV004349,2025-04-30,101207,sip,23135,Haryana,Gurugram,T30,26-35,Female,9.3,Mandate,Verified
INV000012,2025-04-30,118633,sip,2149,Uttar Pradesh,Kanpur,B30,46-55,Male,51.6,UPI,Verified
INV000735,2025-04-30,120841,sip,1140,Maharashtra,Pune,T30,36-45,Male,57.7,Mandate,Verified
INV003811,2025-04-30,120842,sip,5350,Gujarat,Surat,T30,46-55,Female,83.6,UPI,Verified
INV000894,2025-04-30,119095,lumpsum,240827,Tamil Nadu,Coimbatore,B30,36-45,Female,32.0,Cheque,Verified
INV004154,2025-04-30,101206,sip,3010,Karnataka,Mysore,B30,18-25,Male,4.7,Cheque,Verified
INV004171,2025-04-30,101207,sip,42903,Tamil Nadu,Coimbatore,B30,26-35,Female,19.1,UPI,Verified
INV002805,2025-04-30,119092,sip,412,Maharashtra,Mumbai,T30,26-35,Female,14.5,Mandate,Verified
INV003569,2025-04-30,118636,sip,467,Delhi,Gurugram,T30,46-55,Male,65.1,Net Banking,Verified
INV003111,2025-04-30,119552,sip,15475,Delhi,Gurugram,T30,18-25,Female,5.9,UPI,Verified
INV001149,2025-04-30,149322,sip,1802,Karnataka,Bangalore,T30,26-35,Female,8.8,Cheque,Pending
INV004100,2025-04-30,148568,sip,11607,Delhi,Gurugram,T30,26-35,Male,20.7,UPI,Verified
INV004877,2025-04-30,119095,sip,54144,Karnataka,Mysore,B30,26-35,Male,18.0,Net Banking,Verified
INV003912,2025-04-30,100033,lumpsum,35360,West Bengal,Kolkata,T30,26-35,Male,8.5,Mandate,Verified
INV004531,2025-04-30,120844,lumpsum,288795,Haryana,Gurugram,T30,26-35,Male,8.4,Net Banking,Verified
INV000353,2025-04-30,148569,lumpsum,177447,Maharashtra,Pune,T30,26-35,Female,24.6,Net Banking,Verified
INV001847,2025-04-30,125497,sip,2520,Maharashtra,Nashik,B30,56+,Male,53.4,Cheque,Verified
INV003654,2025-04-30,118635,sip,6021,Delhi,New Delhi,T30,18-25,Male,6.6,Cheque,Verified
INV000840,2025-05-01,119093,sip,4729,Punjab,Chandigarh,T30,26-35,Male,15.3,Mandate,Verified
INV003538,2025-05-01,120506,lumpsum,122733,Telangana,Hyderabad,T30,26-35,Male,14.4,Net Banking,Pending
INV000069,2025-05-01,120842,sip,2662,Gujarat,Ahmedabad,T30,56+,Female,35.9,UPI,Verified
INV004885,2025-05-01,120507,redemption,56558,Punjab,Amritsar,B30,26-35,Male,11.7,UPI,Verified
INV001308,2025-05-01,100025,lumpsum,224635,Rajasthan,Jaipur,T30,36-45,Male,19.3,Mandate,Verified
INV001093,2025-05-01,102886,sip,3172,West Bengal,Kolkata,T30,46-55,Female,65.2,Net Banking,Verified
INV003208,2025-05-01,120841,sip,2644,Madhya Pradesh,Bhopal,B30,46-55,Male,80.0,UPI,Verified
INV002602,2025-05-01,119120,lumpsum,52448,Gujarat,Surat,T30,56+,Female,45.7,Cheque,Verified
INV003745,2025-05-01,119551,lumpsum,432376,West Bengal,Kolkata,T30,36-45,Male,17.8,Mandate,Pending
INV001376,2025-05-01,119093,sip,402,Gujarat,Surat,T30,26-35,Male,15.8,Mandate,Verified
INV000956,2025-05-01,120843,sip,2686,Maharashtra,Mumbai,T30,26-35,Female,13.8,Net Banking,Verified
INV001623,2025-05-01,120844,sip,44917,Gujarat,Surat,T30,26-35,Female,17.3,Net Banking,Verified
INV000148,2025-05-01,120506,sip,2309,Telangana,Hyderabad,T30,18-25,Female,3.5,Net Banking,Verified
INV004927,2025-05-01,119552,redemption,450199,Maharashtra,Nashik,B30,26-35,Male,19.5,UPI,Verified
INV002778,2025-05-01,148569,lumpsum,197538,Punjab,Chandigarh,T30,26-35,Female,13.5,Cheque,Verified
INV001979,2025-05-01,120503,sip,1897,Maharashtra,Pune,T30,26-35,Male,12.2,Mandate,Verified
INV000084,2025-05-01,119093,lumpsum,11496,West Bengal,Kolkata,T30,26-35,Male,11.2,Net Banking,Verified
INV000133,2025-05-01,118636,sip,5562,Karnataka,Bangalore,T30,26-35,Female,11.5,Net Banking,Verified
INV003435,2025-05-01,119552,sip,494,Maharashtra,Nashik,B30,26-35,Female,17.8,Net Banking,Verified
INV000512,2025-05-01,102885,sip,14256,Punjab,Amritsar,B30,46-55,Male,82.6,UPI,Verified
INV002605,2025-05-01,101207,lumpsum,324164,Delhi,New Delhi,T30,46-55,Male,87.0,UPI,Verified
INV001783,2025-05-01,119552,redemption,435321,Madhya Pradesh,Bhopal,B30,36-45,Female,52.6,UPI,Verified
INV002824,2025-05-01,101207,sip,54639,Rajasthan,Jaipur,T30,56+,Male,42.5,Cheque,Verified
INV002205,2025-05-01,148569,sip,2645,Gujarat,Surat,T30,26-35,Female,10.9,UPI,Verified
INV001901,2025-05-01,120841,sip,13317,Delhi,New Delhi,T30,18-25,Female,3.4,UPI,Verified
INV002090,2025-05-01,102886,sip,12135,Maharashtra,Mumbai,T30,26-35,Male,23.7,Net Banking,Verified
INV000829,2025-05-01,102887,sip,1095,West Bengal,Kolkata,T30,26-35,Female,23.1,Cheque,Verified
INV003602,2025-05-01,119120,redemption,116886,Maharashtra,Nashik,B30,46-55,Male,75.4,Cheque,Pending
INV000397,2025-05-01,118634,sip,441,Gujarat,Ahmedabad,T30,36-45,Female,25.4,UPI,Verified
INV002300,2025-05-01,149323,sip,29001,Punjab,Amritsar,B30,36-45,Female,21.1,UPI,Verified
INV003887,2025-05-01,119120,redemption,485063,Rajasthan,Udaipur,B30,56+,Female,54.1,Mandate,Verified
INV001909,2025-05-01,120507,sip,4286,Telangana,Hyderabad,T30,36-45,Male,34.2,Cheque,Verified
INV002890,2025-05-01,149322,sip,41080,Rajasthan,Jaipur,T30,36-45,Female,49.2,Cheque,Verified
INV000054,2025-05-01,119092,lumpsum,266293,Telangana,Hyderabad,T30,46-55,Female,37.5,Net Banking,Verified
INV003769,2025-05-01,119599,sip,8539,Gujarat,Ahmedabad,T30,46-55,Female,74.8,Mandate,Pending
INV001973,2025-05-01,120507,sip,56792,Maharashtra,Mumbai,T30,36-45,Male,13.5,Cheque,Verified
INV000388,2025-05-01,119095,sip,6645,Maharashtra,Nashik,B30,36-45,Male,33.6,UPI,Verified
INV003473,2025-05-01,120504,sip,7274,Telangana,Hyderabad,T30,26-35,Male,16.5,Cheque,Pending
INV001852,2025-05-01,125497,redemption,248609,Telangana,Hyderabad,T30,26-35,Male,21.7,Mandate,Verified
INV003314,2025-05-01,120844,sip,48988,Telangana,Hyderabad,T30,36-45,Female,25.6,Mandate,Verified
INV004181,2025-05-01,125498,sip,2459,Uttar Pradesh,Lucknow,T30,26-35,Female,17.8,UPI,Verified
INV000559,2025-05-01,149323,lumpsum,145156,Madhya Pradesh,Indore,T30,26-35,Male,6.1,UPI,Verified
INV000156,2025-05-01,102887,sip,2368,Telangana,Hyderabad,T30,46-55,Male,29.1,Cheque,Verified
INV002627,2025-05-01,100016,sip,7691,West Bengal,Kolkata,T30,26-35,Male,19.0,Net Banking,Verified
INV001848,2025-05-01,101208,sip,27580,Punjab,Chandigarh,T30,26-35,Male,10.9,Cheque,Verified
INV003525,2025-05-01,102886,sip,13960,Karnataka,Mysore,B30,36-45,Male,36.1,Cheque,Verified
INV002496,2025-05-01,102885,sip,489,Karnataka,Mysore,B30,36-45,Male,40.5,UPI,Verified
INV003459,2025-05-01,149324,sip,12214,Karnataka,Mysore,B30,26-35,Female,23.5,Cheque,Verified
INV000217,2025-05-01,120843,redemption,7892,Tamil Nadu,Chennai,T30,56+,Male,50.1,Mandate,Verified
INV003123,2025-05-01,102887,lumpsum,105046,Haryana,Faridabad,B30,36-45,Male,36.2,Net Banking,Verified
INV002128,2025-05-01,102885,sip,8260,Rajasthan,Udaipur,B30,26-35,Female,21.6,Mandate,Verified
INV003365,2025-05-01,119599,sip,522,Uttar Pradesh,Agra,B30,26-35,Male,12.7,Net Banking,Verified
INV000113,2025-05-01,125497,redemption,488413,Punjab,Chandigarh,T30,26-35,Female,7.3,Mandate,Verified
INV000415,2025-05-01,149323,sip,429,Maharashtra,Pune,T30,36-45,Female,20.3,Net Banking,Verified
INV003451,2025-05-01,149323,sip,8091,Punjab,Amritsar,B30,18-25,Female,5.2,Cheque,Verified
INV004289,2025-05-01,149323,sip,10297,Karnataka,Bangalore,T30,26-35,Male,14.8,Mandate,Verified
INV000417,2025-05-01,125498,sip,1936,Haryana,Gurugram,T30,26-35,Female,13.5,Mandate,Verified
INV002073,2025-05-01,148569,sip,52385,Uttar Pradesh,Kanpur,B30,56+,Male,73.1,Mandate,Verified
INV004734,2025-05-01,118635,sip,11307,Uttar Pradesh,Kanpur,B30,36-45,Male,32.4,UPI,Verified
INV002733,2025-05-01,120844,sip,8309,Punjab,Chandigarh,T30,26-35,Male,19.0,Net Banking,Verified
INV003235,2025-05-02,100016,lumpsum,223905,Haryana,Faridabad,B30,56+,Male,19.0,Mandate,Verified
INV004230,2025-05-02,120507,lumpsum,330213,Karnataka,Bangalore,T30,18-25,Female,7.4,Net Banking,Verified
INV003352,2025-05-02,148569,sip,28451,Maharashtra,Mumbai,T30,36-45,Male,59.3,UPI,Verified
INV000443,2025-05-02,149322,lumpsum,280575,Punjab,Chandigarh,T30,26-35,Male,18.7,Cheque,Verified
INV000228,2025-05-02,119120,sip,976,Karnataka,Bangalore,T30,26-35,Male,7.2,Net Banking,Verified
INV000234,2025-05-02,120507,sip,844,Tamil Nadu,Coimbatore,B30,26-35,Male,23.8,Cheque,Pending
INV002056,2025-05-02,148568,sip,3518,Madhya Pradesh,Bhopal,B30,18-25,Female,3.4,Cheque,Verified
INV004881,2025-05-02,102887,lumpsum,235669,Delhi,New Delhi,T30,18-25,Male,3.8,Mandate,Verified
INV004495,2025-05-02,118635,redemption,244909,Punjab,Amritsar,B30,36-45,Female,24.4,UPI,Verified
INV000830,2025-05-02,120504,lumpsum,107158,Tamil Nadu,Chennai,T30,36-45,Female,43.0,Net Banking,Verified
INV004118,2025-05-02,148567,sip,2214,Punjab,Chandigarh,T30,36-45,Male,26.2,Mandate,Pending
INV003825,2025-05-02,119092,sip,469,Telangana,Hyderabad,T30,56+,Male,69.6,Net Banking,Pending
INV003253,2025-05-02,118635,sip,1192,West Bengal,Kolkata,T30,56+,Male,30.2,Net Banking,Verified
INV004875,2025-05-02,120504,sip,7451,West Bengal,Kolkata,T30,26-35,Male,25.0,Net Banking,Verified
INV003987,2025-05-02,149322,redemption,24432,Tamil Nadu,Coimbatore,B30,26-35,Female,24.1,Mandate,Verified
INV001606,2025-05-02,120504,sip,27187,Punjab,Amritsar,B30,26-35,Female,23.4,UPI,Verified
INV001473,2025-05-02,119095,sip,51697,Delhi,Gurugram,T30,36-45,Male,29.1,Cheque,Verified
INV004924,2025-05-02,120503,sip,11778,Telangana,Hyderabad,T30,36-45,Male,16.1,Cheque,Verified
INV001387,2025-05-02,119093,sip,7834,Tamil Nadu,Chennai,T30,36-45,Male,37.4,Mandate,Verified
INV003017,2025-05-02,120505,sip,2069,West Bengal,Kolkata,T30,56+,Male,75.3,Mandate,Verified
INV004223,2025-05-02,119552,sip,496,Uttar Pradesh,Agra,B30,36-45,Female,49.3,Net Banking,Pending
INV002420,2025-05-02,119552,lumpsum,254787,Karnataka,Mysore,B30,26-35,Female,6.4,Mandate,Verified
INV001389,2025-05-02,119095,lumpsum,172876,Karnataka,Mysore,B30,46-55,Female,39.7,Net Banking,Verified
INV003193,2025-05-02,120505,sip,47666,Rajasthan,Jaipur,T30,36-45,Male,40.4,Mandate,Verified
INV001273,2025-05-02,100025,sip,3083,West Bengal,Kolkata,T30,36-45,Male,18.7,UPI,Verified
INV000806,2025-05-02,119092,lumpsum,94697,Maharashtra,Pune,T30,46-55,Male,90.4,Mandate,Verified
INV004776,2025-05-02,120504,sip,8122,Punjab,Chandigarh,T30,36-45,Male,22.9,UPI,Verified
INV000132,2025-05-02,100016,sip,8665,Karnataka,Bangalore,T30,46-55,Female,37.1,Net Banking,Verified
INV002411,2025-05-02,119093,sip,20132,Rajasthan,Jaipur,T30,46-55,Male,38.4,Mandate,Verified
INV003846,2025-05-02,102886,sip,6132,Uttar Pradesh,Agra,B30,46-55,Female,44.2,Cheque,Verified
INV004063,2025-05-02,100033,sip,2342,Haryana,Gurugram,T30,36-45,Male,19.3,Net Banking,Verified
INV003259,2025-05-02,149323,sip,8457,West Bengal,Kolkata,T30,56+,Male,42.1,UPI,Verified
INV001777,2025-05-02,148568,sip,2106,West Bengal,Kolkata,T30,18-25,Female,7.6,Mandate,Verified
INV000039,2025-05-02,101207,lumpsum,276313,Madhya Pradesh,Bhopal,B30,26-35,Male,6.5,UPI,Verified
INV001346,2025-05-02,148569,lumpsum,291467,Gujarat,Surat,T30,18-25,Male,5.7,Cheque,Verified
INV002277,2025-05-02,100033,lumpsum,376952,Haryana,Gurugram,T30,26-35,Female,10.3,Cheque,Verified
INV001944,2025-05-02,148567,redemption,93574,Telangana,Hyderabad,T30,18-25,Male,4.4,Mandate,Verified
INV004130,2025-05-02,120842,redemption,263286,Punjab,Amritsar,B30,36-45,Male,57.9,Cheque,Verified
INV004565,2025-05-02,101208,sip,1156,Gujarat,Surat,T30,26-35,Male,9.2,Mandate,Verified
INV004477,2025-05-02,120841,sip,2824,Delhi,Gurugram,T30,46-55,Female,88.3,Mandate,Verified
INV000236,2025-05-02,119093,sip,17832,Karnataka,Bangalore,T30,36-45,Male,26.2,Cheque,Verified
INV002553,2025-05-02,120504,lumpsum,289032,Gujarat,Ahmedabad,T30,36-45,Female,47.8,Net Banking,Verified
INV000739,2025-05-02,120844,lumpsum,520635,Uttar Pradesh,Agra,B30,46-55,Female,97.0,Net Banking,Verified
INV004764,2025-05-02,118634,sip,408,Punjab,Amritsar,B30,46-55,Female,79.4,Net Banking,Verified
INV000254,2025-05-02,100016,sip,50586,Haryana,Gurugram,T30,18-25,Female,3.7,Net Banking,Verified
INV004765,2025-05-02,119598,lumpsum,209708,Haryana,Gurugram,T30,26-35,Male,10.4,Net Banking,Verified
INV002250,2025-05-02,120843,lumpsum,391411,Telangana,Hyderabad,T30,36-45,Male,20.4,Mandate,Verified
INV003788,2025-05-02,119552,redemption,235456,Tamil Nadu,Chennai,T30,18-25,Male,3.1,Net Banking,Verified
INV003055,2025-05-02,119094,sip,7745,Madhya Pradesh,Indore,T30,26-35,Female,18.0,Cheque,Verified
INV004203,2025-05-02,118634,sip,8620,Madhya Pradesh,Indore,T30,18-25,Male,7.9,Net Banking,Verified
INV004360,2025-05-02,102887,sip,45735,Madhya Pradesh,Bhopal,B30,26-35,Female,15.9,Net Banking,Verified
INV003173,2025-05-02,119598,sip,21422,Gujarat,Surat,T30,18-25,Male,7.1,Mandate,Verified
INV002585,2025-05-02,119092,lumpsum,460605,Uttar Pradesh,Lucknow,T30,18-25,Male,3.2,Net Banking,Verified
INV002443,2025-05-02,119551,sip,2279,Telangana,Hyderabad,T30,36-45,Male,57.0,Net Banking,Pending
INV000539,2025-05-02,102887,sip,8345,Haryana,Faridabad,B30,26-35,Female,13.4,UPI,Verified
INV004492,2025-05-02,100016,lumpsum,458646,Madhya Pradesh,Bhopal,B30,26-35,Male,18.6,Net Banking,Verified
INV004868,2025-05-02,118632,sip,25274,Karnataka,Bangalore,T30,36-45,Male,49.4,Net Banking,Pending
INV001314,2025-05-02,148568,sip,8267,Gujarat,Ahmedabad,T30,26-35,Female,19.2,UPI,Pending
INV001849,2025-05-02,118636,lumpsum,191627,Gujarat,Ahmedabad,T30,36-45,Female,49.3,UPI,Verified
INV003538,2025-05-02,120505,redemption,145835,Telangana,Hyderabad,T30,26-35,Male,14.4,Net Banking,Verified
INV003607,2025-05-02,148569,sip,8549,Delhi,Gurugram,T30,18-25,Male,4.7,Mandate,Verified
INV000792,2025-05-02,119094,sip,5843,Madhya Pradesh,Bhopal,B30,26-35,Female,14.0,Mandate,Verified
INV003113,2025-05-02,118635,sip,2896,Rajasthan,Jaipur,T30,26-35,Male,22.0,UPI,Verified
INV002418,2025-05-02,120842,sip,2420,Haryana,Faridabad,B30,36-45,Male,34.0,Mandate,Verified
INV003567,2025-05-02,148567,redemption,465686,Tamil Nadu,Chennai,T30,46-55,Male,76.1,Net Banking,Verified
INV000306,2025-05-02,120504,sip,2817,Maharashtra,Mumbai,T30,26-35,Female,19.4,UPI,Verified
INV002549,2025-05-03,119551,lumpsum,537870,Delhi,New Delhi,T30,26-35,Male,12.5,Mandate,Verified
INV002423,2025-05-03,125497,lumpsum,354954,Haryana,Gurugram,T30,46-55,Male,38.7,Net Banking,Verified
INV004103,2025-05-03,120505,sip,1068,Gujarat,Ahmedabad,T30,46-55,Male,45.0,Mandate,Verified
INV000081,2025-05-03,101208,sip,11787,Gujarat,Surat,T30,36-45,Male,31.0,Mandate,Verified
INV002726,2025-05-03,148568,sip,9687,Gujarat,Ahmedabad,T30,36-45,Male,16.9,Net Banking,Verified
INV000979,2025-05-03,102885,lumpsum,439113,Karnataka,Bangalore,T30,26-35,Male,24.7,UPI,Verified
INV000641,2025-05-03,119093,sip,16787,Punjab,Amritsar,B30,26-35,Male,14.5,Mandate,Verified
INV002172,2025-05-03,125497,sip,52421,Rajasthan,Jaipur,T30,46-55,Female,56.0,Cheque,Verified
INV004926,2025-05-03,101208,lumpsum,162956,Karnataka,Mysore,B30,36-45,Male,45.3,UPI,Verified
INV001745,2025-05-03,119599,sip,2292,Madhya Pradesh,Indore,T30,18-25,Male,7.3,Net Banking,Verified
INV001758,2025-05-03,120505,sip,1085,Gujarat,Surat,T30,18-25,Female,7.9,Mandate,Verified
INV000291,2025-05-03,118633,sip,16876,Madhya Pradesh,Indore,T30,18-25,Female,6.2,Mandate,Verified
INV001488,2025-05-03,102886,sip,5471,Punjab,Chandigarh,T30,18-25,Female,5.2,UPI,Pending
INV004925,2025-05-03,120503,redemption,190906,Maharashtra,Pune,T30,18-25,Female,5.4,Net Banking,Verified
INV004352,2025-05-03,149323,sip,2624,Punjab,Chandigarh,T30,18-25,Female,5.8,Cheque,Verified
INV002700,2025-05-03,120843,sip,13549,Tamil Nadu,Coimbatore,B30,26-35,Male,8.1,Cheque,Verified
INV004226,2025-05-03,149324,lumpsum,396000,Punjab,Chandigarh,T30,18-25,Male,3.9,Mandate,Verified
INV000319,2025-05-03,102886,sip,7735,Maharashtra,Mumbai,T30,56+,Male,74.8,UPI,Verified
INV004494,2025-05-03,101208,sip,23293,Delhi,Noida,T30,26-35,Female,22.0,UPI,Verified
INV004775,2025-05-03,149322,sip,14182,Maharashtra,Mumbai,T30,18-25,Male,4.3,Net Banking,Verified
INV004899,2025-05-03,120842,redemption,243876,Delhi,New Delhi,T30,36-45,Male,39.4,Net Banking,Verified
INV004555,2025-05-03,118636,sip,25332,Uttar Pradesh,Lucknow,T30,36-45,Female,24.4,Cheque,Verified
INV003470,2025-05-03,101208,sip,3217,Uttar Pradesh,Kanpur,B30,18-25,Male,3.8,Mandate,Verified
INV002238,2025-05-03,118633,sip,3391,Gujarat,Surat,T30,36-45,Male,58.3,UPI,Verified
INV002500,2025-05-03,119599,lumpsum,138317,Delhi,New Delhi,T30,26-35,Male,14.7,Cheque,Verified
INV004660,2025-05-03,100016,sip,565,Uttar Pradesh,Agra,B30,18-25,Male,4.9,Mandate,Verified
INV004337,2025-05-03,125497,lumpsum,383046,Delhi,Noida,T30,18-25,Male,4.0,Net Banking,Pending
INV003450,2025-05-03,118633,sip,44907,Maharashtra,Nashik,B30,18-25,Female,4.2,Net Banking,Verified
INV002622,2025-05-03,119093,sip,1718,Karnataka,Mysore,B30,18-25,Female,4.0,Cheque,Pending
INV000493,2025-05-03,100016,sip,4187,Punjab,Chandigarh,T30,18-25,Male,4.2,Mandate,Verified
INV002733,2025-05-03,119599,sip,11337,Punjab,Chandigarh,T30,26-35,Male,19.0,Net Banking,Verified
INV003812,2025-05-03,120841,sip,2597,Haryana,Faridabad,B30,18-25,Female,3.6,Mandate,Verified
INV002251,2025-05-03,149322,sip,59848,Punjab,Chandigarh,T30,26-35,Female,16.8,Cheque,Verified
INV003336,2025-05-03,148568,sip,42322,Punjab,Amritsar,B30,46-55,Female,45.8,Net Banking,Verified
INV002828,2025-05-03,101206,lumpsum,80330,West Bengal,Kolkata,T30,26-35,Male,21.8,UPI,Verified
INV002112,2025-05-03,148569,sip,4724,Madhya Pradesh,Indore,T30,56+,Male,41.3,Net Banking,Verified
INV000128,2025-05-03,119552,sip,805,Rajasthan,Jaipur,T30,36-45,Female,50.9,Cheque,Verified
INV000722,2025-05-03,100033,redemption,192610,Punjab,Chandigarh,T30,26-35,Female,8.1,Net Banking,Verified
INV002111,2025-05-03,119093,lumpsum,176368,Telangana,Hyderabad,T30,36-45,Female,29.2,Cheque,Verified
INV002933,2025-05-03,102885,sip,547,Madhya Pradesh,Indore,T30,36-45,Female,39.4,UPI,Verified
INV002269,2025-05-03,119120,lumpsum,351613,Punjab,Amritsar,B30,36-45,Female,49.0,Cheque,Verified
INV000337,2025-05-03,119599,sip,8151,Haryana,Faridabad,B30,56+,Female,73.4,Mandate,Verified
INV002735,2025-05-03,120842,lumpsum,493283,Tamil Nadu,Coimbatore,B30,18-25,Female,7.6,Mandate,Verified
INV002034,2025-05-03,125498,sip,932,Uttar Pradesh,Lucknow,T30,26-35,Male,10.0,Mandate,Verified
INV000284,2025-05-03,125497,redemption,251254,Karnataka,Mysore,B30,26-35,Male,7.0,UPI,Verified
INV003775,2025-05-03,120843,sip,45558,Maharashtra,Mumbai,T30,56+,Male,12.8,Mandate,Verified
INV002860,2025-05-03,125498,sip,54206,Madhya Pradesh,Indore,T30,46-55,Male,18.9,Net Banking,Verified
INV004208,2025-05-03,100033,sip,2770,West Bengal,Kolkata,T30,36-45,Male,53.3,Net Banking,Verified
INV004050,2025-05-03,118636,lumpsum,91624,West Bengal,Kolkata,T30,26-35,Male,15.5,Mandate,Verified
INV002153,2025-05-03,100016,sip,2293,Maharashtra,Nashik,B30,18-25,Female,3.5,Cheque,Verified
INV004062,2025-05-03,119551,sip,5130,Delhi,Noida,T30,36-45,Female,39.9,Net Banking,Verified
INV001111,2025-05-03,118633,sip,887,Delhi,Gurugram,T30,18-25,Male,7.8,UPI,Verified
INV000774,2025-05-03,101208,sip,53471,Telangana,Hyderabad,T30,36-45,Male,34.9,Cheque,Verified
INV004721,2025-05-03,119094,sip,2512,Delhi,New Delhi,T30,26-35,Female,18.9,Net Banking,Verified
INV003024,2025-05-03,125498,sip,13382,Maharashtra,Pune,T30,36-45,Female,43.1,Net Banking,Verified
INV003948,2025-05-03,118634,sip,52497,Madhya Pradesh,Indore,T30,18-25,Female,7.5,UPI,Verified
INV001204,2025-05-03,148569,lumpsum,345664,Delhi,New Delhi,T30,36-45,Male,15.3,Net Banking,Verified
INV001206,2025-05-03,102885,sip,26124,Delhi,Noida,T30,26-35,Male,11.7,Mandate,Verified
INV003380,2025-05-03,148569,lumpsum,126988,Delhi,Noida,T30,36-45,Male,21.0,Net Banking,Verified
INV003002,2025-05-03,102885,lumpsum,179608,Maharashtra,Pune,T30,26-35,Male,17.0,Cheque,Verified
INV004957,2025-05-03,149323,lumpsum,400091,Delhi,New Delhi,T30,36-45,Male,51.2,Net Banking,Verified
INV001190,2025-05-03,149324,sip,5312,Maharashtra,Mumbai,T30,26-35,Male,15.6,Mandate,Verified
INV000524,2025-05-04,100016,sip,44013,West Bengal,Kolkata,T30,56+,Male,37.4,Mandate,Verified
INV004954,2025-05-04,100025,redemption,49463,Haryana,Faridabad,B30,26-35,Female,6.6,Mandate,Verified
INV000265,2025-05-04,101208,lumpsum,110733,Madhya Pradesh,Bhopal,B30,36-45,Male,14.1,Cheque,Verified
INV004513,2025-05-04,120841,sip,9870,Karnataka,Mysore,B30,36-45,Female,16.9,UPI,Verified
INV004753,2025-05-04,118635,sip,29251,Karnataka,Mysore,B30,36-45,Female,18.4,Net Banking,Verified
INV003081,2025-05-04,119092,lumpsum,55115,Delhi,Gurugram,T30,56+,Female,73.4,Net Banking,Verified
INV002001,2025-05-04,120505,sip,2531,Uttar Pradesh,Kanpur,B30,36-45,Female,38.4,UPI,Verified
INV004096,2025-05-04,120505,redemption,60785,Tamil Nadu,Coimbatore,B30,36-45,Male,57.1,Mandate,Verified
INV002809,2025-05-04,101207,sip,3199,Uttar Pradesh,Agra,B30,36-45,Male,48.6,Cheque,Verified
INV003898,2025-05-04,119094,lumpsum,320055,Madhya Pradesh,Indore,T30,26-35,Male,6.2,Net Banking,Pending
INV004440,2025-05-04,120503,sip,16198,Telangana,Hyderabad,T30,36-45,Male,33.5,Mandate,Verified
INV002648,2025-05-04,125497,sip,511,Punjab,Chandigarh,T30,36-45,Male,57.1,Net Banking,Verified
INV002035,2025-05-04,149323,sip,50379,Tamil Nadu,Chennai,T30,36-45,Male,12.2,Mandate,Verified
INV000845,2025-05-04,119093,redemption,274557,Uttar Pradesh,Kanpur,B30,36-45,Male,17.5,Mandate,Verified
INV001978,2025-05-04,119095,sip,2491,Telangana,Hyderabad,T30,36-45,Male,15.5,Mandate,Verified
INV000910,2025-05-04,120504,sip,2464,Madhya Pradesh,Indore,T30,46-55,Male,58.8,UPI,Pending
INV004191,2025-05-04,119095,sip,2554,Maharashtra,Nashik,B30,26-35,Female,19.5,UPI,Pending
INV004807,2025-05-04,125497,sip,4418,Maharashtra,Mumbai,T30,36-45,Male,31.4,Mandate,Pending
INV003873,2025-05-04,120506,sip,23574,Telangana,Hyderabad,T30,36-45,Female,37.2,Net Banking,Verified
INV003173,2025-05-04,100025,sip,14431,Gujarat,Surat,T30,18-25,Male,7.1,Net Banking,Verified
INV003877,2025-05-04,118632,sip,51080,Rajasthan,Udaipur,B30,36-45,Female,25.4,Cheque,Verified
INV000545,2025-05-04,119120,sip,4965,Telangana,Hyderabad,T30,26-35,Male,23.6,Cheque,Verified
INV004143,2025-05-04,101208,lumpsum,154684,Gujarat,Ahmedabad,T30,18-25,Male,7.4,Mandate,Verified
INV002124,2025-05-04,119094,lumpsum,292154,Tamil Nadu,Coimbatore,B30,18-25,Male,5.0,UPI,Verified
INV001747,2025-05-04,101206,sip,40802,Madhya Pradesh,Indore,T30,18-25,Female,3.8,Cheque,Verified
INV000263,2025-05-04,120844,sip,7857,Madhya Pradesh,Bhopal,B30,56+,Male,21.8,UPI,Verified
INV004240,2025-05-04,119120,sip,1786,Maharashtra,Mumbai,T30,18-25,Male,7.1,Mandate,Verified
INV004819,2025-05-04,120503,lumpsum,244855,Telangana,Hyderabad,T30,26-35,Female,14.8,Cheque,Verified
INV000437,2025-05-04,101207,sip,2376,Telangana,Hyderabad,T30,26-35,Female,6.1,Cheque,Verified
INV004945,2025-05-04,118634,lumpsum,84489,West Bengal,Kolkata,T30,36-45,Female,56.8,Net Banking,Verified
INV000754,2025-05-04,149324,redemption,31542,West Bengal,Kolkata,T30,26-35,Male,8.0,Mandate,Verified
INV000691,2025-05-04,119093,redemption,565250,Tamil Nadu,Chennai,T30,18-25,Female,7.8,Cheque,Pending
INV002189,2025-05-04,149324,sip,1168,Uttar Pradesh,Lucknow,T30,36-45,Male,37.4,Net Banking,Verified
INV003297,2025-05-04,119598,sip,8150,Madhya Pradesh,Bhopal,B30,36-45,Female,16.3,Mandate,Verified
INV001775,2025-05-04,120503,sip,48562,Uttar Pradesh,Kanpur,B30,26-35,Female,8.3,Cheque,Verified
INV001796,2025-05-04,148569,lumpsum,224523,Telangana,Hyderabad,T30,18-25,Male,6.7,UPI,Verified
INV001930,2025-05-04,101207,sip,7917,Tamil Nadu,Chennai,T30,26-35,Female,8.8,Mandate,Verified
INV002746,2025-05-04,119599,sip,2582,Delhi,Noida,T30,26-35,Male,23.2,UPI,Verified
INV000762,2025-05-04,149323,sip,8277,Delhi,Gurugram,T30,36-45,Female,29.8,UPI,Verified
INV003375,2025-05-04,118634,sip,5607,Telangana,Hyderabad,T30,56+,Female,62.2,Mandate,Verified
INV002299,2025-05-04,148567,redemption,24101,Karnataka,Mysore,B30,36-45,Female,26.8,UPI,Verified
INV000412,2025-05-04,148567,sip,5398,Rajasthan,Udaipur,B30,18-25,Male,7.4,Net Banking,Verified
INV004399,2025-05-04,149322,lumpsum,328688,Delhi,Noida,T30,56+,Female,52.3,Cheque,Verified
INV002535,2025-05-04,119094,lumpsum,41875,Rajasthan,Udaipur,B30,36-45,Male,22.6,Mandate,Verified
INV001387,2025-05-04,119094,sip,12272,Tamil Nadu,Chennai,T30,36-45,Male,37.4,Net Banking,Verified
INV002531,2025-05-04,125497,sip,1730,Rajasthan,Udaipur,B30,36-45,Female,50.4,Net Banking,Verified
INV002899,2025-05-04,120503,sip,2255,Punjab,Amritsar,B30,18-25,Male,7.6,Cheque,Verified
INV001923,2025-05-04,149324,lumpsum,107616,Gujarat,Surat,T30,18-25,Female,4.0,Cheque,Verified
INV000651,2025-05-04,120505,sip,912,Delhi,New Delhi,T30,18-25,Male,6.0,UPI,Verified
INV000641,2025-05-04,119598,sip,898,Punjab,Amritsar,B30,26-35,Male,14.5,Net Banking,Verified
INV000321,2025-05-04,125498,lumpsum,315107,Maharashtra,Mumbai,T30,26-35,Male,24.2,Mandate,Verified
INV001923,2025-05-04,120843,sip,2450,Gujarat,Surat,T30,18-25,Female,4.0,Mandate,Verified
INV004296,2025-05-04,100025,lumpsum,95749,Telangana,Hyderabad,T30,26-35,Male,18.2,UPI,Verified
INV003360,2025-05-04,120844,sip,17637,Madhya Pradesh,Indore,T30,26-35,Female,19.5,UPI,Verified
INV001070,2025-05-04,102887,sip,461,Tamil Nadu,Coimbatore,B30,26-35,Male,11.9,Cheque,Verified
INV001462,2025-05-04,120505,redemption,242561,Gujarat,Surat,T30,26-35,Male,19.4,Mandate,Verified
INV004687,2025-05-04,119599,sip,1000,Madhya Pradesh,Bhopal,B30,36-45,Female,15.1,Mandate,Verified
INV003996,2025-05-04,102885,redemption,83282,Karnataka,Bangalore,T30,36-45,Female,39.8,Mandate,Verified
INV000188,2025-05-04,101206,lumpsum,281628,Tamil Nadu,Coimbatore,B30,46-55,Male,79.0,Cheque,Pending
INV002767,2025-05-04,119552,sip,11428,Madhya Pradesh,Indore,T30,26-35,Male,10.8,Net Banking,Verified
INV000323,2025-05-04,118635,sip,9712,Telangana,Hyderabad,T30,26-35,Female,23.0,Cheque,Verified
INV004305,2025-05-05,102885,sip,2289,Telangana,Hyderabad,T30,36-45,Female,30.1,UPI,Verified
INV004967,2025-05-05,102887,redemption,36623,Telangana,Hyderabad,T30,26-35,Male,14.3,UPI,Verified
INV000351,2025-05-05,119599,redemption,149594,Madhya Pradesh,Indore,T30,56+,Female,62.9,Net Banking,Verified
INV004275,2025-05-05,120842,sip,400,Tamil Nadu,Chennai,T30,36-45,Male,21.6,Net Banking,Verified
INV001111,2025-05-05,119599,sip,56550,Delhi,Gurugram,T30,18-25,Male,7.8,Net Banking,Verified
INV002370,2025-05-05,118632,sip,44139,Delhi,Noida,T30,26-35,Male,16.6,Cheque,Pending
INV001238,2025-05-05,100025,redemption,4688,Haryana,Gurugram,T30,26-35,Male,17.9,Mandate,Pending
INV000172,2025-05-05,100025,sip,7105,Delhi,Noida,T30,36-45,Male,53.2,UPI,Verified
INV004756,2025-05-05,119092,lumpsum,249809,Gujarat,Surat,T30,46-55,Male,41.1,Net Banking,Verified
INV004452,2025-05-05,120506,sip,52058,Rajasthan,Udaipur,B30,26-35,Male,17.6,UPI,Verified
INV004820,2025-05-05,119095,redemption,208434,Punjab,Chandigarh,T30,26-35,Male,10.4,Cheque,Verified
INV004845,2025-05-05,120843,lumpsum,477681,West Bengal,Kolkata,T30,18-25,Male,7.5,Mandate,Verified
INV002376,2025-05-05,101208,redemption,239369,Tamil Nadu,Chennai,T30,18-25,Male,6.8,Net Banking,Verified
INV003598,2025-05-05,100025,sip,6843,Delhi,Gurugram,T30,26-35,Female,12.7,Cheque,Verified
INV000885,2025-05-05,100025,sip,3173,Gujarat,Ahmedabad,T30,26-35,Male,12.3,Net Banking,Verified
INV002611,2025-05-05,118632,lumpsum,320637,West Bengal,Kolkata,T30,26-35,Male,21.5,Cheque,Verified
INV000778,2025-05-05,102887,sip,6727,Haryana,Faridabad,B30,26-35,Male,16.9,Net Banking,Verified
INV003003,2025-05-05,148567,lumpsum,425581,West Bengal,Kolkata,T30,18-25,Female,3.1,Net Banking,Verified
INV001176,2025-05-05,119120,redemption,264492,Delhi,Noida,T30,18-25,Male,6.5,Mandate,Verified
INV001259,2025-05-05,118632,sip,15236,Telangana,Hyderabad,T30,26-35,Female,10.6,Mandate,Verified
INV003682,2025-05-05,119120,sip,2652,Madhya Pradesh,Indore,T30,36-45,Male,45.6,Mandate,Verified
INV002793,2025-05-05,101207,sip,7499,Madhya Pradesh,Bhopal,B30,36-45,Male,54.3,Mandate,Pending
INV004901,2025-05-05,149324,redemption,212986,Haryana,Gurugram,T30,26-35,Female,10.8,Mandate,Verified
INV002917,2025-05-05,120505,sip,1125,Maharashtra,Pune,T30,18-25,Male,6.4,Net Banking,Verified
INV000023,2025-05-05,100016,sip,8998,West Bengal,Kolkata,T30,46-55,Female,61.9,Cheque,Verified
INV002631,2025-05-05,118632,redemption,326927,Uttar Pradesh,Kanpur,B30,46-55,Female,93.8,Cheque,Verified
INV003458,2025-05-05,119095,sip,1122,Gujarat,Surat,T30,36-45,Male,21.3,UPI,Pending
INV001875,2025-05-05,101206,lumpsum,115280,Karnataka,Mysore,B30,56+,Female,64.4,Mandate,Verified
INV002224,2025-05-05,102885,lumpsum,152600,Rajasthan,Udaipur,B30,26-35,Male,21.4,UPI,Verified
INV000845,2025-05-05,119093,lumpsum,58830,Uttar Pradesh,Kanpur,B30,36-45,Male,17.5,Cheque,Verified
INV004989,2025-05-05,120507,sip,47533,Karnataka,Bangalore,T30,26-35,Male,6.4,Cheque,Verified
INV002457,2025-05-05,101206,sip,59401,Gujarat,Surat,T30,36-45,Male,39.2,Cheque,Verified
INV002521,2025-05-05,119093,sip,2389,Punjab,Chandigarh,T30,26-35,Male,12.3,UPI,Verified
INV002456,2025-05-05,118635,lumpsum,147227,Delhi,Gurugram,T30,26-35,Male,22.5,Mandate,Verified
INV000027,2025-05-05,100016,sip,10623,Punjab,Chandigarh,T30,26-35,Male,20.7,Net Banking,Verified
INV004472,2025-05-05,119092,sip,2022,West Bengal,Kolkata,T30,26-35,Female,19.1,Net Banking,Pending
INV001887,2025-05-05,118633,redemption,345797,Karnataka,Mysore,B30,26-35,Female,8.1,Net Banking,Verified
INV000839,2025-05-05,102885,lumpsum,73351,Gujarat,Surat,T30,26-35,Male,9.5,Net Banking,Verified
INV001406,2025-05-05,120844,sip,958,Telangana,Hyderabad,T30,46-55,Male,86.0,Mandate,Pending
INV001011,2025-05-05,119599,sip,44713,Madhya Pradesh,Bhopal,B30,26-35,Male,14.4,Mandate,Verified
INV001227,2025-05-05,149322,redemption,170138,Tamil Nadu,Coimbatore,B30,36-45,Male,58.3,Net Banking,Pending
INV001504,2025-05-05,119551,sip,26966,Haryana,Faridabad,B30,36-45,Male,25.5,Cheque,Verified
INV004363,2025-05-05,119092,redemption,124931,Delhi,Noida,T30,26-35,Male,20.5,Mandate,Verified
INV004466,2025-05-05,102887,sip,821,Gujarat,Surat,T30,18-25,Female,3.7,Net Banking,Verified
INV000540,2025-05-05,118633,sip,14017,Tamil Nadu,Coimbatore,B30,26-35,Female,10.4,Mandate,Verified
INV002771,2025-05-05,120507,sip,3427,West Bengal,Kolkata,T30,36-45,Female,45.1,Cheque,Verified
INV004653,2025-05-05,125497,lumpsum,473865,Rajasthan,Jaipur,T30,46-55,Female,32.2,Cheque,Verified
INV003230,2025-05-05,120844,lumpsum,148845,Punjab,Amritsar,B30,18-25,Female,3.2,Mandate,Verified
INV003744,2025-05-05,120843,lumpsum,395250,Karnataka,Mysore,B30,18-25,Female,4.1,Cheque,Verified
INV003586,2025-05-05,102886,sip,2103,Haryana,Faridabad,B30,46-55,Male,68.9,Mandate,Pending
INV002182,2025-05-05,119092,redemption,218351,Madhya Pradesh,Bhopal,B30,36-45,Male,54.3,Net Banking,Verified
INV001131,2025-05-05,120842,sip,3517,Tamil Nadu,Coimbatore,B30,36-45,Female,32.0,Mandate,Verified
INV004091,2025-05-05,149322,lumpsum,130967,Tamil Nadu,Chennai,T30,26-35,Male,7.2,Net Banking,Verified
INV004619,2025-05-05,102885,redemption,79318,Gujarat,Ahmedabad,T30,46-55,Male,47.9,UPI,Verified
INV002774,2025-05-05,101206,sip,14209,Haryana,Gurugram,T30,36-45,Male,58.4,Mandate,Verified
INV000612,2025-05-05,101207,sip,2213,Punjab,Amritsar,B30,18-25,Male,6.3,UPI,Verified
INV003738,2025-05-05,125497,sip,2398,Delhi,Noida,T30,26-35,Male,19.0,Net Banking,Verified
INV004738,2025-05-05,125498,sip,4527,Uttar Pradesh,Kanpur,B30,56+,Female,52.6,Mandate,Verified
INV000196,2025-05-05,119094,sip,29293,Tamil Nadu,Chennai,T30,26-35,Male,17.9,Net Banking,Verified
INV001758,2025-05-05,118633,sip,2365,Gujarat,Surat,T30,18-25,Female,7.9,UPI,Verified
INV004825,2025-05-05,118635,sip,446,Delhi,Noida,T30,56+,Male,15.3,Cheque,Verified
INV001967,2025-05-05,148568,redemption,200036,Rajasthan,Jaipur,T30,26-35,Male,17.9,Mandate,Verified
INV001342,2025-05-05,149324,sip,53069,West Bengal,Kolkata,T30,26-35,Female,15.5,UPI,Verified
INV001587,2025-05-05,119095,sip,2928,Punjab,Chandigarh,T30,26-35,Male,22.3,Mandate,Verified
INV001986,2025-05-05,119095,redemption,373879,Madhya Pradesh,Indore,T30,36-45,Female,17.4,UPI,Verified
INV001172,2025-05-05,119552,sip,2231,Tamil Nadu,Coimbatore,B30,26-35,Female,7.1,Net Banking,Verified
INV001599,2025-05-05,119552,lumpsum,23417,Haryana,Faridabad,B30,36-45,Female,31.0,Mandate,Verified
INV000073,2025-05-05,120842,lumpsum,275498,Punjab,Amritsar,B30,18-25,Male,5.5,Net Banking,Verified
INV003672,2025-05-06,102886,lumpsum,175581,Uttar Pradesh,Agra,B30,36-45,Male,32.5,Net Banking,Verified
INV001741,2025-05-06,120503,sip,9389,Rajasthan,Udaipur,B30,36-45,Male,52.8,Mandate,Verified
INV000845,2025-05-06,148568,lumpsum,202872,Uttar Pradesh,Kanpur,B30,36-45,Male,17.5,Cheque,Verified
INV001083,2025-05-06,149324,sip,1105,Gujarat,Ahmedabad,T30,46-55,Male,16.4,Net Banking,Verified
INV002692,2025-05-06,102886,lumpsum,12886,West Bengal,Kolkata,T30,26-35,Male,16.7,UPI,Verified
INV003472,2025-05-06,118634,sip,13816,Uttar Pradesh,Agra,B30,36-45,Male,12.3,Cheque,Verified
INV001218,2025-05-06,148568,sip,537,Madhya Pradesh,Bhopal,B30,36-45,Male,21.1,UPI,Verified
INV003160,2025-05-06,118633,sip,7347,Delhi,Gurugram,T30,26-35,Male,24.9,Mandate,Verified
INV004254,2025-05-06,100016,redemption,308030,Madhya Pradesh,Bhopal,B30,36-45,Male,58.3,Net Banking,Verified
INV004463,2025-05-06,118633,sip,1046,Karnataka,Bangalore,T30,26-35,Female,16.1,Mandate,Verified
INV001898,2025-05-06,120506,redemption,278930,Delhi,Gurugram,T30,36-45,Male,38.9,Net Banking,Verified
INV000856,2025-05-06,120503,redemption,311474,Madhya Pradesh,Indore,T30,26-35,Male,24.8,UPI,Verified
INV001900,2025-05-06,148568,sip,7388,Tamil Nadu,Coimbatore,B30,36-45,Female,19.7,Net Banking,Verified
INV003242,2025-05-06,148568,sip,4238,Punjab,Chandigarh,T30,26-35,Female,18.1,Net Banking,Verified
INV003222,2025-05-06,148569,lumpsum,236002,Punjab,Amritsar,B30,56+,Female,11.7,Mandate,Pending
INV002735,2025-05-06,120503,sip,49900,Tamil Nadu,Coimbatore,B30,18-25,Female,7.6,Cheque,Verified
INV003074,2025-05-06,119120,lumpsum,347673,Haryana,Faridabad,B30,26-35,Male,8.3,Cheque,Verified
INV001225,2025-05-06,119552,lumpsum,244589,Karnataka,Mysore,B30,26-35,Male,16.5,Mandate,Verified
INV000909,2025-05-06,148568,sip,3332,Haryana,Gurugram,T30,46-55,Female,92.6,Net Banking,Verified
INV000161,2025-05-06,102886,sip,25729,Rajasthan,Jaipur,T30,18-25,Female,6.8,Mandate,Verified
INV002580,2025-05-06,119094,sip,1995,Rajasthan,Jaipur,T30,36-45,Female,46.0,UPI,Verified
INV002315,2025-05-06,120505,sip,13048,Haryana,Faridabad,B30,18-25,Male,6.4,Mandate,Pending
INV003528,2025-05-06,149324,sip,50795,Madhya Pradesh,Bhopal,B30,18-25,Female,3.6,Net Banking,Verified
INV004488,2025-05-06,119120,sip,573,Maharashtra,Nashik,B30,56+,Male,69.8,Mandate,Verified
INV000194,2025-05-06,118632,sip,13202,Maharashtra,Pune,T30,36-45,Male,21.6,Mandate,Verified
INV000165,2025-05-06,119095,lumpsum,539460,Punjab,Chandigarh,T30,36-45,Female,18.8,Cheque,Verified
INV002914,2025-05-06,148569,lumpsum,289996,Rajasthan,Udaipur,B30,18-25,Male,7.4,Cheque,Verified
INV002045,2025-05-06,118635,sip,15127,Rajasthan,Jaipur,T30,18-25,Female,3.8,UPI,Verified
INV001172,2025-05-06,100025,redemption,413004,Tamil Nadu,Coimbatore,B30,26-35,Female,7.1,UPI,Verified
INV004335,2025-05-06,100016,sip,13156,Gujarat,Ahmedabad,T30,26-35,Female,6.6,Cheque,Verified
INV004853,2025-05-06,149324,sip,4201,Haryana,Gurugram,T30,26-35,Female,15.6,Cheque,Verified
INV002284,2025-05-06,120842,lumpsum,147564,Karnataka,Bangalore,T30,36-45,Male,55.3,Net Banking,Verified
INV003747,2025-05-06,102886,sip,50452,Madhya Pradesh,Indore,T30,26-35,Female,21.7,UPI,Verified
INV004345,2025-05-06,119598,sip,14048,West Bengal,Kolkata,T30,36-45,Female,33.3,Net Banking,Verified
INV003312,2025-05-06,149324,sip,500,Maharashtra,Mumbai,T30,26-35,Male,7.9,Net Banking,Verified
INV004233,2025-05-06,119120,lumpsum,336439,Maharashtra,Nashik,B30,26-35,Female,8.7,UPI,Pending
INV001959,2025-05-06,120505,lumpsum,206834,Tamil Nadu,Chennai,T30,18-25,Female,4.7,Cheque,Verified
INV004341,2025-05-06,149324,sip,10890,Tamil Nadu,Coimbatore,B30,18-25,Male,7.5,Net Banking,Verified
INV003563,2025-05-06,118633,redemption,465890,Haryana,Gurugram,T30,46-55,Male,41.8,Mandate,Verified
INV000742,2025-05-06,148569,sip,2198,Uttar Pradesh,Lucknow,T30,36-45,Male,27.4,Net Banking,Verified
INV003883,2025-05-06,119095,sip,12845,West Bengal,Kolkata,T30,26-35,Male,6.7,Net Banking,Verified
INV004739,2025-05-06,119598,sip,27420,Delhi,Gurugram,T30,18-25,Male,3.2,Mandate,Verified
INV002933,2025-05-06,149322,sip,968,Madhya Pradesh,Indore,T30,36-45,Female,39.4,Net Banking,Verified
INV004950,2025-05-06,118635,sip,29036,Madhya Pradesh,Indore,T30,26-35,Male,9.8,Cheque,Verified
INV004720,2025-05-06,118636,lumpsum,454533,Gujarat,Surat,T30,46-55,Female,95.7,Mandate,Verified
INV003655,2025-05-06,119552,sip,4975,Madhya Pradesh,Bhopal,B30,36-45,Female,24.9,Mandate,Pending
INV004532,2025-05-06,120506,sip,8552,Haryana,Gurugram,T30,36-45,Male,23.1,Mandate,Verified
INV003104,2025-05-06,120505,redemption,368987,Uttar Pradesh,Lucknow,T30,26-35,Male,7.8,Cheque,Verified
INV003661,2025-05-06,119120,sip,1095,Delhi,Noida,T30,18-25,Female,6.4,Net Banking,Pending
INV000724,2025-05-06,149323,sip,4229,Uttar Pradesh,Kanpur,B30,46-55,Male,78.7,Net Banking,Verified
INV001547,2025-05-06,120506,sip,9555,Tamil Nadu,Coimbatore,B30,36-45,Male,55.7,Cheque,Verified
INV003249,2025-05-06,120842,redemption,200188,Punjab,Chandigarh,T30,36-45,Male,41.3,UPI,Verified
INV000053,2025-05-06,119599,sip,6262,Maharashtra,Pune,T30,36-45,Male,52.3,Net Banking,Verified
INV001175,2025-05-06,100033,lumpsum,71245,Punjab,Chandigarh,T30,36-45,Male,33.5,Mandate,Verified
INV000229,2025-05-06,125497,sip,1860,Punjab,Amritsar,B30,26-35,Male,11.0,Cheque,Pending
INV004263,2025-05-06,118632,sip,1771,Delhi,Gurugram,T30,26-35,Female,9.6,Net Banking,Verified
INV001551,2025-05-06,119598,sip,2349,Tamil Nadu,Chennai,T30,26-35,Female,21.7,Net Banking,Verified
INV003101,2025-05-06,100033,redemption,361806,Tamil Nadu,Chennai,T30,26-35,Female,24.8,Cheque,Verified
INV000828,2025-05-06,118634,lumpsum,522201,Maharashtra,Nashik,B30,26-35,Female,17.1,Cheque,Verified
INV004319,2025-05-06,120841,sip,5698,Gujarat,Surat,T30,18-25,Male,3.9,UPI,Verified
INV002905,2025-05-06,102885,lumpsum,251975,Tamil Nadu,Chennai,T30,36-45,Female,32.4,UPI,Verified
INV003242,2025-05-06,119599,sip,8483,Punjab,Chandigarh,T30,26-35,Female,18.1,Mandate,Pending
INV004803,2025-05-06,120503,sip,6056,Haryana,Gurugram,T30,18-25,Female,7.7,UPI,Verified
INV003663,2025-05-06,101207,redemption,244252,Delhi,Gurugram,T30,26-35,Female,19.0,UPI,Verified
INV002071,2025-05-06,149322,redemption,232187,Punjab,Chandigarh,T30,56+,Male,61.1,Cheque,Verified
INV000286,2025-05-06,118634,lumpsum,190453,Madhya Pradesh,Indore,T30,26-35,Female,9.8,Net Banking,Verified
INV002769,2025-05-06,119094,lumpsum,440209,Maharashtra,Pune,T30,18-25,Female,4.5,Net Banking,Verified
INV000936,2025-05-06,148568,sip,8991,Uttar Pradesh,Lucknow,T30,26-35,Female,22.5,UPI,Verified
INV000535,2025-05-06,118632,redemption,200798,Tamil Nadu,Coimbatore,B30,36-45,Male,18.7,Mandate,Verified
INV001844,2025-05-06,119094,lumpsum,104840,West Bengal,Kolkata,T30,26-35,Female,18.8,UPI,Verified
INV001500,2025-05-06,119551,lumpsum,448007,Maharashtra,Pune,T30,26-35,Female,6.5,UPI,Verified
INV002808,2025-05-06,148567,lumpsum,436873,Uttar Pradesh,Agra,B30,26-35,Male,24.1,Net Banking,Verified
INV000616,2025-05-07,149323,sip,937,Maharashtra,Nashik,B30,36-45,Male,50.4,Net Banking,Verified
INV000691,2025-05-07,119551,redemption,331935,Tamil Nadu,Chennai,T30,18-25,Female,7.8,Net Banking,Verified
INV002928,2025-05-07,118635,redemption,144715,Tamil Nadu,Coimbatore,B30,26-35,Male,9.4,Cheque,Verified
INV001963,2025-05-07,101208,lumpsum,198097,Maharashtra,Nashik,B30,26-35,Male,10.3,Net Banking,Verified
INV001825,2025-05-07,120842,redemption,193307,Haryana,Faridabad,B30,26-35,Male,21.7,Cheque,Verified
INV001688,2025-05-07,118634,sip,437,Gujarat,Ahmedabad,T30,26-35,Male,7.7,Cheque,Verified
INV001836,2025-05-07,118635,lumpsum,10818,Uttar Pradesh,Agra,B30,26-35,Male,17.4,Mandate,Pending
INV004018,2025-05-07,120507,sip,9147,Punjab,Chandigarh,T30,56+,Male,47.9,Mandate,Verified
INV000517,2025-05-07,118635,redemption,155317,Punjab,Amritsar,B30,36-45,Female,31.8,Net Banking,Verified
INV000519,2025-05-07,120503,redemption,137431,Haryana,Faridabad,B30,26-35,Female,6.3,Net Banking,Verified
INV004523,2025-05-07,118633,sip,8250,Haryana,Gurugram,T30,26-35,Female,13.5,Mandate,Verified
INV002704,2025-05-07,120842,sip,8600,Delhi,Noida,T30,36-45,Female,47.8,Net Banking,Verified
INV002090,2025-05-07,120507,sip,2996,Maharashtra,Mumbai,T30,26-35,Male,23.7,Mandate,Verified
INV002588,2025-05-07,118636,redemption,460264,West Bengal,Kolkata,T30,18-25,Male,5.5,Net Banking,Verified
INV002933,2025-05-07,120505,sip,48865,Madhya Pradesh,Indore,T30,36-45,Female,39.4,UPI,Verified
INV003615,2025-05-07,118636,lumpsum,119832,Rajasthan,Jaipur,T30,36-45,Male,32.6,Cheque,Verified
INV001802,2025-05-07,120505,sip,14702,Punjab,Chandigarh,T30,46-55,Male,77.7,Mandate,Verified
INV002080,2025-05-07,118634,redemption,347589,Tamil Nadu,Coimbatore,B30,26-35,Male,21.3,Net Banking,Verified
INV002088,2025-05-07,120504,lumpsum,223544,Rajasthan,Jaipur,T30,46-55,Female,43.7,Net Banking,Pending
INV002065,2025-05-07,119095,sip,14994,Rajasthan,Udaipur,B30,46-55,Male,78.6,UPI,Verified
INV001816,2025-05-07,119095,lumpsum,7501,Telangana,Hyderabad,T30,26-35,Male,9.0,Net Banking,Verified
INV004140,2025-05-07,120844,sip,2735,Punjab,Amritsar,B30,46-55,Female,41.6,Mandate,Verified
INV002706,2025-05-07,101208,redemption,334775,Haryana,Faridabad,B30,46-55,Female,22.8,Net Banking,Verified
INV000527,2025-05-07,148568,lumpsum,356997,Telangana,Hyderabad,T30,26-35,Male,12.1,Mandate,Verified
INV003315,2025-05-07,120843,sip,21527,Madhya Pradesh,Bhopal,B30,36-45,Female,58.1,Net Banking,Verified
INV001629,2025-05-07,100025,sip,1841,Madhya Pradesh,Indore,T30,26-35,Male,15.0,Mandate,Verified
INV002743,2025-05-07,120506,sip,2649,Haryana,Gurugram,T30,56+,Male,49.8,UPI,Verified
INV001096,2025-05-07,120841,redemption,407572,Punjab,Chandigarh,T30,26-35,Male,24.5,UPI,Pending
INV004735,2025-05-07,119094,lumpsum,311348,Uttar Pradesh,Kanpur,B30,36-45,Male,19.2,Cheque,Verified
INV002216,2025-05-07,118634,sip,508,Maharashtra,Mumbai,T30,46-55,Male,26.5,Net Banking,Verified
INV001377,2025-05-07,119120,lumpsum,111784,Maharashtra,Mumbai,T30,56+,Female,64.7,Cheque,Verified
INV004632,2025-05-07,102886,redemption,236013,Punjab,Chandigarh,T30,26-35,Male,18.0,Mandate,Verified
INV000960,2025-05-07,102887,redemption,450464,West Bengal,Kolkata,T30,46-55,Male,90.6,Net Banking,Verified
INV003260,2025-05-07,125498,sip,2194,Madhya Pradesh,Indore,T30,18-25,Male,7.9,UPI,Pending
INV004633,2025-05-07,120507,sip,2072,Telangana,Hyderabad,T30,18-25,Female,4.9,Mandate,Verified
INV003437,2025-05-07,119095,sip,23814,Punjab,Amritsar,B30,46-55,Female,51.0,Cheque,Verified
INV003381,2025-05-07,119092,lumpsum,114176,Madhya Pradesh,Indore,T30,36-45,Female,12.1,Net Banking,Verified
INV001769,2025-05-07,125497,sip,1849,Punjab,Chandigarh,T30,18-25,Male,7.4,Mandate,Verified
INV004402,2025-05-07,100033,redemption,41874,Gujarat,Ahmedabad,T30,18-25,Female,6.4,Mandate,Verified
INV004380,2025-05-07,120504,redemption,98854,Gujarat,Surat,T30,36-45,Male,16.6,Mandate,Verified
INV001102,2025-05-07,149322,lumpsum,299213,West Bengal,Kolkata,T30,46-55,Male,22.2,Cheque,Verified
INV000087,2025-05-07,119093,sip,2209,Rajasthan,Jaipur,T30,36-45,Male,56.2,Net Banking,Verified
INV003906,2025-05-07,119120,sip,14625,Haryana,Faridabad,B30,36-45,Male,39.7,UPI,Verified
INV004049,2025-05-07,119599,redemption,326801,Gujarat,Ahmedabad,T30,36-45,Male,31.1,Cheque,Verified
INV003605,2025-05-07,118634,lumpsum,62179,Gujarat,Ahmedabad,T30,36-45,Male,15.5,UPI,Verified
INV001528,2025-05-07,119551,sip,17061,Telangana,Hyderabad,T30,26-35,Female,20.7,UPI,Verified
INV000582,2025-05-07,125498,lumpsum,565701,Delhi,Gurugram,T30,56+,Male,45.7,Cheque,Verified
INV002568,2025-05-07,149322,sip,56262,Uttar Pradesh,Lucknow,T30,26-35,Female,7.3,Net Banking,Verified
INV001545,2025-05-07,101207,sip,6052,Madhya Pradesh,Bhopal,B30,26-35,Male,11.5,Cheque,Verified
INV004436,2025-05-07,148569,sip,4295,Delhi,New Delhi,T30,56+,Male,30.3,Mandate,Verified
INV003041,2025-05-07,119092,redemption,19893,Madhya Pradesh,Bhopal,B30,36-45,Male,32.0,UPI,Verified
INV000682,2025-05-07,118632,sip,2784,Delhi,New Delhi,T30,56+,Female,69.2,UPI,Verified
INV002787,2025-05-07,118635,sip,26054,Uttar Pradesh,Kanpur,B30,18-25,Male,4.8,Mandate,Verified
INV001013,2025-05-07,118635,sip,9672,Telangana,Hyderabad,T30,36-45,Male,40.6,Cheque,Verified
INV003968,2025-05-07,149324,sip,4578,Maharashtra,Mumbai,T30,46-55,Female,58.7,Mandate,Verified
INV001734,2025-05-07,102887,lumpsum,435620,Karnataka,Bangalore,T30,36-45,Female,16.3,UPI,Verified
INV000591,2025-05-07,120842,sip,2060,Karnataka,Bangalore,T30,18-25,Male,4.1,Cheque,Verified
INV001924,2025-05-07,102886,redemption,9107,Karnataka,Bangalore,T30,18-25,Male,4.9,Mandate,Verified
INV003791,2025-05-07,119599,sip,445,Tamil Nadu,Coimbatore,B30,46-55,Male,77.4,Cheque,Verified
INV002400,2025-05-07,148567,lumpsum,265233,Punjab,Chandigarh,T30,36-45,Male,15.5,UPI,Verified
INV001983,2025-05-07,101208,sip,1109,West Bengal,Kolkata,T30,36-45,Male,30.6,UPI,Verified
INV001797,2025-05-07,119094,sip,2807,Punjab,Amritsar,B30,26-35,Female,6.8,Mandate,Verified
INV002557,2025-05-07,148568,sip,2502,West Bengal,Kolkata,T30,26-35,Female,18.2,UPI,Verified
INV001298,2025-05-07,118634,sip,1828,Delhi,Gurugram,T30,26-35,Female,24.4,Net Banking,Verified
INV001993,2025-05-07,101208,redemption,40591,Uttar Pradesh,Agra,B30,36-45,Female,44.2,Cheque,Verified
INV000532,2025-05-08,120506,redemption,9648,Madhya Pradesh,Bhopal,B30,26-35,Male,9.0,Cheque,Pending
INV002389,2025-05-08,118636,sip,2042,Haryana,Faridabad,B30,36-45,Male,50.8,UPI,Verified
INV002442,2025-05-08,118632,sip,5423,Rajasthan,Udaipur,B30,56+,Female,30.7,UPI,Verified
INV003187,2025-05-08,102885,sip,9243,Haryana,Faridabad,B30,26-35,Female,21.5,Mandate,Verified
INV004818,2025-05-08,119598,sip,3030,Maharashtra,Pune,T30,26-35,Male,23.5,Cheque,Verified
INV002606,2025-05-08,120504,sip,2693,Telangana,Hyderabad,T30,26-35,Female,8.1,UPI,Verified
INV000831,2025-05-08,118633,sip,875,Punjab,Chandigarh,T30,36-45,Male,34.6,UPI,Verified
INV001675,2025-05-08,120843,lumpsum,59489,Gujarat,Ahmedabad,T30,36-45,Male,18.2,UPI,Verified
INV004228,2025-05-08,118633,sip,27001,Madhya Pradesh,Bhopal,B30,26-35,Female,18.0,Mandate,Verified
INV002428,2025-05-08,120506,redemption,216317,Gujarat,Ahmedabad,T30,56+,Female,38.0,Mandate,Verified
INV002931,2025-05-08,119092,sip,13063,Tamil Nadu,Coimbatore,B30,56+,Female,32.4,Cheque,Verified
INV004871,2025-05-08,118636,sip,17661,Punjab,Chandigarh,T30,26-35,Male,9.2,Cheque,Verified
INV000523,2025-05-08,120505,sip,584,West Bengal,Kolkata,T30,36-45,Male,13.1,Mandate,Verified
INV000737,2025-05-08,125498,sip,5064,Madhya Pradesh,Indore,T30,26-35,Female,10.0,Mandate,Verified
INV003117,2025-05-08,102885,lumpsum,54805,Tamil Nadu,Chennai,T30,18-25,Female,6.7,Net Banking,Verified
INV000719,2025-05-08,118635,sip,56795,Tamil Nadu,Coimbatore,B30,18-25,Male,6.8,Cheque,Verified
INV002438,2025-05-08,102887,lumpsum,476486,Uttar Pradesh,Kanpur,B30,56+,Male,37.9,Mandate,Verified
INV002270,2025-05-08,120843,lumpsum,489814,Madhya Pradesh,Indore,T30,46-55,Female,23.9,UPI,Verified
INV003720,2025-05-08,118636,lumpsum,317503,Madhya Pradesh,Bhopal,B30,36-45,Female,49.4,Net Banking,Verified
INV002095,2025-05-08,119095,sip,2615,Punjab,Amritsar,B30,26-35,Male,9.2,Net Banking,Verified
INV000783,2025-05-08,125497,sip,8762,Gujarat,Ahmedabad,T30,46-55,Male,92.0,UPI,Verified
INV000226,2025-05-08,119092,redemption,274804,West Bengal,Kolkata,T30,36-45,Female,39.3,Net Banking,Verified
INV004631,2025-05-08,119095,sip,2144,Tamil Nadu,Chennai,T30,36-45,Female,20.2,Cheque,Verified
INV002886,2025-05-08,125498,lumpsum,286789,Tamil Nadu,Chennai,T30,18-25,Female,7.1,Mandate,Verified
INV003905,2025-05-08,120506,sip,7379,Maharashtra,Mumbai,T30,26-35,Male,24.3,UPI,Verified
INV001607,2025-05-08,119552,lumpsum,365373,Punjab,Amritsar,B30,26-35,Male,14.8,UPI,Verified
INV002301,2025-05-08,120843,sip,3574,Delhi,Gurugram,T30,18-25,Male,6.9,UPI,Verified
INV000831,2025-05-08,120503,sip,2255,Punjab,Chandigarh,T30,36-45,Male,34.6,Net Banking,Verified
INV004693,2025-05-08,101207,redemption,111769,Maharashtra,Nashik,B30,36-45,Male,44.9,Net Banking,Verified
INV001084,2025-05-08,119120,sip,404,West Bengal,Kolkata,T30,36-45,Female,40.7,Cheque,Verified
INV004986,2025-05-08,149323,sip,2343,Madhya Pradesh,Bhopal,B30,26-35,Male,12.3,Cheque,Verified
INV000193,2025-05-08,125497,sip,1128,Delhi,Gurugram,T30,26-35,Female,11.6,Mandate,Verified
INV001512,2025-05-08,119094,lumpsum,399557,Haryana,Gurugram,T30,46-55,Male,49.4,Net Banking,Verified
INV002250,2025-05-08,102885,lumpsum,373668,Telangana,Hyderabad,T30,36-45,Male,20.4,UPI,Verified
INV004422,2025-05-08,120844,lumpsum,405298,Karnataka,Bangalore,T30,36-45,Female,18.1,Net Banking,Verified
INV002840,2025-05-08,118636,sip,4042,Gujarat,Surat,T30,26-35,Female,12.0,Net Banking,Verified
INV002504,2025-05-08,100016,sip,3369,Madhya Pradesh,Bhopal,B30,26-35,Male,22.4,UPI,Verified
INV001304,2025-05-08,149323,sip,13814,Gujarat,Ahmedabad,T30,26-35,Male,21.8,UPI,Verified
INV002336,2025-05-08,119120,sip,26986,Maharashtra,Pune,T30,36-45,Male,35.8,Cheque,Verified
INV000101,2025-05-08,119120,sip,476,Madhya Pradesh,Indore,T30,26-35,Male,20.8,UPI,Verified
INV000074,2025-05-08,119598,lumpsum,205019,Rajasthan,Jaipur,T30,26-35,Female,8.4,Cheque,Verified
INV001759,2025-05-08,118633,sip,2025,Haryana,Faridabad,B30,36-45,Female,25.6,UPI,Verified
INV001871,2025-05-08,120844,lumpsum,115387,Delhi,Gurugram,T30,56+,Male,13.9,Cheque,Verified
INV004600,2025-05-08,119093,sip,8892,West Bengal,Kolkata,T30,46-55,Female,35.5,Cheque,Verified
INV001415,2025-05-08,125498,sip,6032,Haryana,Gurugram,T30,56+,Male,33.1,UPI,Verified
INV001879,2025-05-08,149322,sip,801,Uttar Pradesh,Lucknow,T30,18-25,Female,6.3,Cheque,Verified
INV001088,2025-05-08,102886,lumpsum,57462,Tamil Nadu,Coimbatore,B30,26-35,Male,15.3,Cheque,Verified
INV002281,2025-05-08,118635,sip,1051,Uttar Pradesh,Lucknow,T30,18-25,Female,3.1,Cheque,Verified
INV003443,2025-05-08,118633,lumpsum,148610,Madhya Pradesh,Bhopal,B30,26-35,Male,16.6,Mandate,Verified
INV003942,2025-05-08,100033,lumpsum,57036,Haryana,Faridabad,B30,26-35,Female,23.3,Mandate,Pending
INV001905,2025-05-08,119092,sip,22756,Tamil Nadu,Chennai,T30,26-35,Male,19.2,Net Banking,Verified
INV000412,2025-05-08,120504,sip,13596,Rajasthan,Udaipur,B30,18-25,Male,7.4,Net Banking,Verified
INV004992,2025-05-08,100025,sip,850,Rajasthan,Udaipur,B30,26-35,Male,11.1,UPI,Verified
INV002526,2025-05-08,148568,lumpsum,481534,Madhya Pradesh,Bhopal,B30,18-25,Female,3.5,Net Banking,Verified
INV000062,2025-05-08,149324,sip,54533,Haryana,Faridabad,B30,46-55,Male,22.9,Mandate,Verified
INV002806,2025-05-08,125498,sip,29755,Rajasthan,Jaipur,T30,46-55,Male,24.2,Mandate,Verified
INV002856,2025-05-08,119598,lumpsum,196780,Telangana,Hyderabad,T30,26-35,Male,13.2,UPI,Verified
INV001162,2025-05-08,149322,lumpsum,61668,Gujarat,Surat,T30,46-55,Female,90.5,UPI,Pending
INV000578,2025-05-08,120504,sip,11833,Maharashtra,Nashik,B30,26-35,Male,10.9,Mandate,Verified
INV000958,2025-05-08,119092,lumpsum,61460,Delhi,Gurugram,T30,56+,Male,74.6,Cheque,Verified
INV004139,2025-05-09,120505,sip,26865,West Bengal,Kolkata,T30,56+,Female,61.1,Cheque,Verified
INV002604,2025-05-09,120506,sip,7685,Maharashtra,Mumbai,T30,36-45,Female,25.5,Mandate,Verified
INV001091,2025-05-09,148567,sip,6543,Telangana,Hyderabad,T30,18-25,Male,7.5,Mandate,Verified
INV001345,2025-05-09,119598,sip,2991,Tamil Nadu,Coimbatore,B30,26-35,Male,17.3,Net Banking,Pending
INV004151,2025-05-09,119599,sip,11723,Karnataka,Mysore,B30,26-35,Male,21.6,UPI,Verified
INV003760,2025-05-09,120506,sip,2329,Uttar Pradesh,Lucknow,T30,26-35,Male,15.4,Cheque,Verified
INV002430,2025-05-09,100016,lumpsum,362460,Madhya Pradesh,Bhopal,B30,26-35,Male,16.2,Mandate,Verified
INV004919,2025-05-09,118632,lumpsum,398533,Telangana,Hyderabad,T30,26-35,Male,6.6,Mandate,Verified
INV003902,2025-05-09,118634,sip,41825,Karnataka,Mysore,B30,26-35,Male,23.1,Cheque,Verified
INV002766,2025-05-09,119551,lumpsum,47216,Punjab,Chandigarh,T30,26-35,Female,8.7,Mandate,Verified
INV002733,2025-05-09,119598,sip,1630,Punjab,Chandigarh,T30,26-35,Male,19.0,Cheque,Verified
INV002732,2025-05-09,120841,sip,8578,Uttar Pradesh,Lucknow,T30,18-25,Male,4.5,Mandate,Verified
INV000217,2025-05-09,118632,sip,5201,Tamil Nadu,Chennai,T30,56+,Male,50.1,Cheque,Verified
INV002804,2025-05-09,119599,sip,20432,Madhya Pradesh,Indore,T30,36-45,Male,39.9,Net Banking,Pending
INV003918,2025-05-09,118632,lumpsum,273337,Madhya Pradesh,Indore,T30,56+,Male,51.2,UPI,Verified
INV000211,2025-05-09,120841,redemption,119430,Punjab,Chandigarh,T30,26-35,Male,17.0,UPI,Pending
INV000009,2025-05-09,101207,lumpsum,131308,Haryana,Gurugram,T30,26-35,Male,17.1,UPI,Verified
INV003846,2025-05-09,119092,sip,1046,Uttar Pradesh,Agra,B30,46-55,Female,44.2,Net Banking,Verified
INV001397,2025-05-09,102887,sip,4941,Delhi,New Delhi,T30,26-35,Male,20.8,Net Banking,Verified
INV003950,2025-05-09,100016,sip,5580,Madhya Pradesh,Bhopal,B30,26-35,Male,11.1,Cheque,Verified
INV000033,2025-05-09,101207,sip,26377,Delhi,New Delhi,T30,36-45,Female,12.4,Cheque,Verified
INV004854,2025-05-09,149322,sip,23928,Rajasthan,Udaipur,B30,18-25,Female,3.5,Net Banking,Pending
INV003619,2025-05-09,119599,sip,4770,West Bengal,Kolkata,T30,18-25,Female,3.3,Net Banking,Verified
INV002694,2025-05-09,120505,lumpsum,97436,West Bengal,Kolkata,T30,26-35,Male,12.9,UPI,Verified
INV002503,2025-05-09,118633,redemption,195472,Gujarat,Ahmedabad,T30,26-35,Male,11.5,Mandate,Verified
INV004023,2025-05-09,120505,sip,17370,Tamil Nadu,Chennai,T30,46-55,Male,69.6,Net Banking,Verified
INV000145,2025-05-09,120504,sip,5050,Delhi,New Delhi,T30,26-35,Male,9.3,Cheque,Verified
INV003868,2025-05-09,100033,sip,54440,Gujarat,Surat,T30,36-45,Male,25.8,UPI,Verified
INV000210,2025-05-09,119095,sip,7682,Rajasthan,Jaipur,T30,26-35,Male,9.1,Mandate,Verified
INV002766,2025-05-09,119095,sip,42505,Punjab,Chandigarh,T30,26-35,Female,8.7,Cheque,Verified
INV002612,2025-05-09,100033,sip,3546,Telangana,Hyderabad,T30,26-35,Male,16.2,Cheque,Verified
INV000854,2025-05-09,149324,sip,44348,Karnataka,Bangalore,T30,46-55,Female,79.7,Mandate,Verified
INV003788,2025-05-09,100033,sip,3402,Tamil Nadu,Chennai,T30,18-25,Male,3.1,Cheque,Pending
INV000499,2025-05-09,119092,sip,23874,Delhi,New Delhi,T30,36-45,Female,59.5,UPI,Verified
INV004726,2025-05-09,119092,lumpsum,470442,Karnataka,Bangalore,T30,26-35,Male,16.6,Mandate,Verified
INV003004,2025-05-09,100025,sip,10585,Tamil Nadu,Chennai,T30,46-55,Female,34.6,UPI,Verified
INV000430,2025-05-09,119095,sip,16319,Punjab,Amritsar,B30,18-25,Male,3.3,UPI,Verified
INV004432,2025-05-09,120842,redemption,454987,Haryana,Gurugram,T30,26-35,Male,14.2,UPI,Verified
INV002933,2025-05-09,120503,lumpsum,358201,Madhya Pradesh,Indore,T30,36-45,Female,39.4,UPI,Verified
INV001676,2025-05-09,148569,lumpsum,198148,Haryana,Faridabad,B30,56+,Female,30.9,Mandate,Verified
INV001871,2025-05-09,101206,lumpsum,139128,Delhi,Gurugram,T30,56+,Male,13.9,UPI,Pending
INV003187,2025-05-09,120506,sip,8235,Haryana,Faridabad,B30,26-35,Female,21.5,Cheque,Verified
INV001824,2025-05-09,100016,lumpsum,99641,Tamil Nadu,Coimbatore,B30,26-35,Female,8.9,Net Banking,Verified
INV001753,2025-05-09,119598,sip,8168,Rajasthan,Jaipur,T30,26-35,Male,10.0,Cheque,Verified
INV002267,2025-05-09,148567,lumpsum,230152,Haryana,Faridabad,B30,18-25,Male,4.7,Cheque,Verified
INV002158,2025-05-09,149324,lumpsum,403697,Madhya Pradesh,Indore,T30,26-35,Male,14.5,Cheque,Verified
INV001829,2025-05-09,118633,lumpsum,345295,Punjab,Chandigarh,T30,26-35,Male,22.7,Cheque,Verified
INV001832,2025-05-09,149322,lumpsum,268890,Punjab,Chandigarh,T30,18-25,Male,3.8,Cheque,Verified
INV000533,2025-05-09,119092,sip,23731,Rajasthan,Jaipur,T30,56+,Male,25.1,Cheque,Verified
INV003032,2025-05-09,102885,sip,46164,Punjab,Amritsar,B30,36-45,Male,51.8,Cheque,Verified
INV002833,2025-05-09,100016,sip,2646,Gujarat,Ahmedabad,T30,46-55,Female,52.9,UPI,Verified
INV003313,2025-05-09,119093,redemption,347105,Delhi,Noida,T30,26-35,Male,16.1,Cheque,Verified
INV002159,2025-05-09,119092,sip,7138,Haryana,Gurugram,T30,26-35,Male,7.0,UPI,Verified
INV002840,2025-05-09,149323,sip,28720,Gujarat,Surat,T30,26-35,Female,12.0,Net Banking,Verified
INV003192,2025-05-09,102887,sip,847,Uttar Pradesh,Lucknow,T30,26-35,Male,22.2,Cheque,Verified
INV000440,2025-05-09,102886,sip,1764,Uttar Pradesh,Agra,B30,18-25,Male,6.7,UPI,Verified
INV004777,2025-05-09,149322,sip,27951,Karnataka,Bangalore,T30,18-25,Male,7.7,Net Banking,Verified
INV003034,2025-05-09,125498,sip,876,Tamil Nadu,Chennai,T30,26-35,Male,7.2,Net Banking,Pending
INV002165,2025-05-09,148568,lumpsum,240724,Telangana,Hyderabad,T30,46-55,Male,46.2,Mandate,Verified
INV003124,2025-05-09,118636,lumpsum,361703,West Bengal,Kolkata,T30,36-45,Male,28.8,Cheque,Verified
INV001741,2025-05-09,118633,redemption,73103,Rajasthan,Udaipur,B30,36-45,Male,52.8,Cheque,Verified
INV000815,2025-05-09,100025,sip,2568,Karnataka,Mysore,B30,26-35,Male,9.2,Cheque,Verified
INV000707,2025-05-09,118633,sip,7084,Karnataka,Mysore,B30,36-45,Female,46.6,UPI,Verified
INV000627,2025-05-09,100025,redemption,84924,Delhi,Noida,T30,36-45,Female,49.8,Cheque,Verified
INV003098,2025-05-09,101207,sip,14433,Gujarat,Surat,T30,26-35,Female,9.5,Cheque,Verified
INV003374,2025-05-09,119551,sip,2383,Karnataka,Mysore,B30,26-35,Male,15.8,Net Banking,Verified
INV003492,2025-05-09,119120,sip,2100,Gujarat,Ahmedabad,T30,36-45,Male,35.2,Cheque,Verified
INV000658,2025-05-09,118634,lumpsum,252401,Gujarat,Ahmedabad,T30,26-35,Male,14.1,Mandate,Verified
INV002135,2025-05-09,119551,redemption,161095,Gujarat,Ahmedabad,T30,56+,Male,18.3,Mandate,Verified
INV003057,2025-05-09,100016,sip,413,Punjab,Chandigarh,T30,18-25,Male,6.4,Mandate,Verified
INV004369,2025-05-09,149324,sip,55693,West Bengal,Kolkata,T30,26-35,Male,16.8,Cheque,Verified
INV004283,2025-05-09,120505,lumpsum,341782,Telangana,Hyderabad,T30,26-35,Male,9.6,Net Banking,Verified
INV004395,2025-05-09,102885,sip,5950,Telangana,Hyderabad,T30,36-45,Female,58.3,UPI,Verified
INV003145,2025-05-09,125498,lumpsum,445749,Delhi,Noida,T30,26-35,Male,22.2,Cheque,Verified
INV003282,2025-05-09,149323,sip,3380,Madhya Pradesh,Bhopal,B30,18-25,Male,7.6,UPI,Verified
INV003033,2025-05-10,120504,sip,11423,Gujarat,Ahmedabad,T30,36-45,Male,17.3,UPI,Pending
INV002590,2025-05-10,118636,redemption,349523,West Bengal,Kolkata,T30,36-45,Male,45.1,Cheque,Verified
INV003934,2025-05-10,148567,redemption,392869,Delhi,Gurugram,T30,26-35,Male,24.1,Cheque,Verified
INV001979,2025-05-10,149322,redemption,202909,Maharashtra,Pune,T30,26-35,Male,12.2,Mandate,Verified
INV001333,2025-05-10,119551,lumpsum,81995,Haryana,Faridabad,B30,26-35,Female,19.0,Cheque,Verified
INV001074,2025-05-10,149323,lumpsum,559023,Gujarat,Ahmedabad,T30,56+,Female,57.4,Net Banking,Verified
INV000076,2025-05-10,148569,sip,11864,Gujarat,Ahmedabad,T30,56+,Female,67.1,Net Banking,Verified
INV000538,2025-05-10,119094,lumpsum,50703,West Bengal,Kolkata,T30,36-45,Male,26.5,Cheque,Verified
INV002996,2025-05-10,119120,lumpsum,433818,Madhya Pradesh,Bhopal,B30,26-35,Male,20.7,Cheque,Verified
INV004215,2025-05-10,125497,sip,6389,Madhya Pradesh,Indore,T30,18-25,Male,7.5,Net Banking,Verified
INV004382,2025-05-10,148569,sip,5817,Haryana,Gurugram,T30,56+,Male,31.3,Cheque,Verified
INV000207,2025-05-10,100033,sip,8114,Madhya Pradesh,Indore,T30,26-35,Female,18.0,Cheque,Verified
INV001583,2025-05-10,100016,lumpsum,406387,Delhi,Gurugram,T30,18-25,Male,3.1,Net Banking,Verified
INV001914,2025-05-10,100025,redemption,250592,Delhi,Gurugram,T30,56+,Male,61.9,Net Banking,Verified
INV003034,2025-05-10,149323,lumpsum,327776,Tamil Nadu,Chennai,T30,26-35,Male,7.2,Cheque,Verified
INV001944,2025-05-10,120503,sip,10573,Telangana,Hyderabad,T30,18-25,Male,4.4,Net Banking,Verified
INV003714,2025-05-10,120842,lumpsum,165640,Punjab,Chandigarh,T30,46-55,Female,52.9,Net Banking,Verified
INV003685,2025-05-10,119552,sip,51983,Gujarat,Ahmedabad,T30,26-35,Male,10.4,UPI,Verified
INV004640,2025-05-10,119092,sip,1834,Telangana,Hyderabad,T30,36-45,Male,46.5,UPI,Verified
INV001405,2025-05-10,149322,sip,3386,Tamil Nadu,Chennai,T30,56+,Male,56.8,Mandate,Verified
INV002668,2025-05-10,119599,lumpsum,19480,Delhi,Gurugram,T30,26-35,Male,9.8,Net Banking,Pending
INV000194,2025-05-10,118636,redemption,47546,Maharashtra,Pune,T30,36-45,Male,21.6,Cheque,Pending
INV004128,2025-05-10,102886,redemption,209464,Haryana,Faridabad,B30,18-25,Male,3.3,Cheque,Verified
INV003222,2025-05-10,118635,sip,4731,Punjab,Amritsar,B30,56+,Female,11.7,Cheque,Verified
INV000094,2025-05-10,101208,redemption,75151,West Bengal,Kolkata,T30,18-25,Male,3.7,Mandate,Verified
INV003127,2025-05-10,119120,lumpsum,291798,Punjab,Amritsar,B30,46-55,Female,37.0,Net Banking,Verified
INV001623,2025-05-10,149324,lumpsum,241127,Gujarat,Surat,T30,26-35,Female,17.3,Cheque,Verified
INV004237,2025-05-10,119552,sip,10528,Haryana,Faridabad,B30,36-45,Male,14.1,UPI,Verified
INV003712,2025-05-10,149323,sip,888,Maharashtra,Pune,T30,46-55,Male,82.6,Cheque,Verified
INV003095,2025-05-10,120843,sip,2151,Madhya Pradesh,Bhopal,B30,18-25,Male,5.1,Net Banking,Verified
INV001369,2025-05-10,125498,sip,6575,Gujarat,Ahmedabad,T30,46-55,Male,83.8,Cheque,Verified
INV001345,2025-05-10,119120,sip,5010,Tamil Nadu,Coimbatore,B30,26-35,Male,17.3,Net Banking,Verified
INV004125,2025-05-10,119092,sip,9457,Gujarat,Surat,T30,26-35,Male,9.4,Mandate,Verified
INV003461,2025-05-10,119551,sip,24579,West Bengal,Kolkata,T30,18-25,Male,7.7,Mandate,Verified
INV000075,2025-05-10,148568,sip,5118,Madhya Pradesh,Bhopal,B30,36-45,Male,27.2,Mandate,Pending
INV000282,2025-05-10,119093,sip,2621,Uttar Pradesh,Agra,B30,36-45,Female,55.7,UPI,Pending
INV001160,2025-05-10,102886,sip,2957,Karnataka,Mysore,B30,36-45,Female,13.8,UPI,Verified
INV004357,2025-05-10,148569,sip,8083,Delhi,Gurugram,T30,46-55,Female,55.6,Net Banking,Verified
INV003249,2025-05-10,119599,sip,2177,Punjab,Chandigarh,T30,36-45,Male,41.3,Mandate,Verified
INV003778,2025-05-10,119093,sip,4585,Tamil Nadu,Chennai,T30,36-45,Male,59.4,Net Banking,Verified
INV001192,2025-05-10,102886,sip,2609,Telangana,Hyderabad,T30,26-35,Male,8.1,Net Banking,Pending
INV004729,2025-05-10,119551,redemption,165074,Madhya Pradesh,Bhopal,B30,26-35,Male,19.4,UPI,Verified
INV002010,2025-05-10,148568,redemption,387135,Uttar Pradesh,Agra,B30,56+,Male,11.6,Net Banking,Verified
INV000333,2025-05-10,119095,sip,40294,Maharashtra,Nashik,B30,26-35,Male,14.8,Mandate,Verified
INV001029,2025-05-10,125498,lumpsum,283276,Uttar Pradesh,Kanpur,B30,36-45,Male,44.2,UPI,Verified
INV001772,2025-05-10,120844,sip,15606,Telangana,Hyderabad,T30,36-45,Male,31.2,Cheque,Verified
INV002733,2025-05-10,119599,sip,22250,Punjab,Chandigarh,T30,26-35,Male,19.0,UPI,Verified
INV001677,2025-05-10,120844,sip,918,Rajasthan,Udaipur,B30,26-35,Male,23.2,Net Banking,Verified
INV004516,2025-05-10,119094,lumpsum,44632,Haryana,Gurugram,T30,36-45,Male,14.4,UPI,Verified
INV004289,2025-05-10,120504,sip,1029,Karnataka,Bangalore,T30,26-35,Male,14.8,Mandate,Verified
INV002737,2025-05-10,149323,sip,21789,Gujarat,Ahmedabad,T30,18-25,Female,5.4,Mandate,Verified
INV003119,2025-05-10,119551,lumpsum,313022,Karnataka,Bangalore,T30,18-25,Female,4.6,Mandate,Pending
INV002152,2025-05-10,120841,sip,54202,Tamil Nadu,Coimbatore,B30,46-55,Male,69.8,UPI,Verified
INV002927,2025-05-10,118636,sip,46767,Punjab,Amritsar,B30,56+,Male,29.1,Mandate,Verified
INV002278,2025-05-10,148567,sip,466,Uttar Pradesh,Agra,B30,46-55,Female,88.6,Cheque,Verified
INV000769,2025-05-10,120844,redemption,329491,West Bengal,Kolkata,T30,36-45,Male,41.1,Mandate,Verified
INV003045,2025-05-10,118632,redemption,597498,Telangana,Hyderabad,T30,26-35,Male,12.2,Cheque,Verified
INV004868,2025-05-10,102886,sip,11987,Karnataka,Bangalore,T30,36-45,Male,49.4,Mandate,Verified
INV002463,2025-05-10,100025,sip,474,Punjab,Amritsar,B30,18-25,Male,7.0,Net Banking,Verified
INV000862,2025-05-10,102886,sip,13805,Uttar Pradesh,Agra,B30,26-35,Female,24.4,Mandate,Verified
INV001459,2025-05-10,119551,redemption,172747,Gujarat,Surat,T30,26-35,Male,24.9,Cheque,Verified
INV004253,2025-05-10,149322,sip,1912,Rajasthan,Udaipur,B30,36-45,Male,42.3,Cheque,Pending
INV004248,2025-05-10,119552,lumpsum,514752,West Bengal,Kolkata,T30,46-55,Male,89.3,UPI,Pending
INV004791,2025-05-10,120842,sip,49858,Telangana,Hyderabad,T30,18-25,Female,4.6,Cheque,Verified
INV003857,2025-05-10,118633,sip,1038,Madhya Pradesh,Indore,T30,18-25,Male,3.8,Net Banking,Pending
INV000754,2025-05-10,120843,sip,57881,West Bengal,Kolkata,T30,26-35,Male,8.0,UPI,Verified
INV000971,2025-05-10,120504,sip,2177,Maharashtra,Mumbai,T30,36-45,Male,42.2,Net Banking,Verified
INV002765,2025-05-10,100033,redemption,180805,Uttar Pradesh,Lucknow,T30,36-45,Male,57.6,Net Banking,Verified
INV003341,2025-05-10,100033,sip,2496,Rajasthan,Jaipur,T30,26-35,Male,23.0,Cheque,Verified
INV001014,2025-05-10,119551,sip,7998,Punjab,Chandigarh,T30,18-25,Female,6.9,UPI,Verified
INV004042,2025-05-10,119551,lumpsum,243184,Madhya Pradesh,Bhopal,B30,36-45,Male,36.0,UPI,Verified
INV004476,2025-05-10,102885,sip,2702,Gujarat,Surat,T30,26-35,Male,9.3,Mandate,Verified
INV000753,2025-05-10,119093,sip,2874,Haryana,Faridabad,B30,46-55,Male,82.4,Cheque,Verified
INV000006,2025-05-11,148568,sip,2925,Madhya Pradesh,Bhopal,B30,46-55,Female,43.0,UPI,Verified
INV001725,2025-05-11,120507,redemption,17226,Tamil Nadu,Coimbatore,B30,36-45,Male,30.0,UPI,Pending
INV001736,2025-05-11,148568,sip,2884,Rajasthan,Udaipur,B30,46-55,Female,69.5,Net Banking,Verified
INV004918,2025-05-11,102885,sip,1815,Punjab,Amritsar,B30,56+,Female,46.9,UPI,Verified
INV003953,2025-05-11,149322,redemption,33731,Maharashtra,Pune,T30,36-45,Male,17.4,Mandate,Verified
INV003263,2025-05-11,120842,sip,3337,Tamil Nadu,Chennai,T30,26-35,Female,12.5,UPI,Verified
INV003623,2025-05-11,148568,lumpsum,26173,Telangana,Hyderabad,T30,36-45,Male,43.0,Mandate,Verified
INV001392,2025-05-11,102885,sip,8779,Rajasthan,Udaipur,B30,26-35,Male,18.5,Net Banking,Verified
INV004038,2025-05-11,120843,sip,11349,Gujarat,Surat,T30,26-35,Female,24.6,Mandate,Verified
INV001516,2025-05-11,149323,sip,29410,Tamil Nadu,Coimbatore,B30,26-35,Male,22.0,Mandate,Verified
INV004040,2025-05-11,100016,sip,510,Gujarat,Ahmedabad,T30,36-45,Male,54.3,Cheque,Verified
INV003371,2025-05-11,120504,sip,20220,Maharashtra,Pune,T30,26-35,Female,14.8,Net Banking,Verified
INV000089,2025-05-11,102886,redemption,66464,Maharashtra,Mumbai,T30,26-35,Female,11.2,UPI,Verified
INV003713,2025-05-11,148568,sip,2496,West Bengal,Kolkata,T30,36-45,Female,29.9,Cheque,Verified
INV003832,2025-05-11,118633,lumpsum,204942,Karnataka,Mysore,B30,46-55,Male,34.4,UPI,Verified
INV004090,2025-05-11,119095,sip,1832,Tamil Nadu,Coimbatore,B30,36-45,Female,28.6,Net Banking,Verified
INV003282,2025-05-11,120503,lumpsum,72994,Madhya Pradesh,Bhopal,B30,18-25,Male,7.6,UPI,Verified
INV003680,2025-05-11,100025,redemption,146669,Karnataka,Mysore,B30,26-35,Male,21.3,UPI,Verified
INV000125,2025-05-11,102885,sip,5977,Tamil Nadu,Coimbatore,B30,36-45,Male,35.6,Cheque,Verified
INV003670,2025-05-11,120842,sip,2823,Punjab,Chandigarh,T30,36-45,Male,38.4,Net Banking,Verified
INV001570,2025-05-11,125498,lumpsum,266208,Maharashtra,Pune,T30,26-35,Male,16.0,Cheque,Verified
INV000719,2025-05-11,120507,sip,988,Tamil Nadu,Coimbatore,B30,18-25,Male,6.8,Mandate,Verified
INV001860,2025-05-11,101208,sip,42735,Karnataka,Mysore,B30,26-35,Female,9.0,Mandate,Verified
INV003658,2025-05-11,102887,sip,920,West Bengal,Kolkata,T30,26-35,Male,6.3,Cheque,Pending
INV004881,2025-05-11,100025,sip,10281,Delhi,New Delhi,T30,18-25,Male,3.8,Net Banking,Verified
INV004877,2025-05-11,149322,sip,1693,Karnataka,Mysore,B30,26-35,Male,18.0,UPI,Verified
INV002268,2025-05-11,149324,sip,2093,Delhi,New Delhi,T30,36-45,Female,18.7,Cheque,Verified
INV001557,2025-05-11,118633,lumpsum,375074,Haryana,Gurugram,T30,26-35,Female,10.5,UPI,Verified
INV000997,2025-05-11,125497,redemption,381016,Rajasthan,Udaipur,B30,26-35,Male,17.8,Mandate,Verified
INV003686,2025-05-11,119552,sip,2693,Gujarat,Surat,T30,18-25,Male,3.8,Net Banking,Verified
INV001879,2025-05-11,119095,sip,3490,Uttar Pradesh,Lucknow,T30,18-25,Female,6.3,Cheque,Verified
INV001253,2025-05-11,101208,redemption,493973,Uttar Pradesh,Kanpur,B30,46-55,Female,41.7,Mandate,Verified
INV004910,2025-05-11,100033,sip,5038,Karnataka,Mysore,B30,26-35,Female,22.7,UPI,Pending
INV004910,2025-05-11,148569,lumpsum,238878,Karnataka,Mysore,B30,26-35,Female,22.7,Net Banking,Verified
INV001028,2025-05-11,119120,sip,17413,Rajasthan,Jaipur,T30,46-55,Female,67.4,Cheque,Verified
INV002779,2025-05-11,101208,sip,15390,Uttar Pradesh,Lucknow,T30,26-35,Male,10.4,Net Banking,Verified
INV002890,2025-05-11,125498,sip,1742,Rajasthan,Jaipur,T30,36-45,Female,49.2,Net Banking,Verified
INV004914,2025-05-11,102887,lumpsum,410595,Karnataka,Mysore,B30,26-35,Female,13.4,Cheque,Pending
INV004865,2025-05-11,119095,sip,7729,Maharashtra,Nashik,B30,56+,Male,77.2,UPI,Verified
INV002431,2025-05-11,100016,sip,5260,Delhi,Noida,T30,26-35,Female,14.8,Mandate,Verified
INV003611,2025-05-11,101208,sip,20487,Uttar Pradesh,Kanpur,B30,18-25,Male,4.8,Mandate,Verified
INV001083,2025-05-11,101208,redemption,548991,Gujarat,Ahmedabad,T30,46-55,Male,16.4,Mandate,Verified
INV001758,2025-05-11,120504,lumpsum,257512,Gujarat,Surat,T30,18-25,Female,7.9,Net Banking,Verified
INV003611,2025-05-11,120842,sip,23082,Uttar Pradesh,Kanpur,B30,18-25,Male,4.8,Net Banking,Verified
INV000481,2025-05-11,148567,lumpsum,477380,Madhya Pradesh,Bhopal,B30,26-35,Female,13.4,Net Banking,Verified
INV002189,2025-05-11,120842,lumpsum,456540,Uttar Pradesh,Lucknow,T30,36-45,Male,37.4,Mandate,Verified
INV002638,2025-05-11,100033,lumpsum,248888,Delhi,New Delhi,T30,18-25,Male,4.2,Net Banking,Verified
INV001987,2025-05-11,119095,lumpsum,487115,Tamil Nadu,Coimbatore,B30,18-25,Male,7.2,Mandate,Verified
INV004494,2025-05-11,148568,sip,7274,Delhi,Noida,T30,26-35,Female,22.0,Net Banking,Verified
INV004175,2025-05-11,100016,sip,3595,Tamil Nadu,Coimbatore,B30,36-45,Female,51.8,UPI,Verified
INV003887,2025-05-11,148567,sip,12263,Rajasthan,Udaipur,B30,56+,Female,54.1,Cheque,Verified
INV003860,2025-05-11,118632,sip,45677,Punjab,Chandigarh,T30,26-35,Male,20.4,Net Banking,Verified
INV002553,2025-05-11,119095,lumpsum,88038,Gujarat,Ahmedabad,T30,36-45,Female,47.8,UPI,Pending
INV004204,2025-05-11,149323,lumpsum,516072,Tamil Nadu,Chennai,T30,36-45,Male,51.7,Net Banking,Verified
INV001168,2025-05-11,119092,lumpsum,330214,West Bengal,Kolkata,T30,46-55,Male,50.9,Net Banking,Verified
INV000257,2025-05-11,101208,sip,3548,Gujarat,Surat,T30,36-45,Male,27.9,Mandate,Verified
INV000421,2025-05-11,120842,redemption,408256,Tamil Nadu,Chennai,T30,36-45,Male,31.9,UPI,Verified
INV003750,2025-05-11,119599,sip,11420,Uttar Pradesh,Kanpur,B30,26-35,Female,23.6,Net Banking,Verified
INV002098,2025-05-11,118635,redemption,410587,Gujarat,Ahmedabad,T30,26-35,Male,15.6,UPI,Verified
INV000425,2025-05-11,125498,sip,3080,Rajasthan,Jaipur,T30,56+,Male,77.2,Net Banking,Verified
INV002164,2025-05-11,118632,lumpsum,172082,Punjab,Amritsar,B30,56+,Male,37.0,Mandate,Verified
INV000042,2025-05-11,118635,sip,21305,Punjab,Amritsar,B30,26-35,Female,15.3,Mandate,Verified
INV004758,2025-05-11,125497,sip,2048,Punjab,Amritsar,B30,18-25,Female,4.4,Cheque,Pending
INV001326,2025-05-11,101207,sip,6425,Rajasthan,Udaipur,B30,46-55,Male,54.9,Cheque,Verified
INV002166,2025-05-11,120841,sip,13276,Haryana,Gurugram,T30,36-45,Male,33.3,Net Banking,Verified
INV002019,2025-05-12,125498,sip,5866,Delhi,New Delhi,T30,36-45,Male,19.8,Cheque,Verified
INV004267,2025-05-12,102886,sip,9976,Gujarat,Surat,T30,46-55,Male,99.7,Mandate,Pending
INV004997,2025-05-12,118635,redemption,145696,Tamil Nadu,Coimbatore,B30,36-45,Female,54.3,Mandate,Verified
INV001887,2025-05-12,149324,sip,20822,Karnataka,Mysore,B30,26-35,Female,8.1,Net Banking,Verified
INV002883,2025-05-12,148568,sip,2255,West Bengal,Kolkata,T30,26-35,Female,12.5,Net Banking,Verified
INV004104,2025-05-12,101207,lumpsum,401376,Tamil Nadu,Coimbatore,B30,26-35,Male,10.5,Net Banking,Verified
INV003462,2025-05-12,101207,sip,808,Rajasthan,Jaipur,T30,26-35,Female,24.3,Net Banking,Verified
INV004295,2025-05-12,125498,redemption,481875,Karnataka,Bangalore,T30,36-45,Male,50.6,Net Banking,Verified
INV000015,2025-05-12,120504,redemption,217144,Gujarat,Surat,T30,36-45,Male,27.8,Net Banking,Verified
INV004348,2025-05-12,118636,sip,28422,Delhi,New Delhi,T30,26-35,Female,13.4,UPI,Verified
INV002518,2025-05-12,120507,sip,469,Karnataka,Bangalore,T30,36-45,Male,39.4,Net Banking,Verified
INV002181,2025-05-12,119092,lumpsum,209568,Gujarat,Surat,T30,26-35,Male,18.3,UPI,Verified
INV002022,2025-05-12,118635,lumpsum,366126,Tamil Nadu,Coimbatore,B30,26-35,Male,6.8,Cheque,Verified
INV002575,2025-05-12,148569,sip,55502,West Bengal,Kolkata,T30,18-25,Male,7.9,Cheque,Verified
INV001332,2025-05-12,119092,sip,1146,Uttar Pradesh,Agra,B30,26-35,Female,19.9,Net Banking,Verified
INV002070,2025-05-12,119552,sip,16359,Telangana,Hyderabad,T30,36-45,Male,40.3,Cheque,Verified
INV004140,2025-05-12,118636,lumpsum,320330,Punjab,Amritsar,B30,46-55,Female,41.6,Cheque,Verified
INV000979,2025-05-12,102886,sip,42267,Karnataka,Bangalore,T30,26-35,Male,24.7,Net Banking,Verified
INV001235,2025-05-12,119551,sip,1122,Haryana,Faridabad,B30,26-35,Male,19.3,Mandate,Verified
INV004005,2025-05-12,119599,sip,22825,West Bengal,Kolkata,T30,26-35,Male,11.0,Mandate,Verified
INV004584,2025-05-12,148567,sip,1111,Uttar Pradesh,Kanpur,B30,56+,Male,47.5,Cheque,Verified
INV001845,2025-05-12,148568,sip,5882,Uttar Pradesh,Agra,B30,26-35,Female,14.8,Cheque,Verified
INV002767,2025-05-12,120844,sip,1875,Madhya Pradesh,Indore,T30,26-35,Male,10.8,Net Banking,Verified
INV004804,2025-05-12,101207,sip,52408,Maharashtra,Mumbai,T30,36-45,Male,44.1,Cheque,Verified
INV000354,2025-05-12,149322,sip,554,Telangana,Hyderabad,T30,26-35,Male,21.2,Cheque,Verified
INV000793,2025-05-12,101206,sip,6416,West Bengal,Kolkata,T30,26-35,Female,8.4,Mandate,Verified
INV003007,2025-05-12,125498,sip,470,Haryana,Faridabad,B30,26-35,Male,21.8,Net Banking,Verified
INV003187,2025-05-12,149323,sip,8154,Haryana,Faridabad,B30,26-35,Female,21.5,Mandate,Verified
INV001553,2025-05-12,119552,lumpsum,403275,Delhi,Noida,T30,26-35,Male,23.5,Cheque,Verified
INV004091,2025-05-12,119598,lumpsum,410778,Tamil Nadu,Chennai,T30,26-35,Male,7.2,UPI,Verified
INV000118,2025-05-12,120504,lumpsum,32176,Telangana,Hyderabad,T30,26-35,Male,20.2,UPI,Verified
INV003673,2025-05-12,100033,sip,534,Maharashtra,Mumbai,T30,26-35,Male,23.5,Cheque,Verified
INV001030,2025-05-12,120841,lumpsum,169457,Maharashtra,Mumbai,T30,26-35,Female,22.8,Net Banking,Verified
INV002388,2025-05-12,148567,sip,5076,Haryana,Faridabad,B30,18-25,Male,4.8,Cheque,Verified
INV003502,2025-05-12,120843,sip,7667,Punjab,Amritsar,B30,56+,Female,20.5,Net Banking,Verified
INV001811,2025-05-12,119093,sip,48509,Punjab,Amritsar,B30,18-25,Male,7.8,Mandate,Verified
INV002338,2025-05-12,149323,sip,25255,Delhi,New Delhi,T30,26-35,Male,23.6,UPI,Verified
INV003981,2025-05-12,101208,sip,1013,Haryana,Faridabad,B30,46-55,Male,46.7,UPI,Verified
INV001316,2025-05-12,149322,sip,1013,Punjab,Chandigarh,T30,18-25,Male,7.3,UPI,Verified
INV000919,2025-05-12,118635,sip,6098,Telangana,Hyderabad,T30,46-55,Male,49.7,Cheque,Pending
INV003341,2025-05-12,100025,sip,4785,Rajasthan,Jaipur,T30,26-35,Male,23.0,Net Banking,Verified
INV004568,2025-05-12,118635,sip,1697,Karnataka,Mysore,B30,18-25,Male,7.3,Cheque,Verified
INV004486,2025-05-12,118633,sip,10018,Uttar Pradesh,Agra,B30,26-35,Male,14.4,UPI,Verified
INV004756,2025-05-12,100016,lumpsum,524729,Gujarat,Surat,T30,46-55,Male,41.1,Mandate,Verified
INV002205,2025-05-12,118634,lumpsum,265481,Gujarat,Surat,T30,26-35,Female,10.9,UPI,Verified
INV002459,2025-05-12,120504,lumpsum,255826,Rajasthan,Udaipur,B30,18-25,Female,5.2,Cheque,Verified
INV003556,2025-05-12,119120,sip,2106,Karnataka,Mysore,B30,18-25,Male,3.7,Net Banking,Verified
INV000264,2025-05-12,100025,redemption,39826,Telangana,Hyderabad,T30,36-45,Female,30.6,Net Banking,Verified
INV004367,2025-05-12,119598,sip,57932,Karnataka,Mysore,B30,26-35,Female,8.3,UPI,Verified
INV001367,2025-05-12,119093,sip,3472,Maharashtra,Nashik,B30,36-45,Male,32.2,Cheque,Verified
INV002214,2025-05-12,120505,redemption,198072,Delhi,Gurugram,T30,36-45,Female,50.5,Mandate,Verified
INV002067,2025-05-12,102885,redemption,79255,Gujarat,Ahmedabad,T30,36-45,Female,46.2,Mandate,Verified
INV003602,2025-05-12,125497,sip,461,Maharashtra,Nashik,B30,46-55,Male,75.4,Cheque,Pending
INV001238,2025-05-12,119551,sip,5312,Haryana,Gurugram,T30,26-35,Male,17.9,UPI,Verified
INV004923,2025-05-12,125498,lumpsum,31240,Karnataka,Mysore,B30,26-35,Male,19.3,Mandate,Verified
INV002986,2025-05-12,149323,sip,3550,Punjab,Amritsar,B30,26-35,Male,11.9,Mandate,Verified
INV000954,2025-05-12,101208,sip,27367,Haryana,Faridabad,B30,26-35,Female,8.3,UPI,Verified
INV003273,2025-05-12,119551,sip,53115,Haryana,Faridabad,B30,36-45,Male,18.3,Net Banking,Verified
INV003600,2025-05-12,102885,sip,2002,West Bengal,Kolkata,T30,56+,Female,19.3,UPI,Verified
INV000465,2025-05-12,119599,lumpsum,470954,Maharashtra,Nashik,B30,26-35,Male,20.8,Net Banking,Verified
INV000931,2025-05-12,120506,sip,29917,Tamil Nadu,Coimbatore,B30,26-35,Male,11.3,Net Banking,Verified
INV000469,2025-05-12,149324,lumpsum,204624,Tamil Nadu,Coimbatore,B30,18-25,Male,4.7,Mandate,Pending
INV001597,2025-05-12,119599,sip,2026,West Bengal,Kolkata,T30,36-45,Male,46.1,Mandate,Verified
INV003198,2025-05-13,149323,lumpsum,60612,Uttar Pradesh,Lucknow,T30,46-55,Female,37.0,UPI,Verified
INV004633,2025-05-13,120506,sip,3330,Telangana,Hyderabad,T30,18-25,Female,4.9,UPI,Verified
INV003324,2025-05-13,101207,sip,6043,Karnataka,Mysore,B30,26-35,Male,20.7,Cheque,Verified
INV000533,2025-05-13,118633,lumpsum,246736,Rajasthan,Jaipur,T30,56+,Male,25.1,UPI,Verified
INV001058,2025-05-13,149323,lumpsum,227077,Uttar Pradesh,Kanpur,B30,36-45,Male,28.2,Mandate,Verified
INV003731,2025-05-13,101207,redemption,390843,Tamil Nadu,Coimbatore,B30,26-35,Female,9.9,Cheque,Verified
INV000229,2025-05-13,119598,lumpsum,225243,Punjab,Amritsar,B30,26-35,Male,11.0,Net Banking,Verified
INV004123,2025-05-13,119598,sip,2707,Haryana,Gurugram,T30,36-45,Male,53.8,Net Banking,Verified
INV002769,2025-05-13,118636,sip,4936,Maharashtra,Pune,T30,18-25,Female,4.5,UPI,Verified
INV001036,2025-05-13,100033,sip,8401,Punjab,Chandigarh,T30,46-55,Female,40.5,Net Banking,Verified
INV002117,2025-05-13,118633,redemption,306550,Delhi,Gurugram,T30,26-35,Male,21.7,Cheque,Verified
INV004393,2025-05-13,101207,sip,8950,Telangana,Hyderabad,T30,26-35,Female,21.5,Cheque,Verified
INV001525,2025-05-13,149324,redemption,196518,Maharashtra,Mumbai,T30,36-45,Male,55.8,Net Banking,Pending
INV003892,2025-05-13,100033,sip,423,Punjab,Amritsar,B30,46-55,Male,24.4,Cheque,Verified
INV002264,2025-05-13,119552,lumpsum,83495,Tamil Nadu,Coimbatore,B30,46-55,Female,21.2,Mandate,Verified
INV004319,2025-05-13,148568,sip,5781,Gujarat,Surat,T30,18-25,Male,3.9,UPI,Verified
INV004319,2025-05-13,119094,sip,13437,Gujarat,Surat,T30,18-25,Male,3.9,Mandate,Verified
INV000650,2025-05-13,100025,sip,1935,Karnataka,Mysore,B30,26-35,Male,22.8,Cheque,Verified
INV001041,2025-05-13,119093,sip,3347,Madhya Pradesh,Bhopal,B30,18-25,Male,5.1,UPI,Verified
INV002490,2025-05-13,118636,sip,55849,Gujarat,Surat,T30,36-45,Female,28.1,UPI,Verified
INV002427,2025-05-13,148568,lumpsum,89817,Karnataka,Mysore,B30,18-25,Female,6.5,Cheque,Verified
INV004837,2025-05-13,120505,sip,488,Punjab,Amritsar,B30,18-25,Male,5.7,Net Banking,Verified
INV001829,2025-05-13,100025,redemption,289705,Punjab,Chandigarh,T30,26-35,Male,22.7,UPI,Verified
INV004150,2025-05-13,125498,redemption,441934,West Bengal,Kolkata,T30,18-25,Male,6.2,Net Banking,Verified
INV003888,2025-05-13,149324,sip,10871,Telangana,Hyderabad,T30,56+,Female,8.6,UPI,Verified
INV001694,2025-05-13,119120,sip,49336,Punjab,Amritsar,B30,46-55,Female,36.8,UPI,Verified
INV001761,2025-05-13,101206,sip,2073,Madhya Pradesh,Indore,T30,26-35,Male,13.0,UPI,Verified
INV000336,2025-05-13,119092,sip,481,Delhi,Noida,T30,26-35,Male,17.7,UPI,Verified
INV000360,2025-05-13,119599,sip,41793,Maharashtra,Mumbai,T30,36-45,Female,55.3,Cheque,Verified
INV003479,2025-05-13,125497,sip,5870,West Bengal,Kolkata,T30,36-45,Female,44.7,Mandate,Verified
INV004730,2025-05-13,101208,redemption,363155,Maharashtra,Mumbai,T30,36-45,Male,32.6,Cheque,Verified
INV001138,2025-05-13,149322,sip,919,Haryana,Faridabad,B30,46-55,Female,81.3,Cheque,Verified
INV003872,2025-05-13,100033,sip,11216,Uttar Pradesh,Kanpur,B30,26-35,Male,20.1,Mandate,Verified
INV003226,2025-05-13,101206,sip,970,Haryana,Gurugram,T30,26-35,Male,21.5,Cheque,Verified
INV003564,2025-05-13,120841,redemption,122850,Telangana,Hyderabad,T30,18-25,Male,6.8,Cheque,Verified
INV004111,2025-05-13,125498,lumpsum,435327,Tamil Nadu,Chennai,T30,36-45,Male,27.4,UPI,Verified
INV001588,2025-05-13,120506,redemption,62276,Karnataka,Bangalore,T30,56+,Male,75.2,UPI,Verified
INV003800,2025-05-13,118634,sip,2173,Madhya Pradesh,Bhopal,B30,26-35,Male,18.8,Mandate,Verified
INV001809,2025-05-13,100033,sip,5165,Telangana,Hyderabad,T30,46-55,Male,80.5,Net Banking,Verified
INV002222,2025-05-13,119552,lumpsum,354318,Punjab,Amritsar,B30,26-35,Male,8.7,Cheque,Verified
INV002151,2025-05-13,148567,sip,46287,Rajasthan,Jaipur,T30,26-35,Female,18.1,Cheque,Verified
INV000102,2025-05-13,149324,sip,1612,Gujarat,Surat,T30,26-35,Male,21.9,UPI,Verified
INV002115,2025-05-13,119551,sip,2252,Punjab,Chandigarh,T30,56+,Female,71.4,UPI,Pending
INV000072,2025-05-13,119120,sip,2725,Gujarat,Ahmedabad,T30,18-25,Female,6.4,Mandate,Verified
INV003223,2025-05-13,119095,sip,25312,Tamil Nadu,Coimbatore,B30,26-35,Male,15.4,Net Banking,Verified
INV002737,2025-05-13,120505,sip,15925,Gujarat,Ahmedabad,T30,18-25,Female,5.4,Cheque,Verified
INV003919,2025-05-13,119095,sip,2001,Uttar Pradesh,Lucknow,T30,18-25,Male,3.4,Cheque,Verified
INV000272,2025-05-13,119092,sip,4047,Karnataka,Mysore,B30,46-55,Male,24.8,Net Banking,Verified
INV003709,2025-05-13,119551,lumpsum,221288,Uttar Pradesh,Agra,B30,46-55,Female,21.0,Mandate,Verified
INV003958,2025-05-13,101207,lumpsum,16053,Haryana,Faridabad,B30,18-25,Male,6.6,Cheque,Verified
INV001092,2025-05-13,119094,sip,15212,Haryana,Gurugram,T30,26-35,Male,14.9,Mandate,Pending
INV002083,2025-05-13,119095,sip,2304,Gujarat,Surat,T30,26-35,Male,21.2,Mandate,Verified
INV004904,2025-05-13,149324,lumpsum,468818,Tamil Nadu,Chennai,T30,26-35,Female,8.6,UPI,Verified
INV000998,2025-05-13,100025,sip,6313,Haryana,Gurugram,T30,26-35,Female,13.2,Mandate,Verified
INV003027,2025-05-13,100016,lumpsum,179330,Telangana,Hyderabad,T30,26-35,Male,20.8,Net Banking,Verified
INV004033,2025-05-13,118635,lumpsum,163833,West Bengal,Kolkata,T30,36-45,Male,56.1,Net Banking,Verified
INV001027,2025-05-13,148568,lumpsum,320311,West Bengal,Kolkata,T30,46-55,Female,62.7,Cheque,Verified
INV002176,2025-05-13,101208,sip,56875,Haryana,Faridabad,B30,56+,Male,32.0,Net Banking,Pending
INV004196,2025-05-13,100016,sip,44199,West Bengal,Kolkata,T30,46-55,Male,44.4,UPI,Verified
INV000949,2025-05-13,119599,sip,5713,Tamil Nadu,Coimbatore,B30,26-35,Male,11.2,Cheque,Verified
INV003816,2025-05-13,148568,sip,2032,West Bengal,Kolkata,T30,26-35,Female,17.0,Mandate,Verified
INV002154,2025-05-13,118633,lumpsum,144668,Uttar Pradesh,Lucknow,T30,36-45,Male,40.5,Mandate,Verified
INV004052,2025-05-14,118635,sip,2826,Uttar Pradesh,Agra,B30,26-35,Female,15.5,Cheque,Verified
INV004582,2025-05-14,125497,sip,1823,Tamil Nadu,Chennai,T30,56+,Male,67.1,UPI,Verified
INV000581,2025-05-14,119551,sip,2046,Tamil Nadu,Coimbatore,B30,36-45,Male,26.4,UPI,Verified
INV000549,2025-05-14,102887,sip,11796,Tamil Nadu,Coimbatore,B30,46-55,Female,59.6,Net Banking,Verified
INV000331,2025-05-14,118635,lumpsum,392163,Madhya Pradesh,Indore,T30,36-45,Male,15.5,Mandate,Verified
INV004274,2025-05-14,118635,redemption,569567,Rajasthan,Udaipur,B30,26-35,Male,20.4,Net Banking,Verified
INV000008,2025-05-14,148567,sip,5253,Punjab,Amritsar,B30,26-35,Female,18.6,UPI,Verified
INV001686,2025-05-14,119599,sip,55540,Rajasthan,Jaipur,T30,26-35,Male,7.5,Net Banking,Verified
INV003613,2025-05-14,102886,sip,23483,Punjab,Amritsar,B30,26-35,Male,13.5,Cheque,Verified
INV000166,2025-05-14,102886,lumpsum,27680,Telangana,Hyderabad,T30,26-35,Male,24.4,UPI,Verified
INV003611,2025-05-14,101208,sip,1885,Uttar Pradesh,Kanpur,B30,18-25,Male,4.8,Net Banking,Verified
INV000160,2025-05-14,119599,redemption,358986,Tamil Nadu,Chennai,T30,36-45,Female,26.8,Cheque,Verified
INV000862,2025-05-14,149323,sip,5920,Uttar Pradesh,Agra,B30,26-35,Female,24.4,Mandate,Verified
INV004711,2025-05-14,119552,lumpsum,434411,Rajasthan,Udaipur,B30,56+,Male,70.9,Net Banking,Verified
INV001198,2025-05-14,119599,sip,26891,Maharashtra,Mumbai,T30,26-35,Female,20.4,Net Banking,Verified
INV004063,2025-05-14,101208,sip,26796,Haryana,Gurugram,T30,36-45,Male,19.3,UPI,Verified
INV000767,2025-05-14,120844,sip,487,Karnataka,Bangalore,T30,18-25,Female,5.2,UPI,Verified
INV003121,2025-05-14,149322,redemption,153941,Telangana,Hyderabad,T30,36-45,Male,13.7,Net Banking,Verified
INV003352,2025-05-14,120844,lumpsum,121189,Maharashtra,Mumbai,T30,36-45,Male,59.3,Mandate,Verified
INV004583,2025-05-14,101208,redemption,307233,Maharashtra,Nashik,B30,26-35,Male,13.9,Mandate,Pending
INV000778,2025-05-14,100025,sip,16312,Haryana,Faridabad,B30,26-35,Male,16.9,Net Banking,Verified
INV000166,2025-05-14,102886,redemption,187182,Telangana,Hyderabad,T30,26-35,Male,24.4,UPI,Verified
INV003248,2025-05-14,120842,sip,2060,Karnataka,Mysore,B30,26-35,Male,6.5,UPI,Verified
INV000095,2025-05-14,120842,lumpsum,434854,West Bengal,Kolkata,T30,18-25,Male,6.5,UPI,Verified
INV001134,2025-05-14,102887,sip,1978,Uttar Pradesh,Agra,B30,36-45,Female,46.6,Mandate,Verified
INV001732,2025-05-14,120506,sip,425,Gujarat,Surat,T30,18-25,Female,5.7,UPI,Verified
INV003010,2025-05-14,100033,sip,6718,Delhi,Gurugram,T30,36-45,Male,13.7,Cheque,Verified
INV003077,2025-05-14,118633,redemption,406582,Tamil Nadu,Coimbatore,B30,18-25,Female,4.6,Mandate,Verified
INV002187,2025-05-14,100033,sip,4497,Tamil Nadu,Chennai,T30,36-45,Male,15.0,Net Banking,Verified
INV002240,2025-05-14,125498,sip,800,Haryana,Faridabad,B30,26-35,Male,24.7,Mandate,Verified
INV004943,2025-05-14,148568,sip,50888,Telangana,Hyderabad,T30,26-35,Male,8.8,UPI,Verified
INV000969,2025-05-14,118635,sip,427,Uttar Pradesh,Lucknow,T30,18-25,Male,6.2,Net Banking,Verified
INV004615,2025-05-14,101208,sip,1025,Delhi,Gurugram,T30,26-35,Male,7.4,Net Banking,Verified
INV002342,2025-05-14,118634,redemption,427704,Maharashtra,Mumbai,T30,26-35,Male,15.8,Net Banking,Verified
INV000245,2025-05-14,119092,sip,2816,Punjab,Amritsar,B30,26-35,Male,6.2,Mandate,Verified
INV004547,2025-05-14,100025,sip,2649,Madhya Pradesh,Bhopal,B30,36-45,Female,42.8,Cheque,Verified
INV004548,2025-05-14,119093,sip,2312,Delhi,Noida,T30,36-45,Female,58.1,UPI,Verified
INV002507,2025-05-14,119095,redemption,80021,Tamil Nadu,Chennai,T30,26-35,Female,12.7,Mandate,Verified
INV004651,2025-05-14,119551,lumpsum,416347,Rajasthan,Udaipur,B30,46-55,Male,39.1,UPI,Verified
INV001079,2025-05-14,148568,sip,59018,West Bengal,Kolkata,T30,26-35,Male,10.1,Net Banking,Pending
INV003686,2025-05-14,119599,sip,15146,Gujarat,Surat,T30,18-25,Male,3.8,Net Banking,Verified
INV003974,2025-05-14,120503,lumpsum,36248,Maharashtra,Nashik,B30,46-55,Male,73.6,Cheque,Verified
INV000861,2025-05-14,119092,sip,27713,Uttar Pradesh,Lucknow,T30,18-25,Male,4.2,Mandate,Verified
INV002411,2025-05-14,101208,sip,957,Rajasthan,Jaipur,T30,46-55,Male,38.4,UPI,Verified
INV002993,2025-05-14,149323,lumpsum,397117,Maharashtra,Pune,T30,46-55,Male,36.0,Net Banking,Verified
INV000826,2025-05-14,119092,lumpsum,162982,Madhya Pradesh,Bhopal,B30,36-45,Female,44.3,Cheque,Verified
INV002055,2025-05-14,100033,lumpsum,211975,Punjab,Amritsar,B30,26-35,Male,18.7,Cheque,Verified
INV001322,2025-05-14,149324,lumpsum,217258,Uttar Pradesh,Lucknow,T30,26-35,Female,10.5,UPI,Verified
INV002189,2025-05-14,119552,sip,2194,Uttar Pradesh,Lucknow,T30,36-45,Male,37.4,UPI,Verified
INV004412,2025-05-14,118635,sip,3190,Punjab,Amritsar,B30,26-35,Female,21.6,Net Banking,Pending
INV001467,2025-05-14,125497,redemption,179566,Punjab,Chandigarh,T30,36-45,Male,32.5,UPI,Verified
INV000084,2025-05-14,100025,lumpsum,354004,West Bengal,Kolkata,T30,26-35,Male,11.2,Net Banking,Verified
INV002219,2025-05-14,119598,sip,15340,Karnataka,Mysore,B30,26-35,Male,6.9,Mandate,Verified
INV000183,2025-05-14,149322,sip,2953,Tamil Nadu,Coimbatore,B30,26-35,Male,9.8,Cheque,Verified
INV004221,2025-05-14,118633,lumpsum,235168,Uttar Pradesh,Agra,B30,36-45,Female,59.4,Net Banking,Verified
INV004330,2025-05-14,118636,lumpsum,266262,Haryana,Faridabad,B30,46-55,Female,92.7,Cheque,Verified
INV003301,2025-05-14,120507,sip,24537,Rajasthan,Udaipur,B30,26-35,Male,14.2,Cheque,Pending
INV002835,2025-05-14,120843,sip,3211,Haryana,Faridabad,B30,26-35,Male,11.2,Net Banking,Verified
INV000129,2025-05-14,102885,sip,29352,Punjab,Amritsar,B30,26-35,Female,21.4,Net Banking,Verified
INV004323,2025-05-14,120504,sip,965,Madhya Pradesh,Indore,T30,26-35,Male,10.5,Cheque,Pending
INV001450,2025-05-14,120842,redemption,184604,Rajasthan,Udaipur,B30,26-35,Female,16.8,Cheque,Verified
INV002714,2025-05-14,101208,lumpsum,70801,West Bengal,Kolkata,T30,46-55,Male,65.7,Net Banking,Verified
INV000971,2025-05-14,120844,sip,2454,Maharashtra,Mumbai,T30,36-45,Male,42.2,Net Banking,Verified
INV000542,2025-05-14,120841,sip,435,Haryana,Faridabad,B30,36-45,Male,20.3,Mandate,Verified
INV000818,2025-05-14,148567,sip,48428,Telangana,Hyderabad,T30,56+,Female,62.5,UPI,Verified
INV001176,2025-05-14,120506,sip,56023,Delhi,Noida,T30,18-25,Male,6.5,Net Banking,Verified
INV001130,2025-05-14,102887,sip,5961,Rajasthan,Jaipur,T30,18-25,Female,3.2,Mandate,Verified
INV000029,2025-05-15,102887,sip,44108,Rajasthan,Udaipur,B30,26-35,Female,7.6,UPI,Verified
INV004616,2025-05-15,125498,sip,11063,West Bengal,Kolkata,T30,26-35,Female,18.1,Cheque,Verified
INV003275,2025-05-15,119599,sip,17221,Uttar Pradesh,Agra,B30,26-35,Female,8.1,Cheque,Verified
INV003238,2025-05-15,120507,lumpsum,337628,Telangana,Hyderabad,T30,26-35,Male,24.1,Mandate,Pending
INV003269,2025-05-15,149323,sip,483,Telangana,Hyderabad,T30,56+,Male,17.5,Mandate,Verified
INV003236,2025-05-15,119120,redemption,254630,Madhya Pradesh,Bhopal,B30,18-25,Male,3.4,Net Banking,Verified
INV000162,2025-05-15,119552,sip,16700,Haryana,Gurugram,T30,26-35,Female,25.0,UPI,Verified
INV000027,2025-05-15,118636,lumpsum,330712,Punjab,Chandigarh,T30,26-35,Male,20.7,Mandate,Verified
INV004482,2025-05-15,149323,lumpsum,425241,Uttar Pradesh,Kanpur,B30,18-25,Female,6.8,UPI,Verified
INV004401,2025-05-15,148567,sip,50462,Rajasthan,Udaipur,B30,26-35,Male,22.6,Mandate,Verified
INV004398,2025-05-15,119093,redemption,330289,Punjab,Chandigarh,T30,46-55,Male,95.2,Mandate,Verified
INV003003,2025-05-15,101208,sip,548,West Bengal,Kolkata,T30,18-25,Female,3.1,Net Banking,Verified
INV000167,2025-05-15,101208,redemption,122343,Gujarat,Ahmedabad,T30,56+,Male,55.3,Cheque,Verified
INV000407,2025-05-15,148568,lumpsum,228165,Tamil Nadu,Coimbatore,B30,36-45,Male,32.8,Mandate,Verified
INV001299,2025-05-15,149323,redemption,289670,Haryana,Faridabad,B30,26-35,Male,19.9,Net Banking,Verified
INV003627,2025-05-15,149323,sip,8953,Telangana,Hyderabad,T30,36-45,Male,39.9,Net Banking,Verified
INV002563,2025-05-15,149324,lumpsum,189822,Madhya Pradesh,Indore,T30,18-25,Female,6.8,Mandate,Verified
INV004290,2025-05-15,120503,lumpsum,134777,Gujarat,Ahmedabad,T30,46-55,Male,41.9,Cheque,Verified
INV002001,2025-05-15,120505,sip,2809,Uttar Pradesh,Kanpur,B30,36-45,Female,38.4,Mandate,Pending
INV000339,2025-05-15,102887,lumpsum,286935,Uttar Pradesh,Kanpur,B30,26-35,Male,22.3,UPI,Verified
INV001837,2025-05-15,119092,lumpsum,86585,Uttar Pradesh,Agra,B30,18-25,Male,5.5,Cheque,Verified
INV003647,2025-05-15,119551,lumpsum,443971,Haryana,Faridabad,B30,56+,Male,57.2,Cheque,Verified
INV000721,2025-05-15,119552,sip,3143,Maharashtra,Nashik,B30,36-45,Male,59.1,Mandate,Verified
INV000138,2025-05-15,119551,redemption,310981,Telangana,Hyderabad,T30,26-35,Male,24.7,Cheque,Verified
INV001491,2025-05-15,101206,sip,4819,Tamil Nadu,Chennai,T30,56+,Male,78.5,UPI,Verified
INV000734,2025-05-15,120507,sip,8134,Maharashtra,Pune,T30,26-35,Female,15.2,Mandate,Verified
INV000590,2025-05-15,148567,sip,2547,Gujarat,Ahmedabad,T30,36-45,Male,23.3,Net Banking,Verified
INV003188,2025-05-15,101208,lumpsum,147122,Tamil Nadu,Coimbatore,B30,26-35,Male,11.0,Cheque,Verified
INV000710,2025-05-15,119551,sip,475,Delhi,Noida,T30,26-35,Male,6.1,Cheque,Verified
INV003996,2025-05-15,148567,sip,44981,Karnataka,Bangalore,T30,36-45,Female,39.8,Net Banking,Verified
INV004868,2025-05-15,120842,redemption,526771,Karnataka,Bangalore,T30,36-45,Male,49.4,UPI,Verified
INV001852,2025-05-15,119598,redemption,486598,Telangana,Hyderabad,T30,26-35,Male,21.7,Cheque,Verified
INV001332,2025-05-15,120504,redemption,214739,Uttar Pradesh,Agra,B30,26-35,Female,19.9,UPI,Verified
INV001429,2025-05-15,119093,lumpsum,183816,Uttar Pradesh,Kanpur,B30,36-45,Male,33.5,UPI,Verified
INV001987,2025-05-15,100025,sip,2325,Tamil Nadu,Coimbatore,B30,18-25,Male,7.2,Mandate,Verified
INV003021,2025-05-15,100025,sip,2536,Telangana,Hyderabad,T30,56+,Female,65.0,Net Banking,Verified
INV004362,2025-05-15,119551,lumpsum,271839,West Bengal,Kolkata,T30,26-35,Female,12.1,Cheque,Verified
INV001406,2025-05-15,149323,sip,403,Telangana,Hyderabad,T30,46-55,Male,86.0,Mandate,Verified
INV004557,2025-05-15,119095,sip,54966,Maharashtra,Nashik,B30,26-35,Male,8.0,UPI,Verified
INV004358,2025-05-15,118636,lumpsum,85391,Tamil Nadu,Coimbatore,B30,26-35,Male,6.5,UPI,Verified
INV003851,2025-05-15,100033,sip,9877,Karnataka,Bangalore,T30,46-55,Male,60.6,Mandate,Verified
INV003016,2025-05-15,118636,redemption,362485,Madhya Pradesh,Bhopal,B30,26-35,Male,12.7,UPI,Verified
INV000745,2025-05-15,100033,sip,505,Punjab,Chandigarh,T30,26-35,Female,13.2,Mandate,Verified
INV001350,2025-05-15,119599,sip,6216,Madhya Pradesh,Bhopal,B30,46-55,Female,31.7,UPI,Verified
INV000104,2025-05-15,148568,redemption,48559,Madhya Pradesh,Indore,T30,26-35,Male,8.1,Net Banking,Verified
INV003306,2025-05-15,119552,sip,2126,Gujarat,Ahmedabad,T30,36-45,Male,14.6,Cheque,Verified
INV002502,2025-05-15,100033,sip,905,Tamil Nadu,Coimbatore,B30,26-35,Male,23.6,Net Banking,Pending
INV003884,2025-05-15,101206,lumpsum,85110,Rajasthan,Udaipur,B30,18-25,Male,6.6,Cheque,Verified
INV001981,2025-05-15,149322,redemption,254305,Gujarat,Ahmedabad,T30,26-35,Male,19.4,Mandate,Verified
INV000617,2025-05-15,101206,lumpsum,96655,Delhi,Gurugram,T30,26-35,Female,11.8,Cheque,Verified
INV003222,2025-05-15,101207,sip,417,Punjab,Amritsar,B30,56+,Female,11.7,Mandate,Verified
INV003853,2025-05-15,101207,sip,23053,Tamil Nadu,Coimbatore,B30,26-35,Male,16.1,Cheque,Verified
INV002793,2025-05-15,100016,sip,2047,Madhya Pradesh,Bhopal,B30,36-45,Male,54.3,Net Banking,Verified
INV001673,2025-05-15,149322,sip,15553,West Bengal,Kolkata,T30,26-35,Male,23.0,Net Banking,Verified
INV001609,2025-05-15,148568,lumpsum,84808,Punjab,Chandigarh,T30,26-35,Female,14.0,UPI,Verified
INV003488,2025-05-15,102887,sip,24651,Gujarat,Surat,T30,46-55,Male,37.3,Cheque,Verified
INV000940,2025-05-15,149324,lumpsum,77775,Telangana,Hyderabad,T30,36-45,Female,35.7,Mandate,Verified
INV002345,2025-05-15,100025,sip,9059,Uttar Pradesh,Agra,B30,36-45,Male,38.3,Cheque,Verified
INV004758,2025-05-15,118635,sip,3280,Punjab,Amritsar,B30,18-25,Female,4.4,Net Banking,Verified
INV004776,2025-05-15,119552,sip,3299,Punjab,Chandigarh,T30,36-45,Male,22.9,Net Banking,Verified
INV000874,2025-05-15,120503,sip,2332,Tamil Nadu,Chennai,T30,56+,Male,19.1,UPI,Verified
INV004143,2025-05-15,101207,sip,2387,Gujarat,Ahmedabad,T30,18-25,Male,7.4,Mandate,Verified
INV000513,2025-05-15,101206,sip,501,Telangana,Hyderabad,T30,26-35,Male,12.8,Cheque,Verified
INV003532,2025-05-15,120843,sip,2052,Punjab,Amritsar,B30,36-45,Female,18.8,Net Banking,Pending
INV004836,2025-05-15,149324,lumpsum,328388,West Bengal,Kolkata,T30,26-35,Male,8.3,Net Banking,Verified
INV004094,2025-05-15,120844,sip,3235,Haryana,Faridabad,B30,26-35,Female,10.0,Mandate,Verified
INV003571,2025-05-15,100016,redemption,58180,Haryana,Faridabad,B30,36-45,Male,53.1,UPI,Verified
INV002909,2025-05-15,120503,sip,14951,Rajasthan,Udaipur,B30,36-45,Male,44.1,Net Banking,Verified
INV001598,2025-05-15,149323,sip,562,Tamil Nadu,Coimbatore,B30,36-45,Male,48.2,Mandate,Verified
INV002770,2025-05-15,102887,sip,497,West Bengal,Kolkata,T30,36-45,Female,21.5,Mandate,Verified
INV001690,2025-05-15,120506,sip,1850,Rajasthan,Jaipur,T30,36-45,Male,27.6,Mandate,Verified
INV001250,2025-05-15,119092,redemption,468022,Rajasthan,Udaipur,B30,26-35,Male,25.0,Net Banking,Verified
INV000524,2025-05-15,120842,sip,2339,West Bengal,Kolkata,T30,56+,Male,37.4,Mandate,Verified
INV003601,2025-05-15,120841,sip,2940,Haryana,Faridabad,B30,26-35,Female,17.0,Net Banking,Verified
INV004246,2025-05-15,119552,lumpsum,268162,West Bengal,Kolkata,T30,36-45,Female,12.2,Mandate,Verified
INV000761,2025-05-15,120841,lumpsum,159288,Rajasthan,Udaipur,B30,18-25,Female,7.5,Mandate,Verified
INV004716,2025-05-15,101208,sip,426,Telangana,Hyderabad,T30,18-25,Male,5.4,Mandate,Verified
INV002685,2025-05-16,119093,sip,17382,Madhya Pradesh,Bhopal,B30,18-25,Male,3.7,Mandate,Verified
INV004863,2025-05-16,101208,redemption,31359,Maharashtra,Mumbai,T30,26-35,Male,21.1,Mandate,Verified
INV004378,2025-05-16,148568,redemption,446600,Tamil Nadu,Chennai,T30,26-35,Female,23.2,Mandate,Verified
INV004015,2025-05-16,102886,lumpsum,484872,Maharashtra,Mumbai,T30,18-25,Female,7.6,UPI,Verified
INV000271,2025-05-16,125498,sip,10115,Tamil Nadu,Coimbatore,B30,26-35,Female,6.4,Cheque,Verified
INV000132,2025-05-16,119095,redemption,429388,Karnataka,Bangalore,T30,46-55,Female,37.1,Cheque,Verified
INV002162,2025-05-16,100016,sip,22852,Madhya Pradesh,Indore,T30,46-55,Male,40.2,Mandate,Verified
INV000782,2025-05-16,148569,sip,4708,Telangana,Hyderabad,T30,18-25,Male,4.4,UPI,Verified
INV000599,2025-05-16,120843,sip,1676,Gujarat,Ahmedabad,T30,36-45,Male,24.0,Net Banking,Verified
INV001336,2025-05-16,101206,sip,2465,Tamil Nadu,Coimbatore,B30,18-25,Male,5.0,UPI,Verified
INV000211,2025-05-16,100016,sip,1766,Punjab,Chandigarh,T30,26-35,Male,17.0,Net Banking,Verified
INV001818,2025-05-16,101207,redemption,333068,Telangana,Hyderabad,T30,46-55,Male,66.2,Cheque,Pending
INV003134,2025-05-16,119094,sip,21654,Telangana,Hyderabad,T30,36-45,Female,41.3,Mandate,Verified
INV002732,2025-05-16,149322,sip,2302,Uttar Pradesh,Lucknow,T30,18-25,Male,4.5,Net Banking,Verified
INV002473,2025-05-16,119551,redemption,259163,Uttar Pradesh,Lucknow,T30,36-45,Male,41.8,Mandate,Verified
INV003356,2025-05-16,120504,sip,412,Uttar Pradesh,Agra,B30,26-35,Female,11.0,Cheque,Verified
INV002797,2025-05-16,148569,redemption,294946,Madhya Pradesh,Indore,T30,36-45,Male,54.3,UPI,Verified
INV002395,2025-05-16,120507,sip,2219,West Bengal,Kolkata,T30,26-35,Male,13.0,Cheque,Pending
INV003847,2025-05-16,100016,sip,21316,Telangana,Hyderabad,T30,26-35,Male,19.7,Cheque,Verified
INV001155,2025-05-16,118632,redemption,277552,Telangana,Hyderabad,T30,26-35,Female,16.7,Net Banking,Verified
INV003931,2025-05-16,149323,sip,1172,Madhya Pradesh,Indore,T30,26-35,Male,17.7,Cheque,Verified
INV002407,2025-05-16,100033,sip,27546,West Bengal,Kolkata,T30,36-45,Male,35.9,Mandate,Pending
INV002843,2025-05-16,119092,sip,497,Haryana,Faridabad,B30,26-35,Male,11.8,Net Banking,Verified
INV000154,2025-05-16,119094,redemption,374124,Haryana,Faridabad,B30,36-45,Male,51.3,Mandate,Verified
INV003282,2025-05-16,119092,lumpsum,450561,Madhya Pradesh,Bhopal,B30,18-25,Male,7.6,Mandate,Verified
INV002348,2025-05-16,118634,sip,825,Uttar Pradesh,Agra,B30,26-35,Male,13.4,Cheque,Verified
INV002407,2025-05-16,148567,redemption,342062,West Bengal,Kolkata,T30,36-45,Male,35.9,Mandate,Verified
INV002870,2025-05-16,101206,redemption,312882,Karnataka,Mysore,B30,26-35,Female,23.7,Cheque,Verified
INV003234,2025-05-16,101208,sip,1722,Telangana,Hyderabad,T30,26-35,Male,13.5,Net Banking,Verified
INV004149,2025-05-16,120504,redemption,266757,Rajasthan,Udaipur,B30,56+,Female,78.2,UPI,Verified
INV004102,2025-05-16,119095,sip,930,Tamil Nadu,Coimbatore,B30,26-35,Female,6.6,Net Banking,Verified
INV002977,2025-05-16,101207,sip,526,Haryana,Faridabad,B30,36-45,Female,26.6,Net Banking,Verified
INV002012,2025-05-16,119598,redemption,303769,Telangana,Hyderabad,T30,36-45,Male,38.4,Mandate,Verified
INV002807,2025-05-16,120506,sip,8749,Madhya Pradesh,Indore,T30,46-55,Male,26.7,Cheque,Verified
INV001050,2025-05-16,120507,sip,14570,Telangana,Hyderabad,T30,36-45,Female,38.9,UPI,Verified
INV001587,2025-05-16,119599,lumpsum,542543,Punjab,Chandigarh,T30,26-35,Male,22.3,UPI,Verified
INV004173,2025-05-16,148567,sip,46478,West Bengal,Kolkata,T30,26-35,Male,16.9,Net Banking,Verified
INV002696,2025-05-16,120843,sip,2554,Punjab,Amritsar,B30,18-25,Male,7.1,Cheque,Pending
INV002372,2025-05-16,120505,sip,8237,Maharashtra,Pune,T30,36-45,Female,28.6,Cheque,Verified
INV003411,2025-05-16,119120,lumpsum,263569,Tamil Nadu,Chennai,T30,26-35,Male,14.2,Cheque,Verified
INV002606,2025-05-16,149324,sip,52653,Telangana,Hyderabad,T30,26-35,Female,8.1,Net Banking,Verified
INV000971,2025-05-16,120843,sip,5061,Maharashtra,Mumbai,T30,36-45,Male,42.2,UPI,Verified
INV000563,2025-05-16,120841,sip,25894,Uttar Pradesh,Lucknow,T30,26-35,Male,15.5,Cheque,Verified
INV001858,2025-05-16,119092,lumpsum,404165,Punjab,Amritsar,B30,36-45,Male,16.6,Net Banking,Verified
INV003321,2025-05-16,148567,lumpsum,358430,Karnataka,Bangalore,T30,46-55,Male,22.5,UPI,Verified
INV002822,2025-05-16,120842,sip,997,Karnataka,Bangalore,T30,46-55,Male,79.5,Mandate,Verified
INV000693,2025-05-16,101208,lumpsum,135331,Haryana,Faridabad,B30,26-35,Male,11.0,Net Banking,Verified
INV001649,2025-05-16,119599,redemption,67491,Telangana,Hyderabad,T30,36-45,Male,51.5,UPI,Pending
INV001197,2025-05-16,148568,lumpsum,44938,West Bengal,Kolkata,T30,36-45,Female,29.6,Cheque,Verified
INV002613,2025-05-16,120507,sip,4724,Karnataka,Bangalore,T30,46-55,Female,44.3,Mandate,Pending
INV004963,2025-05-16,119551,sip,6347,Delhi,Noida,T30,36-45,Female,59.6,Cheque,Verified
INV002723,2025-05-16,125497,sip,985,West Bengal,Kolkata,T30,36-45,Female,54.4,Mandate,Verified
INV004359,2025-05-16,101207,lumpsum,531994,Delhi,New Delhi,T30,26-35,Male,9.4,Net Banking,Pending
INV001537,2025-05-16,119093,sip,1855,Madhya Pradesh,Indore,T30,46-55,Male,74.7,Net Banking,Pending
INV003374,2025-05-16,102887,sip,13591,Karnataka,Mysore,B30,26-35,Male,15.8,Cheque,Verified
INV003962,2025-05-16,101208,sip,11450,Haryana,Gurugram,T30,26-35,Male,20.4,Mandate,Verified
INV004916,2025-05-17,102885,lumpsum,304806,Haryana,Faridabad,B30,26-35,Male,12.5,Cheque,Verified
INV002419,2025-05-17,120507,sip,3279,Madhya Pradesh,Bhopal,B30,36-45,Male,58.7,Mandate,Verified
INV001139,2025-05-17,148568,sip,989,Gujarat,Ahmedabad,T30,36-45,Male,43.6,Net Banking,Verified
INV002961,2025-05-17,102887,redemption,212994,Gujarat,Ahmedabad,T30,26-35,Male,13.0,Mandate,Verified
INV003317,2025-05-17,102885,redemption,255862,Delhi,New Delhi,T30,18-25,Male,6.6,Mandate,Verified
INV001056,2025-05-17,101206,sip,48527,Punjab,Chandigarh,T30,56+,Female,75.1,UPI,Verified
INV004211,2025-05-17,100025,sip,2295,Tamil Nadu,Chennai,T30,56+,Male,40.3,Net Banking,Verified
INV000115,2025-05-17,118636,lumpsum,288082,Tamil Nadu,Coimbatore,B30,36-45,Male,16.6,Cheque,Verified
INV000182,2025-05-17,120844,redemption,109055,Tamil Nadu,Chennai,T30,36-45,Male,38.1,UPI,Verified
INV000705,2025-05-17,149323,sip,566,Delhi,Noida,T30,26-35,Male,6.9,Mandate,Verified
INV001144,2025-05-17,149324,lumpsum,213442,Tamil Nadu,Coimbatore,B30,36-45,Male,16.7,Net Banking,Verified
INV001434,2025-05-17,149324,sip,15509,Maharashtra,Mumbai,T30,46-55,Male,92.6,Mandate,Pending
INV002872,2025-05-17,125498,sip,27980,West Bengal,Kolkata,T30,36-45,Male,47.5,Mandate,Verified
INV000002,2025-05-17,119094,sip,2690,Maharashtra,Pune,T30,46-55,Male,24.0,Cheque,Verified
INV000639,2025-05-17,149323,redemption,161018,Tamil Nadu,Coimbatore,B30,18-25,Female,3.6,Cheque,Verified
INV002066,2025-05-17,119551,sip,15807,West Bengal,Kolkata,T30,26-35,Female,23.3,Net Banking,Verified
INV004746,2025-05-17,148569,lumpsum,349699,Telangana,Hyderabad,T30,18-25,Male,6.0,Cheque,Verified
INV004753,2025-05-17,120844,lumpsum,134302,Karnataka,Mysore,B30,36-45,Female,18.4,Net Banking,Verified
INV000380,2025-05-17,101206,sip,5647,Haryana,Gurugram,T30,56+,Male,24.2,Mandate,Verified
INV001607,2025-05-17,120506,sip,2205,Punjab,Amritsar,B30,26-35,Male,14.8,UPI,Verified
INV000278,2025-05-17,120505,lumpsum,454565,Rajasthan,Jaipur,T30,26-35,Male,22.1,UPI,Verified
INV004821,2025-05-17,120841,redemption,226539,Tamil Nadu,Coimbatore,B30,26-35,Female,21.6,Cheque,Verified
INV003564,2025-05-17,125497,sip,13106,Telangana,Hyderabad,T30,18-25,Male,6.8,Cheque,Verified
INV004350,2025-05-17,119094,sip,3082,Delhi,Noida,T30,36-45,Male,13.0,Cheque,Pending
INV000691,2025-05-17,100025,lumpsum,348568,Tamil Nadu,Chennai,T30,18-25,Female,7.8,UPI,Verified
INV002202,2025-05-17,125498,sip,7655,Madhya Pradesh,Indore,T30,18-25,Female,7.1,UPI,Verified
INV001043,2025-05-17,148568,sip,49476,Haryana,Gurugram,T30,18-25,Male,7.8,Cheque,Verified
INV000101,2025-05-17,120842,redemption,245474,Madhya Pradesh,Indore,T30,26-35,Male,20.8,Cheque,Verified
INV002417,2025-05-17,120506,sip,26775,Tamil Nadu,Coimbatore,B30,26-35,Male,16.8,Cheque,Verified
INV000004,2025-05-17,119599,sip,2110,Punjab,Chandigarh,T30,26-35,Male,20.0,UPI,Verified
INV003250,2025-05-17,119599,sip,26027,Gujarat,Ahmedabad,T30,26-35,Male,11.3,Cheque,Verified
INV000264,2025-05-17,119599,sip,1079,Telangana,Hyderabad,T30,36-45,Female,30.6,Net Banking,Verified
INV003712,2025-05-17,119095,lumpsum,433101,Maharashtra,Pune,T30,46-55,Male,82.6,UPI,Verified
INV002523,2025-05-17,120844,sip,21572,Telangana,Hyderabad,T30,46-55,Female,57.2,UPI,Verified
INV000078,2025-05-17,120841,sip,28687,Haryana,Faridabad,B30,26-35,Male,20.2,Net Banking,Pending
INV001929,2025-05-17,148569,lumpsum,36322,Rajasthan,Jaipur,T30,56+,Male,60.1,Cheque,Verified
INV003811,2025-05-17,120843,lumpsum,306371,Gujarat,Surat,T30,46-55,Female,83.6,UPI,Verified
INV003017,2025-05-17,101206,sip,12139,West Bengal,Kolkata,T30,56+,Male,75.3,UPI,Verified
INV004468,2025-05-17,120504,sip,2042,Telangana,Hyderabad,T30,46-55,Female,20.8,Cheque,Verified
INV004289,2025-05-17,118633,sip,468,Karnataka,Bangalore,T30,26-35,Male,14.8,Net Banking,Verified
INV003463,2025-05-17,100016,sip,491,Uttar Pradesh,Kanpur,B30,26-35,Male,14.1,Mandate,Verified
INV003206,2025-05-17,101207,sip,5739,Gujarat,Ahmedabad,T30,26-35,Male,24.1,Net Banking,Verified
INV004042,2025-05-17,120503,lumpsum,222775,Madhya Pradesh,Bhopal,B30,36-45,Male,36.0,UPI,Verified
INV003824,2025-05-17,101207,sip,21870,Telangana,Hyderabad,T30,26-35,Male,9.4,Net Banking,Verified
INV000172,2025-05-17,101207,sip,1751,Delhi,Noida,T30,36-45,Male,53.2,Net Banking,Verified
INV004771,2025-05-17,149323,sip,8900,Tamil Nadu,Coimbatore,B30,18-25,Male,6.6,Net Banking,Verified
INV000223,2025-05-17,119552,lumpsum,157311,West Bengal,Kolkata,T30,26-35,Male,6.3,Net Banking,Verified
INV004801,2025-05-17,102887,sip,887,Uttar Pradesh,Lucknow,T30,26-35,Male,13.2,Cheque,Verified
INV001683,2025-05-17,119094,sip,522,Haryana,Gurugram,T30,26-35,Male,8.7,Net Banking,Verified
INV001023,2025-05-17,148569,sip,5139,Gujarat,Ahmedabad,T30,36-45,Male,27.1,Net Banking,Verified
INV003768,2025-05-17,118633,sip,2716,Telangana,Hyderabad,T30,18-25,Male,4.9,UPI,Verified
INV004181,2025-05-17,148568,sip,41534,Uttar Pradesh,Lucknow,T30,26-35,Female,17.8,Mandate,Verified
INV002602,2025-05-17,118632,sip,46352,Gujarat,Surat,T30,56+,Female,45.7,Net Banking,Verified
INV001689,2025-05-17,120841,sip,6324,Haryana,Faridabad,B30,36-45,Male,40.4,Cheque,Verified
INV001649,2025-05-17,118633,sip,21678,Telangana,Hyderabad,T30,36-45,Male,51.5,Net Banking,Verified
INV002928,2025-05-17,100033,lumpsum,251878,Tamil Nadu,Coimbatore,B30,26-35,Male,9.4,UPI,Verified
INV004786,2025-05-17,125497,sip,3134,Rajasthan,Udaipur,B30,26-35,Male,10.3,Cheque,Verified
INV003227,2025-05-17,148568,redemption,184543,Maharashtra,Mumbai,T30,36-45,Male,41.8,UPI,Verified
INV004475,2025-05-17,120844,sip,2866,Punjab,Amritsar,B30,26-35,Male,18.2,Mandate,Verified
INV004170,2025-05-17,120507,sip,6786,Haryana,Faridabad,B30,36-45,Female,34.5,Cheque,Verified
INV004563,2025-05-17,119551,sip,2217,Gujarat,Surat,T30,46-55,Female,32.2,Net Banking,Verified
INV004564,2025-05-17,120504,lumpsum,106238,Karnataka,Mysore,B30,26-35,Male,7.6,Net Banking,Verified
INV000308,2025-05-17,102887,sip,7157,West Bengal,Kolkata,T30,36-45,Male,52.4,Net Banking,Verified
INV001028,2025-05-17,120844,sip,4288,Rajasthan,Jaipur,T30,46-55,Female,67.4,Net Banking,Verified
INV001149,2025-05-17,120506,sip,7694,Karnataka,Bangalore,T30,26-35,Female,8.8,Mandate,Verified
INV002369,2025-05-18,120841,redemption,206449,Madhya Pradesh,Bhopal,B30,36-45,Male,33.6,UPI,Verified
INV002241,2025-05-18,100016,sip,569,Punjab,Amritsar,B30,36-45,Female,41.4,Cheque,Verified
INV001596,2025-05-18,102885,redemption,467730,Telangana,Hyderabad,T30,46-55,Male,61.3,Mandate,Verified
INV000765,2025-05-18,119551,redemption,289650,Telangana,Hyderabad,T30,18-25,Male,4.6,Cheque,Verified
INV004472,2025-05-18,120506,sip,3286,West Bengal,Kolkata,T30,26-35,Female,19.1,Cheque,Verified
INV001857,2025-05-18,118635,sip,2983,Tamil Nadu,Chennai,T30,26-35,Male,24.0,Cheque,Verified
INV004793,2025-05-18,125498,lumpsum,51510,Madhya Pradesh,Indore,T30,36-45,Female,26.3,Mandate,Verified
INV000121,2025-05-18,119094,lumpsum,170466,Telangana,Hyderabad,T30,18-25,Male,7.8,Cheque,Verified
INV004037,2025-05-18,120843,sip,1015,Gujarat,Ahmedabad,T30,26-35,Male,20.8,UPI,Verified
INV002565,2025-05-18,120841,sip,1186,Rajasthan,Jaipur,T30,26-35,Male,10.0,Cheque,Verified
INV000392,2025-05-18,119551,sip,1759,Gujarat,Surat,T30,26-35,Female,16.6,Net Banking,Verified
INV001673,2025-05-18,119551,sip,4427,West Bengal,Kolkata,T30,26-35,Male,23.0,Mandate,Verified
INV002135,2025-05-18,119095,redemption,43817,Gujarat,Ahmedabad,T30,56+,Male,18.3,Cheque,Verified
INV002957,2025-05-18,119598,sip,2897,Tamil Nadu,Chennai,T30,26-35,Male,15.5,Net Banking,Verified
INV000717,2025-05-18,118634,sip,483,Tamil Nadu,Chennai,T30,46-55,Male,44.9,Mandate,Verified
INV000166,2025-05-18,120504,sip,420,Telangana,Hyderabad,T30,26-35,Male,24.4,Net Banking,Verified
INV004582,2025-05-18,118632,redemption,104793,Tamil Nadu,Chennai,T30,56+,Male,67.1,Cheque,Verified
INV003509,2025-05-18,120506,sip,1911,Haryana,Gurugram,T30,36-45,Male,14.5,Cheque,Verified
INV001080,2025-05-18,102885,redemption,357406,Tamil Nadu,Chennai,T30,18-25,Female,7.3,UPI,Verified
INV001204,2025-05-18,148569,lumpsum,336041,Delhi,New Delhi,T30,36-45,Male,15.3,Net Banking,Verified
INV000351,2025-05-18,100033,sip,2876,Madhya Pradesh,Indore,T30,56+,Female,62.9,Mandate,Verified
INV004324,2025-05-18,148568,sip,4966,Madhya Pradesh,Indore,T30,36-45,Male,42.4,Cheque,Pending
INV003308,2025-05-18,118634,sip,5345,Telangana,Hyderabad,T30,56+,Male,58.2,Net Banking,Verified
INV000695,2025-05-18,149322,lumpsum,26600,Gujarat,Surat,T30,36-45,Male,48.0,Mandate,Verified
INV002504,2025-05-18,101206,sip,549,Madhya Pradesh,Bhopal,B30,26-35,Male,22.4,Mandate,Verified
INV002055,2025-05-18,119120,lumpsum,538022,Punjab,Amritsar,B30,26-35,Male,18.7,UPI,Verified
INV003697,2025-05-18,119094,sip,9298,Maharashtra,Mumbai,T30,18-25,Male,6.3,UPI,Verified
INV001478,2025-05-18,102887,sip,17195,Maharashtra,Mumbai,T30,36-45,Male,24.2,Mandate,Verified
INV002523,2025-05-18,100016,lumpsum,334767,Telangana,Hyderabad,T30,46-55,Female,57.2,UPI,Verified
INV001159,2025-05-18,118636,lumpsum,37267,Gujarat,Ahmedabad,T30,46-55,Female,29.4,Cheque,Verified
INV000440,2025-05-18,120503,sip,10986,Uttar Pradesh,Agra,B30,18-25,Male,6.7,UPI,Verified
INV000782,2025-05-18,102886,sip,1112,Telangana,Hyderabad,T30,18-25,Male,4.4,Mandate,Verified
INV004445,2025-05-18,148567,redemption,446396,Delhi,Noida,T30,36-45,Male,25.7,Mandate,Verified
INV000827,2025-05-18,120505,sip,9182,Maharashtra,Pune,T30,36-45,Male,28.8,UPI,Verified
INV001634,2025-05-18,118635,sip,5244,Gujarat,Surat,T30,26-35,Male,23.9,Cheque,Verified
INV004142,2025-05-18,119599,lumpsum,267180,West Bengal,Kolkata,T30,26-35,Male,12.0,UPI,Verified
INV002790,2025-05-18,119598,sip,51596,Telangana,Hyderabad,T30,18-25,Male,4.8,Cheque,Verified
INV002311,2025-05-18,119094,lumpsum,369191,Rajasthan,Udaipur,B30,36-45,Male,31.5,Net Banking,Verified
INV004769,2025-05-18,148568,sip,12674,Punjab,Amritsar,B30,46-55,Female,25.3,Mandate,Verified
INV001914,2025-05-18,120842,sip,22188,Delhi,Gurugram,T30,56+,Male,61.9,Mandate,Verified
INV001329,2025-05-18,120844,redemption,13634,Punjab,Amritsar,B30,36-45,Female,37.2,Cheque,Verified
INV002671,2025-05-18,120842,sip,2305,Madhya Pradesh,Indore,T30,18-25,Male,6.3,Cheque,Verified
INV001637,2025-05-18,100033,redemption,500404,Haryana,Faridabad,B30,36-45,Female,45.1,UPI,Verified
INV000939,2025-05-18,118636,lumpsum,334675,Karnataka,Bangalore,T30,26-35,Male,19.6,Net Banking,Verified
INV001770,2025-05-18,120503,sip,2780,Telangana,Hyderabad,T30,18-25,Male,6.3,Net Banking,Verified
INV002673,2025-05-18,148569,sip,48159,Maharashtra,Mumbai,T30,26-35,Male,14.2,UPI,Verified
INV001482,2025-05-18,101208,sip,1859,Madhya Pradesh,Indore,T30,46-55,Female,87.0,Net Banking,Verified
INV000856,2025-05-18,101207,sip,7615,Madhya Pradesh,Indore,T30,26-35,Male,24.8,Cheque,Verified
INV003637,2025-05-18,120504,sip,24352,Telangana,Hyderabad,T30,36-45,Male,18.6,Cheque,Verified
INV002788,2025-05-18,119551,lumpsum,154222,Uttar Pradesh,Agra,B30,26-35,Male,23.5,UPI,Verified
INV002759,2025-05-18,120842,redemption,75513,Delhi,Noida,T30,36-45,Male,44.6,Cheque,Pending
INV000301,2025-05-18,119120,sip,2111,Gujarat,Ahmedabad,T30,56+,Male,14.8,Net Banking,Verified
INV003443,2025-05-18,118636,sip,14931,Madhya Pradesh,Bhopal,B30,26-35,Male,16.6,Net Banking,Verified
INV003521,2025-05-18,120504,sip,3312,Rajasthan,Jaipur,T30,46-55,Male,95.4,Net Banking,Verified
INV001829,2025-05-18,119552,sip,12072,Punjab,Chandigarh,T30,26-35,Male,22.7,Mandate,Pending
INV002859,2025-05-19,149323,sip,10461,Madhya Pradesh,Indore,T30,26-35,Male,20.1,Mandate,Verified
INV001158,2025-05-19,119092,sip,27821,Karnataka,Mysore,B30,18-25,Male,6.4,Cheque,Verified
INV004551,2025-05-19,120503,redemption,251301,Maharashtra,Nashik,B30,18-25,Male,6.0,UPI,Verified
INV000363,2025-05-19,100033,sip,1740,Madhya Pradesh,Bhopal,B30,26-35,Male,22.6,Cheque,Verified
INV001298,2025-05-19,120503,sip,2356,Delhi,Gurugram,T30,26-35,Female,24.4,Mandate,Verified
INV003789,2025-05-19,118632,lumpsum,415705,Rajasthan,Udaipur,B30,36-45,Male,29.9,UPI,Verified
INV004376,2025-05-19,120842,redemption,419292,West Bengal,Kolkata,T30,46-55,Female,92.6,Net Banking,Verified
INV004340,2025-05-19,118632,redemption,420156,Karnataka,Mysore,B30,26-35,Male,17.9,Net Banking,Verified
INV002542,2025-05-19,119599,sip,12961,Telangana,Hyderabad,T30,26-35,Female,15.9,Mandate,Verified
INV002376,2025-05-19,118634,sip,5340,Tamil Nadu,Chennai,T30,18-25,Male,6.8,Cheque,Verified
INV003160,2025-05-19,102886,sip,541,Delhi,Gurugram,T30,26-35,Male,24.9,Mandate,Verified
INV004212,2025-05-19,119551,sip,1121,Uttar Pradesh,Kanpur,B30,36-45,Male,41.5,UPI,Verified
INV002851,2025-05-19,120503,sip,6959,Tamil Nadu,Coimbatore,B30,26-35,Male,16.0,Cheque,Verified
INV001359,2025-05-19,118634,sip,28962,Haryana,Gurugram,T30,36-45,Female,41.8,Cheque,Verified
INV002546,2025-05-19,120503,redemption,176742,Gujarat,Surat,T30,26-35,Male,19.3,Mandate,Verified
INV000470,2025-05-19,119092,lumpsum,328385,Madhya Pradesh,Bhopal,B30,26-35,Male,17.8,UPI,Verified
INV004661,2025-05-19,118634,sip,518,Maharashtra,Nashik,B30,26-35,Male,9.8,Cheque,Verified
INV001282,2025-05-19,100016,sip,897,West Bengal,Kolkata,T30,18-25,Female,5.2,Cheque,Verified
INV000525,2025-05-19,100033,lumpsum,293775,Gujarat,Ahmedabad,T30,56+,Female,12.6,Cheque,Verified
INV001722,2025-05-19,120504,redemption,354177,Delhi,Noida,T30,36-45,Female,55.0,Cheque,Verified
INV001428,2025-05-19,119552,sip,545,Delhi,New Delhi,T30,26-35,Male,17.8,Cheque,Verified
INV003507,2025-05-19,102885,sip,12876,Karnataka,Bangalore,T30,26-35,Female,22.5,Net Banking,Verified
INV004496,2025-05-19,120503,redemption,400566,Madhya Pradesh,Indore,T30,18-25,Female,6.3,UPI,Verified
INV000396,2025-05-19,100016,lumpsum,61948,Rajasthan,Jaipur,T30,46-55,Male,38.5,Net Banking,Verified
INV000942,2025-05-19,119092,redemption,529467,Haryana,Faridabad,B30,56+,Male,70.2,Cheque,Verified
INV001606,2025-05-19,120507,sip,6367,Punjab,Amritsar,B30,26-35,Female,23.4,Net Banking,Verified
INV001899,2025-05-19,120843,lumpsum,272715,Gujarat,Ahmedabad,T30,26-35,Male,7.6,UPI,Verified
INV001325,2025-05-19,148567,sip,53791,Rajasthan,Udaipur,B30,18-25,Male,4.4,UPI,Verified
INV000589,2025-05-19,120842,sip,568,Uttar Pradesh,Kanpur,B30,18-25,Female,6.3,Net Banking,Verified
INV001599,2025-05-19,119095,redemption,244214,Haryana,Faridabad,B30,36-45,Female,31.0,UPI,Verified
INV000626,2025-05-19,120842,sip,10510,Haryana,Gurugram,T30,26-35,Female,12.3,Mandate,Verified
INV000661,2025-05-19,100033,sip,2725,Haryana,Faridabad,B30,36-45,Male,46.8,Mandate,Verified
INV004780,2025-05-19,148569,lumpsum,503930,Haryana,Gurugram,T30,36-45,Male,42.4,Net Banking,Verified
INV003770,2025-05-19,119599,sip,41306,Gujarat,Surat,T30,46-55,Male,77.8,Net Banking,Verified
INV000052,2025-05-19,101206,lumpsum,106392,Tamil Nadu,Coimbatore,B30,26-35,Male,19.1,Cheque,Verified
INV001956,2025-05-19,120843,redemption,277572,Rajasthan,Jaipur,T30,26-35,Male,22.1,Mandate,Verified
INV002695,2025-05-19,100025,sip,2490,Telangana,Hyderabad,T30,26-35,Male,18.8,Mandate,Verified
INV001595,2025-05-19,149322,sip,15034,Gujarat,Ahmedabad,T30,56+,Male,78.5,Mandate,Verified
INV000401,2025-05-19,125498,sip,1162,Uttar Pradesh,Agra,B30,26-35,Male,20.5,Mandate,Verified
INV003561,2025-05-19,149324,lumpsum,331370,West Bengal,Kolkata,T30,26-35,Male,22.0,Cheque,Pending
INV002011,2025-05-19,120507,redemption,11121,Tamil Nadu,Chennai,T30,36-45,Male,41.1,UPI,Verified
INV002572,2025-05-19,119093,sip,15177,Rajasthan,Jaipur,T30,56+,Male,19.5,UPI,Verified
INV003695,2025-05-19,100016,sip,1046,Karnataka,Bangalore,T30,36-45,Male,31.0,Cheque,Verified
INV002778,2025-05-19,100033,sip,5501,Punjab,Chandigarh,T30,26-35,Female,13.5,Net Banking,Verified
INV000598,2025-05-19,119094,lumpsum,100495,Karnataka,Bangalore,T30,26-35,Male,16.6,Cheque,Verified
INV004241,2025-05-19,118632,sip,8430,Maharashtra,Mumbai,T30,36-45,Male,18.9,UPI,Verified
INV002594,2025-05-19,120843,sip,3174,Haryana,Gurugram,T30,26-35,Male,23.7,Net Banking,Verified
INV001124,2025-05-19,125498,lumpsum,14179,Madhya Pradesh,Indore,T30,36-45,Male,39.0,Mandate,Verified
INV000647,2025-05-19,119552,lumpsum,484476,Punjab,Chandigarh,T30,46-55,Male,46.5,Net Banking,Verified
INV002530,2025-05-19,148569,sip,2197,Telangana,Hyderabad,T30,36-45,Male,53.9,Net Banking,Verified
INV001185,2025-05-19,118635,sip,457,Haryana,Faridabad,B30,26-35,Female,22.5,Net Banking,Verified
INV003611,2025-05-19,100033,sip,1147,Uttar Pradesh,Kanpur,B30,18-25,Male,4.8,Net Banking,Verified
INV004271,2025-05-19,118633,lumpsum,224883,Maharashtra,Mumbai,T30,18-25,Male,3.2,UPI,Verified
INV001497,2025-05-19,118632,sip,14224,Maharashtra,Mumbai,T30,36-45,Male,56.8,Cheque,Verified
INV002299,2025-05-19,120505,lumpsum,283007,Karnataka,Mysore,B30,36-45,Female,26.8,UPI,Verified
INV004717,2025-05-19,120842,sip,494,Maharashtra,Nashik,B30,36-45,Female,12.6,UPI,Verified
INV001797,2025-05-19,120504,redemption,294220,Punjab,Amritsar,B30,26-35,Female,6.8,Net Banking,Verified
INV000335,2025-05-19,149324,sip,9130,Maharashtra,Mumbai,T30,26-35,Male,11.6,UPI,Verified
INV001512,2025-05-19,120504,lumpsum,485171,Haryana,Gurugram,T30,46-55,Male,49.4,Mandate,Verified
INV004844,2025-05-19,149324,sip,4450,Maharashtra,Pune,T30,26-35,Male,15.7,Mandate,Verified
INV004698,2025-05-19,102885,sip,7204,Gujarat,Surat,T30,36-45,Female,39.2,UPI,Verified
INV003645,2025-05-19,120504,sip,10675,Punjab,Amritsar,B30,26-35,Male,13.4,Net Banking,Verified
INV004885,2025-05-19,119094,sip,13418,Punjab,Amritsar,B30,26-35,Male,11.7,Cheque,Verified
INV001785,2025-05-19,125497,sip,45508,Karnataka,Mysore,B30,26-35,Male,14.5,Mandate,Verified
INV001532,2025-05-19,119094,redemption,338722,Madhya Pradesh,Bhopal,B30,36-45,Female,39.5,Cheque,Verified
INV001011,2025-05-19,120504,lumpsum,107541,Madhya Pradesh,Bhopal,B30,26-35,Male,14.4,Net Banking,Verified
INV002712,2025-05-19,119552,sip,483,Karnataka,Bangalore,T30,46-55,Male,24.8,UPI,Verified
INV004030,2025-05-19,119552,sip,50614,Uttar Pradesh,Lucknow,T30,18-25,Female,4.4,Cheque,Verified
INV000527,2025-05-19,118636,sip,7611,Telangana,Hyderabad,T30,26-35,Male,12.1,UPI,Verified
INV002280,2025-05-19,119093,sip,2095,Karnataka,Mysore,B30,18-25,Male,3.5,UPI,Verified
INV004059,2025-05-19,101208,redemption,160345,Maharashtra,Pune,T30,26-35,Female,17.0,Cheque,Verified
INV004006,2025-05-19,100033,sip,3582,Tamil Nadu,Coimbatore,B30,56+,Male,59.1,UPI,Verified
INV002306,2025-05-19,119551,redemption,408660,Tamil Nadu,Chennai,T30,18-25,Male,3.4,UPI,Verified
INV000174,2025-05-19,118632,sip,14982,Karnataka,Bangalore,T30,36-45,Male,58.1,Net Banking,Verified
INV000165,2025-05-19,119599,sip,3064,Punjab,Chandigarh,T30,36-45,Female,18.8,UPI,Pending
INV002747,2025-05-19,119598,lumpsum,347089,Haryana,Faridabad,B30,46-55,Male,34.0,Cheque,Verified
INV004332,2025-05-19,119552,sip,3137,Haryana,Faridabad,B30,36-45,Female,52.1,Cheque,Verified
INV003390,2025-05-19,119120,sip,22412,Haryana,Faridabad,B30,26-35,Male,9.6,Net Banking,Verified
INV003643,2025-05-19,149322,sip,8170,Telangana,Hyderabad,T30,36-45,Male,48.4,UPI,Verified
INV001047,2025-05-19,119551,sip,6491,Tamil Nadu,Chennai,T30,56+,Female,78.8,UPI,Verified
INV002895,2025-05-19,119094,sip,3099,Madhya Pradesh,Bhopal,B30,26-35,Male,10.7,Cheque,Verified
INV004267,2025-05-19,125498,redemption,283880,Gujarat,Surat,T30,46-55,Male,99.7,Mandate,Verified
INV004837,2025-05-19,102886,lumpsum,177745,Punjab,Amritsar,B30,18-25,Male,5.7,UPI,Verified
INV003887,2025-05-20,120505,lumpsum,145855,Rajasthan,Udaipur,B30,56+,Female,54.1,Mandate,Verified
INV004653,2025-05-20,119120,redemption,328904,Rajasthan,Jaipur,T30,46-55,Female,32.2,Net Banking,Verified
INV000804,2025-05-20,101208,redemption,272684,Karnataka,Mysore,B30,36-45,Male,39.7,UPI,Verified
INV001464,2025-05-20,118632,sip,2668,Delhi,New Delhi,T30,26-35,Male,24.8,Mandate,Verified
INV000265,2025-05-20,120507,sip,51671,Madhya Pradesh,Bhopal,B30,36-45,Male,14.1,Net Banking,Verified
INV001375,2025-05-20,119120,sip,20244,Haryana,Gurugram,T30,18-25,Male,6.3,Cheque,Verified
INV001374,2025-05-20,119551,lumpsum,227241,Madhya Pradesh,Indore,T30,36-45,Male,14.2,Cheque,Verified
INV000028,2025-05-20,149323,sip,4569,Gujarat,Surat,T30,18-25,Female,6.1,Net Banking,Verified
INV003165,2025-05-20,120842,sip,11846,Punjab,Amritsar,B30,26-35,Male,19.4,Net Banking,Verified
INV000759,2025-05-20,120505,sip,11454,Gujarat,Ahmedabad,T30,26-35,Male,7.6,Mandate,Verified
INV003647,2025-05-20,102887,redemption,400020,Haryana,Faridabad,B30,56+,Male,57.2,UPI,Verified
INV003144,2025-05-20,118632,sip,11417,Haryana,Gurugram,T30,36-45,Female,38.0,Mandate,Verified
INV001885,2025-05-20,120844,lumpsum,180133,Karnataka,Bangalore,T30,26-35,Male,18.8,Cheque,Verified
INV001950,2025-05-20,149323,sip,14471,Maharashtra,Pune,T30,26-35,Female,6.0,Mandate,Verified
INV004434,2025-05-20,125497,sip,924,Gujarat,Surat,T30,46-55,Male,17.7,Cheque,Verified
INV001249,2025-05-20,119093,sip,2858,Maharashtra,Mumbai,T30,26-35,Female,16.4,Cheque,Verified
INV003164,2025-05-20,148567,sip,1121,Madhya Pradesh,Indore,T30,26-35,Male,23.9,Cheque,Verified
INV000091,2025-05-20,102885,redemption,325609,Haryana,Gurugram,T30,26-35,Male,14.6,Net Banking,Verified
INV004743,2025-05-20,120505,lumpsum,300055,Maharashtra,Nashik,B30,36-45,Male,18.7,Cheque,Verified
INV002191,2025-05-20,148568,redemption,276159,West Bengal,Kolkata,T30,26-35,Male,9.0,Cheque,Verified
INV002015,2025-05-20,119120,sip,2867,Delhi,New Delhi,T30,26-35,Female,11.1,Net Banking,Pending
INV001874,2025-05-20,149323,sip,20509,Telangana,Hyderabad,T30,36-45,Male,21.3,Mandate,Verified
INV004735,2025-05-20,119094,lumpsum,379646,Uttar Pradesh,Kanpur,B30,36-45,Male,19.2,UPI,Pending
INV004547,2025-05-20,119552,lumpsum,389012,Madhya Pradesh,Bhopal,B30,36-45,Female,42.8,Cheque,Verified
INV001235,2025-05-20,120505,sip,573,Haryana,Faridabad,B30,26-35,Male,19.3,UPI,Verified
INV004605,2025-05-20,120844,lumpsum,522270,Maharashtra,Nashik,B30,36-45,Male,17.8,Mandate,Verified
INV003649,2025-05-20,149324,sip,2824,Haryana,Gurugram,T30,46-55,Female,79.9,UPI,Verified
INV000799,2025-05-20,148568,sip,9373,Madhya Pradesh,Indore,T30,18-25,Male,4.6,Mandate,Verified
INV002178,2025-05-20,101207,sip,10675,Gujarat,Ahmedabad,T30,36-45,Female,33.8,Mandate,Verified
INV001202,2025-05-20,118636,sip,12792,Karnataka,Bangalore,T30,26-35,Male,11.3,Mandate,Verified
INV000190,2025-05-20,120505,sip,22759,Madhya Pradesh,Indore,T30,26-35,Female,8.2,Cheque,Verified
INV000149,2025-05-20,119120,lumpsum,445493,Delhi,New Delhi,T30,26-35,Male,17.9,Cheque,Pending
INV002538,2025-05-20,125497,sip,24817,Haryana,Gurugram,T30,18-25,Male,4.7,Mandate,Verified
INV002716,2025-05-20,119552,sip,1781,Tamil Nadu,Chennai,T30,56+,Female,47.4,Net Banking,Verified
INV002202,2025-05-20,120843,sip,986,Madhya Pradesh,Indore,T30,18-25,Female,7.1,UPI,Verified
INV001069,2025-05-20,149324,lumpsum,540194,Telangana,Hyderabad,T30,26-35,Male,19.1,Net Banking,Verified
INV004457,2025-05-20,119120,lumpsum,511079,Telangana,Hyderabad,T30,18-25,Male,6.7,Cheque,Verified
INV003703,2025-05-20,100016,redemption,159597,Karnataka,Bangalore,T30,36-45,Female,20.8,Net Banking,Verified
INV004482,2025-05-20,101208,sip,2480,Uttar Pradesh,Kanpur,B30,18-25,Female,6.8,Mandate,Verified
INV001005,2025-05-20,149324,sip,17171,Karnataka,Bangalore,T30,46-55,Male,84.6,UPI,Verified
INV002948,2025-05-20,120504,sip,14759,Maharashtra,Mumbai,T30,46-55,Male,43.6,Mandate,Verified
INV004270,2025-05-20,118634,sip,2362,Rajasthan,Udaipur,B30,18-25,Male,5.7,Mandate,Verified
INV004835,2025-05-20,101206,sip,7242,Maharashtra,Nashik,B30,56+,Male,12.9,Net Banking,Verified
INV003329,2025-05-20,118633,lumpsum,24580,Madhya Pradesh,Indore,T30,56+,Male,25.2,UPI,Verified
INV000014,2025-05-20,149323,sip,41507,Tamil Nadu,Chennai,T30,18-25,Male,4.3,Cheque,Verified
INV001508,2025-05-20,125498,lumpsum,474755,Tamil Nadu,Coimbatore,B30,46-55,Male,63.3,Cheque,Verified
INV001550,2025-05-20,100016,sip,7548,Punjab,Chandigarh,T30,18-25,Male,4.1,Net Banking,Verified
INV002145,2025-05-20,100025,sip,29162,Delhi,Gurugram,T30,36-45,Male,32.8,Mandate,Verified
INV001721,2025-05-20,120507,sip,2249,Punjab,Amritsar,B30,26-35,Male,10.8,Mandate,Verified
INV002463,2025-05-20,120503,sip,1765,Punjab,Amritsar,B30,18-25,Male,7.0,UPI,Verified
INV002475,2025-05-20,120507,sip,2911,Delhi,New Delhi,T30,26-35,Male,14.4,Cheque,Verified
INV001891,2025-05-20,100025,sip,2732,West Bengal,Kolkata,T30,26-35,Male,22.2,Cheque,Verified
INV000022,2025-05-20,100033,redemption,359562,Telangana,Hyderabad,T30,36-45,Male,37.4,UPI,Verified
INV004004,2025-05-20,149323,sip,2334,Delhi,Gurugram,T30,18-25,Male,3.1,Cheque,Verified
INV002804,2025-05-20,149324,sip,8925,Madhya Pradesh,Indore,T30,36-45,Male,39.9,Net Banking,Verified
INV002365,2025-05-20,125498,sip,11494,Gujarat,Ahmedabad,T30,46-55,Male,76.9,Net Banking,Verified
INV001072,2025-05-20,125498,sip,8470,Rajasthan,Udaipur,B30,26-35,Female,7.3,Mandate,Verified
INV002266,2025-05-20,120506,redemption,201415,Telangana,Hyderabad,T30,26-35,Male,12.0,Cheque,Verified
INV001274,2025-05-20,118633,sip,2990,Maharashtra,Mumbai,T30,36-45,Female,55.7,Mandate,Verified
INV004297,2025-05-20,120843,sip,50044,Karnataka,Bangalore,T30,36-45,Female,19.5,Cheque,Verified
INV000543,2025-05-20,120505,sip,29675,Haryana,Gurugram,T30,36-45,Male,45.4,Net Banking,Verified
INV002832,2025-05-20,120503,lumpsum,178704,Uttar Pradesh,Lucknow,T30,26-35,Male,15.9,Cheque,Verified
INV001029,2025-05-21,119094,lumpsum,463692,Uttar Pradesh,Kanpur,B30,36-45,Male,44.2,UPI,Verified
INV003015,2025-05-21,100033,sip,23872,Madhya Pradesh,Indore,T30,18-25,Male,4.4,Net Banking,Pending
INV002673,2025-05-21,148567,sip,28894,Maharashtra,Mumbai,T30,26-35,Male,14.2,Cheque,Verified
INV004937,2025-05-21,119093,lumpsum,235068,Tamil Nadu,Chennai,T30,46-55,Male,96.7,Cheque,Pending
INV003744,2025-05-21,118634,sip,3125,Karnataka,Mysore,B30,18-25,Female,4.1,UPI,Verified
INV002121,2025-05-21,100025,sip,440,Madhya Pradesh,Bhopal,B30,18-25,Female,3.5,Mandate,Verified
INV002265,2025-05-21,148568,sip,1969,Rajasthan,Jaipur,T30,18-25,Female,3.8,Net Banking,Verified
INV002912,2025-05-21,118632,sip,590,Maharashtra,Mumbai,T30,26-35,Female,23.6,Net Banking,Pending
INV002733,2025-05-21,102887,sip,3258,Punjab,Chandigarh,T30,26-35,Male,19.0,Net Banking,Verified
INV004913,2025-05-21,101207,sip,57469,Rajasthan,Udaipur,B30,26-35,Male,8.6,UPI,Verified
INV002872,2025-05-21,119551,sip,2083,West Bengal,Kolkata,T30,36-45,Male,47.5,Mandate,Verified
INV000585,2025-05-21,149322,lumpsum,150707,Telangana,Hyderabad,T30,46-55,Female,47.0,Mandate,Verified
INV004976,2025-05-21,120507,lumpsum,66601,Haryana,Gurugram,T30,26-35,Female,16.8,Net Banking,Verified
INV000040,2025-05-21,120505,lumpsum,300081,Karnataka,Mysore,B30,26-35,Male,14.7,Cheque,Verified
INV004417,2025-05-21,118634,sip,1796,Rajasthan,Jaipur,T30,26-35,Male,7.2,Cheque,Verified
INV001605,2025-05-21,119598,lumpsum,91145,Uttar Pradesh,Kanpur,B30,26-35,Female,12.4,Cheque,Verified
INV000389,2025-05-21,101208,lumpsum,17090,Delhi,Gurugram,T30,46-55,Male,50.2,Net Banking,Verified
INV001597,2025-05-21,120843,sip,26276,West Bengal,Kolkata,T30,36-45,Male,46.1,Cheque,Verified
INV004944,2025-05-21,119599,sip,2630,West Bengal,Kolkata,T30,18-25,Male,4.5,Net Banking,Verified
INV004584,2025-05-21,119092,redemption,267056,Uttar Pradesh,Kanpur,B30,56+,Male,47.5,Net Banking,Verified
INV003387,2025-05-21,102887,sip,4029,Gujarat,Ahmedabad,T30,36-45,Male,15.4,UPI,Verified
INV003273,2025-05-21,119095,redemption,106278,Haryana,Faridabad,B30,36-45,Male,18.3,Net Banking,Verified
INV000042,2025-05-21,148567,sip,8474,Punjab,Amritsar,B30,26-35,Female,15.3,Mandate,Verified
INV001611,2025-05-21,120504,lumpsum,212403,West Bengal,Kolkata,T30,18-25,Female,7.4,Cheque,Verified
INV001808,2025-05-21,118636,redemption,16450,Punjab,Chandigarh,T30,26-35,Female,7.0,Mandate,Verified
INV002107,2025-05-21,148569,sip,5331,Telangana,Hyderabad,T30,26-35,Male,18.2,Cheque,Verified
INV003614,2025-05-21,149323,sip,13279,Maharashtra,Mumbai,T30,26-35,Male,13.3,Mandate,Verified
INV001628,2025-05-21,119599,sip,2074,Rajasthan,Jaipur,T30,36-45,Female,45.6,Cheque,Verified
INV000283,2025-05-21,148568,lumpsum,269826,West Bengal,Kolkata,T30,46-55,Male,18.1,Mandate,Verified
INV000304,2025-05-21,119120,lumpsum,419796,West Bengal,Kolkata,T30,36-45,Male,25.6,Cheque,Verified
INV001982,2025-05-21,102886,sip,28669,Karnataka,Mysore,B30,26-35,Male,14.9,Mandate,Pending
INV004003,2025-05-21,119552,sip,14661,West Bengal,Kolkata,T30,26-35,Male,9.5,UPI,Verified
INV000642,2025-05-21,119599,sip,10770,Gujarat,Surat,T30,26-35,Male,15.6,Cheque,Verified
INV002909,2025-05-21,101208,sip,14354,Rajasthan,Udaipur,B30,36-45,Male,44.1,Cheque,Verified
INV001827,2025-05-21,149323,sip,498,Haryana,Faridabad,B30,36-45,Female,54.3,Mandate,Verified
INV004654,2025-05-21,120841,sip,16535,Haryana,Gurugram,T30,46-55,Female,95.0,UPI,Verified
INV004563,2025-05-21,120503,lumpsum,509577,Gujarat,Surat,T30,46-55,Female,32.2,Net Banking,Verified
INV000491,2025-05-21,119095,lumpsum,437960,Madhya Pradesh,Indore,T30,56+,Male,58.2,Net Banking,Verified
INV004529,2025-05-21,120505,lumpsum,470317,Uttar Pradesh,Kanpur,B30,18-25,Male,6.3,Cheque,Verified
INV003350,2025-05-21,149323,sip,13256,Maharashtra,Nashik,B30,46-55,Female,37.7,Mandate,Verified
INV003151,2025-05-21,148568,sip,462,Tamil Nadu,Coimbatore,B30,56+,Female,69.5,UPI,Verified
INV004582,2025-05-21,125497,sip,1658,Tamil Nadu,Chennai,T30,56+,Male,67.1,Net Banking,Verified
INV003574,2025-05-21,119095,sip,27326,Haryana,Faridabad,B30,46-55,Male,48.4,Cheque,Verified
INV000242,2025-05-21,120504,lumpsum,21681,Maharashtra,Nashik,B30,36-45,Male,40.2,UPI,Verified
INV002044,2025-05-21,119551,redemption,457280,Gujarat,Ahmedabad,T30,26-35,Female,19.1,Net Banking,Verified
INV004143,2025-05-21,120843,sip,4681,Gujarat,Ahmedabad,T30,18-25,Male,7.4,Mandate,Verified
INV002744,2025-05-21,120505,sip,23141,Karnataka,Bangalore,T30,36-45,Male,25.9,Mandate,Verified
INV003407,2025-05-21,119599,lumpsum,386737,West Bengal,Kolkata,T30,26-35,Male,6.7,Mandate,Verified
INV003765,2025-05-21,119092,sip,40722,Uttar Pradesh,Kanpur,B30,26-35,Male,11.1,Net Banking,Verified
INV002793,2025-05-21,149323,sip,1676,Madhya Pradesh,Bhopal,B30,36-45,Male,54.3,Cheque,Verified
INV000238,2025-05-21,100016,sip,8970,Telangana,Hyderabad,T30,36-45,Male,26.3,Net Banking,Verified
INV000495,2025-05-21,119092,lumpsum,249553,Gujarat,Surat,T30,26-35,Female,7.6,UPI,Verified
INV000436,2025-05-21,100033,sip,2881,Rajasthan,Jaipur,T30,26-35,Male,14.4,Mandate,Verified
INV003509,2025-05-21,148568,sip,2327,Haryana,Gurugram,T30,36-45,Male,14.5,Cheque,Verified
INV004528,2025-05-21,120504,sip,2903,Madhya Pradesh,Indore,T30,46-55,Male,82.5,UPI,Verified
INV002350,2025-05-21,119095,sip,9040,Tamil Nadu,Chennai,T30,26-35,Male,23.0,Cheque,Verified
INV003117,2025-05-21,119094,sip,2945,Tamil Nadu,Chennai,T30,18-25,Female,6.7,Net Banking,Verified
INV003951,2025-05-21,119551,redemption,108645,Uttar Pradesh,Lucknow,T30,18-25,Male,7.8,Mandate,Verified
INV000282,2025-05-21,120507,lumpsum,576259,Uttar Pradesh,Agra,B30,36-45,Female,55.7,Cheque,Verified
INV001296,2025-05-21,119552,sip,4479,Gujarat,Ahmedabad,T30,26-35,Male,15.0,Net Banking,Verified
INV003818,2025-05-21,118635,sip,3387,Gujarat,Surat,T30,36-45,Male,25.3,Mandate,Verified
INV002320,2025-05-21,148568,lumpsum,184781,Rajasthan,Udaipur,B30,26-35,Male,23.7,Cheque,Verified
INV000483,2025-05-21,119552,redemption,62419,Haryana,Gurugram,T30,18-25,Male,7.7,Net Banking,Verified
INV001421,2025-05-21,119552,sip,1026,Telangana,Hyderabad,T30,26-35,Male,19.8,Mandate,Verified
INV000981,2025-05-21,149324,sip,563,West Bengal,Kolkata,T30,36-45,Female,59.7,Net Banking,Verified
INV004312,2025-05-21,125498,redemption,447194,Karnataka,Bangalore,T30,18-25,Female,4.3,Net Banking,Verified
INV004077,2025-05-21,100025,sip,57727,Delhi,New Delhi,T30,18-25,Female,3.5,Net Banking,Verified
INV002725,2025-05-22,125498,sip,26254,Rajasthan,Udaipur,B30,46-55,Female,49.2,Mandate,Verified
INV002914,2025-05-22,118633,lumpsum,170204,Rajasthan,Udaipur,B30,18-25,Male,7.4,Mandate,Verified
INV003387,2025-05-22,149324,lumpsum,333694,Gujarat,Ahmedabad,T30,36-45,Male,15.4,Cheque,Verified
INV004581,2025-05-22,120504,sip,3001,Gujarat,Surat,T30,26-35,Male,14.7,UPI,Verified
INV000724,2025-05-22,149322,sip,8079,Uttar Pradesh,Kanpur,B30,46-55,Male,78.7,Cheque,Verified
INV003718,2025-05-22,118636,sip,54174,Telangana,Hyderabad,T30,46-55,Male,65.3,Net Banking,Verified
INV001237,2025-05-22,119551,sip,1720,West Bengal,Kolkata,T30,26-35,Male,19.1,UPI,Verified
INV004497,2025-05-22,118633,sip,1082,Rajasthan,Jaipur,T30,26-35,Female,13.3,Cheque,Verified
INV002627,2025-05-22,102885,sip,21347,West Bengal,Kolkata,T30,26-35,Male,19.0,UPI,Pending
INV002099,2025-05-22,120506,lumpsum,324317,Tamil Nadu,Chennai,T30,36-45,Female,34.9,Cheque,Verified
INV001921,2025-05-22,102887,sip,8692,Gujarat,Surat,T30,26-35,Female,13.5,UPI,Pending
INV003402,2025-05-22,125498,lumpsum,124033,Telangana,Hyderabad,T30,26-35,Male,20.5,Net Banking,Verified
INV004679,2025-05-22,120503,sip,24479,Madhya Pradesh,Indore,T30,18-25,Female,4.0,Mandate,Verified
INV004014,2025-05-22,102886,sip,2903,Telangana,Hyderabad,T30,56+,Female,27.2,Mandate,Verified
INV000138,2025-05-22,119094,sip,50365,Telangana,Hyderabad,T30,26-35,Male,24.7,Mandate,Verified
INV004012,2025-05-22,118635,sip,3343,Delhi,Noida,T30,46-55,Male,82.3,Cheque,Verified
INV004617,2025-05-22,120504,lumpsum,175098,Karnataka,Bangalore,T30,26-35,Male,22.1,UPI,Verified
INV000491,2025-05-22,149323,sip,8034,Madhya Pradesh,Indore,T30,56+,Male,58.2,Mandate,Verified
INV004885,2025-05-22,118635,sip,2820,Punjab,Amritsar,B30,26-35,Male,11.7,Net Banking,Verified
INV004127,2025-05-22,100033,lumpsum,229696,Madhya Pradesh,Indore,T30,36-45,Female,27.3,Net Banking,Verified
INV001689,2025-05-22,100025,lumpsum,39272,Haryana,Faridabad,B30,36-45,Male,40.4,Cheque,Verified
INV003078,2025-05-22,148569,redemption,192362,Haryana,Gurugram,T30,36-45,Male,57.5,Net Banking,Verified
INV003305,2025-05-22,149322,redemption,12886,Telangana,Hyderabad,T30,46-55,Male,41.0,Cheque,Verified
INV000690,2025-05-22,120506,sip,58148,Delhi,Gurugram,T30,46-55,Male,98.7,Mandate,Verified
INV000545,2025-05-22,120842,redemption,384037,Telangana,Hyderabad,T30,26-35,Male,23.6,Net Banking,Verified
INV001793,2025-05-22,120507,lumpsum,102467,Karnataka,Mysore,B30,36-45,Female,22.5,Mandate,Verified
INV000596,2025-05-22,101208,redemption,319223,Madhya Pradesh,Indore,T30,56+,Male,21.3,Cheque,Verified
INV004906,2025-05-22,119551,lumpsum,7973,Madhya Pradesh,Indore,T30,26-35,Male,9.9,UPI,Verified
INV000299,2025-05-22,120844,sip,2724,Delhi,Noida,T30,26-35,Male,24.4,Cheque,Verified
INV003747,2025-05-22,119093,sip,2262,Madhya Pradesh,Indore,T30,26-35,Female,21.7,Cheque,Verified
INV004477,2025-05-22,120841,sip,1855,Delhi,Gurugram,T30,46-55,Female,88.3,Mandate,Verified
INV002416,2025-05-22,100025,lumpsum,260214,Telangana,Hyderabad,T30,26-35,Female,15.2,Cheque,Verified
INV001334,2025-05-22,100025,redemption,357516,Punjab,Amritsar,B30,36-45,Male,38.6,Net Banking,Verified
INV001327,2025-05-22,119598,lumpsum,352681,Delhi,New Delhi,T30,36-45,Male,31.2,Net Banking,Verified
INV002229,2025-05-22,119094,lumpsum,376308,Rajasthan,Jaipur,T30,36-45,Male,24.6,Net Banking,Verified
INV003146,2025-05-22,120506,sip,9510,Rajasthan,Udaipur,B30,26-35,Male,20.2,Mandate,Verified
INV000719,2025-05-22,119599,lumpsum,173663,Tamil Nadu,Coimbatore,B30,18-25,Male,6.8,UPI,Verified
INV001697,2025-05-22,120505,sip,589,Haryana,Gurugram,T30,18-25,Male,5.4,Net Banking,Pending
INV004268,2025-05-22,119598,redemption,319795,Delhi,Gurugram,T30,26-35,Female,10.1,Cheque,Verified
INV000696,2025-05-22,119094,sip,15592,Madhya Pradesh,Indore,T30,26-35,Male,10.7,Net Banking,Verified
INV002594,2025-05-22,120503,sip,2504,Haryana,Gurugram,T30,26-35,Male,23.7,Cheque,Verified
INV000998,2025-05-22,100033,sip,5392,Haryana,Gurugram,T30,26-35,Female,13.2,Mandate,Verified
INV001023,2025-05-22,120506,sip,1728,Gujarat,Ahmedabad,T30,36-45,Male,27.1,Mandate,Verified
INV002390,2025-05-22,118635,lumpsum,313376,Uttar Pradesh,Kanpur,B30,56+,Female,24.4,Cheque,Verified
INV004100,2025-05-22,120842,sip,2376,Delhi,Gurugram,T30,26-35,Male,20.7,Net Banking,Verified
INV000183,2025-05-22,120843,lumpsum,318264,Tamil Nadu,Coimbatore,B30,26-35,Male,9.8,Cheque,Verified
INV000761,2025-05-22,119095,sip,1651,Rajasthan,Udaipur,B30,18-25,Female,7.5,Mandate,Verified
INV003712,2025-05-22,149322,lumpsum,280421,Maharashtra,Pune,T30,46-55,Male,82.6,UPI,Verified
INV003096,2025-05-22,100025,sip,24140,Uttar Pradesh,Kanpur,B30,26-35,Male,12.4,Net Banking,Verified
INV003957,2025-05-22,118636,lumpsum,213468,Delhi,Noida,T30,36-45,Male,30.9,Net Banking,Verified
INV003037,2025-05-22,119552,lumpsum,358589,Telangana,Hyderabad,T30,18-25,Female,7.6,Cheque,Verified
INV003168,2025-05-22,120843,redemption,100352,Uttar Pradesh,Lucknow,T30,18-25,Male,5.1,UPI,Verified
INV001442,2025-05-22,101206,sip,23955,Uttar Pradesh,Lucknow,T30,26-35,Male,16.2,Cheque,Verified
INV002353,2025-05-22,119551,lumpsum,132789,West Bengal,Kolkata,T30,46-55,Male,40.5,Net Banking,Verified
INV001776,2025-05-22,120843,sip,2999,Uttar Pradesh,Kanpur,B30,26-35,Female,24.1,Mandate,Verified
INV000190,2025-05-22,120507,lumpsum,501864,Madhya Pradesh,Indore,T30,26-35,Female,8.2,Net Banking,Verified
INV003200,2025-05-22,118632,sip,59988,Punjab,Chandigarh,T30,46-55,Male,61.2,Net Banking,Verified
INV003918,2025-05-22,119093,sip,2641,Madhya Pradesh,Indore,T30,56+,Male,51.2,Cheque,Verified
INV003757,2025-05-22,101206,sip,8267,Uttar Pradesh,Agra,B30,18-25,Male,3.7,UPI,Verified
INV004090,2025-05-22,120841,sip,6517,Tamil Nadu,Coimbatore,B30,36-45,Female,28.6,Net Banking,Verified
INV000619,2025-05-22,125498,sip,4482,West Bengal,Kolkata,T30,26-35,Male,12.6,Net Banking,Verified
INV001284,2025-05-22,119094,redemption,485962,West Bengal,Kolkata,T30,36-45,Male,49.0,Cheque,Pending
INV003572,2025-05-22,119093,sip,872,Punjab,Amritsar,B30,46-55,Male,65.9,Net Banking,Verified
INV004085,2025-05-22,119092,sip,9132,Maharashtra,Pune,T30,36-45,Female,34.5,UPI,Verified
INV003393,2025-05-22,120507,sip,7391,Delhi,New Delhi,T30,26-35,Male,17.1,UPI,Verified
INV000460,2025-05-22,125497,redemption,390863,Delhi,Noida,T30,36-45,Male,47.1,UPI,Verified
INV004520,2025-05-22,102887,sip,2185,Uttar Pradesh,Lucknow,T30,26-35,Female,15.7,UPI,Verified
INV002409,2025-05-23,119598,sip,1713,Punjab,Amritsar,B30,18-25,Female,4.9,Mandate,Verified
INV002647,2025-05-23,119092,redemption,347943,Rajasthan,Jaipur,T30,46-55,Male,87.0,UPI,Verified
INV001178,2025-05-23,148568,sip,2656,West Bengal,Kolkata,T30,26-35,Female,10.3,Cheque,Verified
INV001333,2025-05-23,102886,lumpsum,19735,Haryana,Faridabad,B30,26-35,Female,19.0,Cheque,Verified
INV003524,2025-05-23,118633,lumpsum,551202,Telangana,Hyderabad,T30,36-45,Male,12.5,Mandate,Verified
INV002756,2025-05-23,118636,sip,9064,Delhi,Gurugram,T30,36-45,Male,49.7,Cheque,Verified
INV000612,2025-05-23,118636,sip,3119,Punjab,Amritsar,B30,18-25,Male,6.3,Mandate,Verified
INV003906,2025-05-23,102886,sip,2805,Haryana,Faridabad,B30,36-45,Male,39.7,Cheque,Verified
INV000210,2025-05-23,148567,sip,6051,Rajasthan,Jaipur,T30,26-35,Male,9.1,Cheque,Pending
INV002099,2025-05-23,118633,sip,27379,Tamil Nadu,Chennai,T30,36-45,Female,34.9,Cheque,Verified
INV000989,2025-05-23,118632,sip,402,Gujarat,Surat,T30,36-45,Male,16.1,UPI,Verified
INV004698,2025-05-23,148569,lumpsum,271175,Gujarat,Surat,T30,36-45,Female,39.2,Mandate,Verified
INV003511,2025-05-23,120842,lumpsum,314190,Haryana,Gurugram,T30,46-55,Male,36.8,Cheque,Verified
INV002184,2025-05-23,148567,sip,8831,Uttar Pradesh,Agra,B30,36-45,Female,38.1,Cheque,Pending
INV003530,2025-05-23,119551,sip,16764,Maharashtra,Pune,T30,26-35,Male,9.4,Net Banking,Verified
INV004299,2025-05-23,125497,sip,443,Telangana,Hyderabad,T30,26-35,Female,23.1,UPI,Verified
INV001224,2025-05-23,118635,lumpsum,155956,West Bengal,Kolkata,T30,18-25,Female,6.8,Net Banking,Pending
INV000619,2025-05-23,120505,redemption,200400,West Bengal,Kolkata,T30,26-35,Male,12.6,UPI,Verified
INV000913,2025-05-23,120506,sip,2954,Gujarat,Ahmedabad,T30,26-35,Female,22.5,Mandate,Verified
INV004605,2025-05-23,120507,lumpsum,207134,Maharashtra,Nashik,B30,36-45,Male,17.8,Mandate,Pending
INV004729,2025-05-23,120506,lumpsum,29454,Madhya Pradesh,Bhopal,B30,26-35,Male,19.4,Net Banking,Verified
INV001723,2025-05-23,119551,lumpsum,517881,Tamil Nadu,Chennai,T30,26-35,Male,14.2,Mandate,Verified
INV003071,2025-05-23,120503,lumpsum,168533,Punjab,Amritsar,B30,56+,Male,33.7,Mandate,Verified
INV001370,2025-05-23,120507,redemption,53908,Tamil Nadu,Coimbatore,B30,26-35,Male,7.5,UPI,Verified
INV001163,2025-05-23,102885,lumpsum,317457,Karnataka,Mysore,B30,26-35,Male,10.2,Net Banking,Verified
INV000293,2025-05-23,100016,redemption,359857,Karnataka,Mysore,B30,26-35,Female,19.3,Mandate,Pending
INV003766,2025-05-23,120506,sip,8322,West Bengal,Kolkata,T30,36-45,Male,52.3,Mandate,Verified
INV001929,2025-05-23,119094,sip,5371,Rajasthan,Jaipur,T30,56+,Male,60.1,Net Banking,Verified
INV004865,2025-05-23,148567,sip,936,Maharashtra,Nashik,B30,56+,Male,77.2,Net Banking,Verified
INV004435,2025-05-23,100033,sip,16159,Rajasthan,Jaipur,T30,26-35,Female,15.9,Cheque,Verified
INV001715,2025-05-23,120507,sip,5005,Gujarat,Surat,T30,18-25,Male,7.7,UPI,Verified
INV003518,2025-05-23,102885,redemption,69027,Madhya Pradesh,Bhopal,B30,26-35,Male,6.7,UPI,Verified
INV000552,2025-05-23,118634,sip,6457,Uttar Pradesh,Lucknow,T30,36-45,Female,35.8,Net Banking,Verified
INV000941,2025-05-23,149322,sip,46465,Rajasthan,Udaipur,B30,26-35,Male,7.2,Cheque,Verified
INV000659,2025-05-23,101207,sip,5604,Haryana,Faridabad,B30,26-35,Male,17.2,Cheque,Verified
INV003686,2025-05-23,119092,sip,811,Gujarat,Surat,T30,18-25,Male,3.8,UPI,Verified
INV004014,2025-05-23,118634,sip,2596,Telangana,Hyderabad,T30,56+,Female,27.2,Cheque,Verified
INV002384,2025-05-23,120844,sip,486,Karnataka,Mysore,B30,26-35,Male,24.3,UPI,Verified
INV002765,2025-05-23,100025,sip,56573,Uttar Pradesh,Lucknow,T30,36-45,Male,57.6,Cheque,Verified
INV002021,2025-05-23,100033,sip,2533,Maharashtra,Pune,T30,36-45,Male,38.6,UPI,Verified
INV000754,2025-05-23,120841,redemption,468016,West Bengal,Kolkata,T30,26-35,Male,8.0,UPI,Verified
INV000785,2025-05-23,120841,lumpsum,366592,Tamil Nadu,Chennai,T30,36-45,Male,31.1,UPI,Verified
INV003404,2025-05-23,120841,redemption,251609,Tamil Nadu,Chennai,T30,36-45,Male,26.8,Cheque,Verified
INV004797,2025-05-23,120841,redemption,99359,Gujarat,Ahmedabad,T30,56+,Male,18.9,UPI,Verified
INV000761,2025-05-23,118632,lumpsum,431351,Rajasthan,Udaipur,B30,18-25,Female,7.5,UPI,Verified
INV001421,2025-05-23,118633,lumpsum,237477,Telangana,Hyderabad,T30,26-35,Male,19.8,Net Banking,Verified
INV000569,2025-05-23,120841,sip,2921,Madhya Pradesh,Indore,T30,26-35,Male,8.0,Mandate,Verified
INV000383,2025-05-23,120842,redemption,470279,Telangana,Hyderabad,T30,26-35,Female,23.4,Net Banking,Verified
INV002873,2025-05-23,119094,sip,28668,Haryana,Gurugram,T30,18-25,Male,5.9,Net Banking,Verified
INV000317,2025-05-23,149323,sip,22976,West Bengal,Kolkata,T30,36-45,Male,50.2,Cheque,Verified
INV001836,2025-05-23,120844,lumpsum,27686,Uttar Pradesh,Agra,B30,26-35,Male,17.4,UPI,Verified
INV003288,2025-05-23,125498,redemption,431337,Punjab,Chandigarh,T30,56+,Male,57.9,Mandate,Verified
INV002214,2025-05-23,120842,sip,528,Delhi,Gurugram,T30,36-45,Female,50.5,Net Banking,Verified
INV002622,2025-05-23,149324,redemption,14644,Karnataka,Mysore,B30,18-25,Female,4.0,Net Banking,Verified
INV000569,2025-05-23,148569,sip,494,Madhya Pradesh,Indore,T30,26-35,Male,8.0,Mandate,Verified
INV003786,2025-05-23,119598,lumpsum,177971,Rajasthan,Jaipur,T30,36-45,Male,55.0,Mandate,Verified
INV003705,2025-05-23,149324,lumpsum,195578,Telangana,Hyderabad,T30,26-35,Male,8.0,Cheque,Verified
INV003287,2025-05-23,120504,sip,953,Delhi,New Delhi,T30,36-45,Male,54.9,UPI,Verified
INV004280,2025-05-23,101206,lumpsum,235396,Rajasthan,Jaipur,T30,26-35,Female,8.5,Mandate,Verified
INV004367,2025-05-23,148567,sip,587,Karnataka,Mysore,B30,26-35,Female,8.3,UPI,Verified
INV003311,2025-05-23,119094,redemption,25119,Madhya Pradesh,Bhopal,B30,26-35,Male,9.5,Cheque,Verified
INV003284,2025-05-23,119092,lumpsum,429639,Gujarat,Ahmedabad,T30,36-45,Male,27.9,Net Banking,Verified
INV000888,2025-05-23,102885,sip,29340,Gujarat,Ahmedabad,T30,26-35,Male,21.9,UPI,Verified
INV002586,2025-05-23,119599,sip,53065,West Bengal,Kolkata,T30,26-35,Female,9.1,Cheque,Verified
INV000313,2025-05-23,148569,sip,2223,Tamil Nadu,Chennai,T30,18-25,Female,3.1,UPI,Verified
INV004663,2025-05-23,120844,sip,43622,Punjab,Amritsar,B30,26-35,Male,24.8,UPI,Verified
INV002864,2025-05-23,148568,lumpsum,225628,Madhya Pradesh,Bhopal,B30,26-35,Male,6.8,Net Banking,Verified
INV003507,2025-05-23,148567,sip,7319,Karnataka,Bangalore,T30,26-35,Female,22.5,Net Banking,Verified
INV000355,2025-05-23,118636,sip,55250,Maharashtra,Mumbai,T30,26-35,Male,16.7,Cheque,Verified
INV001056,2025-05-23,100016,lumpsum,159380,Punjab,Chandigarh,T30,56+,Female,75.1,UPI,Verified
INV000652,2025-05-23,100016,sip,1084,Delhi,Gurugram,T30,26-35,Male,8.0,Cheque,Verified
INV004308,2025-05-23,102885,sip,2798,Gujarat,Surat,T30,26-35,Female,11.1,UPI,Verified
INV004661,2025-05-23,149324,sip,50931,Maharashtra,Nashik,B30,26-35,Male,9.8,Mandate,Verified
INV001442,2025-05-23,125497,sip,2424,Uttar Pradesh,Lucknow,T30,26-35,Male,16.2,Cheque,Verified
INV004737,2025-05-23,120506,sip,532,Madhya Pradesh,Indore,T30,46-55,Male,98.4,Net Banking,Verified
INV001433,2025-05-23,148569,sip,4602,West Bengal,Kolkata,T30,26-35,Male,10.9,Net Banking,Verified
INV001178,2025-05-24,120503,lumpsum,148508,West Bengal,Kolkata,T30,26-35,Female,10.3,UPI,Verified
INV002029,2025-05-24,100016,sip,465,West Bengal,Kolkata,T30,36-45,Male,29.3,Net Banking,Verified
INV000608,2025-05-24,100033,sip,6472,Haryana,Gurugram,T30,46-55,Male,83.5,Cheque,Verified
INV002558,2025-05-24,120841,lumpsum,336197,Haryana,Faridabad,B30,26-35,Female,9.1,Net Banking,Verified
INV004724,2025-05-24,148568,redemption,305252,Telangana,Hyderabad,T30,26-35,Male,24.1,Mandate,Pending
INV004794,2025-05-24,120507,lumpsum,319417,Rajasthan,Udaipur,B30,36-45,Female,46.0,Mandate,Verified
INV002816,2025-05-24,120505,sip,2299,Uttar Pradesh,Agra,B30,26-35,Male,22.8,UPI,Verified
INV001641,2025-05-24,119095,lumpsum,390133,Haryana,Faridabad,B30,26-35,Male,15.4,Cheque,Verified
INV000785,2025-05-24,148568,lumpsum,279445,Tamil Nadu,Chennai,T30,36-45,Male,31.1,UPI,Verified
INV004826,2025-05-24,102885,sip,579,Tamil Nadu,Coimbatore,B30,26-35,Male,14.7,Cheque,Verified
INV003311,2025-05-24,120844,redemption,194086,Madhya Pradesh,Bhopal,B30,26-35,Male,9.5,Cheque,Verified
INV000608,2025-05-24,118635,sip,1158,Haryana,Gurugram,T30,46-55,Male,83.5,Net Banking,Verified
INV000368,2025-05-24,120504,sip,17493,Uttar Pradesh,Agra,B30,26-35,Male,16.2,Cheque,Verified
INV004836,2025-05-24,102887,redemption,128463,West Bengal,Kolkata,T30,26-35,Male,8.3,Cheque,Verified
INV001863,2025-05-24,120841,sip,26526,Rajasthan,Jaipur,T30,36-45,Male,24.2,Mandate,Verified
INV002508,2025-05-24,119092,sip,5854,West Bengal,Kolkata,T30,46-55,Male,60.8,Net Banking,Verified
INV004365,2025-05-24,120503,lumpsum,558614,Delhi,Gurugram,T30,26-35,Male,19.4,Cheque,Verified
INV004451,2025-05-24,118636,sip,52861,Madhya Pradesh,Bhopal,B30,56+,Male,78.6,Mandate,Verified
INV001966,2025-05-24,101208,lumpsum,300396,Telangana,Hyderabad,T30,18-25,Male,4.0,Net Banking,Verified
INV002594,2025-05-24,120843,redemption,104475,Haryana,Gurugram,T30,26-35,Male,23.7,Net Banking,Verified
INV002373,2025-05-24,148569,sip,20011,Maharashtra,Pune,T30,36-45,Male,56.3,UPI,Verified
INV002510,2025-05-24,102887,redemption,60853,Karnataka,Mysore,B30,36-45,Male,32.6,UPI,Verified
INV002961,2025-05-24,100033,sip,48917,Gujarat,Ahmedabad,T30,26-35,Male,13.0,Net Banking,Verified
INV003860,2025-05-24,118634,redemption,46295,Punjab,Chandigarh,T30,26-35,Male,20.4,Cheque,Verified
INV002886,2025-05-24,101206,redemption,182071,Tamil Nadu,Chennai,T30,18-25,Female,7.1,Mandate,Verified
INV000440,2025-05-24,149322,redemption,435771,Uttar Pradesh,Agra,B30,18-25,Male,6.7,Mandate,Verified
INV001628,2025-05-24,119599,sip,24599,Rajasthan,Jaipur,T30,36-45,Female,45.6,Mandate,Verified
INV002658,2025-05-24,149322,lumpsum,154215,Madhya Pradesh,Indore,T30,26-35,Female,16.8,Net Banking,Verified
INV004357,2025-05-24,149324,sip,8489,Delhi,Gurugram,T30,46-55,Female,55.6,UPI,Verified
INV001807,2025-05-24,120843,lumpsum,265477,Gujarat,Ahmedabad,T30,26-35,Male,21.9,UPI,Verified
INV004948,2025-05-24,120844,redemption,248356,Madhya Pradesh,Indore,T30,56+,Male,54.1,Mandate,Verified
INV002535,2025-05-24,118636,lumpsum,66827,Rajasthan,Udaipur,B30,36-45,Male,22.6,Net Banking,Verified
INV002933,2025-05-24,118634,lumpsum,163442,Madhya Pradesh,Indore,T30,36-45,Female,39.4,Mandate,Verified
INV002606,2025-05-24,102887,sip,2671,Telangana,Hyderabad,T30,26-35,Female,8.1,Mandate,Verified
INV004752,2025-05-24,120504,sip,1174,Delhi,Gurugram,T30,36-45,Female,14.9,Net Banking,Verified
INV002786,2025-05-24,120504,redemption,337747,Tamil Nadu,Coimbatore,B30,26-35,Female,13.3,UPI,Pending
INV000341,2025-05-24,120507,redemption,79837,Delhi,New Delhi,T30,26-35,Male,19.6,Mandate,Verified
INV004919,2025-05-24,118636,sip,20013,Telangana,Hyderabad,T30,26-35,Male,6.6,UPI,Verified
INV003376,2025-05-24,149324,sip,15082,Delhi,New Delhi,T30,36-45,Male,44.4,Mandate,Verified
INV000638,2025-05-24,120842,sip,4934,Rajasthan,Udaipur,B30,26-35,Male,12.7,Cheque,Verified
INV002913,2025-05-24,119599,lumpsum,453889,Delhi,New Delhi,T30,56+,Male,28.5,Cheque,Verified
INV003197,2025-05-24,101208,redemption,61553,Punjab,Chandigarh,T30,26-35,Male,24.7,Net Banking,Verified
INV000401,2025-05-24,125498,sip,5530,Uttar Pradesh,Agra,B30,26-35,Male,20.5,UPI,Verified
INV003258,2025-05-24,120504,sip,867,Rajasthan,Udaipur,B30,26-35,Male,14.7,Net Banking,Verified
INV002727,2025-05-24,125498,redemption,89302,Madhya Pradesh,Bhopal,B30,26-35,Female,6.3,Net Banking,Verified
INV000304,2025-05-24,100025,redemption,357128,West Bengal,Kolkata,T30,36-45,Male,25.6,Net Banking,Verified
INV003643,2025-05-24,118635,sip,29544,Telangana,Hyderabad,T30,36-45,Male,48.4,Net Banking,Verified
INV000931,2025-05-24,119094,sip,6529,Tamil Nadu,Coimbatore,B30,26-35,Male,11.3,UPI,Verified
INV002646,2025-05-24,120841,sip,2310,Uttar Pradesh,Lucknow,T30,36-45,Male,17.4,UPI,Verified
INV001122,2025-05-24,100025,lumpsum,84156,Maharashtra,Mumbai,T30,46-55,Female,18.3,Mandate,Pending
INV002523,2025-05-24,101206,lumpsum,41229,Telangana,Hyderabad,T30,46-55,Female,57.2,Net Banking,Verified
INV002414,2025-05-24,118635,redemption,411215,Gujarat,Surat,T30,26-35,Female,24.1,UPI,Verified
INV000658,2025-05-24,119552,sip,9264,Gujarat,Ahmedabad,T30,26-35,Male,14.1,UPI,Verified
INV000954,2025-05-24,125498,sip,2003,Haryana,Faridabad,B30,26-35,Female,8.3,Net Banking,Verified
INV001031,2025-05-24,119551,sip,7801,Delhi,New Delhi,T30,36-45,Female,23.0,Net Banking,Verified
INV002783,2025-05-24,101208,sip,29759,West Bengal,Kolkata,T30,26-35,Male,7.0,UPI,Verified
INV003113,2025-05-24,118632,redemption,137124,Rajasthan,Jaipur,T30,26-35,Male,22.0,UPI,Verified
INV002605,2025-05-25,148568,sip,4778,Delhi,New Delhi,T30,46-55,Male,87.0,UPI,Verified
INV000469,2025-05-25,149322,redemption,179509,Tamil Nadu,Coimbatore,B30,18-25,Male,4.7,Cheque,Verified
INV001859,2025-05-25,119120,redemption,59173,Maharashtra,Nashik,B30,36-45,Male,32.2,UPI,Verified
INV002318,2025-05-25,118635,sip,3466,Tamil Nadu,Chennai,T30,36-45,Male,21.1,Net Banking,Verified
INV003315,2025-05-25,118633,redemption,22133,Madhya Pradesh,Bhopal,B30,36-45,Female,58.1,Cheque,Verified
INV004879,2025-05-25,149323,sip,17890,Madhya Pradesh,Bhopal,B30,46-55,Female,23.2,Net Banking,Verified
INV004493,2025-05-25,120503,lumpsum,176286,Tamil Nadu,Chennai,T30,36-45,Male,19.3,Cheque,Verified
INV001260,2025-05-25,118634,lumpsum,191744,Delhi,Gurugram,T30,26-35,Male,23.4,UPI,Verified
INV004763,2025-05-25,120842,sip,2968,Karnataka,Bangalore,T30,46-55,Female,19.6,UPI,Verified
INV001074,2025-05-25,101208,lumpsum,322759,Gujarat,Ahmedabad,T30,56+,Female,57.4,UPI,Verified
INV000223,2025-05-25,120843,lumpsum,83287,West Bengal,Kolkata,T30,26-35,Male,6.3,Net Banking,Verified
INV003047,2025-05-25,148567,sip,45011,Maharashtra,Mumbai,T30,46-55,Male,40.0,Net Banking,Verified
INV002345,2025-05-25,118636,redemption,151478,Uttar Pradesh,Agra,B30,36-45,Male,38.3,Cheque,Verified
INV004160,2025-05-25,119094,sip,8975,Uttar Pradesh,Kanpur,B30,18-25,Male,3.9,Net Banking,Verified
INV002295,2025-05-25,118635,lumpsum,339506,Telangana,Hyderabad,T30,26-35,Female,17.9,Mandate,Verified
INV004929,2025-05-25,119120,sip,11951,Telangana,Hyderabad,T30,36-45,Female,56.8,Cheque,Verified
INV002716,2025-05-25,120506,sip,11692,Tamil Nadu,Chennai,T30,56+,Female,47.4,Net Banking,Verified
INV002088,2025-05-25,119551,lumpsum,145693,Rajasthan,Jaipur,T30,46-55,Female,43.7,UPI,Verified
INV000082,2025-05-25,119551,sip,4840,Rajasthan,Udaipur,B30,26-35,Female,19.6,Mandate,Verified
INV002558,2025-05-25,118635,sip,2939,Haryana,Faridabad,B30,26-35,Female,9.1,Net Banking,Verified
INV002624,2025-05-25,148567,redemption,235036,West Bengal,Kolkata,T30,26-35,Male,8.7,Cheque,Verified
INV000483,2025-05-25,120842,sip,29016,Haryana,Gurugram,T30,18-25,Male,7.7,Net Banking,Verified
INV002074,2025-05-25,101208,redemption,29896,Karnataka,Bangalore,T30,26-35,Female,6.1,Net Banking,Verified
INV003783,2025-05-25,100025,lumpsum,75418,Madhya Pradesh,Indore,T30,18-25,Male,3.5,UPI,Verified
INV000443,2025-05-25,102886,redemption,12786,Punjab,Chandigarh,T30,26-35,Male,18.7,Net Banking,Verified
INV004737,2025-05-25,120842,sip,8202,Madhya Pradesh,Indore,T30,46-55,Male,98.4,UPI,Pending
INV004280,2025-05-25,100025,sip,28862,Rajasthan,Jaipur,T30,26-35,Female,8.5,Net Banking,Verified
INV000125,2025-05-25,148569,sip,898,Tamil Nadu,Coimbatore,B30,36-45,Male,35.6,UPI,Verified
INV003036,2025-05-25,102885,sip,1160,Telangana,Hyderabad,T30,26-35,Male,18.2,UPI,Verified
INV000741,2025-05-25,119094,sip,3420,Rajasthan,Udaipur,B30,26-35,Male,17.4,Mandate,Verified
INV004622,2025-05-25,148568,sip,6889,Delhi,New Delhi,T30,36-45,Male,48.8,Net Banking,Verified
INV002316,2025-05-25,149323,lumpsum,84135,Punjab,Amritsar,B30,26-35,Male,16.7,Net Banking,Verified
INV003288,2025-05-25,100016,lumpsum,445642,Punjab,Chandigarh,T30,56+,Male,57.9,Mandate,Verified
INV003227,2025-05-25,120844,sip,20423,Maharashtra,Mumbai,T30,36-45,Male,41.8,Cheque,Verified
INV000533,2025-05-25,119120,lumpsum,121033,Rajasthan,Jaipur,T30,56+,Male,25.1,Net Banking,Verified
INV003685,2025-05-25,120507,sip,12837,Gujarat,Ahmedabad,T30,26-35,Male,10.4,Cheque,Pending
INV003506,2025-05-25,119599,sip,2736,Tamil Nadu,Chennai,T30,56+,Female,55.5,Mandate,Verified
INV000449,2025-05-25,125498,lumpsum,227662,Haryana,Faridabad,B30,18-25,Male,6.8,Net Banking,Verified
INV003691,2025-05-25,118635,redemption,80388,Haryana,Faridabad,B30,18-25,Male,3.1,UPI,Verified
INV001568,2025-05-25,148569,sip,10735,Maharashtra,Nashik,B30,26-35,Male,12.4,Mandate,Verified
INV003341,2025-05-25,125498,sip,6938,Rajasthan,Jaipur,T30,26-35,Male,23.0,UPI,Verified
INV002978,2025-05-25,120506,sip,12635,Karnataka,Bangalore,T30,36-45,Male,43.5,Mandate,Verified
INV002264,2025-05-25,119598,sip,2348,Tamil Nadu,Coimbatore,B30,46-55,Female,21.2,Net Banking,Verified
INV002030,2025-05-25,119120,sip,549,Madhya Pradesh,Bhopal,B30,36-45,Male,31.7,UPI,Verified
INV000347,2025-05-25,102886,lumpsum,128033,West Bengal,Kolkata,T30,18-25,Male,7.7,UPI,Verified
INV001047,2025-05-25,120506,sip,15224,Tamil Nadu,Chennai,T30,56+,Female,78.8,UPI,Verified
INV004256,2025-05-25,120503,sip,1754,Karnataka,Mysore,B30,26-35,Male,22.3,Net Banking,Verified
INV004945,2025-05-25,119094,sip,23304,West Bengal,Kolkata,T30,36-45,Female,56.8,Cheque,Verified
INV003889,2025-05-25,119094,lumpsum,312119,Rajasthan,Udaipur,B30,46-55,Male,42.6,Cheque,Verified
INV001046,2025-05-25,100016,redemption,332368,Delhi,Noida,T30,26-35,Male,14.9,Cheque,Verified
INV002760,2025-05-25,120505,sip,1118,Maharashtra,Nashik,B30,26-35,Female,24.1,Mandate,Verified
INV001473,2025-05-25,120841,redemption,409341,Delhi,Gurugram,T30,36-45,Male,29.1,Net Banking,Verified
INV000310,2025-05-25,119552,sip,3438,Delhi,Noida,T30,36-45,Male,58.4,UPI,Verified
INV004151,2025-05-25,119598,lumpsum,192424,Karnataka,Mysore,B30,26-35,Male,21.6,UPI,Verified
INV000467,2025-05-25,119093,sip,2951,Karnataka,Bangalore,T30,18-25,Female,7.1,Net Banking,Verified
INV000547,2025-05-25,120844,redemption,177410,West Bengal,Kolkata,T30,26-35,Male,16.6,UPI,Verified
INV001598,2025-05-25,118635,redemption,23605,Tamil Nadu,Coimbatore,B30,36-45,Male,48.2,UPI,Verified
INV003583,2025-05-25,149322,sip,9216,Maharashtra,Nashik,B30,18-25,Male,4.9,Mandate,Verified
INV004023,2025-05-25,100033,sip,573,Tamil Nadu,Chennai,T30,46-55,Male,69.6,UPI,Verified
INV000800,2025-05-25,118636,sip,10101,Delhi,New Delhi,T30,36-45,Female,58.8,Mandate,Verified
INV004747,2025-05-25,100033,sip,14098,Punjab,Amritsar,B30,36-45,Male,23.4,Cheque,Verified
INV000782,2025-05-25,125497,lumpsum,88501,Telangana,Hyderabad,T30,18-25,Male,4.4,UPI,Verified
INV004005,2025-05-25,118634,sip,468,West Bengal,Kolkata,T30,26-35,Male,11.0,UPI,Verified
INV002692,2025-05-25,120844,sip,5333,West Bengal,Kolkata,T30,26-35,Male,16.7,Mandate,Verified
INV004772,2025-05-25,119552,lumpsum,126631,Gujarat,Ahmedabad,T30,46-55,Male,26.1,Mandate,Verified
INV001196,2025-05-26,100016,sip,1022,Punjab,Chandigarh,T30,26-35,Male,21.4,UPI,Pending
INV002566,2025-05-26,100016,sip,827,Uttar Pradesh,Kanpur,B30,26-35,Female,23.0,Mandate,Verified
INV000046,2025-05-26,119120,sip,14160,Gujarat,Ahmedabad,T30,26-35,Female,24.5,Net Banking,Verified
INV003485,2025-05-26,125498,sip,13243,Haryana,Gurugram,T30,36-45,Male,39.1,UPI,Verified
INV001321,2025-05-26,118633,redemption,193616,Telangana,Hyderabad,T30,46-55,Male,74.1,Net Banking,Verified
INV000746,2025-05-26,118636,lumpsum,368520,Madhya Pradesh,Bhopal,B30,36-45,Male,49.8,UPI,Verified
INV000572,2025-05-26,119094,sip,4857,Gujarat,Surat,T30,36-45,Female,28.9,Cheque,Verified
INV002034,2025-05-26,125498,redemption,168317,Uttar Pradesh,Lucknow,T30,26-35,Male,10.0,Net Banking,Pending
INV002574,2025-05-26,119551,lumpsum,19086,Maharashtra,Nashik,B30,26-35,Male,11.1,Net Banking,Verified
INV000312,2025-05-26,148569,sip,8330,Gujarat,Ahmedabad,T30,18-25,Male,7.1,UPI,Verified
INV000159,2025-05-26,101207,sip,3404,West Bengal,Kolkata,T30,36-45,Male,12.1,Cheque,Verified
INV003773,2025-05-26,120844,redemption,375134,West Bengal,Kolkata,T30,46-55,Female,53.9,UPI,Verified
INV000301,2025-05-26,148567,sip,2324,Gujarat,Ahmedabad,T30,56+,Male,14.8,Net Banking,Verified
INV003325,2025-05-26,119093,sip,23731,Haryana,Faridabad,B30,26-35,Male,17.3,UPI,Verified
INV002168,2025-05-26,120506,sip,1064,Rajasthan,Jaipur,T30,36-45,Male,34.9,Net Banking,Verified
INV002184,2025-05-26,119599,lumpsum,36889,Uttar Pradesh,Agra,B30,36-45,Female,38.1,Mandate,Verified
INV003530,2025-05-26,102887,sip,2980,Maharashtra,Pune,T30,26-35,Male,9.4,UPI,Verified
INV001402,2025-05-26,118632,sip,805,Tamil Nadu,Chennai,T30,26-35,Male,15.2,Cheque,Verified
INV001094,2025-05-26,119093,sip,4415,Haryana,Gurugram,T30,26-35,Male,21.6,Cheque,Verified
INV000646,2025-05-26,118636,sip,16204,Uttar Pradesh,Lucknow,T30,26-35,Female,23.9,Cheque,Verified
INV001047,2025-05-26,120503,sip,4667,Tamil Nadu,Chennai,T30,56+,Female,78.8,Cheque,Verified
INV003401,2025-05-26,101207,lumpsum,56837,Rajasthan,Jaipur,T30,26-35,Female,18.1,Cheque,Verified
INV001031,2025-05-26,119095,sip,5004,Delhi,New Delhi,T30,36-45,Female,23.0,Net Banking,Pending
INV000950,2025-05-26,125497,sip,8108,Punjab,Amritsar,B30,36-45,Male,33.1,Mandate,Verified
INV003014,2025-05-26,120843,sip,55677,Karnataka,Bangalore,T30,26-35,Female,12.3,Mandate,Verified
INV000271,2025-05-26,102887,redemption,92617,Tamil Nadu,Coimbatore,B30,26-35,Female,6.4,Net Banking,Verified
INV004823,2025-05-26,125497,sip,4088,Rajasthan,Jaipur,T30,36-45,Female,52.6,Net Banking,Verified
INV002112,2025-05-26,119093,lumpsum,417343,Madhya Pradesh,Indore,T30,56+,Male,41.3,Mandate,Verified
INV004116,2025-05-26,102885,sip,12493,Gujarat,Ahmedabad,T30,36-45,Male,59.4,Mandate,Verified
INV000639,2025-05-26,119599,sip,2994,Tamil Nadu,Coimbatore,B30,18-25,Female,3.6,Cheque,Verified
INV004078,2025-05-26,119092,redemption,269682,Delhi,Noida,T30,18-25,Male,3.8,Net Banking,Verified
INV001391,2025-05-26,120841,lumpsum,217697,Madhya Pradesh,Bhopal,B30,36-45,Male,18.5,Mandate,Verified
INV004214,2025-05-26,119092,sip,52484,Haryana,Faridabad,B30,26-35,Female,19.8,Cheque,Verified
INV004871,2025-05-26,100016,lumpsum,228542,Punjab,Chandigarh,T30,26-35,Male,9.2,Net Banking,Verified
INV002122,2025-05-26,119094,sip,2784,Gujarat,Ahmedabad,T30,46-55,Male,46.3,UPI,Verified
INV004496,2025-05-26,148568,sip,868,Madhya Pradesh,Indore,T30,18-25,Female,6.3,UPI,Verified
INV002196,2025-05-26,149323,redemption,326848,Delhi,Gurugram,T30,26-35,Female,23.6,UPI,Pending
INV001123,2025-05-26,102885,sip,13577,Uttar Pradesh,Lucknow,T30,26-35,Male,23.9,UPI,Verified
INV003007,2025-05-26,120506,sip,2398,Haryana,Faridabad,B30,26-35,Male,21.8,Cheque,Verified
INV002861,2025-05-26,119120,sip,3159,Punjab,Amritsar,B30,56+,Female,79.7,Mandate,Verified
INV001883,2025-05-26,120506,sip,4426,Maharashtra,Pune,T30,46-55,Male,69.3,Mandate,Verified
INV002874,2025-05-26,125498,sip,14433,Punjab,Chandigarh,T30,56+,Female,15.0,Net Banking,Verified
INV004413,2025-05-26,119093,sip,485,Maharashtra,Mumbai,T30,26-35,Male,14.7,Mandate,Verified
INV000715,2025-05-26,102886,lumpsum,171301,Uttar Pradesh,Agra,B30,26-35,Male,24.2,Mandate,Verified
INV001572,2025-05-26,118635,sip,2256,Madhya Pradesh,Bhopal,B30,18-25,Male,4.8,Net Banking,Verified
INV004891,2025-05-26,119551,lumpsum,356429,Telangana,Hyderabad,T30,46-55,Female,83.5,Cheque,Verified
INV003031,2025-05-26,119093,lumpsum,435979,Karnataka,Bangalore,T30,18-25,Male,7.7,Net Banking,Verified
INV001068,2025-05-26,119598,sip,3452,West Bengal,Kolkata,T30,26-35,Male,6.1,Cheque,Verified
INV003816,2025-05-26,118632,sip,6780,West Bengal,Kolkata,T30,26-35,Female,17.0,Net Banking,Verified
INV001701,2025-05-26,148567,sip,3267,Karnataka,Mysore,B30,26-35,Female,24.4,Mandate,Verified
INV002766,2025-05-26,118632,lumpsum,81292,Punjab,Chandigarh,T30,26-35,Female,8.7,Mandate,Verified
INV004522,2025-05-26,125498,sip,497,Punjab,Chandigarh,T30,46-55,Female,69.1,UPI,Verified
INV002268,2025-05-26,120844,lumpsum,123816,Delhi,New Delhi,T30,36-45,Female,18.7,Mandate,Verified
INV002702,2025-05-26,101207,lumpsum,172039,Punjab,Chandigarh,T30,36-45,Male,25.4,Cheque,Verified
INV003458,2025-05-26,120507,sip,2109,Gujarat,Surat,T30,36-45,Male,21.3,Net Banking,Verified
INV001165,2025-05-26,119092,sip,6886,Delhi,Noida,T30,46-55,Female,48.5,UPI,Verified
INV002229,2025-05-26,119551,redemption,439831,Rajasthan,Jaipur,T30,36-45,Male,24.6,Mandate,Pending
INV003685,2025-05-26,118634,lumpsum,345052,Gujarat,Ahmedabad,T30,26-35,Male,10.4,Cheque,Verified
INV003865,2025-05-27,149324,sip,6984,Gujarat,Ahmedabad,T30,18-25,Female,3.3,UPI,Verified
INV004360,2025-05-27,125498,redemption,388368,Madhya Pradesh,Bhopal,B30,26-35,Female,15.9,Net Banking,Verified
INV001560,2025-05-27,148568,lumpsum,378134,Punjab,Amritsar,B30,26-35,Male,22.5,Mandate,Verified
INV000457,2025-05-27,118635,sip,2304,Haryana,Faridabad,B30,26-35,Female,22.3,Cheque,Verified
INV003256,2025-05-27,148567,sip,554,Punjab,Amritsar,B30,46-55,Male,26.0,Cheque,Verified
INV002891,2025-05-27,119095,sip,9735,Haryana,Faridabad,B30,36-45,Female,56.5,Mandate,Verified
INV002498,2025-05-27,120507,sip,2741,Gujarat,Ahmedabad,T30,36-45,Male,56.2,UPI,Verified
INV000543,2025-05-27,102885,sip,50630,Haryana,Gurugram,T30,36-45,Male,45.4,UPI,Verified
INV000167,2025-05-27,125497,lumpsum,61325,Gujarat,Ahmedabad,T30,56+,Male,55.3,UPI,Verified
INV000402,2025-05-27,125497,sip,2061,Telangana,Hyderabad,T30,18-25,Male,4.8,Cheque,Verified
INV001434,2025-05-27,100033,redemption,69495,Maharashtra,Mumbai,T30,46-55,Male,92.6,UPI,Verified
INV001116,2025-05-27,102887,sip,5136,Haryana,Faridabad,B30,36-45,Male,17.8,Mandate,Verified
INV004247,2025-05-27,149323,sip,2687,Tamil Nadu,Chennai,T30,18-25,Male,4.9,Mandate,Verified
INV002954,2025-05-27,120841,lumpsum,222273,Delhi,New Delhi,T30,26-35,Female,6.0,Net Banking,Verified
INV002597,2025-05-27,102885,lumpsum,420523,West Bengal,Kolkata,T30,26-35,Male,12.0,UPI,Verified
INV003265,2025-05-27,148567,sip,10952,Rajasthan,Jaipur,T30,36-45,Female,46.8,Net Banking,Pending
INV001269,2025-05-27,102885,sip,429,Maharashtra,Mumbai,T30,26-35,Male,14.4,Cheque,Pending
INV002785,2025-05-27,125497,lumpsum,201507,Delhi,Noida,T30,36-45,Male,20.2,UPI,Verified
INV003429,2025-05-27,148567,sip,16131,Telangana,Hyderabad,T30,26-35,Male,16.0,Cheque,Verified
INV002879,2025-05-27,125498,sip,9468,Tamil Nadu,Coimbatore,B30,46-55,Male,26.0,Net Banking,Pending
INV000469,2025-05-27,120506,sip,2586,Tamil Nadu,Coimbatore,B30,18-25,Male,4.7,UPI,Verified
INV001206,2025-05-27,119093,sip,8317,Delhi,Noida,T30,26-35,Male,11.7,UPI,Verified
INV003664,2025-05-27,118635,sip,1078,Rajasthan,Udaipur,B30,46-55,Male,29.4,Net Banking,Pending
INV000694,2025-05-27,100016,lumpsum,41674,Rajasthan,Jaipur,T30,46-55,Male,50.6,Mandate,Verified
INV002521,2025-05-27,101208,lumpsum,171063,Punjab,Chandigarh,T30,26-35,Male,12.3,UPI,Verified
INV001863,2025-05-27,119095,sip,3268,Rajasthan,Jaipur,T30,36-45,Male,24.2,UPI,Verified
INV004787,2025-05-27,125497,sip,23697,Haryana,Faridabad,B30,26-35,Male,8.2,Cheque,Verified
INV003654,2025-05-27,149323,sip,53425,Delhi,New Delhi,T30,18-25,Male,6.6,Cheque,Verified
INV004915,2025-05-27,120505,redemption,334166,Uttar Pradesh,Kanpur,B30,26-35,Male,9.6,UPI,Verified
INV001740,2025-05-27,125497,sip,29495,Uttar Pradesh,Kanpur,B30,36-45,Female,53.9,Cheque,Verified
INV001524,2025-05-27,101207,sip,29421,Madhya Pradesh,Bhopal,B30,26-35,Male,7.7,Cheque,Verified
INV004253,2025-05-27,120843,sip,2325,Rajasthan,Udaipur,B30,36-45,Male,42.3,UPI,Verified
INV000578,2025-05-27,119120,sip,24120,Maharashtra,Nashik,B30,26-35,Male,10.9,Net Banking,Verified
INV004296,2025-05-27,120842,sip,6572,Telangana,Hyderabad,T30,26-35,Male,18.2,UPI,Pending
INV002920,2025-05-27,125497,lumpsum,411991,Punjab,Chandigarh,T30,36-45,Male,19.5,Net Banking,Verified
INV002922,2025-05-27,118636,redemption,108063,Punjab,Chandigarh,T30,18-25,Male,3.0,UPI,Pending
INV001366,2025-05-27,118635,redemption,302695,Maharashtra,Pune,T30,26-35,Female,13.6,Mandate,Verified
INV002402,2025-05-27,149322,sip,13617,Uttar Pradesh,Lucknow,T30,46-55,Male,55.5,Net Banking,Verified
INV003387,2025-05-27,149323,lumpsum,397440,Gujarat,Ahmedabad,T30,36-45,Male,15.4,UPI,Verified
INV004019,2025-05-27,118635,sip,504,Tamil Nadu,Chennai,T30,26-35,Male,20.9,Cheque,Pending
INV004942,2025-05-27,118632,sip,2140,Maharashtra,Mumbai,T30,26-35,Female,6.3,UPI,Verified
INV000751,2025-05-27,118633,sip,5364,Uttar Pradesh,Kanpur,B30,36-45,Male,17.7,Net Banking,Verified
INV002431,2025-05-27,119598,redemption,429412,Delhi,Noida,T30,26-35,Female,14.8,UPI,Verified
INV001026,2025-05-27,119120,lumpsum,393986,Haryana,Gurugram,T30,26-35,Male,12.1,Mandate,Verified
INV003373,2025-05-27,100033,lumpsum,67186,Gujarat,Surat,T30,56+,Male,62.9,Cheque,Pending
INV001325,2025-05-27,102887,sip,1129,Rajasthan,Udaipur,B30,18-25,Male,4.4,Mandate,Verified
INV004434,2025-05-27,149322,sip,2304,Gujarat,Surat,T30,46-55,Male,17.7,Mandate,Verified
INV004453,2025-05-27,149323,sip,2067,Telangana,Hyderabad,T30,36-45,Male,14.3,UPI,Verified
INV004451,2025-05-27,101208,redemption,57007,Madhya Pradesh,Bhopal,B30,56+,Male,78.6,Net Banking,Verified
INV002801,2025-05-27,149322,lumpsum,90277,Madhya Pradesh,Indore,T30,18-25,Male,6.4,Mandate,Verified
INV000586,2025-05-27,100025,lumpsum,43959,West Bengal,Kolkata,T30,36-45,Male,43.8,Net Banking,Verified
INV003771,2025-05-27,119552,lumpsum,295604,Telangana,Hyderabad,T30,46-55,Male,47.6,UPI,Verified
INV001937,2025-05-27,101207,sip,17898,Haryana,Gurugram,T30,18-25,Male,7.8,Cheque,Verified
INV002475,2025-05-27,102886,sip,1064,Delhi,New Delhi,T30,26-35,Male,14.4,Cheque,Verified
INV003132,2025-05-27,120505,sip,20398,Maharashtra,Pune,T30,56+,Male,60.7,Cheque,Verified
INV004216,2025-05-27,148567,sip,16410,Karnataka,Bangalore,T30,26-35,Male,8.3,Net Banking,Verified
INV002061,2025-05-27,119551,lumpsum,226682,West Bengal,Kolkata,T30,26-35,Male,14.2,Mandate,Verified
INV003008,2025-05-27,118635,sip,6245,Rajasthan,Jaipur,T30,36-45,Female,37.4,Cheque,Pending
INV004073,2025-05-27,118636,sip,2510,Gujarat,Surat,T30,46-55,Female,32.6,Cheque,Verified
INV003073,2025-05-27,100025,sip,10909,Punjab,Amritsar,B30,26-35,Male,11.9,Net Banking,Verified
INV002830,2025-05-27,148567,sip,2266,Karnataka,Mysore,B30,56+,Male,72.2,Cheque,Verified
INV003247,2025-05-27,118635,sip,43054,Madhya Pradesh,Indore,T30,46-55,Female,93.1,Mandate,Pending
INV002387,2025-05-28,119093,sip,40849,Telangana,Hyderabad,T30,26-35,Male,13.1,Net Banking,Verified
INV002507,2025-05-28,119094,sip,11887,Tamil Nadu,Chennai,T30,26-35,Female,12.7,UPI,Verified
INV004244,2025-05-28,148569,redemption,177463,Karnataka,Bangalore,T30,26-35,Male,16.8,Cheque,Verified
INV004770,2025-05-28,102887,sip,2256,Gujarat,Surat,T30,18-25,Female,5.2,Mandate,Verified
INV001421,2025-05-28,148567,redemption,185861,Telangana,Hyderabad,T30,26-35,Male,19.8,Net Banking,Verified
INV001782,2025-05-28,119092,lumpsum,77876,Uttar Pradesh,Agra,B30,36-45,Female,47.5,Cheque,Verified
INV003980,2025-05-28,119599,sip,1671,West Bengal,Kolkata,T30,26-35,Male,7.1,Net Banking,Verified
INV001053,2025-05-28,101208,lumpsum,362846,West Bengal,Kolkata,T30,46-55,Female,79.0,Net Banking,Verified
INV000720,2025-05-28,119551,sip,15565,Gujarat,Ahmedabad,T30,18-25,Female,5.8,Net Banking,Verified
INV003589,2025-05-28,120504,sip,4858,Maharashtra,Nashik,B30,26-35,Female,11.4,Mandate,Pending
INV002377,2025-05-28,102885,lumpsum,275303,Madhya Pradesh,Bhopal,B30,18-25,Male,7.1,Mandate,Verified
INV000786,2025-05-28,118636,sip,2008,Madhya Pradesh,Bhopal,B30,26-35,Male,17.9,Mandate,Verified
INV000175,2025-05-28,101207,sip,3502,Karnataka,Bangalore,T30,26-35,Male,17.3,Mandate,Verified
INV004695,2025-05-28,119598,sip,29686,Gujarat,Ahmedabad,T30,26-35,Female,14.3,Mandate,Verified
INV004663,2025-05-28,119599,lumpsum,384549,Punjab,Amritsar,B30,26-35,Male,24.8,Mandate,Pending
INV001332,2025-05-28,119552,sip,1187,Uttar Pradesh,Agra,B30,26-35,Female,19.9,Mandate,Verified
INV002555,2025-05-28,120841,redemption,350185,Gujarat,Ahmedabad,T30,36-45,Male,24.5,Mandate,Verified
INV002466,2025-05-28,125497,sip,2504,Madhya Pradesh,Indore,T30,36-45,Male,36.9,Cheque,Pending
INV003880,2025-05-28,119093,sip,2921,Gujarat,Surat,T30,26-35,Male,9.6,Cheque,Verified
INV002363,2025-05-28,119092,sip,2765,Punjab,Chandigarh,T30,26-35,Male,12.7,UPI,Verified
INV004716,2025-05-28,101208,sip,46577,Telangana,Hyderabad,T30,18-25,Male,5.4,Mandate,Verified
INV004191,2025-05-28,118633,lumpsum,138164,Maharashtra,Nashik,B30,26-35,Female,19.5,Mandate,Verified
INV003041,2025-05-28,100033,sip,2466,Madhya Pradesh,Bhopal,B30,36-45,Male,32.0,Net Banking,Verified
INV004697,2025-05-28,119093,sip,8313,Uttar Pradesh,Lucknow,T30,18-25,Female,5.7,Cheque,Verified
INV000795,2025-05-28,100025,sip,2907,Uttar Pradesh,Kanpur,B30,36-45,Male,37.2,Cheque,Verified
INV002177,2025-05-28,119551,sip,16927,Haryana,Gurugram,T30,26-35,Male,13.2,Cheque,Verified
INV003505,2025-05-28,148569,lumpsum,364362,West Bengal,Kolkata,T30,56+,Female,53.5,UPI,Pending
INV003858,2025-05-28,118632,sip,529,Rajasthan,Jaipur,T30,36-45,Male,21.6,UPI,Verified
INV004241,2025-05-28,118632,sip,2922,Maharashtra,Mumbai,T30,36-45,Male,18.9,Cheque,Verified
INV002259,2025-05-28,148569,lumpsum,265652,Madhya Pradesh,Bhopal,B30,18-25,Female,6.7,Cheque,Verified
INV002360,2025-05-28,148567,sip,23973,Maharashtra,Mumbai,T30,26-35,Male,11.6,Mandate,Verified
INV003049,2025-05-28,118634,sip,8572,Gujarat,Ahmedabad,T30,26-35,Male,15.5,Mandate,Verified
INV002761,2025-05-28,119552,lumpsum,510404,Rajasthan,Jaipur,T30,26-35,Male,14.9,Mandate,Verified
INV001206,2025-05-28,118635,sip,456,Delhi,Noida,T30,26-35,Male,11.7,Mandate,Verified
INV000089,2025-05-28,120843,sip,2683,Maharashtra,Mumbai,T30,26-35,Female,11.2,Mandate,Verified
INV003581,2025-05-28,120844,sip,473,Tamil Nadu,Coimbatore,B30,56+,Male,15.3,UPI,Verified
INV000570,2025-05-28,149322,sip,2197,Madhya Pradesh,Bhopal,B30,26-35,Male,16.2,Mandate,Verified
INV004081,2025-05-28,120506,sip,4508,Karnataka,Bangalore,T30,46-55,Female,43.8,Net Banking,Verified
INV003279,2025-05-28,119552,sip,5397,Rajasthan,Jaipur,T30,46-55,Female,19.4,Mandate,Verified
INV002411,2025-05-28,120842,lumpsum,135903,Rajasthan,Jaipur,T30,46-55,Male,38.4,Mandate,Verified
INV003709,2025-05-28,119551,sip,3268,Uttar Pradesh,Agra,B30,46-55,Female,21.0,UPI,Verified
INV002124,2025-05-28,120844,redemption,264149,Tamil Nadu,Coimbatore,B30,18-25,Male,5.0,Net Banking,Verified
INV001142,2025-05-28,149323,lumpsum,472511,Uttar Pradesh,Lucknow,T30,26-35,Male,16.8,UPI,Verified
INV000481,2025-05-28,101208,sip,848,Madhya Pradesh,Bhopal,B30,26-35,Female,13.4,Mandate,Verified
INV004261,2025-05-28,102887,sip,7928,West Bengal,Kolkata,T30,56+,Male,49.8,UPI,Verified
INV001279,2025-05-28,118636,sip,8112,Karnataka,Bangalore,T30,46-55,Male,76.7,UPI,Verified
INV001919,2025-05-28,119599,lumpsum,411161,Gujarat,Ahmedabad,T30,26-35,Male,17.3,Net Banking,Verified
INV000668,2025-05-28,148567,sip,12806,Telangana,Hyderabad,T30,18-25,Male,4.8,Cheque,Pending
INV001564,2025-05-28,101207,lumpsum,49281,Haryana,Faridabad,B30,46-55,Male,43.2,Mandate,Verified
INV004147,2025-05-28,125498,sip,26276,Madhya Pradesh,Bhopal,B30,26-35,Female,10.1,UPI,Verified
INV000683,2025-05-28,120841,lumpsum,6448,Maharashtra,Mumbai,T30,26-35,Female,17.4,Mandate,Verified
INV003562,2025-05-28,119599,sip,2523,West Bengal,Kolkata,T30,26-35,Female,11.8,Mandate,Verified
INV001156,2025-05-28,120843,sip,8685,Madhya Pradesh,Indore,T30,56+,Female,58.8,Net Banking,Verified
INV000226,2025-05-28,120503,redemption,295409,West Bengal,Kolkata,T30,36-45,Female,39.3,Mandate,Verified
INV000176,2025-05-28,100025,lumpsum,107086,Rajasthan,Jaipur,T30,26-35,Male,13.4,Mandate,Verified
INV000625,2025-05-28,149324,sip,2714,Rajasthan,Jaipur,T30,46-55,Female,19.7,Cheque,Verified
INV004716,2025-05-28,119093,sip,4061,Telangana,Hyderabad,T30,18-25,Male,5.4,UPI,Verified
INV003619,2025-05-28,148567,redemption,319900,West Bengal,Kolkata,T30,18-25,Female,3.3,Mandate,Verified
INV000497,2025-05-28,118632,sip,56217,Madhya Pradesh,Bhopal,B30,36-45,Male,45.7,Cheque,Verified
INV000014,2025-05-28,148569,lumpsum,180862,Tamil Nadu,Chennai,T30,18-25,Male,4.3,Net Banking,Pending
INV002409,2025-05-28,119598,sip,11374,Punjab,Amritsar,B30,18-25,Female,4.9,UPI,Verified
INV004986,2025-05-29,101207,sip,43947,Madhya Pradesh,Bhopal,B30,26-35,Male,12.3,Mandate,Verified
INV003095,2025-05-29,120844,redemption,177187,Madhya Pradesh,Bhopal,B30,18-25,Male,5.1,Cheque,Verified
INV004491,2025-05-29,118633,sip,8156,Punjab,Chandigarh,T30,46-55,Male,83.6,Cheque,Verified
INV003503,2025-05-29,101206,sip,8304,Karnataka,Mysore,B30,36-45,Male,26.3,Mandate,Pending
INV003150,2025-05-29,118632,lumpsum,160174,Gujarat,Ahmedabad,T30,26-35,Female,13.6,Mandate,Verified
INV002463,2025-05-29,125497,sip,959,Punjab,Amritsar,B30,18-25,Male,7.0,Mandate,Verified
INV001504,2025-05-29,118634,sip,978,Haryana,Faridabad,B30,36-45,Male,25.5,Mandate,Verified
INV004692,2025-05-29,148567,redemption,480972,Madhya Pradesh,Bhopal,B30,26-35,Male,11.6,Cheque,Verified
INV001813,2025-05-29,119093,sip,12007,Karnataka,Mysore,B30,36-45,Male,27.0,UPI,Verified
INV004871,2025-05-29,119095,lumpsum,258913,Punjab,Chandigarh,T30,26-35,Male,9.2,UPI,Verified
INV001045,2025-05-29,101207,redemption,290563,Punjab,Chandigarh,T30,36-45,Female,45.5,Cheque,Verified
INV002723,2025-05-29,120504,sip,9736,West Bengal,Kolkata,T30,36-45,Female,54.4,UPI,Verified
INV004678,2025-05-29,148568,sip,7802,West Bengal,Kolkata,T30,36-45,Female,15.3,Net Banking,Verified
INV004702,2025-05-29,118635,lumpsum,357608,Maharashtra,Nashik,B30,26-35,Male,23.3,Mandate,Verified
INV004004,2025-05-29,120841,lumpsum,574289,Delhi,Gurugram,T30,18-25,Male,3.1,UPI,Verified
INV002707,2025-05-29,148567,lumpsum,471030,Maharashtra,Mumbai,T30,26-35,Male,24.7,Net Banking,Verified
INV000703,2025-05-29,120506,redemption,416809,Delhi,New Delhi,T30,26-35,Male,15.4,Cheque,Verified
INV000701,2025-05-29,148568,lumpsum,281454,West Bengal,Kolkata,T30,36-45,Female,55.6,Mandate,Pending
INV000701,2025-05-29,120504,sip,3177,West Bengal,Kolkata,T30,36-45,Female,55.6,Net Banking,Verified
INV004906,2025-05-29,120506,lumpsum,421382,Madhya Pradesh,Indore,T30,26-35,Male,9.9,UPI,Verified
INV000383,2025-05-29,120841,lumpsum,355644,Telangana,Hyderabad,T30,26-35,Female,23.4,UPI,Verified
INV001890,2025-05-29,120507,sip,2767,Madhya Pradesh,Bhopal,B30,26-35,Male,21.9,Mandate,Verified
INV002215,2025-05-29,102887,redemption,391770,Madhya Pradesh,Bhopal,B30,18-25,Male,3.4,Net Banking,Verified
INV000708,2025-05-29,118632,lumpsum,34443,Delhi,Noida,T30,26-35,Female,13.5,Cheque,Verified
INV002743,2025-05-29,120507,sip,10301,Haryana,Gurugram,T30,56+,Male,49.8,UPI,Verified
INV002745,2025-05-29,120506,redemption,94193,Uttar Pradesh,Agra,B30,18-25,Male,7.6,Cheque,Verified
INV000165,2025-05-29,120504,sip,5596,Punjab,Chandigarh,T30,36-45,Female,18.8,Mandate,Verified
INV004154,2025-05-29,118635,sip,54022,Karnataka,Mysore,B30,18-25,Male,4.7,Cheque,Verified
INV004153,2025-05-29,118635,sip,4142,Uttar Pradesh,Agra,B30,46-55,Male,96.3,Net Banking,Verified
INV000840,2025-05-29,119551,redemption,490105,Punjab,Chandigarh,T30,26-35,Male,15.3,Net Banking,Verified
INV002352,2025-05-29,119120,sip,51685,Uttar Pradesh,Lucknow,T30,56+,Male,28.1,Cheque,Verified
INV002351,2025-05-29,118634,lumpsum,500772,Gujarat,Ahmedabad,T30,36-45,Male,18.9,Mandate,Verified
INV000932,2025-05-29,119095,lumpsum,291190,Rajasthan,Udaipur,B30,46-55,Male,97.0,Net Banking,Verified
INV003542,2025-05-29,118632,lumpsum,221165,Telangana,Hyderabad,T30,26-35,Male,10.0,Cheque,Pending
INV003430,2025-05-29,120504,sip,13595,Gujarat,Ahmedabad,T30,26-35,Female,14.8,Cheque,Verified
INV003422,2025-05-29,120842,sip,2916,Uttar Pradesh,Lucknow,T30,26-35,Male,9.0,Mandate,Verified
INV001586,2025-05-29,119093,sip,490,Tamil Nadu,Chennai,T30,26-35,Male,6.4,UPI,Pending
INV004831,2025-05-29,149323,redemption,195147,Maharashtra,Mumbai,T30,18-25,Female,5.9,UPI,Verified
INV004097,2025-05-29,119094,sip,2492,Gujarat,Ahmedabad,T30,56+,Male,52.9,Cheque,Verified
INV004094,2025-05-29,119599,sip,55377,Haryana,Faridabad,B30,26-35,Female,10.0,Mandate,Verified
INV002769,2025-05-29,119095,sip,43724,Maharashtra,Pune,T30,18-25,Female,4.5,UPI,Verified
INV000190,2025-05-29,100016,sip,2150,Madhya Pradesh,Indore,T30,26-35,Female,8.2,Cheque,Verified
INV000985,2025-05-29,119095,sip,12913,West Bengal,Kolkata,T30,26-35,Female,11.4,UPI,Verified
INV004844,2025-05-29,120842,sip,2406,Maharashtra,Pune,T30,26-35,Male,15.7,UPI,Verified
INV003396,2025-05-29,149322,sip,1951,Karnataka,Mysore,B30,26-35,Male,23.4,Mandate,Verified
INV004715,2025-05-29,118632,sip,2671,Tamil Nadu,Chennai,T30,46-55,Male,56.9,Net Banking,Verified
INV000396,2025-05-29,120842,lumpsum,383054,Rajasthan,Jaipur,T30,46-55,Male,38.5,Net Banking,Verified
INV000087,2025-05-29,119598,sip,21495,Rajasthan,Jaipur,T30,36-45,Male,56.2,Net Banking,Verified
INV001068,2025-05-29,100025,sip,29741,West Bengal,Kolkata,T30,26-35,Male,6.1,Mandate,Verified
INV002014,2025-05-29,100025,sip,6058,Maharashtra,Pune,T30,26-35,Female,13.7,UPI,Verified
INV004427,2025-05-29,120505,sip,22530,Punjab,Amritsar,B30,36-45,Female,54.2,Cheque,Verified
INV001181,2025-05-29,120843,sip,10655,West Bengal,Kolkata,T30,26-35,Male,21.0,UPI,Verified
INV001326,2025-05-29,118634,sip,57030,Rajasthan,Udaipur,B30,46-55,Male,54.9,Cheque,Verified
INV003231,2025-05-29,119095,sip,1118,Haryana,Gurugram,T30,26-35,Male,9.1,Mandate,Verified
INV002189,2025-05-29,119093,lumpsum,198355,Uttar Pradesh,Lucknow,T30,36-45,Male,37.4,UPI,Verified
INV001141,2025-05-29,101208,sip,9933,West Bengal,Kolkata,T30,18-25,Female,3.0,Cheque,Verified
INV003013,2025-05-29,101206,lumpsum,195163,Uttar Pradesh,Lucknow,T30,56+,Male,44.8,Net Banking,Verified
INV003787,2025-05-29,119093,sip,2870,Karnataka,Mysore,B30,46-55,Male,29.3,Cheque,Verified
INV002681,2025-05-29,119092,sip,5550,Maharashtra,Nashik,B30,18-25,Female,7.2,Net Banking,Verified
INV000049,2025-05-29,120843,sip,9376,Maharashtra,Nashik,B30,36-45,Male,23.8,Mandate,Verified
INV001213,2025-05-29,101206,sip,20964,Punjab,Amritsar,B30,36-45,Male,57.7,Mandate,Verified
INV003722,2025-05-29,120504,redemption,436661,Maharashtra,Nashik,B30,36-45,Female,50.8,UPI,Verified
INV001215,2025-05-29,125498,sip,464,Haryana,Gurugram,T30,36-45,Female,39.3,Cheque,Pending
INV000169,2025-05-30,100033,redemption,40219,Rajasthan,Jaipur,T30,26-35,Male,6.9,UPI,Verified
INV002906,2025-05-30,102885,lumpsum,372707,Telangana,Hyderabad,T30,26-35,Male,19.9,Net Banking,Pending
INV001257,2025-05-30,120507,redemption,229405,Punjab,Chandigarh,T30,26-35,Female,6.3,Mandate,Verified
INV003037,2025-05-30,120506,sip,1679,Telangana,Hyderabad,T30,18-25,Female,7.6,UPI,Verified
INV000176,2025-05-30,125498,lumpsum,52272,Rajasthan,Jaipur,T30,26-35,Male,13.4,UPI,Verified
INV001668,2025-05-30,120841,lumpsum,411588,Rajasthan,Udaipur,B30,36-45,Female,22.4,UPI,Verified
INV003491,2025-05-30,149322,sip,1869,Delhi,Noida,T30,46-55,Male,92.5,Mandate,Verified
INV003850,2025-05-30,101206,sip,43811,Tamil Nadu,Chennai,T30,56+,Female,73.1,UPI,Verified
INV001998,2025-05-30,119598,lumpsum,331772,Haryana,Faridabad,B30,26-35,Male,19.2,UPI,Verified
INV004454,2025-05-30,120843,sip,29369,West Bengal,Kolkata,T30,36-45,Male,37.4,UPI,Verified
INV000224,2025-05-30,119552,lumpsum,81058,Telangana,Hyderabad,T30,26-35,Male,23.6,UPI,Verified
INV003885,2025-05-30,120841,sip,20195,West Bengal,Kolkata,T30,36-45,Male,52.3,Mandate,Verified
INV003184,2025-05-30,119093,redemption,156635,Maharashtra,Pune,T30,26-35,Male,8.1,UPI,Verified
INV000833,2025-05-30,120506,lumpsum,96686,Maharashtra,Nashik,B30,18-25,Male,4.4,Net Banking,Verified
INV000512,2025-05-30,149324,lumpsum,6405,Punjab,Amritsar,B30,46-55,Male,82.6,Mandate,Verified
INV003468,2025-05-30,120843,sip,11593,Madhya Pradesh,Indore,T30,36-45,Female,43.1,Cheque,Verified
INV000579,2025-05-30,119095,sip,7859,Gujarat,Surat,T30,46-55,Male,67.8,Cheque,Verified
INV004462,2025-05-30,119095,sip,27224,Madhya Pradesh,Indore,T30,26-35,Female,14.9,UPI,Verified
INV002775,2025-05-30,118636,redemption,216219,Haryana,Faridabad,B30,18-25,Female,5.9,Mandate,Pending
INV001797,2025-05-30,149322,sip,2349,Punjab,Amritsar,B30,26-35,Female,6.8,Cheque,Verified
INV000522,2025-05-30,100033,sip,1933,Punjab,Chandigarh,T30,26-35,Female,10.8,Net Banking,Verified
INV002873,2025-05-30,120841,lumpsum,458822,Haryana,Gurugram,T30,18-25,Male,5.9,UPI,Verified
INV002413,2025-05-30,120507,sip,8028,Gujarat,Surat,T30,26-35,Male,14.4,Net Banking,Verified
INV003177,2025-05-30,149322,sip,6345,Uttar Pradesh,Kanpur,B30,18-25,Male,4.2,Mandate,Verified
INV002022,2025-05-30,119551,sip,11270,Tamil Nadu,Coimbatore,B30,26-35,Male,6.8,UPI,Verified
INV002147,2025-05-30,119598,sip,59081,Madhya Pradesh,Bhopal,B30,26-35,Male,14.4,UPI,Verified
INV003540,2025-05-30,148568,lumpsum,213340,Telangana,Hyderabad,T30,26-35,Male,23.6,Cheque,Pending
INV003055,2025-05-30,120843,lumpsum,272257,Madhya Pradesh,Indore,T30,26-35,Female,18.0,Mandate,Pending
INV002027,2025-05-30,148567,sip,583,Uttar Pradesh,Agra,B30,18-25,Female,3.1,Mandate,Verified
INV003258,2025-05-30,148568,redemption,19003,Rajasthan,Udaipur,B30,26-35,Male,14.7,UPI,Verified
INV000318,2025-05-30,100033,sip,11850,Madhya Pradesh,Bhopal,B30,46-55,Female,47.5,Mandate,Pending
INV001279,2025-05-30,119599,lumpsum,76816,Karnataka,Bangalore,T30,46-55,Male,76.7,Cheque,Verified
INV003931,2025-05-30,120507,lumpsum,430807,Madhya Pradesh,Indore,T30,26-35,Male,17.7,Net Banking,Verified
INV002499,2025-05-30,100033,sip,1149,Gujarat,Surat,T30,26-35,Male,23.0,UPI,Pending
INV004398,2025-05-30,120841,sip,47078,Punjab,Chandigarh,T30,46-55,Male,95.2,Mandate,Verified
INV004625,2025-05-30,100016,sip,13081,Tamil Nadu,Coimbatore,B30,18-25,Male,6.6,Cheque,Verified
INV002535,2025-05-30,119095,lumpsum,431231,Rajasthan,Udaipur,B30,36-45,Male,22.6,Cheque,Verified
INV003684,2025-05-30,118632,sip,4011,Karnataka,Bangalore,T30,36-45,Male,42.9,Mandate,Verified
INV003306,2025-05-30,149323,sip,3024,Gujarat,Ahmedabad,T30,36-45,Male,14.6,Mandate,Verified
INV004926,2025-05-30,118636,sip,9276,Karnataka,Mysore,B30,36-45,Male,45.3,Cheque,Verified
INV000651,2025-05-30,118632,redemption,69695,Delhi,New Delhi,T30,18-25,Male,6.0,Cheque,Verified
INV003257,2025-05-30,120843,sip,2419,Rajasthan,Jaipur,T30,56+,Male,34.8,Cheque,Verified
INV001891,2025-05-30,125497,sip,2578,West Bengal,Kolkata,T30,26-35,Male,22.2,Net Banking,Verified
INV002991,2025-05-30,120841,sip,7344,Tamil Nadu,Chennai,T30,26-35,Female,13.0,Net Banking,Verified
INV003277,2025-05-30,101206,sip,9310,Rajasthan,Jaipur,T30,18-25,Male,3.3,Mandate,Verified
INV004374,2025-05-30,102887,sip,4314,Maharashtra,Nashik,B30,36-45,Female,16.5,Mandate,Verified
INV002686,2025-05-30,100025,sip,446,Punjab,Chandigarh,T30,18-25,Male,5.7,Net Banking,Verified
INV002134,2025-05-30,125497,sip,2072,Rajasthan,Udaipur,B30,26-35,Male,24.8,UPI,Verified
INV002119,2025-05-30,119598,lumpsum,242220,Tamil Nadu,Coimbatore,B30,26-35,Female,11.8,Mandate,Verified
INV002243,2025-05-30,149322,lumpsum,298273,Tamil Nadu,Coimbatore,B30,26-35,Male,7.8,Net Banking,Verified
INV002244,2025-05-30,100033,lumpsum,212771,Maharashtra,Mumbai,T30,36-45,Male,49.4,UPI,Verified
INV001967,2025-05-30,101207,lumpsum,193680,Rajasthan,Jaipur,T30,26-35,Male,17.9,Mandate,Verified
INV000402,2025-05-30,101206,sip,1136,Telangana,Hyderabad,T30,18-25,Male,4.8,Mandate,Verified
INV002740,2025-05-30,149322,sip,2163,Maharashtra,Mumbai,T30,26-35,Female,24.5,Net Banking,Verified
INV002663,2025-05-30,149323,redemption,279886,Rajasthan,Udaipur,B30,36-45,Male,46.0,Net Banking,Verified
INV000324,2025-05-30,118634,lumpsum,48025,West Bengal,Kolkata,T30,26-35,Male,8.0,Mandate,Verified
INV000327,2025-05-30,149323,redemption,116572,Uttar Pradesh,Kanpur,B30,26-35,Male,9.2,Net Banking,Verified
INV001956,2025-05-30,125497,sip,430,Rajasthan,Jaipur,T30,26-35,Male,22.1,Net Banking,Verified
INV003199,2025-05-30,120843,lumpsum,151988,Delhi,Noida,T30,46-55,Male,52.5,Cheque,Verified
INV004993,2025-05-30,149322,lumpsum,84982,Karnataka,Bangalore,T30,36-45,Female,55.6,Net Banking,Verified
INV001154,2025-05-30,102885,sip,2051,Delhi,Noida,T30,36-45,Female,34.8,UPI,Verified
INV000734,2025-05-30,149322,lumpsum,127218,Maharashtra,Pune,T30,26-35,Female,15.2,Mandate,Verified
INV002074,2025-05-30,118633,sip,2383,Karnataka,Bangalore,T30,26-35,Female,6.1,UPI,Verified
INV000339,2025-05-30,148569,sip,1109,Uttar Pradesh,Kanpur,B30,26-35,Male,22.3,Cheque,Verified
INV003340,2025-05-30,101207,lumpsum,168029,Madhya Pradesh,Indore,T30,26-35,Male,22.5,Net Banking,Verified
INV001838,2025-05-30,119093,sip,2175,Uttar Pradesh,Kanpur,B30,46-55,Male,27.6,Mandate,Verified
INV000074,2025-05-30,120504,sip,25998,Rajasthan,Jaipur,T30,26-35,Female,8.4,UPI,Verified
INV002929,2025-05-30,148568,sip,459,West Bengal,Kolkata,T30,26-35,Male,13.0,Mandate,Verified
INV001852,2025-05-30,118633,redemption,226721,Telangana,Hyderabad,T30,26-35,Male,21.7,Cheque,Verified
